#depth	O	O+	O+2	O+3	O+4	O+5	O+6	O+7	O+8	O[1]	O[2]	O[3]
 1.49634e+10	0.00e+00	3.00e-27	7.19e-17	9.92e-09	3.26e-03	3.38e-01	6.59e-01	0.00e+00	0.00e+00	0.00e+00	0.00e+00	0.00e+00
 4.54887e+10	3.20e-39	4.23e-27	9.48e-17	1.22e-08	3.70e-03	3.57e-01	6.40e-01	5.39e-08	0.00e+00	0.00e+00	0.00e+00	0.00e+00
 7.72350e+10	0.00e+00	5.95e-27	1.25e-16	1.49e-08	4.21e-03	3.76e-01	6.20e-01	0.00e+00	0.00e+00	0.00e+00	0.00e+00	0.00e+00
 1.10251e+11	7.21e-39	8.33e-27	1.63e-16	1.82e-08	4.77e-03	3.95e-01	6.00e-01	0.00e+00	0.00e+00	0.00e+00	0.00e+00	0.00e+00
 1.44588e+11	0.00e+00	1.16e-26	2.13e-16	2.23e-08	5.39e-03	4.15e-01	5.80e-01	0.00e+00	0.00e+00	0.00e+00	0.00e+00	0.00e+00
 1.80298e+11	1.59e-38	1.61e-26	2.78e-16	2.71e-08	6.09e-03	4.35e-01	5.59e-01	0.00e+00	0.00e+00	0.00e+00	0.00e+00	0.00e+00
 2.17437e+11	0.00e+00	2.23e-26	3.61e-16	3.29e-08	6.86e-03	4.55e-01	5.38e-01	0.00e+00	0.00e+00	0.00e+00	0.00e+00	0.00e+00
 2.56061e+11	3.43e-38	3.07e-26	4.67e-16	3.99e-08	7.72e-03	4.76e-01	5.16e-01	0.00e+00	0.00e+00	0.00e+00	0.00e+00	0.00e+00
 2.96231e+11	0.00e+00	4.21e-26	6.03e-16	4.83e-08	8.66e-03	4.97e-01	4.95e-01	0.00e+00	0.00e+00	0.00e+00	0.00e+00	0.00e+00
 3.38007e+11	7.20e-38	5.74e-26	7.76e-16	5.83e-08	9.70e-03	5.17e-01	4.73e-01	0.00e+00	0.00e+00	0.00e+00	0.00e+00	0.00e+00
 3.81454e+11	0.00e+00	7.79e-26	9.94e-16	7.02e-08	1.08e-02	5.38e-01	4.51e-01	0.00e+00	0.00e+00	0.00e+00	0.00e+00	0.00e+00
 4.26639e+11	1.48e-37	1.05e-25	1.27e-15	8.44e-08	1.21e-02	5.59e-01	4.29e-01	0.00e+00	0.00e+00	0.00e+00	0.00e+00	0.00e+00
 4.73631e+11	0.00e+00	1.42e-25	1.62e-15	1.01e-07	1.34e-02	5.79e-01	4.08e-01	0.00e+00	0.00e+00	0.00e+00	0.00e+00	0.00e+00
 5.22503e+11	2.97e-37	1.90e-25	2.06e-15	1.21e-07	1.49e-02	5.99e-01	3.86e-01	0.00e+00	0.00e+00	0.00e+00	0.00e+00	0.00e+00
 5.73330e+11	0.00e+00	2.53e-25	2.61e-15	1.44e-07	1.65e-02	6.18e-01	3.65e-01	0.00e+00	0.00e+00	0.00e+00	0.00e+00	0.00e+00
 6.26190e+11	5.81e-37	3.37e-25	3.29e-15	1.72e-07	1.82e-02	6.37e-01	3.44e-01	0.00e+00	0.00e+00	0.00e+00	0.00e+00	0.00e+00
 6.81164e+11	0.00e+00	4.46e-25	4.15e-15	2.04e-07	2.01e-02	6.56e-01	3.24e-01	0.00e+00	0.00e+00	0.00e+00	0.00e+00	0.00e+00
 7.38337e+11	1.12e-36	5.90e-25	5.21e-15	2.42e-07	2.20e-02	6.73e-01	3.05e-01	0.00e+00	0.00e+00	0.00e+00	0.00e+00	0.00e+00
 7.97798e+11	0.00e+00	7.77e-25	6.54e-15	2.86e-07	2.42e-02	6.90e-01	2.86e-01	0.00e+00	0.00e+00	0.00e+00	0.00e+00	0.00e+00
 8.59636e+11	2.11e-36	1.02e-24	8.19e-15	3.38e-07	2.65e-02	7.06e-01	2.67e-01	0.00e+00	0.00e+00	0.00e+00	0.00e+00	0.00e+00
 9.23949e+11	0.00e+00	1.34e-24	1.02e-14	3.99e-07	2.89e-02	7.22e-01	2.49e-01	0.00e+00	0.00e+00	0.00e+00	0.00e+00	0.00e+00
 9.90833e+11	3.94e-36	1.75e-24	1.28e-14	4.69e-07	3.15e-02	7.36e-01	2.33e-01	0.00e+00	0.00e+00	0.00e+00	0.00e+00	0.00e+00
 1.06039e+12	0.00e+00	2.29e-24	1.59e-14	5.51e-07	3.43e-02	7.49e-01	2.16e-01	0.00e+00	0.00e+00	0.00e+00	0.00e+00	0.00e+00
 1.13274e+12	7.28e-36	2.99e-24	1.98e-14	6.47e-07	3.72e-02	7.62e-01	2.01e-01	0.00e+00	0.00e+00	0.00e+00	0.00e+00	0.00e+00
 1.20797e+12	0.00e+00	3.91e-24	2.47e-14	7.58e-07	4.03e-02	7.73e-01	1.86e-01	0.00e+00	0.00e+00	0.00e+00	0.00e+00	0.00e+00
 1.28622e+12	1.34e-35	5.10e-24	3.07e-14	8.87e-07	4.36e-02	7.84e-01	1.73e-01	0.00e+00	0.00e+00	0.00e+00	0.00e+00	0.00e+00
 1.36759e+12	0.00e+00	6.65e-24	3.82e-14	1.04e-06	4.71e-02	7.93e-01	1.60e-01	0.00e+00	0.00e+00	0.00e+00	0.00e+00	0.00e+00
 1.45222e+12	2.45e-35	8.69e-24	4.75e-14	1.21e-06	5.09e-02	8.02e-01	1.47e-01	0.00e+00	0.00e+00	0.00e+00	0.00e+00	0.00e+00
 1.54024e+12	3.33e-35	1.13e-23	5.90e-14	1.41e-06	5.48e-02	8.09e-01	1.36e-01	0.00e+00	0.00e+00	0.00e+00	0.00e+00	0.00e+00
 1.63178e+12	4.51e-35	1.48e-23	7.33e-14	1.65e-06	5.90e-02	8.16e-01	1.25e-01	0.00e+00	0.00e+00	0.00e+00	0.00e+00	0.00e+00
 1.72697e+12	6.11e-35	1.94e-23	9.11e-14	1.92e-06	6.34e-02	8.21e-01	1.15e-01	0.00e+00	0.00e+00	0.00e+00	0.00e+00	0.00e+00
 1.82598e+12	8.30e-35	2.54e-23	1.13e-13	2.23e-06	6.80e-02	8.26e-01	1.06e-01	0.00e+00	0.00e+00	0.00e+00	0.00e+00	0.00e+00
 1.92895e+12	1.14e-34	3.35e-23	1.41e-13	2.60e-06	7.30e-02	8.30e-01	9.74e-02	0.00e+00	0.00e+00	0.00e+00	0.00e+00	0.00e+00
 2.03603e+12	1.54e-34	4.38e-23	1.75e-13	3.01e-06	7.82e-02	8.33e-01	8.92e-02	0.00e+00	0.00e+00	0.00e+00	0.00e+00	0.00e+00
 2.14740e+12	2.09e-34	5.77e-23	2.18e-13	3.50e-06	8.37e-02	8.35e-01	8.18e-02	0.00e+00	0.00e+00	0.00e+00	0.00e+00	0.00e+00
 2.26322e+12	2.86e-34	7.60e-23	2.71e-13	4.06e-06	8.95e-02	8.36e-01	7.48e-02	0.00e+00	0.00e+00	0.00e+00	0.00e+00	0.00e+00
 2.38368e+12	3.91e-34	1.00e-22	3.37e-13	4.71e-06	9.56e-02	8.36e-01	6.84e-02	0.00e+00	0.00e+00	0.00e+00	0.00e+00	0.00e+00
 2.50895e+12	5.36e-34	1.33e-22	4.20e-13	5.45e-06	1.02e-01	8.35e-01	6.25e-02	0.00e+00	0.00e+00	0.00e+00	0.00e+00	0.00e+00
 2.63924e+12	7.35e-34	1.76e-22	5.23e-13	6.32e-06	1.09e-01	8.34e-01	5.71e-02	0.00e+00	0.00e+00	0.00e+00	0.00e+00	0.00e+00
 2.77473e+12	1.01e-33	2.33e-22	6.52e-13	7.31e-06	1.16e-01	8.32e-01	5.21e-02	0.00e+00	0.00e+00	0.00e+00	0.00e+00	0.00e+00
 2.91565e+12	1.39e-33	3.09e-22	8.13e-13	8.46e-06	1.24e-01	8.29e-01	4.74e-02	0.00e+00	0.00e+00	0.00e+00	0.00e+00	0.00e+00
 3.06220e+12	1.93e-33	4.12e-22	1.01e-12	9.78e-06	1.32e-01	8.25e-01	4.32e-02	0.00e+00	0.00e+00	0.00e+00	0.00e+00	0.00e+00
 3.21461e+12	2.67e-33	5.48e-22	1.27e-12	1.13e-05	1.40e-01	8.21e-01	3.93e-02	0.00e+00	0.00e+00	0.00e+00	0.00e+00	0.00e+00
 3.37313e+12	3.70e-33	7.32e-22	1.58e-12	1.31e-05	1.49e-01	8.15e-01	3.57e-02	0.00e+00	0.00e+00	0.00e+00	0.00e+00	0.00e+00
 3.53798e+12	5.14e-33	9.78e-22	1.97e-12	1.51e-05	1.58e-01	8.09e-01	3.24e-02	0.00e+00	0.00e+00	0.00e+00	0.00e+00	0.00e+00
 3.70942e+12	7.16e-33	1.31e-21	2.46e-12	1.74e-05	1.68e-01	8.03e-01	2.94e-02	0.00e+00	0.00e+00	0.00e+00	0.00e+00	0.00e+00
 3.88773e+12	9.98e-33	1.75e-21	3.07e-12	2.01e-05	1.78e-01	7.95e-01	2.67e-02	0.00e+00	0.00e+00	0.00e+00	0.00e+00	0.00e+00
 4.07316e+12	1.40e-32	2.35e-21	3.84e-12	2.31e-05	1.89e-01	7.87e-01	2.41e-02	0.00e+00	0.00e+00	0.00e+00	0.00e+00	0.00e+00
 4.26602e+12	1.96e-32	3.16e-21	4.79e-12	2.66e-05	2.00e-01	7.78e-01	2.18e-02	0.00e+00	0.00e+00	0.00e+00	0.00e+00	0.00e+00
 4.46658e+12	2.75e-32	4.24e-21	5.98e-12	3.07e-05	2.12e-01	7.68e-01	1.97e-02	0.00e+00	0.00e+00	0.00e+00	0.00e+00	0.00e+00
 4.67517e+12	3.86e-32	5.70e-21	7.47e-12	3.53e-05	2.24e-01	7.58e-01	1.78e-02	0.00e+00	0.00e+00	0.00e+00	0.00e+00	0.00e+00
 4.89211e+12	5.44e-32	7.68e-21	9.33e-12	4.06e-05	2.37e-01	7.47e-01	1.61e-02	0.00e+00	0.00e+00	0.00e+00	0.00e+00	0.00e+00
 5.11772e+12	7.68e-32	1.03e-20	1.16e-11	4.66e-05	2.50e-01	7.35e-01	1.45e-02	0.00e+00	0.00e+00	0.00e+00	0.00e+00	0.00e+00
 5.35235e+12	1.09e-31	1.39e-20	1.45e-11	5.35e-05	2.64e-01	7.23e-01	1.30e-02	0.00e+00	0.00e+00	0.00e+00	0.00e+00	0.00e+00
 5.59638e+12	1.54e-31	1.88e-20	1.81e-11	6.14e-05	2.78e-01	7.10e-01	1.17e-02	0.00e+00	0.00e+00	0.00e+00	0.00e+00	0.00e+00
 5.85016e+12	2.18e-31	2.53e-20	2.26e-11	7.04e-05	2.93e-01	6.96e-01	1.05e-02	0.00e+00	0.00e+00	0.00e+00	0.00e+00	0.00e+00
 6.11409e+12	3.10e-31	3.42e-20	2.82e-11	8.06e-05	3.08e-01	6.82e-01	9.40e-03	0.00e+00	0.00e+00	0.00e+00	0.00e+00	0.00e+00
 6.38858e+12	4.41e-31	4.61e-20	3.51e-11	9.22e-05	3.24e-01	6.67e-01	8.41e-03	0.00e+00	0.00e+00	0.00e+00	0.00e+00	0.00e+00
 6.67405e+12	6.29e-31	6.22e-20	4.36e-11	1.05e-04	3.41e-01	6.52e-01	7.52e-03	0.00e+00	0.00e+00	0.00e+00	0.00e+00	0.00e+00
 6.97094e+12	8.97e-31	8.40e-20	5.43e-11	1.20e-04	3.57e-01	6.36e-01	6.71e-03	0.00e+00	0.00e+00	0.00e+00	0.00e+00	0.00e+00
 7.27970e+12	1.28e-30	1.13e-19	6.75e-11	1.37e-04	3.74e-01	6.19e-01	5.98e-03	0.00e+00	0.00e+00	0.00e+00	0.00e+00	0.00e+00
 7.60082e+12	1.84e-30	1.53e-19	8.38e-11	1.57e-04	3.92e-01	6.03e-01	5.33e-03	0.00e+00	0.00e+00	0.00e+00	0.00e+00	0.00e+00
 7.93478e+12	2.63e-30	2.06e-19	1.04e-10	1.78e-04	4.10e-01	5.85e-01	4.73e-03	0.00e+00	0.00e+00	0.00e+00	0.00e+00	0.00e+00
 8.28210e+12	3.77e-30	2.77e-19	1.29e-10	2.03e-04	4.28e-01	5.68e-01	4.20e-03	0.00e+00	0.00e+00	0.00e+00	0.00e+00	0.00e+00
 8.64331e+12	5.41e-30	3.73e-19	1.60e-10	2.30e-04	4.47e-01	5.50e-01	3.72e-03	0.00e+00	0.00e+00	0.00e+00	0.00e+00	0.00e+00
 9.01897e+12	7.77e-30	5.02e-19	1.97e-10	2.61e-04	4.65e-01	5.31e-01	3.29e-03	0.00e+00	0.00e+00	0.00e+00	0.00e+00	0.00e+00
 9.40965e+12	1.12e-29	6.75e-19	2.44e-10	2.96e-04	4.84e-01	5.13e-01	2.91e-03	0.00e+00	0.00e+00	0.00e+00	0.00e+00	0.00e+00
 9.81596e+12	1.61e-29	9.07e-19	3.01e-10	3.35e-04	5.03e-01	4.94e-01	2.57e-03	0.00e+00	0.00e+00	0.00e+00	0.00e+00	0.00e+00
 1.02385e+13	2.31e-29	1.22e-18	3.71e-10	3.79e-04	5.22e-01	4.75e-01	2.26e-03	0.00e+00	0.00e+00	0.00e+00	0.00e+00	0.00e+00
 1.06780e+13	3.33e-29	1.63e-18	4.57e-10	4.27e-04	5.41e-01	4.57e-01	1.99e-03	0.00e+00	0.00e+00	0.00e+00	0.00e+00	0.00e+00
 1.11350e+13	4.78e-29	2.18e-18	5.61e-10	4.82e-04	5.60e-01	4.38e-01	1.74e-03	0.00e+00	0.00e+00	0.00e+00	0.00e+00	0.00e+00
 1.16104e+13	6.88e-29	2.91e-18	6.89e-10	5.42e-04	5.79e-01	4.19e-01	1.53e-03	0.00e+00	0.00e+00	0.00e+00	0.00e+00	0.00e+00
 1.21047e+13	9.89e-29	3.89e-18	8.44e-10	6.09e-04	5.97e-01	4.01e-01	1.34e-03	0.00e+00	0.00e+00	0.00e+00	0.00e+00	0.00e+00
 1.26188e+13	1.42e-28	5.18e-18	1.03e-09	6.84e-04	6.16e-01	3.82e-01	1.17e-03	0.00e+00	0.00e+00	0.00e+00	0.00e+00	0.00e+00
 1.31535e+13	2.04e-28	6.89e-18	1.26e-09	7.67e-04	6.34e-01	3.64e-01	1.02e-03	0.00e+00	0.00e+00	0.00e+00	0.00e+00	0.00e+00
 1.37096e+13	2.93e-28	9.14e-18	1.54e-09	8.58e-04	6.52e-01	3.47e-01	8.90e-04	0.00e+00	0.00e+00	0.00e+00	0.00e+00	0.00e+00
 1.42879e+13	4.20e-28	1.21e-17	1.87e-09	9.59e-04	6.69e-01	3.29e-01	7.75e-04	0.00e+00	0.00e+00	0.00e+00	0.00e+00	0.00e+00
 1.48893e+13	6.01e-28	1.60e-17	2.28e-09	1.07e-03	6.86e-01	3.12e-01	6.74e-04	0.00e+00	0.00e+00	0.00e+00	0.00e+00	0.00e+00
 1.55148e+13	8.61e-28	2.12e-17	2.76e-09	1.19e-03	7.02e-01	2.96e-01	5.85e-04	0.00e+00	0.00e+00	0.00e+00	0.00e+00	0.00e+00
 1.61653e+13	1.23e-27	2.79e-17	3.35e-09	1.33e-03	7.18e-01	2.80e-01	5.08e-04	0.00e+00	0.00e+00	0.00e+00	0.00e+00	0.00e+00
 1.68419e+13	1.75e-27	3.67e-17	4.05e-09	1.47e-03	7.34e-01	2.64e-01	4.40e-04	0.00e+00	0.00e+00	0.00e+00	0.00e+00	0.00e+00
 1.75455e+13	2.49e-27	4.82e-17	4.88e-09	1.63e-03	7.49e-01	2.49e-01	3.81e-04	0.00e+00	0.00e+00	0.00e+00	0.00e+00	0.00e+00
 1.82772e+13	3.54e-27	6.32e-17	5.89e-09	1.81e-03	7.63e-01	2.35e-01	3.29e-04	0.00e+00	0.00e+00	0.00e+00	0.00e+00	0.00e+00
 1.90383e+13	5.02e-27	8.26e-17	7.09e-09	2.00e-03	7.76e-01	2.21e-01	2.85e-04	0.00e+00	0.00e+00	0.00e+00	0.00e+00	0.00e+00
 1.98297e+13	7.10e-27	1.08e-16	8.51e-09	2.21e-03	7.90e-01	2.08e-01	2.46e-04	0.00e+00	0.00e+00	0.00e+00	0.00e+00	0.00e+00
 2.06528e+13	1.00e-26	1.41e-16	1.02e-08	2.44e-03	8.02e-01	1.95e-01	2.12e-04	0.00e+00	0.00e+00	0.00e+00	0.00e+00	0.00e+00
 2.15089e+13	1.42e-26	1.83e-16	1.22e-08	2.69e-03	8.14e-01	1.83e-01	1.83e-04	0.00e+00	0.00e+00	0.00e+00	0.00e+00	0.00e+00
 2.23991e+13	1.99e-26	2.37e-16	1.46e-08	2.96e-03	8.25e-01	1.72e-01	1.58e-04	0.00e+00	0.00e+00	0.00e+00	0.00e+00	0.00e+00
 2.33250e+13	2.80e-26	3.07e-16	1.75e-08	3.26e-03	8.36e-01	1.61e-01	1.36e-04	0.00e+00	0.00e+00	0.00e+00	0.00e+00	0.00e+00
 2.42880e+13	3.93e-26	3.98e-16	2.08e-08	3.58e-03	8.46e-01	1.50e-01	1.17e-04	0.00e+00	0.00e+00	0.00e+00	0.00e+00	0.00e+00
 2.52894e+13	5.51e-26	5.14e-16	2.48e-08	3.93e-03	8.55e-01	1.41e-01	1.01e-04	0.00e+00	0.00e+00	0.00e+00	0.00e+00	0.00e+00
 2.63309e+13	7.71e-26	6.63e-16	2.95e-08	4.31e-03	8.64e-01	1.31e-01	8.64e-05	0.00e+00	0.00e+00	0.00e+00	0.00e+00	0.00e+00
 2.74141e+13	1.08e-25	8.54e-16	3.51e-08	4.72e-03	8.73e-01	1.23e-01	7.43e-05	0.00e+00	0.00e+00	0.00e+00	0.00e+00	0.00e+00
 2.85406e+13	1.50e-25	1.10e-15	4.17e-08	5.17e-03	8.80e-01	1.14e-01	6.38e-05	0.00e+00	0.00e+00	0.00e+00	0.00e+00	0.00e+00
 2.97121e+13	2.09e-25	1.41e-15	4.95e-08	5.65e-03	8.88e-01	1.07e-01	5.47e-05	0.00e+00	0.00e+00	0.00e+00	0.00e+00	0.00e+00
 3.09305e+13	2.91e-25	1.81e-15	5.86e-08	6.17e-03	8.95e-01	9.92e-02	4.70e-05	0.00e+00	0.00e+00	0.00e+00	0.00e+00	0.00e+00
 3.21977e+13	4.05e-25	2.32e-15	6.94e-08	6.74e-03	9.01e-01	9.24e-02	4.03e-05	0.00e+00	0.00e+00	0.00e+00	0.00e+00	0.00e+00
 3.35155e+13	5.62e-25	2.97e-15	8.21e-08	7.35e-03	9.07e-01	8.59e-02	3.45e-05	0.00e+00	0.00e+00	0.00e+00	0.00e+00	0.00e+00
 3.48861e+13	7.78e-25	3.81e-15	9.71e-08	8.02e-03	9.12e-01	7.99e-02	2.96e-05	0.00e+00	0.00e+00	0.00e+00	0.00e+00	0.00e+00
 3.63114e+13	1.08e-24	4.86e-15	1.15e-07	8.73e-03	9.17e-01	7.42e-02	2.53e-05	0.00e+00	0.00e+00	0.00e+00	0.00e+00	0.00e+00
 3.77938e+13	1.49e-24	6.21e-15	1.35e-07	9.51e-03	9.22e-01	6.90e-02	2.17e-05	0.00e+00	0.00e+00	0.00e+00	0.00e+00	0.00e+00
 3.93355e+13	2.06e-24	7.92e-15	1.60e-07	1.04e-02	9.26e-01	6.40e-02	1.86e-05	0.00e+00	0.00e+00	0.00e+00	0.00e+00	0.00e+00
 4.09388e+13	2.84e-24	1.01e-14	1.88e-07	1.13e-02	9.29e-01	5.94e-02	1.59e-05	0.00e+00	0.00e+00	0.00e+00	0.00e+00	0.00e+00
 4.26063e+13	3.92e-24	1.28e-14	2.22e-07	1.22e-02	9.33e-01	5.51e-02	1.36e-05	0.00e+00	0.00e+00	0.00e+00	0.00e+00	0.00e+00
 4.43405e+13	5.40e-24	1.63e-14	2.61e-07	1.33e-02	9.36e-01	5.11e-02	1.16e-05	0.00e+00	0.00e+00	0.00e+00	0.00e+00	0.00e+00
 4.61441e+13	7.43e-24	2.07e-14	3.07e-07	1.44e-02	9.38e-01	4.74e-02	9.94e-06	0.00e+00	0.00e+00	0.00e+00	0.00e+00	0.00e+00
 4.80197e+13	1.02e-23	2.63e-14	3.61e-07	1.57e-02	9.40e-01	4.39e-02	8.50e-06	0.00e+00	0.00e+00	0.00e+00	0.00e+00	0.00e+00
 4.99705e+13	1.40e-23	3.34e-14	4.25e-07	1.70e-02	9.42e-01	4.07e-02	7.26e-06	0.00e+00	0.00e+00	0.00e+00	0.00e+00	0.00e+00
 5.19992e+13	1.93e-23	4.23e-14	4.99e-07	1.85e-02	9.44e-01	3.76e-02	6.20e-06	0.00e+00	0.00e+00	0.00e+00	0.00e+00	0.00e+00
 5.41091e+13	2.64e-23	5.36e-14	5.86e-07	2.00e-02	9.45e-01	3.48e-02	5.30e-06	0.00e+00	0.00e+00	0.00e+00	0.00e+00	0.00e+00
 5.63034e+13	3.62e-23	6.78e-14	6.88e-07	2.17e-02	9.46e-01	3.22e-02	4.52e-06	0.00e+00	0.00e+00	0.00e+00	0.00e+00	0.00e+00
 5.85854e+13	4.95e-23	8.58e-14	8.07e-07	2.35e-02	9.47e-01	2.98e-02	3.86e-06	0.00e+00	0.00e+00	0.00e+00	0.00e+00	0.00e+00
 6.09588e+13	6.78e-23	1.08e-13	9.47e-07	2.54e-02	9.47e-01	2.76e-02	3.29e-06	0.00e+00	0.00e+00	0.00e+00	0.00e+00	0.00e+00
 6.34271e+13	9.26e-23	1.37e-13	1.11e-06	2.75e-02	9.47e-01	2.55e-02	2.81e-06	0.00e+00	0.00e+00	0.00e+00	0.00e+00	0.00e+00
 6.59941e+13	1.27e-22	1.73e-13	1.30e-06	2.98e-02	9.47e-01	2.35e-02	2.40e-06	0.00e+00	0.00e+00	0.00e+00	0.00e+00	0.00e+00
 6.86638e+13	1.72e-22	2.17e-13	1.52e-06	3.23e-02	9.46e-01	2.17e-02	2.04e-06	0.00e+00	0.00e+00	0.00e+00	0.00e+00	0.00e+00
 7.14402e+13	2.36e-22	2.74e-13	1.78e-06	3.49e-02	9.45e-01	2.01e-02	1.74e-06	0.00e+00	0.00e+00	0.00e+00	0.00e+00	0.00e+00
 7.43278e+13	3.19e-22	3.44e-13	2.09e-06	3.77e-02	9.44e-01	1.85e-02	1.48e-06	0.00e+00	0.00e+00	0.00e+00	0.00e+00	0.00e+00
 7.73308e+13	4.37e-22	4.35e-13	2.44e-06	4.07e-02	9.42e-01	1.71e-02	1.26e-06	0.00e+00	0.00e+00	0.00e+00	0.00e+00	0.00e+00
 8.04540e+13	5.92e-22	5.44e-13	2.86e-06	4.40e-02	9.40e-01	1.58e-02	1.07e-06	0.00e+00	0.00e+00	0.00e+00	0.00e+00	0.00e+00
 8.37021e+13	8.04e-22	6.83e-13	3.34e-06	4.76e-02	9.38e-01	1.45e-02	9.15e-07	0.00e+00	0.00e+00	0.00e+00	0.00e+00	0.00e+00
 8.70801e+13	1.10e-21	8.64e-13	3.91e-06	5.13e-02	9.35e-01	1.34e-02	0.00e+00	0.00e+00	0.00e+00	0.00e+00	0.00e+00	0.00e+00
 9.05932e+13	1.50e-21	1.08e-12	4.56e-06	5.54e-02	9.32e-01	1.23e-02	0.00e+00	0.00e+00	0.00e+00	0.00e+00	0.00e+00	0.00e+00
 9.42469e+13	2.03e-21	1.36e-12	5.33e-06	5.97e-02	9.29e-01	1.14e-02	0.00e+00	0.00e+00	0.00e+00	0.00e+00	0.00e+00	0.00e+00
 9.80467e+13	2.73e-21	1.69e-12	6.22e-06	6.44e-02	9.25e-01	1.05e-02	0.00e+00	0.00e+00	0.00e+00	0.00e+00	0.00e+00	0.00e+00
 1.01998e+14	3.74e-21	2.14e-12	7.25e-06	6.94e-02	9.21e-01	9.63e-03	0.00e+00	0.00e+00	0.00e+00	0.00e+00	0.00e+00	0.00e+00
 1.06108e+14	5.02e-21	2.66e-12	8.46e-06	7.48e-02	9.16e-01	8.85e-03	0.00e+00	0.00e+00	0.00e+00	0.00e+00	0.00e+00	0.00e+00
 1.10383e+14	6.85e-21	3.35e-12	9.85e-06	8.05e-02	9.11e-01	8.14e-03	0.00e+00	0.00e+00	0.00e+00	0.00e+00	0.00e+00	0.00e+00
 1.14828e+14	9.20e-21	4.16e-12	1.15e-05	8.66e-02	9.06e-01	7.47e-03	0.00e+00	0.00e+00	0.00e+00	0.00e+00	0.00e+00	0.00e+00
 1.19451e+14	1.25e-20	5.24e-12	1.34e-05	9.31e-02	9.00e-01	6.86e-03	0.00e+00	0.00e+00	0.00e+00	0.00e+00	0.00e+00	0.00e+00
 1.24259e+14	1.68e-20	6.49e-12	1.56e-05	1.00e-01	8.94e-01	6.30e-03	0.00e+00	0.00e+00	0.00e+00	0.00e+00	0.00e+00	0.00e+00
 1.29259e+14	2.29e-20	8.16e-12	1.81e-05	1.08e-01	8.87e-01	5.77e-03	0.00e+00	0.00e+00	0.00e+00	0.00e+00	0.00e+00	0.00e+00
 1.34459e+14	3.07e-20	1.01e-11	2.10e-05	1.16e-01	8.79e-01	5.29e-03	0.00e+00	0.00e+00	0.00e+00	0.00e+00	0.00e+00	0.00e+00
 1.39868e+14	4.17e-20	1.27e-11	2.44e-05	1.24e-01	8.71e-01	4.84e-03	0.00e+00	0.00e+00	0.00e+00	0.00e+00	0.00e+00	0.00e+00
 1.45492e+14	5.60e-20	1.58e-11	2.83e-05	1.33e-01	8.63e-01	4.43e-03	0.00e+00	0.00e+00	0.00e+00	0.00e+00	0.00e+00	0.00e+00
 1.51342e+14	7.59e-20	1.97e-11	3.28e-05	1.42e-01	8.54e-01	4.05e-03	0.00e+00	0.00e+00	0.00e+00	0.00e+00	0.00e+00	0.00e+00
 1.57426e+14	1.02e-19	2.45e-11	3.81e-05	1.53e-01	8.44e-01	3.70e-03	0.00e+00	0.00e+00	0.00e+00	0.00e+00	0.00e+00	0.00e+00
 1.63752e+14	1.38e-19	3.06e-11	4.41e-05	1.63e-01	8.34e-01	3.38e-03	0.00e+00	0.00e+00	0.00e+00	0.00e+00	0.00e+00	0.00e+00
 1.70333e+14	1.85e-19	3.79e-11	5.11e-05	1.74e-01	8.22e-01	3.08e-03	0.00e+00	0.00e+00	0.00e+00	0.00e+00	0.00e+00	0.00e+00
 1.77176e+14	2.50e-19	4.73e-11	5.90e-05	1.86e-01	8.11e-01	2.81e-03	0.00e+00	0.00e+00	0.00e+00	0.00e+00	0.00e+00	0.00e+00
 1.84293e+14	3.34e-19	5.86e-11	6.82e-05	1.99e-01	7.99e-01	2.55e-03	0.00e+00	0.00e+00	0.00e+00	0.00e+00	0.00e+00	0.00e+00
 1.91694e+14	4.48e-19	7.26e-11	7.86e-05	2.12e-01	7.86e-01	2.32e-03	0.00e+00	0.00e+00	0.00e+00	0.00e+00	0.00e+00	0.00e+00
 1.99392e+14	6.04e-19	9.04e-11	9.05e-05	2.25e-01	7.73e-01	2.11e-03	0.00e+00	0.00e+00	0.00e+00	0.00e+00	0.00e+00	0.00e+00
 2.07398e+14	8.08e-19	1.12e-10	1.04e-04	2.39e-01	7.59e-01	1.91e-03	0.00e+00	0.00e+00	0.00e+00	0.00e+00	0.00e+00	0.00e+00
 2.15723e+14	1.08e-18	1.38e-10	1.20e-04	2.54e-01	7.44e-01	1.73e-03	0.00e+00	0.00e+00	0.00e+00	0.00e+00	0.00e+00	0.00e+00
 2.24382e+14	1.44e-18	1.71e-10	1.37e-04	2.70e-01	7.29e-01	1.57e-03	0.00e+00	0.00e+00	0.00e+00	0.00e+00	0.00e+00	0.00e+00
 2.33388e+14	1.92e-18	2.10e-10	1.57e-04	2.86e-01	7.13e-01	1.42e-03	0.00e+00	0.00e+00	0.00e+00	0.00e+00	0.00e+00	0.00e+00
 2.42753e+14	2.57e-18	2.59e-10	1.80e-04	3.02e-01	6.97e-01	1.28e-03	0.00e+00	0.00e+00	0.00e+00	0.00e+00	0.00e+00	0.00e+00
 2.52493e+14	3.40e-18	3.18e-10	2.06e-04	3.19e-01	6.80e-01	1.15e-03	0.00e+00	0.00e+00	0.00e+00	0.00e+00	0.00e+00	0.00e+00
 2.62623e+14	4.54e-18	3.93e-10	2.35e-04	3.36e-01	6.62e-01	1.04e-03	0.00e+00	0.00e+00	0.00e+00	0.00e+00	0.00e+00	0.00e+00
 2.73158e+14	6.02e-18	4.81e-10	2.68e-04	3.55e-01	6.44e-01	9.31e-04	0.00e+00	0.00e+00	0.00e+00	0.00e+00	0.00e+00	0.00e+00
 2.84114e+14	8.00e-18	5.91e-10	3.05e-04	3.73e-01	6.26e-01	8.36e-04	0.00e+00	0.00e+00	0.00e+00	0.00e+00	0.00e+00	0.00e+00
 2.95508e+14	1.06e-17	7.23e-10	3.47e-04	3.92e-01	6.07e-01	7.48e-04	0.00e+00	0.00e+00	0.00e+00	0.00e+00	0.00e+00	0.00e+00
 3.07358e+14	1.40e-17	8.86e-10	3.93e-04	4.11e-01	5.88e-01	6.70e-04	0.00e+00	0.00e+00	0.00e+00	0.00e+00	0.00e+00	0.00e+00
 3.19683e+14	1.85e-17	1.08e-09	4.46e-04	4.30e-01	5.69e-01	5.98e-04	0.00e+00	0.00e+00	0.00e+00	0.00e+00	0.00e+00	0.00e+00
 3.32500e+14	2.45e-17	1.32e-09	5.04e-04	4.50e-01	5.49e-01	5.33e-04	0.00e+00	0.00e+00	0.00e+00	1.39e-17	7.61e-18	2.99e-18
 3.45830e+14	3.23e-17	1.61e-09	5.70e-04	4.70e-01	5.29e-01	4.74e-04	0.00e+00	0.00e+00	0.00e+00	1.80e-17	1.07e-17	3.57e-18
 3.59693e+14	4.24e-17	1.96e-09	6.42e-04	4.89e-01	5.10e-01	4.22e-04	0.00e+00	0.00e+00	0.00e+00	2.36e-17	1.41e-17	4.69e-18
 3.74111e+14	5.58e-17	2.38e-09	7.24e-04	5.09e-01	4.90e-01	3.74e-04	0.00e+00	0.00e+00	0.00e+00	3.11e-17	1.85e-17	6.17e-18
 3.89105e+14	7.31e-17	2.88e-09	8.12e-04	5.29e-01	4.70e-01	3.31e-04	0.00e+00	0.00e+00	0.00e+00	4.07e-17	2.43e-17	8.08e-18
 4.04699e+14	9.60e-17	3.50e-09	9.13e-04	5.49e-01	4.50e-01	2.93e-04	0.00e+00	0.00e+00	0.00e+00	5.35e-17	3.19e-17	1.06e-17
 4.20917e+14	1.25e-16	4.23e-09	1.02e-03	5.68e-01	4.31e-01	2.58e-04	0.00e+00	0.00e+00	0.00e+00	6.98e-17	4.16e-17	1.39e-17
 4.37784e+14	1.64e-16	5.11e-09	1.14e-03	5.88e-01	4.11e-01	2.28e-04	0.00e+00	0.00e+00	0.00e+00	9.13e-17	5.44e-17	1.81e-17
 4.55325e+14	2.14e-16	6.17e-09	1.28e-03	6.07e-01	3.92e-01	2.00e-04	0.00e+00	0.00e+00	0.00e+00	1.19e-16	7.10e-17	2.37e-17
 4.72378e+14	2.74e-16	7.34e-09	1.42e-03	6.24e-01	3.74e-01	1.77e-04	0.00e+00	0.00e+00	0.00e+00	1.53e-16	9.09e-17	3.03e-17
 4.88320e+14	3.42e-16	8.58e-09	1.55e-03	6.40e-01	3.58e-01	1.59e-04	0.00e+00	0.00e+00	0.00e+00	1.91e-16	1.14e-16	3.79e-17
 5.06090e+14	4.35e-16	1.02e-08	1.71e-03	6.56e-01	3.42e-01	1.41e-04	0.00e+00	0.00e+00	0.00e+00	2.43e-16	1.44e-16	4.81e-17
 5.26363e+14	5.65e-16	1.22e-08	1.90e-03	6.74e-01	3.24e-01	1.23e-04	0.00e+00	0.00e+00	0.00e+00	3.15e-16	1.87e-16	6.25e-17
 5.46146e+14	7.23e-16	1.45e-08	2.10e-03	6.90e-01	3.08e-01	1.08e-04	0.00e+00	0.00e+00	0.00e+00	4.03e-16	2.40e-16	8.00e-17
 5.64690e+14	8.99e-16	1.69e-08	2.29e-03	7.04e-01	2.93e-01	9.64e-05	0.00e+00	0.00e+00	0.00e+00	5.01e-16	2.98e-16	9.95e-17
 5.85277e+14	1.14e-15	1.99e-08	2.51e-03	7.19e-01	2.78e-01	8.49e-05	0.00e+00	0.00e+00	0.00e+00	6.35e-16	3.78e-16	1.26e-16
 6.08718e+14	1.47e-15	2.37e-08	2.78e-03	7.35e-01	2.63e-01	7.39e-05	0.00e+00	0.00e+00	0.00e+00	8.20e-16	4.88e-16	1.63e-16
 6.31773e+14	1.88e-15	2.81e-08	3.05e-03	7.49e-01	2.48e-01	6.46e-05	0.00e+00	0.00e+00	0.00e+00	1.05e-15	6.23e-16	2.08e-16
 6.53606e+14	2.34e-15	3.27e-08	3.32e-03	7.61e-01	2.35e-01	5.71e-05	0.00e+00	0.00e+00	0.00e+00	1.30e-15	7.75e-16	2.59e-16
 6.77636e+14	2.96e-15	3.85e-08	3.64e-03	7.75e-01	2.22e-01	5.00e-05	0.00e+00	0.00e+00	0.00e+00	1.65e-15	9.80e-16	3.27e-16
 7.04771e+14	3.80e-15	4.58e-08	4.00e-03	7.88e-01	2.08e-01	4.33e-05	0.00e+00	0.00e+00	0.00e+00	2.12e-15	1.26e-15	4.21e-16
 7.31636e+14	4.84e-15	5.41e-08	4.38e-03	8.00e-01	1.96e-01	3.76e-05	0.00e+00	0.00e+00	0.00e+00	2.70e-15	1.60e-15	5.36e-16
 7.57322e+14	6.03e-15	6.29e-08	4.76e-03	8.11e-01	1.85e-01	3.30e-05	0.00e+00	0.00e+00	0.00e+00	3.36e-15	2.00e-15	6.67e-16
 7.85392e+14	7.62e-15	7.39e-08	5.20e-03	8.21e-01	1.73e-01	2.87e-05	0.00e+00	0.00e+00	0.00e+00	4.25e-15	2.52e-15	8.44e-16
 8.16837e+14	9.76e-15	8.75e-08	5.70e-03	8.32e-01	1.62e-01	2.47e-05	0.00e+00	0.00e+00	0.00e+00	5.45e-15	3.23e-15	1.08e-15
 8.48248e+14	1.25e-14	1.03e-07	6.24e-03	8.42e-01	1.51e-01	2.14e-05	0.00e+00	0.00e+00	0.00e+00	6.95e-15	4.12e-15	1.38e-15
 8.78597e+14	1.55e-14	1.20e-07	6.76e-03	8.51e-01	1.42e-01	1.86e-05	0.00e+00	0.00e+00	0.00e+00	8.65e-15	5.13e-15	1.72e-15
 9.11453e+14	1.96e-14	1.41e-07	7.36e-03	8.60e-01	1.33e-01	1.61e-05	0.00e+00	0.00e+00	0.00e+00	1.09e-14	6.48e-15	2.17e-15
 9.47941e+14	2.52e-14	1.67e-07	8.07e-03	8.68e-01	1.24e-01	1.38e-05	0.00e+00	0.00e+00	0.00e+00	1.40e-14	8.32e-15	2.79e-15
 9.84305e+14	3.18e-14	1.96e-07	8.78e-03	8.76e-01	1.15e-01	1.19e-05	0.00e+00	0.00e+00	0.00e+00	1.78e-14	1.05e-14	3.52e-15
 1.02212e+15	4.05e-14	2.31e-07	9.58e-03	8.83e-01	1.07e-01	1.02e-05	0.00e+00	0.00e+00	0.00e+00	2.26e-14	1.34e-14	4.48e-15
 1.06304e+15	5.17e-14	2.73e-07	1.05e-02	8.90e-01	9.95e-02	8.71e-06	0.00e+00	0.00e+00	0.00e+00	2.89e-14	1.71e-14	5.72e-15
 1.10466e+15	6.61e-14	3.23e-07	1.14e-02	8.96e-01	9.22e-02	7.44e-06	0.00e+00	0.00e+00	0.00e+00	3.69e-14	2.18e-14	7.32e-15
 1.14609e+15	8.30e-14	3.77e-07	1.24e-02	9.02e-01	8.58e-02	6.40e-06	0.00e+00	0.00e+00	0.00e+00	4.64e-14	2.74e-14	9.20e-15
 1.19010e+15	1.06e-13	4.44e-07	1.35e-02	9.07e-01	7.95e-02	5.47e-06	0.00e+00	0.00e+00	0.00e+00	5.90e-14	3.48e-14	1.17e-14
 1.23774e+15	1.36e-13	5.26e-07	1.48e-02	9.12e-01	7.34e-02	4.64e-06	0.00e+00	0.00e+00	0.00e+00	7.58e-14	4.46e-14	1.50e-14
 1.28728e+15	1.73e-13	6.21e-07	1.61e-02	9.16e-01	6.77e-02	3.93e-06	0.00e+00	0.00e+00	0.00e+00	9.69e-14	5.70e-14	1.92e-14
 1.33880e+15	2.21e-13	7.34e-07	1.76e-02	9.20e-01	6.24e-02	3.33e-06	0.00e+00	0.00e+00	0.00e+00	1.24e-13	7.28e-14	2.45e-14
 1.39238e+15	2.85e-13	8.71e-07	1.92e-02	9.23e-01	5.74e-02	2.81e-06	0.00e+00	0.00e+00	0.00e+00	1.60e-13	9.36e-14	3.16e-14
 1.44810e+15	3.64e-13	1.03e-06	2.10e-02	9.26e-01	5.28e-02	2.37e-06	0.00e+00	0.00e+00	0.00e+00	2.04e-13	1.20e-13	4.04e-14
 1.50606e+15	4.69e-13	1.22e-06	2.29e-02	9.29e-01	4.84e-02	2.00e-06	0.00e+00	0.00e+00	0.00e+00	2.63e-13	1.54e-13	5.20e-14
 1.56633e+15	6.01e-13	1.45e-06	2.50e-02	9.31e-01	4.45e-02	1.68e-06	0.00e+00	0.00e+00	0.00e+00	3.37e-13	1.97e-13	6.65e-14
 1.62901e+15	7.75e-13	1.72e-06	2.74e-02	9.32e-01	4.07e-02	1.41e-06	0.00e+00	0.00e+00	0.00e+00	4.35e-13	2.53e-13	8.58e-14
 1.69420e+15	9.95e-13	2.04e-06	2.99e-02	9.33e-01	3.72e-02	1.18e-06	0.00e+00	0.00e+00	0.00e+00	5.59e-13	3.25e-13	1.10e-13
 1.76200e+15	1.29e-12	2.43e-06	3.28e-02	9.33e-01	3.40e-02	9.89e-07	0.00e+00	0.00e+00	0.00e+00	7.24e-13	4.20e-13	1.43e-13
 1.83251e+15	1.65e-12	2.89e-06	3.59e-02	9.33e-01	3.10e-02	0.00e+00	0.00e+00	0.00e+00	0.00e+00	9.31e-13	5.38e-13	1.83e-13
 1.90584e+15	2.15e-12	3.46e-06	3.94e-02	9.32e-01	2.82e-02	0.00e+00	0.00e+00	0.00e+00	0.00e+00	1.21e-12	6.99e-13	2.38e-13
 1.98211e+15	2.77e-12	4.12e-06	4.32e-02	9.31e-01	2.56e-02	0.00e+00	0.00e+00	0.00e+00	0.00e+00	1.56e-12	8.98e-13	3.06e-13
 2.06142e+15	3.63e-12	4.96e-06	4.76e-02	9.29e-01	2.32e-02	0.00e+00	0.00e+00	0.00e+00	0.00e+00	2.05e-12	1.17e-12	4.01e-13
 2.14391e+15	4.71e-12	5.95e-06	5.24e-02	9.27e-01	2.10e-02	0.00e+00	0.00e+00	0.00e+00	0.00e+00	2.66e-12	1.52e-12	5.20e-13
 2.22969e+15	6.17e-12	7.18e-06	5.79e-02	9.23e-01	1.89e-02	0.00e+00	0.00e+00	0.00e+00	0.00e+00	3.49e-12	1.99e-12	6.81e-13
 2.31891e+15	8.02e-12	8.61e-06	6.41e-02	9.19e-01	1.70e-02	0.00e+00	0.00e+00	0.00e+00	0.00e+00	4.55e-12	2.58e-12	8.85e-13
 2.41170e+15	1.06e-11	1.05e-05	7.12e-02	9.14e-01	1.52e-02	0.00e+00	0.00e+00	0.00e+00	0.00e+00	6.04e-12	3.41e-12	1.17e-12
 2.50820e+15	1.41e-11	1.29e-05	7.94e-02	9.07e-01	1.36e-02	0.00e+00	0.00e+00	0.00e+00	0.00e+00	8.03e-12	4.51e-12	1.56e-12
 2.60855e+15	1.86e-11	1.56e-05	8.89e-02	8.99e-01	1.21e-02	0.00e+00	0.00e+00	0.00e+00	0.00e+00	1.06e-11	5.93e-12	2.05e-12
 2.71293e+15	2.52e-11	1.95e-05	1.00e-01	8.89e-01	1.07e-02	0.00e+00	0.00e+00	0.00e+00	0.00e+00	1.44e-11	8.03e-12	2.77e-12
 2.82147e+15	3.42e-11	2.43e-05	1.13e-01	8.77e-01	9.34e-03	0.00e+00	0.00e+00	0.00e+00	0.00e+00	1.95e-11	1.09e-11	3.76e-12
 2.93436e+15	4.68e-11	3.06e-05	1.29e-01	8.62e-01	8.11e-03	0.00e+00	0.00e+00	0.00e+00	0.00e+00	2.68e-11	1.48e-11	5.13e-12
 3.04665e+15	6.30e-11	3.81e-05	1.48e-01	8.45e-01	7.01e-03	0.00e+00	0.00e+00	0.00e+00	0.00e+00	3.61e-11	1.99e-11	6.90e-12
 3.15116e+15	8.44e-11	4.75e-05	1.69e-01	8.25e-01	6.07e-03	0.00e+00	0.00e+00	0.00e+00	0.00e+00	4.84e-11	2.66e-11	9.24e-12
 3.24703e+15	1.11e-10	5.84e-05	1.92e-01	8.03e-01	5.28e-03	0.00e+00	0.00e+00	0.00e+00	0.00e+00	6.37e-11	3.48e-11	1.21e-11
 3.33685e+15	1.44e-10	7.14e-05	2.17e-01	7.79e-01	4.59e-03	0.00e+00	0.00e+00	0.00e+00	0.00e+00	8.26e-11	4.50e-11	1.57e-11
 3.42194e+15	1.87e-10	8.78e-05	2.45e-01	7.51e-01	3.96e-03	0.00e+00	0.00e+00	0.00e+00	0.00e+00	1.07e-10	5.85e-11	2.04e-11
 3.50174e+15	2.38e-10	1.06e-04	2.77e-01	7.20e-01	3.41e-03	0.00e+00	0.00e+00	0.00e+00	0.00e+00	1.37e-10	7.43e-11	2.59e-11
 3.57523e+15	2.98e-10	1.27e-04	3.11e-01	6.86e-01	2.92e-03	0.00e+00	0.00e+00	0.00e+00	0.00e+00	1.72e-10	9.32e-11	3.25e-11
 3.64234e+15	3.69e-10	1.51e-04	3.49e-01	6.49e-01	2.49e-03	0.00e+00	0.00e+00	0.00e+00	0.00e+00	2.13e-10	1.15e-10	4.02e-11
 3.70387e+15	4.49e-10	1.78e-04	3.89e-01	6.09e-01	2.11e-03	0.00e+00	0.00e+00	0.00e+00	0.00e+00	2.59e-10	1.40e-10	4.89e-11
 3.76087e+15	5.45e-10	2.09e-04	4.32e-01	5.66e-01	1.77e-03	0.00e+00	0.00e+00	0.00e+00	0.00e+00	3.15e-10	1.70e-10	5.92e-11
 3.81361e+15	6.51e-10	2.42e-04	4.78e-01	5.21e-01	1.46e-03	0.00e+00	0.00e+00	0.00e+00	0.00e+00	3.76e-10	2.03e-10	7.07e-11
 3.86217e+15	7.69e-10	2.79e-04	5.25e-01	4.73e-01	1.20e-03	0.00e+00	0.00e+00	0.00e+00	0.00e+00	4.45e-10	2.40e-10	8.35e-11
 3.90736e+15	9.00e-10	3.19e-04	5.75e-01	4.24e-01	9.62e-04	0.00e+00	0.00e+00	0.00e+00	0.00e+00	5.21e-10	2.80e-10	9.76e-11
 3.94998e+15	1.03e-09	3.59e-04	6.25e-01	3.73e-01	7.58e-04	0.00e+00	0.00e+00	0.00e+00	0.00e+00	5.98e-10	3.22e-10	1.12e-10
 3.99083e+15	1.19e-09	4.04e-04	6.77e-01	3.22e-01	5.80e-04	0.00e+00	0.00e+00	0.00e+00	0.00e+00	6.86e-10	3.69e-10	1.28e-10
 4.03067e+15	1.34e-09	4.51e-04	7.29e-01	2.71e-01	4.29e-04	0.00e+00	0.00e+00	0.00e+00	0.00e+00	7.78e-10	4.18e-10	1.45e-10
 4.07608e+15	1.53e-09	5.06e-04	7.87e-01	2.12e-01	2.85e-04	0.00e+00	0.00e+00	0.00e+00	0.00e+00	8.88e-10	4.77e-10	1.66e-10
 4.12496e+15	1.74e-09	5.64e-04	8.43e-01	1.56e-01	1.72e-04	0.00e+00	0.00e+00	0.00e+00	0.00e+00	1.01e-09	5.41e-10	1.88e-10
 4.17039e+15	1.93e-09	6.15e-04	8.88e-01	1.11e-01	1.00e-04	0.00e+00	0.00e+00	0.00e+00	0.00e+00	1.12e-09	6.01e-10	2.09e-10
 4.22148e+15	2.14e-09	6.65e-04	9.27e-01	7.27e-02	5.08e-05	0.00e+00	0.00e+00	0.00e+00	0.00e+00	1.24e-09	6.65e-10	2.31e-10
 4.28790e+15	2.39e-09	7.18e-04	9.58e-01	4.10e-02	2.02e-05	0.00e+00	0.00e+00	0.00e+00	0.00e+00	1.39e-09	7.41e-10	2.58e-10
 4.37424e+15	2.67e-09	7.71e-04	9.79e-01	2.05e-02	6.26e-06	0.00e+00	0.00e+00	0.00e+00	0.00e+00	1.55e-09	8.29e-10	2.88e-10
 4.48648e+15	3.01e-09	8.23e-04	9.89e-01	1.04e-02	1.70e-06	0.00e+00	0.00e+00	0.00e+00	0.00e+00	1.75e-09	9.34e-10	3.25e-10
 4.63239e+15	3.46e-09	8.84e-04	9.93e-01	6.32e-03	4.71e-07	0.00e+00	0.00e+00	0.00e+00	0.00e+00	2.01e-09	1.07e-09	3.73e-10
 4.80917e+15	4.10e-09	9.60e-04	9.94e-01	4.75e-03	0.00e+00	0.00e+00	0.00e+00	0.00e+00	0.00e+00	2.39e-09	1.27e-09	4.42e-10
 4.99175e+15	4.78e-09	1.03e-03	9.95e-01	4.15e-03	0.00e+00	0.00e+00	0.00e+00	0.00e+00	0.00e+00	2.78e-09	1.48e-09	5.14e-10
 5.18163e+15	5.57e-09	1.12e-03	9.95e-01	3.75e-03	0.00e+00	0.00e+00	0.00e+00	0.00e+00	0.00e+00	3.24e-09	1.72e-09	5.99e-10
 5.38893e+15	6.54e-09	1.21e-03	9.95e-01	3.43e-03	0.00e+00	0.00e+00	0.00e+00	0.00e+00	0.00e+00	3.81e-09	2.02e-09	7.03e-10
 5.60452e+15	7.68e-09	1.30e-03	9.96e-01	3.12e-03	0.00e+00	0.00e+00	0.00e+00	0.00e+00	0.00e+00	4.47e-09	2.38e-09	8.26e-10
 5.82873e+15	9.03e-09	1.41e-03	9.96e-01	2.86e-03	0.00e+00	0.00e+00	0.00e+00	0.00e+00	0.00e+00	5.26e-09	2.79e-09	9.70e-10
 6.06191e+15	1.06e-08	1.53e-03	9.96e-01	2.62e-03	0.00e+00	0.00e+00	0.00e+00	0.00e+00	0.00e+00	6.18e-09	3.28e-09	1.14e-09
 6.30441e+15	1.25e-08	1.65e-03	9.96e-01	2.40e-03	0.00e+00	0.00e+00	0.00e+00	0.00e+00	0.00e+00	7.28e-09	3.86e-09	1.34e-09
 6.55662e+15	1.47e-08	1.79e-03	9.96e-01	2.19e-03	0.00e+00	0.00e+00	0.00e+00	0.00e+00	0.00e+00	8.57e-09	4.54e-09	1.58e-09
 6.81891e+15	1.73e-08	1.93e-03	9.96e-01	2.00e-03	0.00e+00	0.00e+00	0.00e+00	0.00e+00	0.00e+00	1.01e-08	5.36e-09	1.86e-09
 7.09170e+15	2.05e-08	2.09e-03	9.96e-01	1.83e-03	0.00e+00	0.00e+00	0.00e+00	0.00e+00	0.00e+00	1.19e-08	6.31e-09	2.19e-09
 7.37540e+15	2.41e-08	2.26e-03	9.96e-01	1.67e-03	0.00e+00	0.00e+00	0.00e+00	0.00e+00	0.00e+00	1.41e-08	7.45e-09	2.59e-09
 7.67044e+15	2.85e-08	2.45e-03	9.96e-01	1.52e-03	0.00e+00	0.00e+00	0.00e+00	0.00e+00	0.00e+00	1.66e-08	8.80e-09	3.06e-09
 7.97729e+15	3.38e-08	2.66e-03	9.96e-01	1.38e-03	0.00e+00	0.00e+00	0.00e+00	0.00e+00	0.00e+00	1.97e-08	1.04e-08	3.62e-09
