#depth	He	He+	He+2
 1.49634e+10	4.27e-23	2.91e-12	1.00e+00
 4.54887e+10	4.78e-23	3.15e-12	1.00e+00
 7.72350e+10	5.34e-23	3.41e-12	1.00e+00
 1.10251e+11	5.96e-23	3.69e-12	1.00e+00
 1.41098e+11	6.60e-23	3.96e-12	1.00e+00
 1.68403e+11	7.21e-23	4.21e-12	1.00e+00
 1.98970e+11	7.92e-23	4.50e-12	1.00e+00
 2.35536e+11	8.86e-23	4.86e-12	1.00e+00
 2.72367e+11	9.90e-23	5.24e-12	1.00e+00
 3.06682e+11	1.09e-22	5.60e-12	1.00e+00
 3.44885e+11	1.22e-22	6.03e-12	1.00e+00
 3.87464e+11	1.37e-22	6.52e-12	1.00e+00
 4.28115e+11	1.53e-22	7.01e-12	1.00e+00
 4.71536e+11	1.72e-22	7.55e-12	1.00e+00
 5.18609e+11	1.94e-22	8.17e-12	1.00e+00
 5.63584e+11	2.18e-22	8.78e-12	1.00e+00
 6.12073e+11	2.45e-22	9.47e-12	1.00e+00
 6.66483e+11	2.79e-22	1.03e-11	1.00e+00
 7.20296e+11	3.16e-22	1.11e-11	1.00e+00
 7.76262e+11	3.59e-22	1.20e-11	1.00e+00
 8.37239e+11	4.10e-22	1.31e-11	1.00e+00
 8.99123e+11	4.69e-22	1.42e-11	1.00e+00
 9.63481e+11	5.36e-22	1.54e-11	1.00e+00
 1.03195e+12	6.16e-22	1.68e-11	1.00e+00
 1.09611e+12	7.01e-22	1.81e-11	1.00e+00
 1.15443e+12	7.82e-22	1.94e-11	1.00e+00
 1.22125e+12	8.85e-22	2.09e-11	1.00e+00
 1.29917e+12	1.02e-21	2.27e-11	1.00e+00
 1.37763e+12	1.18e-21	2.47e-11	1.00e+00
 1.44634e+12	1.32e-21	2.65e-11	1.00e+00
 1.50654e+12	1.46e-21	2.81e-11	1.00e+00
 1.57512e+12	1.63e-21	3.01e-11	1.00e+00
 1.66111e+12	1.88e-21	3.26e-11	1.00e+00
 1.74889e+12	2.16e-21	3.54e-11	1.00e+00
 1.82466e+12	2.42e-21	3.78e-11	1.00e+00
 1.90571e+12	2.73e-21	4.06e-11	1.00e+00
 2.00551e+12	3.16e-21	4.42e-11	1.00e+00
 2.10602e+12	3.65e-21	4.80e-11	1.00e+00
 2.19427e+12	4.12e-21	5.14e-11	1.00e+00
 2.29030e+12	4.67e-21	5.54e-11	1.00e+00
 2.40643e+12	5.43e-21	6.05e-11	1.00e+00
 2.52356e+12	6.30e-21	6.58e-11	1.00e+00
 2.63022e+12	7.16e-21	7.10e-11	1.00e+00
 2.74841e+12	8.21e-21	7.69e-11	1.00e+00
 2.87655e+12	9.52e-21	8.38e-11	1.00e+00
 2.99908e+12	1.09e-20	9.06e-11	1.00e+00
 3.11899e+12	1.23e-20	9.77e-11	1.00e+00
 3.25404e+12	1.41e-20	1.06e-10	1.00e+00
 3.40181e+12	1.64e-20	1.16e-10	1.00e+00
 3.53690e+12	1.87e-20	1.25e-10	1.00e+00
 3.66289e+12	2.10e-20	1.34e-10	1.00e+00
 3.80622e+12	2.38e-20	1.45e-10	1.00e+00
 3.95816e+12	2.72e-20	1.57e-10	1.00e+00
 4.09058e+12	3.03e-20	1.67e-10	1.00e+00
 4.23200e+12	3.39e-20	1.80e-10	1.00e+00
 4.41313e+12	3.91e-20	1.96e-10	1.00e+00
 4.59960e+12	4.51e-20	2.14e-10	1.00e+00
 4.75894e+12	5.06e-20	2.29e-10	1.00e+00
 4.92931e+12	5.69e-20	2.47e-10	1.00e+00
 5.14108e+12	6.57e-20	2.70e-10	1.00e+00
 5.36076e+12	7.58e-20	2.96e-10	1.00e+00
 5.56141e+12	8.59e-20	3.21e-10	1.00e+00
 5.78320e+12	9.79e-20	3.49e-10	1.00e+00
 6.04170e+12	1.14e-19	3.84e-10	1.00e+00
 6.29846e+12	1.31e-19	4.21e-10	1.00e+00
 6.54549e+12	1.49e-19	4.59e-10	1.00e+00
 6.81722e+12	1.70e-19	5.03e-10	1.00e+00
 7.09920e+12	1.96e-19	5.51e-10	1.00e+00
 7.35443e+12	2.20e-19	5.97e-10	1.00e+00
 7.63409e+12	2.48e-19	6.50e-10	1.00e+00
 7.96296e+12	2.86e-19	7.17e-10	1.00e+00
 8.28686e+12	3.26e-19	7.86e-10	1.00e+00
 8.58772e+12	3.66e-19	8.55e-10	1.00e+00
 8.92516e+12	4.14e-19	9.35e-10	1.00e+00
 9.25954e+12	4.66e-19	1.02e-09	1.00e+00
 9.52052e+12	5.09e-19	1.09e-09	1.00e+00
 9.78792e+12	5.55e-19	1.16e-09	1.00e+00
 1.01355e+13	6.19e-19	1.27e-09	1.00e+00
 1.05045e+13	6.94e-19	1.38e-09	1.00e+00
 1.08249e+13	7.61e-19	1.48e-09	1.00e+00
 1.11652e+13	8.36e-19	1.60e-09	1.00e+00
 1.15996e+13	9.38e-19	1.76e-09	1.00e+00
 1.20421e+13	1.05e-18	1.93e-09	1.00e+00
 1.24130e+13	1.15e-18	2.08e-09	1.00e+00
 1.28052e+13	1.26e-18	2.24e-09	1.00e+00
 1.33024e+13	1.41e-18	2.47e-09	1.00e+00
 1.38199e+13	1.58e-18	2.71e-09	1.00e+00
 1.42765e+13	1.73e-18	2.94e-09	1.00e+00
 1.47702e+13	1.92e-18	3.20e-09	1.00e+00
 1.53652e+13	2.17e-18	3.53e-09	1.00e+00
 1.59309e+13	2.42e-18	3.87e-09	1.00e+00
 1.64007e+13	2.65e-18	4.16e-09	1.00e+00
 1.69070e+13	2.93e-18	4.48e-09	1.00e+00
 1.75520e+13	3.31e-18	4.91e-09	1.00e+00
 1.82294e+13	3.76e-18	5.40e-09	1.00e+00
 1.88100e+13	4.20e-18	5.82e-09	1.00e+00
 1.94127e+13	4.69e-18	6.28e-09	1.00e+00
 2.00647e+13	5.29e-18	6.81e-09	1.00e+00
 2.06473e+13	5.87e-18	7.29e-09	1.00e+00
 2.12709e+13	6.56e-18	7.82e-09	1.00e+00
 2.20709e+13	7.55e-18	8.53e-09	1.00e+00
 2.28920e+13	8.69e-18	9.29e-09	1.00e+00
 2.35875e+13	9.77e-18	9.96e-09	1.00e+00
 2.43278e+13	1.10e-17	1.07e-08	1.00e+00
 2.52562e+13	1.28e-17	1.16e-08	1.00e+00
 2.62305e+13	1.49e-17	1.27e-08	1.00e+00
 2.71232e+13	1.71e-17	1.37e-08	1.00e+00
 2.81085e+13	1.97e-17	1.48e-08	1.00e+00
 2.91841e+13	2.30e-17	1.61e-08	1.00e+00
 3.01629e+13	2.63e-17	1.74e-08	1.00e+00
 3.12211e+13	3.03e-17	1.87e-08	1.00e+00
 3.24705e+13	3.56e-17	2.04e-08	1.00e+00
 3.36931e+13	4.15e-17	2.22e-08	1.00e+00
 3.48061e+13	4.74e-17	2.38e-08	1.00e+00
 3.58621e+13	5.37e-17	2.54e-08	1.00e+00
 3.68490e+13	6.00e-17	2.69e-08	1.00e+00
 3.79362e+13	6.77e-17	2.87e-08	1.00e+00
 3.91521e+13	7.73e-17	3.08e-08	1.00e+00
 4.02910e+13	8.70e-17	3.27e-08	1.00e+00
 4.15275e+13	9.85e-17	3.49e-08	1.00e+00
 4.29156e+13	1.13e-16	3.76e-08	1.00e+00
 4.42213e+13	1.28e-16	4.00e-08	1.00e+00
 4.56390e+13	1.46e-16	4.28e-08	1.00e+00
 4.72322e+13	1.69e-16	4.62e-08	1.00e+00
 4.87374e+13	1.93e-16	4.94e-08	1.00e+00
 5.03781e+13	2.21e-16	5.31e-08	1.00e+00
 5.21977e+13	2.58e-16	5.74e-08	1.00e+00
 5.38739e+13	2.94e-16	6.14e-08	1.00e+00
 5.56771e+13	3.37e-16	6.59e-08	1.00e+00
 5.77003e+13	3.92e-16	7.12e-08	1.00e+00
 5.96107e+13	4.50e-16	7.65e-08	1.00e+00
 6.14205e+13	5.11e-16	8.16e-08	1.00e+00
 6.34981e+13	5.87e-16	8.76e-08	1.00e+00
 6.59809e+13	6.92e-16	9.53e-08	1.00e+00
 6.84078e+13	8.04e-16	1.03e-07	1.00e+00
 7.05752e+13	9.18e-16	1.10e-07	1.00e+00
 7.29877e+13	1.06e-15	1.18e-07	1.00e+00
 7.58534e+13	1.24e-15	1.29e-07	1.00e+00
 7.87106e+13	1.45e-15	1.39e-07	1.00e+00
 8.13822e+13	1.67e-15	1.50e-07	1.00e+00
 8.43674e+13	1.94e-15	1.62e-07	1.00e+00
 8.77720e+13	2.29e-15	1.76e-07	1.00e+00
 9.08769e+13	2.65e-15	1.89e-07	1.00e+00
 9.35127e+13	2.98e-15	2.01e-07	1.00e+00
 9.59875e+13	3.32e-15	2.12e-07	1.00e+00
 9.87661e+13	3.74e-15	2.25e-07	1.00e+00
 1.01885e+14	4.24e-15	2.41e-07	1.00e+00
 1.04843e+14	4.77e-15	2.55e-07	1.00e+00
 1.08084e+14	5.40e-15	2.72e-07	1.00e+00
 1.11680e+14	6.17e-15	2.91e-07	1.00e+00
 1.15049e+14	6.96e-15	3.10e-07	1.00e+00
 1.18737e+14	7.89e-15	3.30e-07	1.00e+00
 1.22895e+14	9.04e-15	3.54e-07	1.00e+00
 1.26883e+14	1.03e-14	3.78e-07	1.00e+00
 1.31285e+14	1.18e-14	4.05e-07	1.00e+00
 1.36144e+14	1.36e-14	4.36e-07	1.00e+00
 1.40642e+14	1.54e-14	4.66e-07	1.00e+00
 1.45531e+14	1.76e-14	4.98e-07	1.00e+00
 1.51036e+14	2.02e-14	5.37e-07	1.00e+00
 1.56281e+14	2.31e-14	5.75e-07	1.00e+00
 1.61284e+14	2.60e-14	6.12e-07	1.00e+00
 1.67035e+14	2.97e-14	6.55e-07	1.00e+00
 1.73706e+14	3.45e-14	7.08e-07	1.00e+00
 1.80236e+14	3.96e-14	7.61e-07	1.00e+00
 1.86418e+14	4.49e-14	8.13e-07	1.00e+00
 1.93295e+14	5.14e-14	8.73e-07	1.00e+00
 2.01057e+14	5.94e-14	9.43e-07	1.00e+00
 2.08877e+14	6.84e-14	1.02e-06	1.00e+00
 2.17010e+14	7.87e-14	1.09e-06	1.00e+00
 2.24324e+14	8.88e-14	1.17e-06	1.00e+00
 2.29930e+14	9.71e-14	1.23e-06	1.00e+00
 2.35821e+14	1.07e-13	1.29e-06	1.00e+00
 2.43479e+14	1.20e-13	1.37e-06	1.00e+00
 2.51836e+14	1.35e-13	1.47e-06	1.00e+00
 2.59444e+14	1.51e-13	1.55e-06	1.00e+00
 2.67677e+14	1.68e-13	1.65e-06	1.00e+00
 2.77792e+14	1.92e-13	1.78e-06	1.00e+00
 2.87889e+14	2.19e-13	1.91e-06	1.00e+00
 2.96777e+14	2.44e-13	2.03e-06	1.00e+00
 3.06560e+14	2.74e-13	2.16e-06	1.00e+00
 3.17606e+14	3.10e-13	2.32e-06	1.00e+00
 3.28099e+14	3.48e-13	2.47e-06	1.00e+00
 3.38031e+14	3.87e-13	2.63e-06	1.00e+00
 3.49428e+14	4.35e-13	2.81e-06	1.00e+00
 3.62236e+14	4.94e-13	3.02e-06	1.00e+00
 3.74350e+14	5.54e-13	3.22e-06	1.00e+00
 3.87572e+14	6.28e-13	3.46e-06	1.00e+00
 4.02215e+14	7.13e-13	3.73e-06	1.00e+00
 4.15809e+14	8.02e-13	4.00e-06	1.00e+00
 4.30585e+14	9.04e-13	4.28e-06	1.00e+00
 4.47130e+14	1.03e-12	4.63e-06	1.00e+00
 4.62700e+14	1.16e-12	4.96e-06	1.00e+00
 4.79494e+14	1.31e-12	5.34e-06	1.00e+00
 4.98216e+14	1.50e-12	5.77e-06	1.00e+00
 5.16139e+14	1.69e-12	6.21e-06	1.00e+00
 5.35266e+14	1.91e-12	6.69e-06	1.00e+00
 5.54930e+14	2.17e-12	7.22e-06	1.00e+00
 5.72132e+14	2.40e-12	7.68e-06	1.00e+00
 5.90644e+14	2.67e-12	8.19e-06	1.00e+00
 6.09902e+14	2.98e-12	8.76e-06	1.00e+00
 6.26057e+14	3.25e-12	9.24e-06	1.00e+00
 6.42986e+14	3.55e-12	9.77e-06	1.00e+00
 6.64994e+14	3.98e-12	1.05e-05	1.00e+00
 6.87839e+14	4.47e-12	1.12e-05	1.00e+00
 7.06973e+14	4.89e-12	1.19e-05	1.00e+00
 7.27051e+14	5.36e-12	1.26e-05	1.00e+00
 7.53153e+14	6.04e-12	1.36e-05	1.00e+00
 7.80424e+14	6.77e-12	1.46e-05	1.00e+00
 8.03834e+14	7.49e-12	1.55e-05	1.00e+00
 8.28888e+14	8.29e-12	1.66e-05	1.00e+00
 8.59924e+14	9.37e-12	1.79e-05	1.00e+00
 8.91596e+14	1.05e-11	1.93e-05	1.00e+00
 9.19727e+14	1.17e-11	2.06e-05	1.00e+00
 9.50398e+14	1.30e-11	2.20e-05	1.00e+00
 9.87104e+14	1.48e-11	2.39e-05	1.00e+00
 1.02341e+15	1.66e-11	2.57e-05	1.00e+00
 1.05623e+15	1.85e-11	2.75e-05	1.00e+00
 1.09275e+15	2.06e-11	2.95e-05	1.00e+00
 1.13567e+15	2.36e-11	3.21e-05	1.00e+00
 1.17802e+15	2.66e-11	3.47e-05	1.00e+00
 1.21768e+15	3.00e-11	3.73e-05	1.00e+00
 1.25207e+15	3.29e-11	3.95e-05	1.00e+00
 1.28060e+15	3.56e-11	4.15e-05	1.00e+00
 1.31221e+15	3.86e-11	4.37e-05	1.00e+00
 1.35330e+15	4.31e-11	4.68e-05	1.00e+00
 1.39636e+15	4.82e-11	5.01e-05	1.00e+00
 1.43305e+15	5.25e-11	5.29e-05	1.00e+00
 1.47181e+15	5.82e-11	5.62e-05	1.00e+00
 1.52218e+15	6.57e-11	6.05e-05	1.00e+00
 1.57411e+15	7.43e-11	6.52e-05	1.00e+00
 1.61719e+15	8.20e-11	6.92e-05	1.00e+00
 1.66233e+15	9.01e-11	7.35e-05	1.00e+00
 1.72100e+15	1.03e-10	7.95e-05	1.00e+00
 1.78261e+15	1.19e-10	8.61e-05	1.00e+00
 1.83559e+15	1.32e-10	9.19e-05	1.00e+00
 1.89201e+15	1.47e-10	9.83e-05	1.00e+00
 1.96240e+15	1.72e-10	1.07e-04	1.00e+00
 2.03472e+15	1.98e-10	1.16e-04	1.00e+00
 2.09856e+15	2.21e-10	1.24e-04	1.00e+00
 2.16762e+15	2.55e-10	1.34e-04	1.00e+00
 2.25080e+15	2.95e-10	1.46e-04	1.00e+00
 2.33357e+15	3.44e-10	1.59e-04	1.00e+00
 2.40788e+15	3.91e-10	1.71e-04	1.00e+00
 2.48996e+15	4.49e-10	1.85e-04	1.00e+00
 2.58709e+15	5.24e-10	2.02e-04	1.00e+00
 2.66954e+15	5.98e-10	2.17e-04	1.00e+00
 2.72622e+15	6.56e-10	2.28e-04	1.00e+00
 2.78366e+15	7.17e-10	2.39e-04	1.00e+00
 2.85833e+15	7.91e-10	2.54e-04	1.00e+00
 2.94208e+15	9.05e-10	2.71e-04	1.00e+00
 3.02073e+15	1.00e-09	2.88e-04	1.00e+00
 3.10607e+15	1.14e-09	3.07e-04	1.00e+00
 3.20080e+15	1.28e-09	3.29e-04	1.00e+00
 3.28945e+15	1.46e-09	3.51e-04	1.00e+00
 3.38641e+15	1.63e-09	3.75e-04	1.00e+00
 3.49501e+15	1.89e-09	4.03e-04	1.00e+00
 3.59716e+15	2.11e-09	4.30e-04	1.00e+00
 3.70836e+15	2.44e-09	4.62e-04	1.00e+00
 3.83321e+15	2.81e-09	4.98e-04	1.00e+00
 3.95229e+15	3.21e-09	5.34e-04	9.99e-01
 4.08357e+15	3.70e-09	5.76e-04	9.99e-01
 4.23137e+15	4.33e-09	6.25e-04	9.99e-01
 4.37222e+15	4.97e-09	6.73e-04	9.99e-01
 4.52692e+15	5.80e-09	7.29e-04	9.99e-01
 4.69801e+15	6.86e-09	7.94e-04	9.99e-01
 4.85651e+15	7.86e-09	8.55e-04	9.99e-01
 5.02870e+15	9.24e-09	9.27e-04	9.99e-01
 5.22131e+15	1.06e-08	1.01e-03	9.99e-01
 5.37721e+15	1.21e-08	1.08e-03	9.99e-01
 5.48873e+15	1.35e-08	1.13e-03	9.99e-01
 5.60577e+15	1.48e-08	1.19e-03	9.99e-01
 5.75792e+15	1.64e-08	1.26e-03	9.99e-01
 5.92770e+15	1.89e-08	1.35e-03	9.99e-01
 6.08527e+15	2.09e-08	1.43e-03	9.99e-01
 6.25495e+15	2.40e-08	1.52e-03	9.98e-01
 6.44391e+15	2.73e-08	1.63e-03	9.98e-01
 6.62080e+15	3.05e-08	1.73e-03	9.98e-01
 6.81360e+15	3.42e-08	1.85e-03	9.98e-01
 7.02979e+15	4.00e-08	1.99e-03	9.98e-01
 7.23237e+15	4.52e-08	2.13e-03	9.98e-01
 7.45170e+15	5.12e-08	2.28e-03	9.98e-01
 7.69718e+15	5.83e-08	2.45e-03	9.98e-01
 7.92976e+15	6.79e-08	2.63e-03	9.97e-01
 8.15132e+15	7.66e-08	2.81e-03	9.97e-01
 8.40544e+15	8.70e-08	3.02e-03	9.97e-01
 8.68378e+15	9.92e-08	3.26e-03	9.97e-01
 8.94385e+15	1.15e-07	3.50e-03	9.96e-01
 9.18984e+15	1.30e-07	3.74e-03	9.96e-01
 9.46727e+15	1.48e-07	4.02e-03	9.96e-01
 9.77697e+15	1.69e-07	4.34e-03	9.96e-01
 1.00643e+16	1.97e-07	4.68e-03	9.95e-01
 1.02979e+16	2.17e-07	4.95e-03	9.95e-01
 1.05260e+16	2.40e-07	5.24e-03	9.95e-01
 1.08224e+16	2.69e-07	5.62e-03	9.94e-01
 1.11302e+16	3.12e-07	6.06e-03	9.94e-01
 1.13810e+16	3.44e-07	6.42e-03	9.94e-01
 1.16355e+16	3.80e-07	6.82e-03	9.93e-01
 1.19664e+16	4.43e-07	7.39e-03	9.93e-01
 1.22892e+16	5.00e-07	7.95e-03	9.92e-01
 1.25473e+16	5.51e-07	8.45e-03	9.92e-01
 1.28288e+16	6.17e-07	9.04e-03	9.91e-01
 1.31948e+16	7.33e-07	9.88e-03	9.90e-01
 1.35495e+16	8.43e-07	1.07e-02	9.89e-01
 1.38178e+16	9.35e-07	1.15e-02	9.89e-01
 1.40950e+16	1.05e-06	1.23e-02	9.88e-01
 1.44554e+16	1.20e-06	1.35e-02	9.87e-01
 1.48240e+16	1.43e-06	1.48e-02	9.85e-01
 1.51046e+16	1.61e-06	1.59e-02	9.84e-01
 1.53349e+16	1.78e-06	1.70e-02	9.83e-01
 1.55984e+16	2.02e-06	1.83e-02	9.82e-01
 1.58943e+16	2.27e-06	1.99e-02	9.80e-01
 1.61758e+16	2.64e-06	2.17e-02	9.78e-01
 1.64223e+16	2.93e-06	2.34e-02	9.77e-01
 1.66797e+16	3.34e-06	2.56e-02	9.74e-01
 1.69584e+16	3.87e-06	2.82e-02	9.72e-01
 1.72017e+16	4.59e-06	3.08e-02	9.69e-01
 1.74036e+16	5.14e-06	3.33e-02	9.67e-01
 1.76146e+16	5.88e-06	3.63e-02	9.64e-01
 1.78496e+16	6.68e-06	4.00e-02	9.60e-01
 1.80720e+16	7.89e-06	4.43e-02	9.56e-01
 1.82674e+16	8.97e-06	4.86e-02	9.51e-01
 1.84444e+16	1.04e-05	5.32e-02	9.47e-01
 1.86170e+16	1.18e-05	5.84e-02	9.42e-01
 1.88106e+16	1.38e-05	6.52e-02	9.35e-01
 1.90115e+16	1.70e-05	7.38e-02	9.26e-01
 1.91675e+16	1.98e-05	8.17e-02	9.18e-01
 1.92894e+16	2.25e-05	8.89e-02	9.11e-01
 1.94215e+16	2.58e-05	9.80e-02	9.02e-01
 1.95932e+16	3.18e-05	1.12e-01	8.88e-01
 1.97499e+16	3.82e-05	1.27e-01	8.73e-01
 1.98515e+16	4.34e-05	1.39e-01	8.61e-01
 1.99482e+16	4.95e-05	1.52e-01	8.48e-01
 2.00738e+16	5.87e-05	1.72e-01	8.28e-01
 2.01912e+16	6.95e-05	1.93e-01	8.07e-01
 2.02620e+16	7.75e-05	2.07e-01	7.93e-01
 2.03063e+16	8.31e-05	2.17e-01	7.83e-01
 2.03519e+16	8.94e-05	2.28e-01	7.71e-01
 2.04112e+16	9.74e-05	2.44e-01	7.56e-01
 2.04883e+16	1.12e-04	2.66e-01	7.34e-01
 2.05592e+16	1.25e-04	2.87e-01	7.13e-01
 2.06083e+16	1.36e-04	3.03e-01	6.96e-01
 2.06584e+16	1.48e-04	3.21e-01	6.78e-01
 2.07235e+16	1.66e-04	3.47e-01	6.53e-01
 2.07883e+16	1.85e-04	3.72e-01	6.27e-01
 2.08413e+16	2.01e-04	3.95e-01	6.05e-01
 2.08986e+16	2.23e-04	4.21e-01	5.79e-01
 2.09565e+16	2.46e-04	4.48e-01	5.52e-01
 2.10070e+16	2.66e-04	4.72e-01	5.28e-01
 2.10644e+16	2.93e-04	5.01e-01	4.99e-01
 2.11283e+16	3.24e-04	5.33e-01	4.67e-01
 2.11895e+16	3.55e-04	5.64e-01	4.36e-01
 2.12580e+16	3.93e-04	5.98e-01	4.01e-01
 2.13324e+16	4.35e-04	6.35e-01	3.65e-01
 2.14007e+16	4.75e-04	6.67e-01	3.32e-01
 2.14757e+16	5.22e-04	7.02e-01	2.98e-01
 2.15731e+16	5.83e-04	7.42e-01	2.57e-01
 2.16740e+16	6.45e-04	7.79e-01	2.20e-01
 2.17613e+16	6.99e-04	8.08e-01	1.92e-01
 2.18309e+16	7.41e-04	8.27e-01	1.72e-01
 2.18850e+16	7.75e-04	8.41e-01	1.58e-01
 2.19446e+16	8.12e-04	8.56e-01	1.43e-01
 2.20222e+16	8.60e-04	8.73e-01	1.26e-01
 2.21057e+16	9.11e-04	8.88e-01	1.11e-01
 2.21801e+16	9.56e-04	9.00e-01	9.90e-02
 2.22597e+16	1.01e-03	9.12e-01	8.72e-02
 2.23633e+16	1.07e-03	9.24e-01	7.44e-02
 2.24647e+16	1.14e-03	9.34e-01	6.45e-02
 2.25360e+16	1.19e-03	9.40e-01	5.86e-02
 2.25919e+16	1.23e-03	9.45e-01	5.42e-02
 2.26551e+16	1.28e-03	9.49e-01	4.95e-02
 2.27372e+16	1.34e-03	9.54e-01	4.42e-02
 2.28213e+16	1.41e-03	9.59e-01	3.97e-02
 2.28879e+16	1.47e-03	9.62e-01	3.65e-02
 2.29450e+16	1.53e-03	9.65e-01	3.40e-02
 2.30096e+16	1.59e-03	9.67e-01	3.13e-02
 2.30818e+16	1.67e-03	9.70e-01	2.86e-02
 2.31479e+16	1.75e-03	9.72e-01	2.65e-02
 2.32065e+16	1.82e-03	9.73e-01	2.47e-02
 2.32713e+16	1.91e-03	9.75e-01	2.29e-02
 2.33407e+16	2.01e-03	9.77e-01	2.11e-02
 2.34002e+16	2.11e-03	9.78e-01	1.98e-02
 2.34518e+16	2.20e-03	9.79e-01	1.87e-02
 2.35096e+16	2.31e-03	9.80e-01	1.75e-02
 2.35730e+16	2.44e-03	9.81e-01	1.64e-02
 2.36291e+16	2.57e-03	9.82e-01	1.54e-02
 2.36775e+16	2.70e-03	9.83e-01	1.47e-02
 2.37304e+16	2.84e-03	9.83e-01	1.39e-02
 2.37890e+16	3.01e-03	9.84e-01	1.31e-02
 2.38413e+16	3.19e-03	9.84e-01	1.24e-02
 2.38865e+16	3.36e-03	9.85e-01	1.18e-02
 2.39361e+16	3.56e-03	9.85e-01	1.12e-02
 2.39914e+16	3.81e-03	9.86e-01	1.06e-02
 2.40418e+16	4.07e-03	9.86e-01	1.01e-02
 2.40862e+16	4.32e-03	9.86e-01	9.72e-03
 2.41353e+16	4.63e-03	9.86e-01	9.26e-03
 2.41902e+16	5.04e-03	9.86e-01	8.79e-03
 2.42410e+16	5.47e-03	9.86e-01	8.38e-03
 2.42871e+16	5.93e-03	9.86e-01	8.03e-03
 2.43385e+16	6.50e-03	9.86e-01	7.65e-03
 2.43931e+16	7.23e-03	9.85e-01	7.30e-03
 2.44382e+16	7.98e-03	9.85e-01	7.02e-03
 2.44729e+16	8.64e-03	9.85e-01	6.83e-03
 2.45031e+16	9.31e-03	9.84e-01	6.64e-03
 2.45378e+16	1.01e-02	9.83e-01	6.46e-03
 2.45758e+16	1.12e-02	9.82e-01	6.26e-03
 2.46086e+16	1.24e-02	9.82e-01	6.10e-03
 2.46352e+16	1.35e-02	9.81e-01	5.97e-03
 2.46631e+16	1.48e-02	9.79e-01	5.84e-03
 2.46940e+16	1.65e-02	9.78e-01	5.73e-03
 2.47215e+16	1.83e-02	9.76e-01	5.63e-03
 2.47444e+16	2.01e-02	9.74e-01	5.56e-03
 2.47687e+16	2.23e-02	9.72e-01	5.48e-03
 2.47952e+16	2.51e-02	9.69e-01	5.42e-03
 2.48184e+16	2.82e-02	9.66e-01	5.37e-03
 2.48380e+16	3.11e-02	9.64e-01	5.36e-03
 2.48592e+16	3.48e-02	9.60e-01	5.34e-03
 2.48820e+16	3.97e-02	9.55e-01	5.34e-03
 2.49014e+16	4.48e-02	9.50e-01	5.35e-03
 2.49173e+16	4.95e-02	9.45e-01	5.40e-03
 2.49336e+16	5.53e-02	9.39e-01	5.43e-03
 2.49511e+16	6.23e-02	9.32e-01	5.51e-03
 2.49672e+16	7.00e-02	9.24e-01	5.58e-03
 2.49815e+16	7.80e-02	9.16e-01	5.66e-03
 2.49949e+16	8.63e-02	9.08e-01	5.77e-03
 2.50074e+16	9.55e-02	8.99e-01	5.86e-03
 2.50189e+16	1.05e-01	8.89e-01	5.98e-03
 2.50297e+16	1.15e-01	8.79e-01	6.08e-03
 2.50396e+16	1.25e-01	8.69e-01	6.20e-03
 2.50474e+16	1.33e-01	8.60e-01	6.29e-03
 2.50525e+16	1.39e-01	8.54e-01	6.35e-03
 2.50572e+16	1.45e-01	8.49e-01	6.40e-03
 2.50626e+16	1.52e-01	8.41e-01	6.47e-03
 2.50685e+16	1.61e-01	8.33e-01	6.55e-03
 2.50744e+16	1.69e-01	8.24e-01	6.62e-03
 2.50797e+16	1.77e-01	8.16e-01	6.70e-03
 2.50850e+16	1.86e-01	8.07e-01	6.76e-03
 2.50903e+16	1.95e-01	7.98e-01	6.84e-03
 2.50957e+16	2.05e-01	7.88e-01	6.91e-03
 2.51009e+16	2.15e-01	7.78e-01	6.99e-03
 2.51061e+16	2.26e-01	7.67e-01	7.05e-03
 2.51113e+16	2.37e-01	7.56e-01	7.14e-03
 2.51165e+16	2.49e-01	7.44e-01	7.19e-03
 2.51216e+16	2.60e-01	7.32e-01	7.28e-03
 2.51267e+16	2.73e-01	7.20e-01	7.34e-03
 2.51319e+16	2.86e-01	7.06e-01	7.39e-03
 2.51368e+16	2.99e-01	6.93e-01	7.45e-03
 2.51417e+16	3.13e-01	6.80e-01	7.52e-03
 2.51467e+16	3.28e-01	6.65e-01	7.55e-03
 2.51517e+16	3.42e-01	6.50e-01	7.61e-03
 2.51566e+16	3.58e-01	6.35e-01	7.63e-03
 2.51615e+16	3.73e-01	6.20e-01	7.68e-03
 2.51663e+16	3.89e-01	6.03e-01	7.70e-03
 2.51713e+16	4.06e-01	5.87e-01	7.71e-03
 2.51761e+16	4.22e-01	5.70e-01	7.72e-03
 2.51809e+16	4.39e-01	5.53e-01	7.72e-03
 2.51858e+16	4.57e-01	5.35e-01	7.71e-03
 2.51906e+16	4.75e-01	5.18e-01	7.69e-03
 2.51954e+16	4.92e-01	5.00e-01	7.66e-03
 2.52000e+16	5.10e-01	4.83e-01	7.62e-03
 2.52047e+16	5.27e-01	4.65e-01	7.57e-03
 2.52093e+16	5.45e-01	4.48e-01	7.50e-03
 2.52139e+16	5.62e-01	4.31e-01	7.43e-03
 2.52185e+16	5.79e-01	4.14e-01	7.35e-03
 2.52231e+16	5.96e-01	3.97e-01	7.25e-03
 2.52276e+16	6.12e-01	3.81e-01	7.16e-03
 2.52322e+16	6.28e-01	3.65e-01	7.04e-03
 2.52369e+16	6.45e-01	3.48e-01	6.90e-03
 2.52416e+16	6.61e-01	3.32e-01	6.77e-03
 2.52464e+16	6.77e-01	3.17e-01	6.61e-03
 2.52513e+16	6.92e-01	3.02e-01	6.45e-03
 2.52563e+16	7.07e-01	2.87e-01	6.28e-03
 2.52615e+16	7.22e-01	2.72e-01	6.11e-03
 2.52668e+16	7.36e-01	2.58e-01	5.92e-03
 2.52723e+16	7.49e-01	2.45e-01	5.73e-03
 2.52782e+16	7.63e-01	2.32e-01	5.53e-03
 2.52845e+16	7.76e-01	2.19e-01	5.32e-03
 2.52912e+16	7.89e-01	2.06e-01	5.11e-03
 2.52985e+16	8.00e-01	1.95e-01	4.90e-03
 2.53065e+16	8.12e-01	1.84e-01	4.68e-03
 2.53155e+16	8.23e-01	1.73e-01	4.47e-03
 2.53259e+16	8.33e-01	1.63e-01	4.25e-03
 2.53372e+16	8.41e-01	1.55e-01	4.06e-03
 2.53476e+16	8.47e-01	1.49e-01	3.91e-03
 2.53577e+16	8.52e-01	1.44e-01	3.78e-03
 2.53688e+16	8.56e-01	1.40e-01	3.68e-03
 2.53800e+16	8.59e-01	1.37e-01	3.58e-03
 2.53928e+16	8.62e-01	1.34e-01	3.48e-03
 2.54095e+16	8.66e-01	1.31e-01	3.38e-03
 2.54311e+16	8.69e-01	1.28e-01	3.25e-03
 2.54566e+16	8.71e-01	1.25e-01	3.14e-03
 2.54850e+16	8.74e-01	1.23e-01	3.01e-03
 2.55148e+16	8.77e-01	1.20e-01	2.90e-03
 2.55444e+16	8.79e-01	1.18e-01	2.79e-03
 2.55745e+16	8.81e-01	1.16e-01	2.68e-03
 2.56049e+16	8.84e-01	1.14e-01	2.58e-03
 2.56349e+16	8.86e-01	1.12e-01	2.49e-03
 2.56650e+16	8.88e-01	1.10e-01	2.39e-03
 2.56945e+16	8.90e-01	1.08e-01	2.31e-03
 2.57225e+16	8.92e-01	1.06e-01	2.23e-03
 2.57503e+16	8.93e-01	1.04e-01	2.15e-03
 2.57784e+16	8.95e-01	1.03e-01	2.08e-03
 2.58064e+16	8.97e-01	1.01e-01	2.01e-03
 2.58340e+16	8.99e-01	9.95e-02	1.94e-03
 2.58614e+16	9.00e-01	9.79e-02	1.88e-03
 2.58887e+16	9.02e-01	9.64e-02	1.81e-03
 2.59160e+16	9.03e-01	9.48e-02	1.75e-03
 2.59433e+16	9.05e-01	9.34e-02	1.70e-03
 2.59707e+16	9.06e-01	9.19e-02	1.64e-03
 2.59983e+16	9.08e-01	9.05e-02	1.59e-03
 2.60261e+16	9.09e-01	8.90e-02	1.53e-03
 2.60542e+16	9.11e-01	8.76e-02	1.48e-03
 2.60830e+16	9.12e-01	8.62e-02	1.43e-03
 2.61128e+16	9.14e-01	8.47e-02	1.38e-03
 2.61443e+16	9.15e-01	8.32e-02	1.33e-03
 2.61772e+16	9.17e-01	8.17e-02	1.28e-03
 2.62118e+16	9.19e-01	8.01e-02	1.22e-03
 2.62490e+16	9.20e-01	7.84e-02	1.17e-03
 2.62896e+16	9.22e-01	7.66e-02	1.11e-03
 2.63356e+16	9.24e-01	7.46e-02	1.05e-03
 2.63876e+16	9.27e-01	7.24e-02	9.90e-04
 2.64410e+16	9.29e-01	7.03e-02	9.29e-04
 2.64915e+16	9.31e-01	6.83e-02	8.75e-04
 2.65387e+16	9.33e-01	6.66e-02	8.29e-04
 2.65816e+16	9.34e-01	6.50e-02	7.88e-04
 2.66207e+16	9.36e-01	6.36e-02	7.53e-04
 2.66562e+16	9.37e-01	6.24e-02	7.22e-04
 2.66885e+16	9.38e-01	6.13e-02	6.95e-04
 2.67180e+16	9.39e-01	6.03e-02	6.71e-04
 2.67448e+16	9.40e-01	5.94e-02	6.50e-04
 2.67741e+16	9.41e-01	5.84e-02	6.28e-04
 2.68058e+16	9.42e-01	5.74e-02	6.05e-04
 2.68346e+16	9.43e-01	5.65e-02	5.84e-04
 2.68609e+16	9.44e-01	5.56e-02	5.65e-04
 2.68896e+16	9.45e-01	5.47e-02	5.46e-04
 2.69207e+16	9.46e-01	5.37e-02	5.26e-04
 2.69489e+16	9.47e-01	5.28e-02	5.07e-04
 2.69746e+16	9.47e-01	5.20e-02	4.91e-04
 2.70028e+16	9.48e-01	5.11e-02	4.74e-04
 2.70332e+16	9.49e-01	5.02e-02	4.56e-04
 2.70609e+16	9.50e-01	4.94e-02	4.41e-04
 2.70860e+16	9.51e-01	4.87e-02	4.27e-04
 2.71090e+16	9.52e-01	4.80e-02	4.15e-04
 2.71341e+16	9.52e-01	4.73e-02	4.01e-04
 2.71612e+16	9.53e-01	4.65e-02	3.88e-04
 2.71858e+16	9.54e-01	4.58e-02	3.76e-04
 2.72083e+16	9.54e-01	4.52e-02	3.65e-04
 2.72287e+16	9.55e-01	4.46e-02	3.55e-04
 2.72473e+16	9.56e-01	4.41e-02	3.47e-04
 2.72677e+16	9.56e-01	4.35e-02	3.37e-04
 2.72897e+16	9.57e-01	4.29e-02	3.28e-04
 2.73097e+16	9.57e-01	4.23e-02	3.19e-04
 2.73316e+16	9.58e-01	4.17e-02	3.10e-04
 2.73553e+16	9.59e-01	4.11e-02	3.00e-04
 2.73768e+16	9.59e-01	4.05e-02	2.92e-04
 2.73964e+16	9.60e-01	4.00e-02	2.84e-04
 2.74179e+16	9.60e-01	3.94e-02	2.76e-04
 2.74411e+16	9.61e-01	3.89e-02	2.67e-04
 2.74622e+16	9.61e-01	3.83e-02	2.60e-04
 2.74814e+16	9.62e-01	3.79e-02	2.54e-04
 2.75025e+16	9.62e-01	3.73e-02	2.46e-04
 2.75252e+16	9.63e-01	3.68e-02	2.39e-04
 2.75459e+16	9.63e-01	3.63e-02	2.32e-04
 2.75647e+16	9.64e-01	3.58e-02	2.27e-04
 2.75853e+16	9.64e-01	3.53e-02	2.20e-04
 2.76076e+16	9.65e-01	3.48e-02	2.14e-04
 2.76278e+16	9.65e-01	3.44e-02	2.08e-04
 2.76500e+16	9.66e-01	3.39e-02	2.02e-04
 2.76740e+16	9.66e-01	3.33e-02	1.96e-04
 2.76958e+16	9.67e-01	3.29e-02	1.90e-04
 2.77156e+16	9.67e-01	3.25e-02	1.86e-04
 2.77374e+16	9.68e-01	3.20e-02	1.80e-04
 2.77608e+16	9.68e-01	3.15e-02	1.75e-04
 2.77822e+16	9.69e-01	3.11e-02	1.70e-04
 2.78056e+16	9.69e-01	3.06e-02	1.65e-04
 2.78309e+16	9.70e-01	3.01e-02	1.60e-04
 2.78539e+16	9.70e-01	2.97e-02	1.55e-04
 2.78791e+16	9.71e-01	2.92e-02	1.50e-04
 2.79063e+16	9.71e-01	2.88e-02	1.45e-04
 2.79310e+16	9.72e-01	2.83e-02	1.41e-04
 2.79536e+16	9.72e-01	2.80e-02	1.37e-04
 2.79782e+16	9.72e-01	2.75e-02	1.33e-04
 2.80049e+16	9.73e-01	2.71e-02	1.29e-04
 2.80291e+16	9.73e-01	2.67e-02	1.25e-04
 2.80557e+16	9.74e-01	2.63e-02	1.21e-04
 2.80844e+16	9.74e-01	2.58e-02	1.17e-04
 2.81105e+16	9.74e-01	2.54e-02	1.14e-04
 2.81343e+16	9.75e-01	2.51e-02	1.11e-04
 2.81603e+16	9.75e-01	2.47e-02	1.07e-04
 2.81884e+16	9.76e-01	2.43e-02	1.04e-04
 2.82140e+16	9.76e-01	2.39e-02	1.01e-04
 2.82420e+16	9.76e-01	2.35e-02	9.74e-05
 2.82723e+16	9.77e-01	2.31e-02	9.42e-05
 2.82998e+16	9.77e-01	2.28e-02	9.13e-05
 2.83300e+16	9.78e-01	2.24e-02	8.81e-05
 2.83626e+16	9.78e-01	2.20e-02	8.50e-05
 2.83922e+16	9.78e-01	2.16e-02	8.23e-05
 2.84192e+16	9.79e-01	2.13e-02	8.00e-05
 2.84487e+16	9.79e-01	2.09e-02	7.73e-05
 2.84806e+16	9.79e-01	2.06e-02	7.47e-05
 2.85097e+16	9.80e-01	2.03e-02	7.24e-05
 2.85415e+16	9.80e-01	1.99e-02	6.99e-05
 2.85758e+16	9.80e-01	1.95e-02	6.74e-05
 2.86071e+16	9.81e-01	1.92e-02	6.53e-05
 2.86414e+16	9.81e-01	1.89e-02	6.28e-05
 2.86783e+16	9.81e-01	1.85e-02	6.05e-05
 2.87120e+16	9.82e-01	1.82e-02	5.85e-05
 2.87489e+16	9.82e-01	1.78e-02	5.62e-05
 2.87887e+16	9.82e-01	1.75e-02	5.40e-05
 2.88249e+16	9.83e-01	1.71e-02	5.21e-05
 2.88579e+16	9.83e-01	1.69e-02	5.04e-05
 2.88940e+16	9.83e-01	1.65e-02	4.85e-05
 2.89330e+16	9.84e-01	1.62e-02	4.67e-05
 2.89685e+16	9.84e-01	1.59e-02	4.52e-05
 2.90074e+16	9.84e-01	1.56e-02	4.34e-05
 2.90494e+16	9.85e-01	1.53e-02	4.17e-05
 2.90876e+16	9.85e-01	1.50e-02	4.02e-05
 2.91294e+16	9.85e-01	1.47e-02	3.86e-05
 2.91746e+16	9.86e-01	1.44e-02	3.70e-05
 2.92158e+16	9.86e-01	1.41e-02	3.56e-05
 2.92608e+16	9.86e-01	1.38e-02	3.41e-05
 2.93095e+16	9.86e-01	1.35e-02	3.26e-05
 2.93538e+16	9.87e-01	1.33e-02	3.14e-05
 2.94023e+16	9.87e-01	1.30e-02	3.00e-05
 2.94547e+16	9.87e-01	1.27e-02	2.86e-05
 2.95023e+16	9.88e-01	1.24e-02	2.75e-05
 2.95546e+16	9.88e-01	1.21e-02	2.62e-05
 2.96110e+16	9.88e-01	1.18e-02	2.49e-05
 2.96623e+16	9.88e-01	1.15e-02	2.39e-05
 2.97185e+16	9.89e-01	1.13e-02	2.27e-05
 2.97792e+16	9.89e-01	1.10e-02	2.16e-05
 2.98344e+16	9.89e-01	1.07e-02	2.06e-05
 2.98950e+16	9.90e-01	1.04e-02	1.96e-05
 2.99603e+16	9.90e-01	1.02e-02	1.86e-05
 3.00198e+16	9.90e-01	9.92e-03	1.77e-05
 3.00739e+16	9.90e-01	9.71e-03	1.70e-05
 3.01332e+16	9.91e-01	9.47e-03	1.61e-05
 3.01972e+16	9.91e-01	9.23e-03	1.54e-05
 3.02555e+16	9.91e-01	9.02e-03	1.47e-05
 3.03193e+16	9.91e-01	8.79e-03	1.39e-05
 3.03882e+16	9.91e-01	8.55e-03	1.32e-05
 3.04510e+16	9.92e-01	8.36e-03	1.26e-05
 3.05197e+16	9.92e-01	8.13e-03	1.20e-05
 3.05939e+16	9.92e-01	7.90e-03	1.13e-05
 3.06614e+16	9.92e-01	7.71e-03	1.08e-05
 3.07354e+16	9.92e-01	7.49e-03	1.02e-05
 3.08152e+16	9.93e-01	7.27e-03	9.61e-06
 3.08879e+16	9.93e-01	7.09e-03	9.13e-06
 3.09676e+16	9.93e-01	6.88e-03	8.60e-06
 3.10536e+16	9.93e-01	6.67e-03	8.10e-06
 3.11478e+16	9.94e-01	6.44e-03	7.55e-06
 3.12623e+16	9.94e-01	6.17e-03	6.96e-06
 3.13867e+16	9.94e-01	5.91e-03	6.39e-06
 3.15158e+16	9.94e-01	5.65e-03	5.85e-06
 3.16505e+16	9.95e-01	5.40e-03	5.34e-06
 3.17904e+16	9.95e-01	5.15e-03	4.87e-06
 3.19352e+16	9.95e-01	4.91e-03	4.42e-06
 3.20836e+16	9.95e-01	4.67e-03	4.02e-06
 3.22343e+16	9.96e-01	4.45e-03	3.65e-06
 3.23873e+16	9.96e-01	4.24e-03	3.32e-06
 3.25432e+16	9.96e-01	4.04e-03	3.01e-06
 3.27022e+16	9.96e-01	3.84e-03	2.73e-06
 3.28641e+16	9.96e-01	3.65e-03	2.47e-06
 3.30288e+16	9.97e-01	3.47e-03	2.24e-06
 3.31965e+16	9.97e-01	3.30e-03	2.03e-06
 3.33672e+16	9.97e-01	3.14e-03	1.83e-06
 3.35409e+16	9.97e-01	2.98e-03	1.66e-06
 3.37147e+16	9.97e-01	2.84e-03	1.50e-06
 3.38912e+16	9.97e-01	2.69e-03	1.35e-06
 3.40745e+16	9.97e-01	2.55e-03	1.22e-06
 3.42620e+16	9.98e-01	2.42e-03	1.10e-06
 3.44520e+16	9.98e-01	2.30e-03	9.86e-07
 3.46451e+16	9.98e-01	2.17e-03	8.86e-07
 3.48418e+16	9.98e-01	2.06e-03	7.95e-07
 3.50424e+16	9.98e-01	1.95e-03	7.13e-07
 3.52468e+16	9.98e-01	1.84e-03	6.38e-07
 3.54549e+16	9.98e-01	1.74e-03	5.70e-07
 3.56671e+16	9.98e-01	1.64e-03	5.09e-07
 3.58836e+16	9.98e-01	1.55e-03	4.54e-07
 3.61044e+16	9.99e-01	1.46e-03	4.04e-07
 3.63297e+16	9.99e-01	1.38e-03	3.59e-07
 3.65596e+16	9.99e-01	1.30e-03	3.19e-07
 3.67945e+16	9.99e-01	1.22e-03	2.82e-07
 3.70344e+16	9.99e-01	1.15e-03	2.49e-07
 3.72796e+16	9.99e-01	1.08e-03	2.20e-07
 3.75304e+16	9.99e-01	1.01e-03	1.94e-07
 3.77871e+16	9.99e-01	9.47e-04	1.70e-07
 3.80500e+16	9.99e-01	8.85e-04	1.49e-07
 3.83192e+16	9.99e-01	8.27e-04	1.30e-07
 3.85954e+16	9.99e-01	7.72e-04	1.13e-07
 3.88792e+16	9.99e-01	7.20e-04	9.88e-08
 3.91666e+16	9.99e-01	6.71e-04	8.57e-08
 3.94613e+16	9.99e-01	6.24e-04	7.42e-08
 3.97686e+16	9.99e-01	5.78e-04	6.38e-08
 4.00871e+16	9.99e-01	5.35e-04	5.46e-08
 4.04176e+16	1.00e+00	4.94e-04	4.65e-08
 4.07597e+16	1.00e+00	4.54e-04	3.94e-08
 4.11143e+16	1.00e+00	4.17e-04	3.32e-08
 4.14830e+16	1.00e+00	3.82e-04	2.78e-08
 4.18676e+16	1.00e+00	3.48e-04	2.32e-08
 4.22699e+16	1.00e+00	3.16e-04	1.91e-08
 4.26922e+16	1.00e+00	2.86e-04	1.56e-08
 4.31380e+16	1.00e+00	2.57e-04	1.27e-08
 4.36095e+16	1.00e+00	2.30e-04	1.01e-08
 4.41126e+16	1.00e+00	2.05e-04	7.99e-09
 4.46480e+16	1.00e+00	1.80e-04	6.22e-09
 4.52242e+16	1.00e+00	1.58e-04	4.75e-09
 4.58543e+16	1.00e+00	1.36e-04	3.54e-09
 4.65429e+16	1.00e+00	1.16e-04	2.57e-09
 4.73046e+16	1.00e+00	9.73e-05	1.81e-09
 4.81625e+16	1.00e+00	8.00e-05	1.22e-09
 4.91406e+16	1.00e+00	6.40e-05	7.81e-10
 5.02239e+16	1.00e+00	5.02e-05	4.81e-10
 5.13461e+16	1.00e+00	3.92e-05	2.95e-10
 5.24592e+16	1.00e+00	3.08e-05	1.82e-10
 5.35645e+16	1.00e+00	2.43e-05	1.14e-10
 5.46814e+16	1.00e+00	1.92e-05	7.11e-11
 5.58203e+16	1.00e+00	1.51e-05	4.44e-11
 5.69807e+16	1.00e+00	1.19e-05	2.76e-11
 5.81593e+16	1.00e+00	9.41e-06	1.73e-11
 5.93598e+16	1.00e+00	7.42e-06	1.08e-11
 6.05873e+16	1.00e+00	5.84e-06	6.71e-12
 6.18403e+16	1.00e+00	4.60e-06	4.18e-12
 6.31221e+16	1.00e+00	3.63e-06	2.60e-12
 6.44394e+16	1.00e+00	2.85e-06	1.62e-12
 6.58020e+16	1.00e+00	2.24e-06	9.97e-13
 6.72104e+16	1.00e+00	1.75e-06	6.12e-13
 6.86597e+16	1.00e+00	1.37e-06	3.74e-13
 7.01521e+16	1.00e+00	1.07e-06	2.28e-13
 7.16988e+16	1.00e+00	8.28e-07	1.38e-13
 7.33130e+16	1.00e+00	6.40e-07	8.27e-14
 7.50018e+16	1.00e+00	4.92e-07	4.90e-14
 7.67715e+16	1.00e+00	3.76e-07	2.87e-14
 7.86377e+16	1.00e+00	2.85e-07	1.65e-14
 8.06191e+16	1.00e+00	2.14e-07	9.34e-15
 8.27427e+16	1.00e+00	1.59e-07	5.14e-15
 8.50421e+16	1.00e+00	1.16e-07	2.74e-15
 8.75303e+16	1.00e+00	8.31e-08	1.41e-15
 9.01481e+16	1.00e+00	5.93e-08	7.20e-16
 9.28013e+16	1.00e+00	4.25e-08	3.71e-16
 9.54720e+16	1.00e+00	3.07e-08	1.94e-16
 9.81803e+16	1.00e+00	2.23e-08	1.02e-16
 1.00931e+17	1.00e+00	1.62e-08	5.42e-17
 1.03704e+17	1.00e+00	1.19e-08	2.90e-17
 1.06482e+17	1.00e+00	8.75e-09	1.58e-17
 1.09262e+17	1.00e+00	6.49e-09	8.70e-18
 1.12036e+17	1.00e+00	4.85e-09	4.87e-18
 1.14791e+17	1.00e+00	3.66e-09	2.77e-18
 1.17512e+17	1.00e+00	2.78e-09	1.61e-18
 1.20196e+17	1.00e+00	2.14e-09	9.49e-19
 1.22827e+17	1.00e+00	1.66e-09	5.72e-19
 1.25395e+17	1.00e+00	1.30e-09	3.52e-19
 1.27891e+17	1.00e+00	1.03e-09	2.22e-19
 1.30305e+17	1.00e+00	8.28e-10	1.43e-19
 1.32635e+17	1.00e+00	6.72e-10	9.40e-20
 1.34874e+17	1.00e+00	5.51e-10	6.33e-20
 1.37018e+17	1.00e+00	4.57e-10	4.36e-20
 1.39071e+17	1.00e+00	3.83e-10	3.06e-20
 1.41031e+17	1.00e+00	3.24e-10	2.20e-20
 1.42899e+17	1.00e+00	2.77e-10	1.61e-20
 1.44676e+17	1.00e+00	2.39e-10	1.20e-20
 1.46365e+17	1.00e+00	2.08e-10	9.09e-21
 1.47969e+17	1.00e+00	1.83e-10	0.00e+00
 1.49492e+17	1.00e+00	1.62e-10	0.00e+00
 1.50937e+17	1.00e+00	1.44e-10	0.00e+00
 1.52307e+17	1.00e+00	1.30e-10	0.00e+00
 1.53607e+17	1.00e+00	1.17e-10	0.00e+00
 1.54839e+17	1.00e+00	1.07e-10	0.00e+00
 1.56008e+17	1.00e+00	9.75e-11	0.00e+00
 1.57117e+17	1.00e+00	8.96e-11	0.00e+00
 1.58167e+17	1.00e+00	8.28e-11	0.00e+00
 1.59163e+17	1.00e+00	7.69e-11	0.00e+00
 1.60108e+17	1.00e+00	7.17e-11	0.00e+00
 1.61005e+17	1.00e+00	6.71e-11	0.00e+00
 1.61857e+17	1.00e+00	6.30e-11	0.00e+00
 1.62666e+17	1.00e+00	5.94e-11	0.00e+00
 1.63434e+17	1.00e+00	5.62e-11	0.00e+00
 1.64163e+17	1.00e+00	5.34e-11	0.00e+00
 1.64856e+17	1.00e+00	5.08e-11	0.00e+00
 1.65516e+17	1.00e+00	4.85e-11	0.00e+00
 1.66143e+17	1.00e+00	4.64e-11	0.00e+00
 1.66740e+17	1.00e+00	4.45e-11	0.00e+00
 1.67309e+17	1.00e+00	4.28e-11	0.00e+00
 1.67851e+17	1.00e+00	4.12e-11	0.00e+00
 1.68367e+17	1.00e+00	3.98e-11	0.00e+00
 1.68860e+17	1.00e+00	3.85e-11	0.00e+00
 1.69331e+17	1.00e+00	3.73e-11	0.00e+00
 1.69781e+17	1.00e+00	3.62e-11	0.00e+00
 1.70211e+17	1.00e+00	3.51e-11	0.00e+00
 1.70622e+17	1.00e+00	3.42e-11	0.00e+00
 1.71017e+17	1.00e+00	3.33e-11	0.00e+00
 1.71396e+17	1.00e+00	3.25e-11	0.00e+00
 1.71759e+17	1.00e+00	3.17e-11	0.00e+00
 1.72109e+17	1.00e+00	3.10e-11	0.00e+00
 1.72446e+17	1.00e+00	3.03e-11	0.00e+00
 1.72772e+17	1.00e+00	2.97e-11	0.00e+00
 1.73086e+17	1.00e+00	2.91e-11	0.00e+00
 1.73391e+17	1.00e+00	2.85e-11	0.00e+00
 1.73687e+17	1.00e+00	2.80e-11	0.00e+00
 1.73976e+17	1.00e+00	2.74e-11	0.00e+00
 1.74258e+17	1.00e+00	2.69e-11	0.00e+00
 1.74534e+17	1.00e+00	2.65e-11	0.00e+00
 1.74805e+17	1.00e+00	2.60e-11	0.00e+00
 1.75074e+17	1.00e+00	2.56e-11	0.00e+00
 1.75340e+17	1.00e+00	2.52e-11	0.00e+00
 1.75605e+17	1.00e+00	2.48e-11	0.00e+00
 1.75872e+17	1.00e+00	2.43e-11	0.00e+00
 1.76141e+17	1.00e+00	2.39e-11	0.00e+00
 1.76415e+17	1.00e+00	2.35e-11	0.00e+00
 1.76696e+17	1.00e+00	2.31e-11	0.00e+00
 1.76987e+17	1.00e+00	2.27e-11	0.00e+00
 1.77293e+17	1.00e+00	2.23e-11	0.00e+00
 1.77617e+17	1.00e+00	2.18e-11	0.00e+00
 1.77967e+17	1.00e+00	2.14e-11	0.00e+00
 1.78351e+17	1.00e+00	2.08e-11	0.00e+00
 1.78781e+17	1.00e+00	2.03e-11	0.00e+00
 1.79274e+17	1.00e+00	1.97e-11	0.00e+00
 1.79854e+17	1.00e+00	1.90e-11	0.00e+00
 1.80559e+17	1.00e+00	1.82e-11	0.00e+00
 1.81447e+17	1.00e+00	1.72e-11	0.00e+00
 1.82595e+17	1.00e+00	1.60e-11	0.00e+00
 1.84088e+17	1.00e+00	1.47e-11	0.00e+00
 1.86028e+17	1.00e+00	1.31e-11	0.00e+00
 1.88549e+17	1.00e+00	1.13e-11	0.00e+00
 1.91828e+17	1.00e+00	9.36e-12	0.00e+00
 1.96090e+17	1.00e+00	7.42e-12	0.00e+00
 2.01601e+17	1.00e+00	5.58e-12	0.00e+00
 2.07866e+17	1.00e+00	4.09e-12	0.00e+00
 2.14283e+17	1.00e+00	3.21e-12	0.00e+00
 2.20854e+17	1.00e+00	2.64e-12	0.00e+00
 2.27488e+17	1.00e+00	2.26e-12	0.00e+00
 2.34123e+17	1.00e+00	2.02e-12	0.00e+00
 2.40757e+17	1.00e+00	1.85e-12	0.00e+00
 2.47392e+17	1.00e+00	1.72e-12	0.00e+00
 2.54026e+17	1.00e+00	1.63e-12	0.00e+00
 2.60660e+17	1.00e+00	1.56e-12	0.00e+00
 2.68290e+17	1.00e+00	1.49e-12	0.00e+00
 2.78054e+17	1.00e+00	1.19e-12	0.00e+00
 2.89177e+17	1.00e+00	8.66e-13	0.00e+00
 3.00744e+17	1.00e+00	7.50e-13	0.00e+00
 3.12773e+17	1.00e+00	6.65e-13	0.00e+00
 3.25284e+17	1.00e+00	5.87e-13	0.00e+00
 3.38296e+17	1.00e+00	5.14e-13	0.00e+00
 3.51828e+17	1.00e+00	4.45e-13	0.00e+00
 3.65624e+17	1.00e+00	3.81e-13	0.00e+00
 3.78900e+17	1.00e+00	3.43e-13	0.00e+00
 3.90839e+17	1.00e+00	3.48e-13	0.00e+00
 4.01358e+17	1.00e+00	3.78e-13	0.00e+00
 4.11030e+17	1.00e+00	3.94e-13	0.00e+00
 4.20371e+17	1.00e+00	3.80e-13	0.00e+00
 4.29378e+17	1.00e+00	3.48e-13	0.00e+00
 4.37600e+17	1.00e+00	3.24e-13	0.00e+00
 4.44238e+17	1.00e+00	3.16e-13	0.00e+00
 4.48596e+17	1.00e+00	3.36e-13	0.00e+00
 4.50989e+17	1.00e+00	3.67e-13	0.00e+00
 4.52317e+17	1.00e+00	3.85e-13	0.00e+00
 4.53114e+17	1.00e+00	3.96e-13	0.00e+00
 4.53606e+17	1.00e+00	4.02e-13	0.00e+00
 4.53991e+17	1.00e+00	4.06e-13	0.00e+00
 4.54398e+17	1.00e+00	4.09e-13	0.00e+00
 4.54869e+17	1.00e+00	4.12e-13	0.00e+00
 4.55390e+17	1.00e+00	4.14e-13	0.00e+00
 4.55849e+17	1.00e+00	4.15e-13	0.00e+00
 4.56190e+17	1.00e+00	4.16e-13	0.00e+00
 4.56475e+17	1.00e+00	4.16e-13	0.00e+00
 4.56781e+17	1.00e+00	4.17e-13	0.00e+00
 4.57120e+17	1.00e+00	4.16e-13	0.00e+00
 4.57438e+17	1.00e+00	4.16e-13	0.00e+00
 4.57698e+17	1.00e+00	4.16e-13	0.00e+00
 4.57927e+17	1.00e+00	4.15e-13	0.00e+00
 4.58164e+17	1.00e+00	4.15e-13	0.00e+00
 4.58404e+17	1.00e+00	4.14e-13	0.00e+00
 4.58634e+17	1.00e+00	4.13e-13	0.00e+00
 4.58851e+17	1.00e+00	4.12e-13	0.00e+00
 4.59055e+17	1.00e+00	4.12e-13	0.00e+00
 4.59248e+17	1.00e+00	4.11e-13	0.00e+00
 4.59436e+17	1.00e+00	4.10e-13	0.00e+00
 4.59622e+17	1.00e+00	4.09e-13	0.00e+00
 4.59805e+17	1.00e+00	4.08e-13	0.00e+00
 4.59982e+17	1.00e+00	4.07e-13	0.00e+00
 4.60152e+17	1.00e+00	4.06e-13	0.00e+00
 4.60318e+17	1.00e+00	4.05e-13	0.00e+00
 4.60473e+17	1.00e+00	4.03e-13	0.00e+00
 4.60623e+17	1.00e+00	4.02e-13	0.00e+00
 4.60781e+17	1.00e+00	4.01e-13	0.00e+00
 4.60947e+17	1.00e+00	4.00e-13	0.00e+00
 4.61108e+17	1.00e+00	3.99e-13	0.00e+00
 4.61259e+17	1.00e+00	3.97e-13	0.00e+00
 4.61409e+17	1.00e+00	3.96e-13	0.00e+00
 4.61562e+17	1.00e+00	3.95e-13	0.00e+00
 4.61717e+17	1.00e+00	3.93e-13	0.00e+00
 4.61871e+17	1.00e+00	3.92e-13	0.00e+00
 4.62024e+17	1.00e+00	3.90e-13	0.00e+00
 4.62179e+17	1.00e+00	3.89e-13	0.00e+00
 4.62335e+17	1.00e+00	3.87e-13	0.00e+00
 4.62493e+17	1.00e+00	3.85e-13	0.00e+00
 4.62648e+17	1.00e+00	3.84e-13	0.00e+00
 4.62805e+17	1.00e+00	3.82e-13	0.00e+00
 4.62975e+17	1.00e+00	3.80e-13	0.00e+00
 4.63152e+17	1.00e+00	3.78e-13	0.00e+00
 4.63330e+17	1.00e+00	3.76e-13	0.00e+00
 4.63509e+17	1.00e+00	3.74e-13	0.00e+00
 4.63693e+17	1.00e+00	3.72e-13	0.00e+00
 4.63880e+17	1.00e+00	3.69e-13	0.00e+00
 4.64068e+17	1.00e+00	3.67e-13	0.00e+00
 4.64258e+17	1.00e+00	3.65e-13	0.00e+00
 4.64462e+17	1.00e+00	3.62e-13	0.00e+00
 4.64674e+17	1.00e+00	3.59e-13	0.00e+00
 4.64871e+17	1.00e+00	3.57e-13	0.00e+00
 4.65074e+17	1.00e+00	3.54e-13	0.00e+00
 4.65306e+17	1.00e+00	3.51e-13	0.00e+00
 4.65559e+17	1.00e+00	3.48e-13	0.00e+00
 4.65810e+17	1.00e+00	3.44e-13	0.00e+00
 4.66047e+17	1.00e+00	3.41e-13	0.00e+00
 4.66284e+17	1.00e+00	3.38e-13	0.00e+00
 4.66532e+17	1.00e+00	3.34e-13	0.00e+00
 4.66796e+17	1.00e+00	3.31e-13	0.00e+00
 4.67074e+17	1.00e+00	3.27e-13	0.00e+00
 4.67351e+17	1.00e+00	3.23e-13	0.00e+00
 4.67630e+17	1.00e+00	3.19e-13	0.00e+00
 4.67919e+17	1.00e+00	3.15e-13	0.00e+00
 4.68224e+17	1.00e+00	3.10e-13	0.00e+00
 4.68549e+17	1.00e+00	3.06e-13	0.00e+00
 4.68880e+17	1.00e+00	3.01e-13	0.00e+00
 4.69209e+17	1.00e+00	2.96e-13	0.00e+00
 4.69540e+17	1.00e+00	2.91e-13	0.00e+00
 4.69882e+17	1.00e+00	2.86e-13	0.00e+00
 4.70242e+17	1.00e+00	2.81e-13	0.00e+00
 4.70608e+17	1.00e+00	2.76e-13	0.00e+00
 4.70996e+17	1.00e+00	2.70e-13	0.00e+00
 4.71403e+17	1.00e+00	2.64e-13	0.00e+00
 4.71802e+17	1.00e+00	2.59e-13	0.00e+00
 4.72208e+17	1.00e+00	2.53e-13	0.00e+00
 4.72635e+17	1.00e+00	2.47e-13	0.00e+00
 4.73069e+17	1.00e+00	2.41e-13	0.00e+00
 4.73510e+17	1.00e+00	2.35e-13	0.00e+00
 4.73967e+17	1.00e+00	2.28e-13	0.00e+00
 4.74433e+17	1.00e+00	2.22e-13	0.00e+00
 4.74901e+17	1.00e+00	2.16e-13	0.00e+00
 4.75382e+17	1.00e+00	2.09e-13	0.00e+00
 4.75883e+17	1.00e+00	2.03e-13	0.00e+00
 4.76401e+17	1.00e+00	1.96e-13	0.00e+00
 4.76928e+17	1.00e+00	1.89e-13	0.00e+00
 4.77454e+17	1.00e+00	1.82e-13	0.00e+00
 4.77987e+17	1.00e+00	1.76e-13	0.00e+00
 4.78545e+17	1.00e+00	1.69e-13	0.00e+00
 4.79127e+17	1.00e+00	1.62e-13	0.00e+00
 4.79717e+17	1.00e+00	1.55e-13	0.00e+00
 4.80304e+17	1.00e+00	1.48e-13	0.00e+00
 4.80898e+17	1.00e+00	1.41e-13	0.00e+00
 4.81507e+17	1.00e+00	1.35e-13	0.00e+00
 4.82132e+17	1.00e+00	1.28e-13	0.00e+00
 4.82776e+17	1.00e+00	1.22e-13	0.00e+00
 4.83456e+17	1.00e+00	1.15e-13	0.00e+00
 4.84149e+17	1.00e+00	1.08e-13	0.00e+00
 4.84840e+17	1.00e+00	1.02e-13	0.00e+00
 4.85540e+17	1.00e+00	9.54e-14	0.00e+00
 4.86250e+17	1.00e+00	8.93e-14	0.00e+00
 4.86988e+17	1.00e+00	8.36e-14	0.00e+00
 4.87786e+17	1.00e+00	7.74e-14	0.00e+00
 4.88620e+17	1.00e+00	7.12e-14	0.00e+00
 4.89389e+17	1.00e+00	6.54e-14	0.00e+00
 4.90040e+17	1.00e+00	6.08e-14	0.00e+00
 4.90592e+17	1.00e+00	5.71e-14	0.00e+00
 4.91099e+17	1.00e+00	5.41e-14	0.00e+00
 4.91601e+17	1.00e+00	5.12e-14	0.00e+00
 4.92105e+17	1.00e+00	4.84e-14	0.00e+00
 4.92588e+17	1.00e+00	4.58e-14	0.00e+00
 4.93030e+17	1.00e+00	4.34e-14	0.00e+00
 4.93435e+17	1.00e+00	4.13e-14	0.00e+00
 4.93821e+17	1.00e+00	3.95e-14	0.00e+00
 4.94201e+17	1.00e+00	3.78e-14	0.00e+00
 4.94575e+17	1.00e+00	3.61e-14	0.00e+00
 4.94936e+17	1.00e+00	3.45e-14	0.00e+00
 4.95278e+17	1.00e+00	3.30e-14	0.00e+00
 4.95603e+17	1.00e+00	3.17e-14	0.00e+00
 4.95917e+17	1.00e+00	3.04e-14	0.00e+00
 4.96224e+17	1.00e+00	2.92e-14	0.00e+00
 4.96524e+17	1.00e+00	2.81e-14	0.00e+00
 4.96813e+17	1.00e+00	2.70e-14	0.00e+00
 4.97091e+17	1.00e+00	2.60e-14	0.00e+00
 4.97358e+17	1.00e+00	2.50e-14	0.00e+00
 4.97618e+17	1.00e+00	2.41e-14	0.00e+00
 4.97872e+17	1.00e+00	2.32e-14	0.00e+00
 4.98118e+17	1.00e+00	2.25e-14	0.00e+00
 4.98357e+17	1.00e+00	2.17e-14	0.00e+00
 4.98590e+17	1.00e+00	2.09e-14	0.00e+00
 4.98817e+17	1.00e+00	2.02e-14	0.00e+00
 4.99035e+17	1.00e+00	1.95e-14	0.00e+00
 4.99246e+17	1.00e+00	1.89e-14	0.00e+00
 4.99453e+17	1.00e+00	1.83e-14	0.00e+00
 4.99690e+17	1.00e+00	1.76e-14	0.00e+00
 4.99999e+17	1.00e+00	1.69e-14	0.00e+00
 5.00400e+17	1.00e+00	1.60e-14	0.00e+00
 5.00922e+17	1.00e+00	1.48e-14	0.00e+00
 5.01600e+17	1.00e+00	1.34e-14	0.00e+00
 5.02482e+17	1.00e+00	1.16e-14	0.00e+00
 5.03581e+17	1.00e+00	9.68e-15	0.00e+00
 5.04666e+17	1.00e+00	7.70e-15	0.00e+00
 5.05452e+17	1.00e+00	6.40e-15	0.00e+00
