#depth	N	N+	N+2	N+3	N+4	N+5	N+6	N+7
 1.49634e+10	0.00e+00	0.00e+00	3.70e-30	2.19e-20	1.93e-11	6.52e-02	9.19e-01	1.58e-02
 4.54887e+10	0.00e+00	2.53e-40	5.07e-30	2.77e-20	2.26e-11	7.06e-02	9.15e-01	1.46e-02
 7.72350e+10	0.00e+00	0.00e+00	6.95e-30	3.51e-20	2.65e-11	7.65e-02	9.10e-01	1.34e-02
 1.10251e+11	0.00e+00	5.58e-40	9.54e-30	4.46e-20	3.10e-11	8.28e-02	9.05e-01	1.23e-02
 1.41098e+11	0.00e+00	0.00e+00	1.27e-29	5.51e-20	3.57e-11	8.88e-02	9.00e-01	1.14e-02
 1.68403e+11	0.00e+00	1.08e-39	1.62e-29	6.62e-20	4.03e-11	9.43e-02	8.95e-01	1.07e-02
 1.98970e+11	0.00e+00	0.00e+00	2.11e-29	8.06e-20	4.60e-11	1.01e-01	8.89e-01	9.91e-03
 2.35536e+11	0.00e+00	2.20e-39	2.86e-29	1.01e-19	5.35e-11	1.08e-01	8.82e-01	9.11e-03
 2.72367e+11	0.00e+00	0.00e+00	3.84e-29	1.26e-19	6.19e-11	1.17e-01	8.75e-01	8.38e-03
 3.06682e+11	0.00e+00	4.44e-39	5.01e-29	1.54e-19	7.06e-11	1.24e-01	8.68e-01	7.77e-03
 3.44885e+11	0.00e+00	0.00e+00	6.67e-29	1.91e-19	8.13e-11	1.33e-01	8.60e-01	7.16e-03
 3.87464e+11	0.00e+00	9.34e-39	9.06e-29	2.40e-19	9.45e-11	1.43e-01	8.50e-01	6.55e-03
 4.28115e+11	0.00e+00	0.00e+00	1.20e-28	2.95e-19	1.08e-10	1.53e-01	8.41e-01	6.03e-03
 4.71536e+11	0.00e+00	1.91e-38	1.61e-28	3.67e-19	1.25e-10	1.63e-01	8.31e-01	5.53e-03
 5.18609e+11	0.00e+00	0.00e+00	2.17e-28	4.59e-19	1.45e-10	1.75e-01	8.20e-01	5.05e-03
 5.63584e+11	0.00e+00	3.98e-38	2.87e-28	5.65e-19	1.66e-10	1.87e-01	8.09e-01	4.64e-03
 6.12073e+11	0.00e+00	0.00e+00	3.84e-28	7.00e-19	1.91e-10	1.99e-01	7.97e-01	4.24e-03
 6.66483e+11	0.00e+00	8.48e-38	5.24e-28	8.82e-19	2.21e-10	2.13e-01	7.83e-01	3.84e-03
 7.20296e+11	0.00e+00	0.00e+00	7.06e-28	1.10e-18	2.55e-10	2.28e-01	7.69e-01	3.49e-03
 7.76262e+11	0.00e+00	1.79e-37	9.50e-28	1.37e-18	2.94e-10	2.43e-01	7.54e-01	3.17e-03
 8.37239e+11	0.00e+00	0.00e+00	1.30e-27	1.72e-18	3.41e-10	2.59e-01	7.38e-01	2.86e-03
 8.99123e+11	0.00e+00	3.90e-37	1.76e-27	2.15e-18	3.93e-10	2.76e-01	7.22e-01	2.58e-03
 9.63481e+11	0.00e+00	0.00e+00	2.38e-27	2.69e-18	4.53e-10	2.93e-01	7.05e-01	2.32e-03
 1.03195e+12	0.00e+00	8.47e-37	3.24e-27	3.37e-18	5.23e-10	3.11e-01	6.86e-01	2.08e-03
 1.09611e+12	0.00e+00	0.00e+00	4.29e-27	4.13e-18	5.95e-10	3.29e-01	6.69e-01	1.88e-03
 1.15443e+12	0.00e+00	1.64e-36	5.47e-27	4.94e-18	6.66e-10	3.44e-01	6.54e-01	1.72e-03
 1.22125e+12	9.39e-47	2.32e-36	7.19e-27	6.02e-18	7.54e-10	3.62e-01	6.37e-01	1.56e-03
 1.29917e+12	0.00e+00	0.00e+00	9.74e-27	7.50e-18	8.66e-10	3.82e-01	6.16e-01	1.39e-03
 1.37763e+12	0.00e+00	4.97e-36	1.31e-26	9.30e-18	9.89e-10	4.03e-01	5.96e-01	1.24e-03
 1.44634e+12	3.47e-46	6.80e-36	1.67e-26	1.11e-17	1.10e-09	4.20e-01	5.79e-01	1.12e-03
 1.50654e+12	0.00e+00	0.00e+00	2.07e-26	1.29e-17	1.21e-09	4.35e-01	5.64e-01	1.03e-03
 1.57512e+12	0.00e+00	1.20e-35	2.61e-26	1.53e-17	1.34e-09	4.51e-01	5.48e-01	9.38e-04
 1.66111e+12	1.07e-45	1.72e-35	3.46e-26	1.87e-17	1.52e-09	4.72e-01	5.27e-01	8.34e-04
 1.74889e+12	0.00e+00	0.00e+00	4.56e-26	2.29e-17	1.72e-09	4.92e-01	5.07e-01	7.42e-04
 1.82466e+12	0.00e+00	3.28e-35	5.74e-26	2.70e-17	1.90e-09	5.09e-01	4.90e-01	6.72e-04
 1.90571e+12	3.43e-45	4.46e-35	7.29e-26	3.20e-17	2.10e-09	5.27e-01	4.73e-01	6.05e-04
 2.00551e+12	0.00e+00	0.00e+00	9.67e-26	3.91e-17	2.37e-09	5.48e-01	4.52e-01	5.33e-04
 2.10602e+12	0.00e+00	9.10e-35	1.27e-25	4.76e-17	2.66e-09	5.68e-01	4.32e-01	4.70e-04
 2.19427e+12	1.18e-44	1.22e-34	1.60e-25	5.61e-17	2.93e-09	5.85e-01	4.15e-01	4.22e-04
 2.29030e+12	0.00e+00	0.00e+00	2.05e-25	6.67e-17	3.25e-09	6.03e-01	3.97e-01	3.76e-04
 2.40643e+12	0.00e+00	2.42e-34	2.72e-25	8.15e-17	3.66e-09	6.23e-01	3.77e-01	3.28e-04
 2.52356e+12	4.20e-44	3.45e-34	3.58e-25	9.90e-17	4.10e-09	6.43e-01	3.57e-01	2.86e-04
 2.63022e+12	0.00e+00	4.71e-34	4.56e-25	1.17e-16	4.52e-09	6.60e-01	3.40e-01	2.54e-04
 2.74841e+12	9.26e-44	6.56e-34	5.89e-25	1.41e-16	5.02e-09	6.77e-01	3.23e-01	2.23e-04
 2.87655e+12	0.00e+00	9.29e-34	7.71e-25	1.70e-16	5.59e-09	6.95e-01	3.05e-01	1.94e-04
 2.99908e+12	2.10e-43	1.28e-33	9.88e-25	2.02e-16	6.18e-09	7.11e-01	2.89e-01	1.70e-04
 3.11899e+12	0.00e+00	1.73e-33	1.25e-24	2.38e-16	6.78e-09	7.26e-01	2.74e-01	1.50e-04
 3.25404e+12	4.57e-43	2.40e-33	1.61e-24	2.85e-16	7.49e-09	7.42e-01	2.58e-01	1.31e-04
 3.40181e+12	0.00e+00	3.40e-33	2.10e-24	3.43e-16	8.32e-09	7.58e-01	2.42e-01	1.13e-04
 3.53690e+12	1.02e-42	4.61e-33	2.66e-24	4.04e-16	9.12e-09	7.71e-01	2.29e-01	9.91e-05
 3.66289e+12	0.00e+00	6.06e-33	3.29e-24	4.69e-16	9.91e-09	7.83e-01	2.17e-01	8.79e-05
 3.80622e+12	2.08e-42	8.21e-33	4.15e-24	5.51e-16	1.08e-08	7.95e-01	2.05e-01	7.70e-05
 3.95816e+12	0.00e+00	1.12e-32	5.27e-24	6.51e-16	1.19e-08	8.08e-01	1.92e-01	6.70e-05
 4.09058e+12	4.20e-42	1.45e-32	6.45e-24	7.49e-16	1.28e-08	8.18e-01	1.82e-01	5.96e-05
 4.23200e+12	0.00e+00	1.90e-32	7.94e-24	8.65e-16	1.39e-08	8.27e-01	1.72e-01	5.27e-05
 4.41313e+12	8.86e-42	2.66e-32	1.03e-23	1.03e-15	1.53e-08	8.39e-01	1.61e-01	4.52e-05
 4.59960e+12	0.00e+00	3.70e-32	1.33e-23	1.24e-15	1.69e-08	8.50e-01	1.50e-01	3.87e-05
 4.75894e+12	1.87e-41	4.87e-32	1.64e-23	1.43e-15	1.83e-08	8.59e-01	1.41e-01	3.41e-05
 4.92931e+12	0.00e+00	6.46e-32	2.03e-23	1.66e-15	1.98e-08	8.67e-01	1.33e-01	2.98e-05
 5.14108e+12	4.02e-41	9.06e-32	2.64e-23	1.99e-15	2.19e-08	8.77e-01	1.23e-01	2.53e-05
 5.36076e+12	0.00e+00	1.27e-31	3.43e-23	2.39e-15	2.41e-08	8.86e-01	1.14e-01	2.15e-05
 5.56141e+12	8.80e-41	1.71e-31	4.31e-23	2.80e-15	2.63e-08	8.94e-01	1.06e-01	1.86e-05
 5.78320e+12	0.00e+00	2.34e-31	5.50e-23	3.31e-15	2.88e-08	9.01e-01	9.87e-02	1.59e-05
 6.04170e+12	2.01e-40	3.34e-31	7.22e-23	4.00e-15	3.18e-08	9.09e-01	9.07e-02	1.34e-05
 6.29846e+12	0.00e+00	4.68e-31	9.37e-23	4.79e-15	3.51e-08	9.16e-01	8.37e-02	1.13e-05
 6.54549e+12	4.49e-40	6.40e-31	1.19e-22	5.67e-15	3.84e-08	9.22e-01	7.75e-02	9.62e-06
 6.81722e+12	0.00e+00	8.90e-31	1.54e-22	6.76e-15	4.22e-08	9.29e-01	7.15e-02	8.13e-06
 7.09920e+12	1.01e-39	1.24e-30	1.99e-22	8.08e-15	4.63e-08	9.34e-01	6.58e-02	6.86e-06
 7.35443e+12	0.00e+00	1.65e-30	2.48e-22	9.43e-15	5.03e-08	9.39e-01	6.12e-02	5.90e-06
 7.63409e+12	2.09e-39	2.23e-30	3.14e-22	1.11e-14	5.49e-08	9.43e-01	5.67e-02	5.04e-06
 7.96296e+12	0.00e+00	3.15e-30	4.09e-22	1.34e-14	6.06e-08	9.48e-01	5.19e-02	4.20e-06
 8.28686e+12	4.75e-39	4.35e-30	5.27e-22	1.59e-14	6.66e-08	9.52e-01	4.77e-02	3.53e-06
 8.58772e+12	0.00e+00	5.81e-30	6.60e-22	1.87e-14	7.24e-08	9.56e-01	4.42e-02	3.02e-06
 8.92516e+12	9.94e-39	7.94e-30	8.41e-22	2.21e-14	7.93e-08	9.59e-01	4.06e-02	2.55e-06
 9.25954e+12	0.00e+00	1.07e-29	1.06e-21	2.61e-14	8.65e-08	9.63e-01	3.75e-02	2.17e-06
 9.52052e+12	1.89e-38	1.34e-29	1.27e-21	2.95e-14	9.24e-08	9.65e-01	3.53e-02	1.91e-06
 9.78792e+12	0.00e+00	1.67e-29	1.51e-21	3.33e-14	9.87e-08	9.67e-01	3.32e-02	1.69e-06
 1.01355e+13	3.49e-38	2.22e-29	1.88e-21	3.90e-14	1.07e-07	9.69e-01	3.07e-02	1.44e-06
 1.05045e+13	0.00e+00	2.96e-29	2.35e-21	4.57e-14	1.17e-07	9.72e-01	2.83e-02	1.23e-06
 1.08249e+13	6.65e-38	3.76e-29	2.84e-21	5.23e-14	1.26e-07	9.74e-01	2.65e-02	1.07e-06
 1.11652e+13	0.00e+00	4.82e-29	3.45e-21	6.01e-14	1.35e-07	9.75e-01	2.47e-02	9.27e-07
 1.15996e+13	1.30e-37	6.53e-29	4.39e-21	7.13e-14	1.48e-07	9.77e-01	2.26e-02	0.00e+00
 1.20421e+13	0.00e+00	8.78e-29	5.56e-21	8.45e-14	1.63e-07	9.79e-01	2.07e-02	0.00e+00
 1.24130e+13	2.48e-37	1.12e-28	6.72e-21	9.68e-14	1.75e-07	9.81e-01	1.93e-02	0.00e+00
 1.28052e+13	0.00e+00	1.42e-28	8.15e-21	1.11e-13	1.89e-07	9.82e-01	1.80e-02	0.00e+00
 1.33024e+13	4.76e-37	1.92e-28	1.03e-20	1.32e-13	2.07e-07	9.84e-01	1.64e-02	0.00e+00
 1.38199e+13	0.00e+00	2.58e-28	1.31e-20	1.57e-13	2.28e-07	9.85e-01	1.50e-02	0.00e+00
 1.42765e+13	9.18e-37	3.31e-28	1.60e-20	1.81e-13	2.47e-07	9.86e-01	1.39e-02	0.00e+00
 1.47702e+13	0.00e+00	4.29e-28	1.97e-20	2.11e-13	2.68e-07	9.87e-01	1.28e-02	0.00e+00
 1.53652e+13	1.80e-36	5.79e-28	2.50e-20	2.52e-13	2.95e-07	9.88e-01	1.17e-02	0.00e+00
 1.59309e+13	0.00e+00	7.60e-28	3.12e-20	2.96e-13	3.22e-07	9.89e-01	1.07e-02	0.00e+00
 1.64007e+13	3.23e-36	9.44e-28	3.71e-20	3.36e-13	3.46e-07	9.90e-01	1.00e-02	0.00e+00
 1.69070e+13	0.00e+00	1.18e-27	4.46e-20	3.84e-13	3.72e-07	9.91e-01	9.33e-03	0.00e+00
 1.75520e+13	5.90e-36	1.56e-27	5.57e-20	4.53e-13	4.08e-07	9.91e-01	8.50e-03	0.00e+00
 1.82294e+13	0.00e+00	2.07e-27	6.98e-20	5.35e-13	4.47e-07	9.92e-01	7.77e-03	0.00e+00
 1.88100e+13	1.08e-35	2.60e-27	8.40e-20	6.13e-13	4.81e-07	9.93e-01	7.22e-03	0.00e+00
 1.94127e+13	0.00e+00	3.28e-27	1.01e-19	7.01e-13	5.18e-07	9.93e-01	6.72e-03	0.00e+00
 2.00647e+13	1.91e-35	4.17e-27	1.23e-19	8.09e-13	5.61e-07	9.94e-01	6.22e-03	0.00e+00
 2.06473e+13	0.00e+00	5.13e-27	1.45e-19	9.14e-13	6.00e-07	9.94e-01	5.82e-03	0.00e+00
 2.12709e+13	3.18e-35	6.38e-27	1.73e-19	1.04e-12	6.43e-07	9.95e-01	5.44e-03	0.00e+00
 2.20709e+13	0.00e+00	8.34e-27	2.14e-19	1.21e-12	7.00e-07	9.95e-01	5.01e-03	0.00e+00
 2.28920e+13	6.04e-35	1.09e-26	2.64e-19	1.41e-12	7.62e-07	9.95e-01	4.60e-03	0.00e+00
 2.35875e+13	0.00e+00	1.35e-26	3.15e-19	1.60e-12	8.16e-07	9.96e-01	4.31e-03	0.00e+00
 2.43278e+13	1.03e-34	1.69e-26	3.76e-19	1.82e-12	8.74e-07	9.96e-01	4.02e-03	0.00e+00
 2.52562e+13	0.00e+00	2.22e-26	4.67e-19	2.13e-12	9.52e-07	9.96e-01	3.70e-03	0.00e+00
 2.62305e+13	2.00e-34	2.93e-26	5.81e-19	2.49e-12	1.04e-06	9.97e-01	3.40e-03	0.00e+00
 2.71232e+13	2.69e-34	3.74e-26	7.05e-19	2.86e-12	1.12e-06	9.97e-01	3.16e-03	0.00e+00
 2.81085e+13	3.70e-34	4.86e-26	8.67e-19	3.31e-12	1.21e-06	9.97e-01	2.92e-03	0.00e+00
 2.91841e+13	5.15e-34	6.38e-26	1.08e-18	3.87e-12	1.31e-06	9.97e-01	2.69e-03	0.00e+00
 3.01629e+13	6.93e-34	8.14e-26	1.30e-18	4.43e-12	1.41e-06	9.97e-01	2.51e-03	0.00e+00
 3.12211e+13	9.41e-34	1.05e-25	1.59e-18	5.10e-12	1.52e-06	9.98e-01	2.32e-03	0.00e+00
 3.24705e+13	1.34e-33	1.40e-25	1.99e-18	5.98e-12	1.66e-06	9.98e-01	2.13e-03	0.00e+00
 3.36931e+13	1.86e-33	1.83e-25	2.47e-18	6.96e-12	1.80e-06	9.98e-01	1.97e-03	0.00e+00
 3.48061e+13	2.49e-33	2.33e-25	2.98e-18	7.94e-12	1.93e-06	9.98e-01	1.84e-03	0.00e+00
 3.58621e+13	3.26e-33	2.91e-25	3.54e-18	8.96e-12	2.06e-06	9.98e-01	1.72e-03	0.00e+00
 3.68490e+13	4.17e-33	3.55e-25	4.14e-18	1.00e-11	2.18e-06	9.98e-01	1.63e-03	0.00e+00
 3.79362e+13	5.42e-33	4.41e-25	4.90e-18	1.13e-11	2.32e-06	9.98e-01	1.53e-03	0.00e+00
 3.91521e+13	7.18e-33	5.55e-25	5.88e-18	1.28e-11	2.49e-06	9.99e-01	1.43e-03	0.00e+00
 4.02910e+13	9.32e-33	6.88e-25	6.94e-18	1.44e-11	2.65e-06	9.99e-01	1.34e-03	0.00e+00
 4.15275e+13	1.23e-32	8.63e-25	8.27e-18	1.62e-11	2.82e-06	9.99e-01	1.26e-03	0.00e+00
 4.29156e+13	1.64e-32	1.10e-24	9.99e-18	1.86e-11	3.03e-06	9.99e-01	1.17e-03	0.00e+00
 4.42213e+13	2.16e-32	1.37e-24	1.19e-17	2.10e-11	3.23e-06	9.99e-01	1.10e-03	0.00e+00
 4.56390e+13	2.89e-32	1.74e-24	1.43e-17	2.38e-11	3.46e-06	9.99e-01	1.03e-03	0.00e+00
 4.72322e+13	3.91e-32	2.23e-24	1.74e-17	2.74e-11	3.73e-06	9.99e-01	9.56e-04	0.00e+00
 4.87374e+13	5.22e-32	2.82e-24	2.09e-17	3.11e-11	3.99e-06	9.99e-01	8.95e-04	0.00e+00
 5.03781e+13	7.07e-32	3.61e-24	2.53e-17	3.55e-11	4.28e-06	9.99e-01	8.34e-04	0.00e+00
 5.21977e+13	9.65e-32	4.67e-24	3.11e-17	4.10e-11	4.62e-06	9.99e-01	7.72e-04	0.00e+00
 5.38739e+13	1.29e-31	5.92e-24	3.73e-17	4.66e-11	4.94e-06	9.99e-01	7.22e-04	0.00e+00
 5.56771e+13	1.74e-31	7.57e-24	4.52e-17	5.32e-11	5.30e-06	9.99e-01	6.73e-04	0.00e+00
 5.77003e+13	2.41e-31	9.88e-24	5.56e-17	6.14e-11	5.73e-06	9.99e-01	6.24e-04	0.00e+00
 5.96107e+13	3.22e-31	1.25e-23	6.71e-17	7.01e-11	6.15e-06	9.99e-01	5.81e-04	0.00e+00
 6.14205e+13	4.22e-31	1.57e-23	7.98e-17	7.91e-11	6.55e-06	9.99e-01	5.46e-04	0.00e+00
 6.34981e+13	5.72e-31	2.01e-23	9.69e-17	9.05e-11	7.03e-06	9.99e-01	5.09e-04	0.00e+00
 6.59809e+13	8.04e-31	2.66e-23	1.21e-16	1.06e-10	7.65e-06	1.00e+00	4.68e-04	0.00e+00
 6.84078e+13	1.12e-30	3.48e-23	1.49e-16	1.22e-10	8.25e-06	1.00e+00	4.34e-04	0.00e+00
 7.05752e+13	1.48e-30	4.39e-23	1.79e-16	1.39e-10	8.83e-06	1.00e+00	4.06e-04	0.00e+00
 7.29877e+13	2.02e-30	5.64e-23	2.17e-16	1.59e-10	9.48e-06	1.00e+00	3.78e-04	0.00e+00
 7.58534e+13	2.85e-30	7.51e-23	2.72e-16	1.85e-10	1.03e-05	1.00e+00	3.48e-04	0.00e+00
 7.87106e+13	4.02e-30	9.93e-23	3.38e-16	2.15e-10	1.11e-05	1.00e+00	3.22e-04	0.00e+00
 8.13822e+13	5.44e-30	1.27e-22	4.10e-16	2.46e-10	1.20e-05	1.00e+00	3.00e-04	0.00e+00
 8.43674e+13	7.56e-30	1.67e-22	5.06e-16	2.84e-10	1.29e-05	1.00e+00	2.78e-04	0.00e+00
 8.77720e+13	1.09e-29	2.24e-22	6.37e-16	3.33e-10	1.40e-05	1.00e+00	2.56e-04	0.00e+00
 9.08769e+13	1.49e-29	2.90e-22	7.80e-16	3.83e-10	1.51e-05	1.00e+00	2.38e-04	0.00e+00
 9.35127e+13	1.94e-29	3.60e-22	9.23e-16	4.30e-10	1.60e-05	1.00e+00	2.24e-04	0.00e+00
 9.59875e+13	2.47e-29	4.38e-22	1.07e-15	4.77e-10	1.69e-05	1.00e+00	2.12e-04	0.00e+00
 9.87661e+13	3.22e-29	5.44e-22	1.27e-15	5.35e-10	1.80e-05	1.00e+00	2.00e-04	0.00e+00
 1.01885e+14	4.32e-29	6.90e-22	1.53e-15	6.06e-10	1.92e-05	1.00e+00	1.87e-04	0.00e+00
 1.04843e+14	5.63e-29	8.58e-22	1.80e-15	6.80e-10	2.04e-05	1.00e+00	1.76e-04	0.00e+00
 1.08084e+14	7.49e-29	1.08e-21	2.16e-15	7.68e-10	2.17e-05	1.00e+00	1.66e-04	0.00e+00
 1.11680e+14	1.02e-28	1.39e-21	2.62e-15	8.75e-10	2.32e-05	1.00e+00	1.55e-04	0.00e+00
 1.15049e+14	1.34e-28	1.74e-21	3.12e-15	9.86e-10	2.47e-05	1.00e+00	1.46e-04	0.00e+00
 1.18737e+14	1.81e-28	2.22e-21	3.76e-15	1.12e-09	2.63e-05	1.00e+00	1.37e-04	0.00e+00
 1.22895e+14	2.53e-28	2.90e-21	4.61e-15	1.28e-09	2.82e-05	1.00e+00	1.27e-04	0.00e+00
 1.26883e+14	3.42e-28	3.71e-21	5.56e-15	1.46e-09	3.01e-05	1.00e+00	1.19e-04	0.00e+00
 1.31285e+14	4.74e-28	4.83e-21	6.81e-15	1.67e-09	3.23e-05	1.00e+00	1.11e-04	0.00e+00
 1.36144e+14	6.72e-28	6.40e-21	8.44e-15	1.93e-09	3.47e-05	1.00e+00	1.03e-04	0.00e+00
 1.40642e+14	9.15e-28	8.22e-21	1.02e-14	2.20e-09	3.71e-05	1.00e+00	9.68e-05	0.00e+00
 1.45531e+14	1.28e-27	1.07e-20	1.26e-14	2.52e-09	3.97e-05	1.00e+00	9.05e-05	0.00e+00
 1.51036e+14	1.84e-27	1.44e-20	1.57e-14	2.92e-09	4.28e-05	1.00e+00	8.40e-05	0.00e+00
 1.56281e+14	2.54e-27	1.87e-20	1.92e-14	3.34e-09	4.58e-05	1.00e+00	7.84e-05	0.00e+00
 1.61284e+14	3.47e-27	2.40e-20	2.32e-14	3.79e-09	4.87e-05	1.00e+00	7.37e-05	0.00e+00
 1.67035e+14	4.92e-27	3.18e-20	2.86e-14	4.35e-09	5.22e-05	1.00e+00	6.88e-05	0.00e+00
 1.73706e+14	7.23e-27	4.33e-20	3.61e-14	5.09e-09	5.64e-05	1.00e+00	6.36e-05	0.00e+00
 1.80236e+14	1.04e-26	5.79e-20	4.50e-14	5.89e-09	6.07e-05	1.00e+00	5.91e-05	0.00e+00
 1.86418e+14	1.44e-26	7.55e-20	5.50e-14	6.74e-09	6.49e-05	1.00e+00	5.53e-05	0.00e+00
 1.93295e+14	2.06e-26	1.00e-19	6.83e-14	7.78e-09	6.97e-05	1.00e+00	5.15e-05	0.00e+00
 2.01057e+14	3.00e-26	1.37e-19	8.66e-14	9.10e-09	7.53e-05	1.00e+00	4.77e-05	0.00e+00
 2.08877e+14	4.38e-26	1.85e-19	1.09e-13	1.06e-08	8.11e-05	1.00e+00	4.42e-05	0.00e+00
 2.17010e+14	6.45e-26	2.51e-19	1.37e-13	1.23e-08	8.74e-05	1.00e+00	4.10e-05	0.00e+00
 2.24324e+14	8.79e-26	3.24e-19	1.67e-13	1.41e-08	9.33e-05	1.00e+00	3.84e-05	0.00e+00
 2.29930e+14	1.13e-25	3.96e-19	1.94e-13	1.55e-08	9.79e-05	1.00e+00	3.66e-05	0.00e+00
 2.35821e+14	1.43e-25	4.81e-19	2.26e-13	1.71e-08	1.03e-04	1.00e+00	3.48e-05	0.00e+00
 2.43479e+14	1.97e-25	6.20e-19	2.73e-13	1.95e-08	1.10e-04	1.00e+00	3.27e-05	0.00e+00
 2.51836e+14	2.74e-25	8.09e-19	3.35e-13	2.23e-08	1.17e-04	1.00e+00	3.06e-05	0.00e+00
 2.59444e+14	3.66e-25	1.02e-18	4.01e-13	2.51e-08	1.24e-04	1.00e+00	2.89e-05	0.00e+00
 2.67677e+14	5.01e-25	1.31e-18	4.83e-13	2.84e-08	1.32e-04	1.00e+00	2.72e-05	0.00e+00
 2.77792e+14	7.09e-25	1.74e-18	6.04e-13	3.29e-08	1.42e-04	1.00e+00	2.52e-05	0.00e+00
 2.87889e+14	1.02e-24	2.33e-18	7.48e-13	3.79e-08	1.52e-04	1.00e+00	2.35e-05	0.00e+00
 2.96777e+14	1.34e-24	2.92e-18	8.97e-13	4.28e-08	1.62e-04	1.00e+00	2.21e-05	0.00e+00
 3.06560e+14	1.83e-24	3.77e-18	1.09e-12	4.87e-08	1.72e-04	1.00e+00	2.08e-05	0.00e+00
 3.17606e+14	2.60e-24	4.99e-18	1.35e-12	5.60e-08	1.85e-04	1.00e+00	1.94e-05	0.00e+00
 3.28099e+14	3.54e-24	6.41e-18	1.64e-12	6.38e-08	1.97e-04	1.00e+00	1.81e-05	0.00e+00
 3.38031e+14	4.62e-24	8.00e-18	1.96e-12	7.18e-08	2.09e-04	1.00e+00	1.71e-05	0.00e+00
 3.49428e+14	6.43e-24	1.04e-17	2.39e-12	8.20e-08	2.23e-04	1.00e+00	1.60e-05	0.00e+00
 3.62236e+14	8.81e-24	1.36e-17	2.96e-12	9.47e-08	2.40e-04	1.00e+00	1.49e-05	0.00e+00
 3.74350e+14	1.22e-23	1.77e-17	3.60e-12	1.08e-07	2.57e-04	1.00e+00	1.39e-05	0.00e+00
 3.87572e+14	1.66e-23	2.28e-17	4.43e-12	1.24e-07	2.75e-04	1.00e+00	1.30e-05	0.00e+00
 4.02215e+14	2.38e-23	3.04e-17	5.53e-12	1.44e-07	2.96e-04	1.00e+00	1.20e-05	0.00e+00
 4.15809e+14	3.15e-23	3.86e-17	6.73e-12	1.64e-07	3.18e-04	1.00e+00	1.12e-05	0.00e+00
 4.30585e+14	4.45e-23	5.09e-17	8.30e-12	1.89e-07	3.40e-04	1.00e+00	1.05e-05	0.00e+00
 4.47130e+14	6.14e-23	6.69e-17	1.04e-11	2.20e-07	3.68e-04	1.00e+00	9.71e-06	0.00e+00
 4.62700e+14	8.37e-23	8.64e-17	1.27e-11	2.52e-07	3.94e-04	1.00e+00	9.05e-06	0.00e+00
 4.79494e+14	1.15e-22	1.13e-16	1.57e-11	2.91e-07	4.24e-04	1.00e+00	8.42e-06	0.00e+00
 4.98216e+14	1.66e-22	1.52e-16	1.98e-11	3.39e-07	4.58e-04	1.00e+00	7.79e-06	0.00e+00
 5.16139e+14	2.25e-22	1.95e-16	2.44e-11	3.90e-07	4.93e-04	9.99e-01	7.24e-06	0.00e+00
 5.35266e+14	3.15e-22	2.57e-16	3.03e-11	4.51e-07	5.31e-04	9.99e-01	6.72e-06	0.00e+00
 5.54930e+14	4.23e-22	3.32e-16	3.74e-11	5.22e-07	5.72e-04	9.99e-01	6.23e-06	0.00e+00
 5.72132e+14	5.57e-22	4.17e-16	4.49e-11	5.90e-07	6.09e-04	9.99e-01	5.85e-06	0.00e+00
 5.90644e+14	7.50e-22	5.31e-16	5.42e-11	6.70e-07	6.50e-04	9.99e-01	5.48e-06	0.00e+00
 6.09902e+14	9.78e-22	6.66e-16	6.56e-11	7.62e-07	6.94e-04	9.99e-01	5.13e-06	0.00e+00
 6.26057e+14	1.25e-21	8.12e-16	7.66e-11	8.46e-07	7.32e-04	9.99e-01	4.86e-06	0.00e+00
 6.42986e+14	1.55e-21	9.80e-16	8.96e-11	9.42e-07	7.74e-04	9.99e-01	4.60e-06	0.00e+00
 6.64994e+14	2.12e-21	1.27e-15	1.09e-10	1.08e-06	8.29e-04	9.99e-01	4.29e-06	0.00e+00
 6.87839e+14	2.82e-21	1.61e-15	1.34e-10	1.23e-06	8.90e-04	9.99e-01	4.00e-06	0.00e+00
 7.06973e+14	3.59e-21	1.97e-15	1.57e-10	1.38e-06	9.41e-04	9.99e-01	3.78e-06	0.00e+00
 7.27051e+14	4.60e-21	2.42e-15	1.86e-10	1.54e-06	9.97e-04	9.99e-01	3.56e-06	0.00e+00
 7.53153e+14	6.18e-21	3.11e-15	2.28e-10	1.78e-06	1.07e-03	9.99e-01	3.31e-06	0.00e+00
 7.80424e+14	8.53e-21	4.06e-15	2.82e-10	2.05e-06	1.15e-03	9.99e-01	3.08e-06	0.00e+00
 8.03834e+14	1.09e-20	5.00e-15	3.36e-10	2.30e-06	1.23e-03	9.99e-01	2.89e-06	0.00e+00
 8.28888e+14	1.43e-20	6.28e-15	4.03e-10	2.61e-06	1.31e-03	9.99e-01	2.71e-06	0.00e+00
 8.59924e+14	1.97e-20	8.21e-15	5.00e-10	3.02e-06	1.41e-03	9.99e-01	2.51e-06	0.00e+00
 8.91596e+14	2.70e-20	1.07e-14	6.20e-10	3.49e-06	1.52e-03	9.98e-01	2.33e-06	0.00e+00
 9.19727e+14	3.52e-20	1.34e-14	7.44e-10	3.95e-06	1.62e-03	9.98e-01	2.18e-06	0.00e+00
 9.50398e+14	4.68e-20	1.70e-14	9.03e-10	4.51e-06	1.74e-03	9.98e-01	2.04e-06	0.00e+00
 9.87104e+14	6.45e-20	2.23e-14	1.13e-09	5.25e-06	1.88e-03	9.98e-01	1.88e-06	0.00e+00
 1.02341e+15	8.84e-20	2.90e-14	1.40e-09	6.06e-06	2.03e-03	9.98e-01	1.74e-06	0.00e+00
 1.05623e+15	1.16e-19	3.63e-14	1.68e-09	6.88e-06	2.17e-03	9.98e-01	1.63e-06	0.00e+00
 1.09275e+15	1.55e-19	4.65e-14	2.06e-09	7.88e-06	2.32e-03	9.98e-01	1.52e-06	0.00e+00
 1.13567e+15	2.15e-19	6.13e-14	2.58e-09	9.20e-06	2.52e-03	9.97e-01	1.40e-06	0.00e+00
 1.17802e+15	2.94e-19	7.97e-14	3.20e-09	1.07e-05	2.72e-03	9.97e-01	1.29e-06	0.00e+00
 1.21768e+15	3.90e-19	1.01e-13	3.89e-09	1.22e-05	2.92e-03	9.97e-01	1.20e-06	0.00e+00
 1.25207e+15	4.95e-19	1.24e-13	4.58e-09	1.36e-05	3.10e-03	9.97e-01	1.13e-06	0.00e+00
 1.28060e+15	6.00e-19	1.45e-13	5.23e-09	1.49e-05	3.25e-03	9.97e-01	1.08e-06	0.00e+00
 1.31221e+15	7.33e-19	1.73e-13	6.03e-09	1.64e-05	3.42e-03	9.97e-01	1.03e-06	0.00e+00
 1.35330e+15	9.54e-19	2.16e-13	7.23e-09	1.86e-05	3.66e-03	9.96e-01	9.59e-07	0.00e+00
 1.39636e+15	1.25e-18	2.70e-13	8.69e-09	2.11e-05	3.91e-03	9.96e-01	0.00e+00	0.00e+00
 1.43305e+15	1.53e-18	3.23e-13	1.01e-08	2.34e-05	4.13e-03	9.96e-01	0.00e+00	0.00e+00
 1.47181e+15	1.93e-18	3.92e-13	1.18e-08	2.60e-05	4.38e-03	9.96e-01	0.00e+00	0.00e+00
 1.52218e+15	2.55e-18	4.97e-13	1.44e-08	2.98e-05	4.71e-03	9.95e-01	0.00e+00	0.00e+00
 1.57411e+15	3.35e-18	6.28e-13	1.75e-08	3.41e-05	5.07e-03	9.95e-01	0.00e+00	0.00e+00
 1.61719e+15	4.21e-18	7.62e-13	2.05e-08	3.80e-05	5.38e-03	9.95e-01	0.00e+00	0.00e+00
 1.66233e+15	5.22e-18	9.19e-13	2.41e-08	4.25e-05	5.71e-03	9.94e-01	0.00e+00	0.00e+00
 1.72100e+15	7.02e-18	1.18e-12	2.95e-08	4.88e-05	6.17e-03	9.94e-01	0.00e+00	0.00e+00
 1.78261e+15	9.32e-18	1.50e-12	3.62e-08	5.63e-05	6.67e-03	9.93e-01	0.00e+00	0.00e+00
 1.83559e+15	1.19e-17	1.85e-12	4.30e-08	6.33e-05	7.11e-03	9.93e-01	0.00e+00	0.00e+00
 1.89201e+15	1.49e-17	2.27e-12	5.13e-08	7.14e-05	7.60e-03	9.92e-01	0.00e+00	0.00e+00
 1.96240e+15	2.05e-17	2.95e-12	6.35e-08	8.27e-05	8.26e-03	9.92e-01	0.00e+00	0.00e+00
 2.03472e+15	2.74e-17	3.80e-12	7.84e-08	9.57e-05	8.96e-03	9.91e-01	0.00e+00	0.00e+00
 2.09856e+15	3.45e-17	4.67e-12	9.40e-08	1.08e-04	9.59e-03	9.90e-01	0.00e+00	0.00e+00
 2.16762e+15	4.59e-17	5.92e-12	1.14e-07	1.23e-04	1.03e-02	9.90e-01	0.00e+00	0.00e+00
 2.25080e+15	6.18e-17	7.67e-12	1.42e-07	1.43e-04	1.12e-02	9.89e-01	0.00e+00	0.00e+00
 2.33357e+15	8.35e-17	9.92e-12	1.75e-07	1.66e-04	1.22e-02	9.88e-01	0.00e+00	0.00e+00
 2.40788e+15	1.07e-16	1.23e-11	2.11e-07	1.88e-04	1.31e-02	9.87e-01	0.00e+00	0.00e+00
 2.48996e+15	1.55e-16	1.55e-11	2.57e-07	2.15e-04	1.41e-02	9.86e-01	0.00e+00	0.00e+00
 2.58709e+15	2.14e-16	2.04e-11	3.22e-07	2.50e-04	1.54e-02	9.84e-01	0.00e+00	0.00e+00
 2.66954e+15	2.78e-16	2.55e-11	3.88e-07	2.84e-04	1.65e-02	9.83e-01	0.00e+00	0.00e+00
 2.72622e+15	3.35e-16	2.98e-11	4.39e-07	3.09e-04	1.73e-02	9.82e-01	0.00e+00	0.00e+00
 2.78366e+15	3.99e-16	3.45e-11	4.97e-07	3.35e-04	1.81e-02	9.82e-01	0.00e+00	0.00e+00
 2.85833e+15	4.84e-16	4.11e-11	5.81e-07	3.73e-04	1.92e-02	9.80e-01	0.00e+00	0.00e+00
 2.94208e+15	6.35e-16	5.13e-11	6.91e-07	4.19e-04	2.05e-02	9.79e-01	0.00e+00	0.00e+00
 3.02073e+15	7.72e-16	6.12e-11	8.09e-07	4.65e-04	2.18e-02	9.78e-01	0.00e+00	0.00e+00
 3.10607e+15	1.00e-15	7.57e-11	9.56e-07	5.20e-04	2.32e-02	9.76e-01	0.00e+00	0.00e+00
 3.20080e+15	1.26e-15	9.27e-11	1.14e-06	5.86e-04	2.48e-02	9.75e-01	0.00e+00	0.00e+00
 3.28945e+15	1.64e-15	1.15e-10	1.35e-06	6.54e-04	2.64e-02	9.73e-01	0.00e+00	0.00e+00
 3.38641e+15	2.04e-15	1.40e-10	1.60e-06	7.34e-04	2.81e-02	9.71e-01	0.00e+00	0.00e+00
 3.49501e+15	2.76e-15	1.79e-10	1.94e-06	8.33e-04	3.02e-02	9.69e-01	0.00e+00	0.00e+00
 3.59716e+15	3.44e-15	2.17e-10	2.31e-06	9.34e-04	3.22e-02	9.67e-01	0.00e+00	0.00e+00
 3.70836e+15	4.56e-15	2.75e-10	2.78e-06	1.05e-03	3.44e-02	9.65e-01	0.00e+00	0.00e+00
 3.83321e+15	6.07e-15	3.50e-10	3.39e-06	1.20e-03	3.71e-02	9.62e-01	0.00e+00	0.00e+00
 3.95229e+15	7.98e-15	4.41e-10	4.08e-06	1.36e-03	3.96e-02	9.59e-01	0.00e+00	0.00e+00
 4.08357e+15	1.06e-14	5.61e-10	4.98e-06	1.55e-03	4.26e-02	9.56e-01	0.00e+00	0.00e+00
 4.23137e+15	1.45e-14	7.31e-10	6.19e-06	1.79e-03	4.61e-02	9.52e-01	0.00e+00	0.00e+00
 4.37222e+15	1.95e-14	9.37e-10	7.55e-06	2.03e-03	4.94e-02	9.49e-01	0.00e+00	0.00e+00
 4.52692e+15	2.65e-14	1.22e-09	9.35e-06	2.34e-03	5.33e-02	9.44e-01	0.00e+00	0.00e+00
 4.69801e+15	3.74e-14	1.62e-09	1.17e-05	2.71e-03	5.78e-02	9.39e-01	0.00e+00	0.00e+00
 4.85651e+15	5.00e-14	2.08e-09	1.44e-05	3.09e-03	6.20e-02	9.35e-01	0.00e+00	0.00e+00
 5.02870e+15	6.94e-14	2.73e-09	1.78e-05	3.56e-03	6.69e-02	9.30e-01	0.00e+00	0.00e+00
 5.22131e+15	9.34e-14	3.55e-09	2.24e-05	4.13e-03	7.23e-02	9.24e-01	0.00e+00	0.00e+00
 5.37721e+15	1.23e-13	4.46e-09	2.68e-05	4.64e-03	7.70e-02	9.18e-01	0.00e+00	0.00e+00
 5.48873e+15	1.54e-13	5.33e-09	3.05e-05	5.03e-03	8.05e-02	9.14e-01	0.00e+00	0.00e+00
 5.60577e+15	1.88e-13	6.29e-09	3.47e-05	5.48e-03	8.42e-02	9.10e-01	0.00e+00	0.00e+00
 5.75792e+15	2.32e-13	7.60e-09	4.09e-05	6.09e-03	8.89e-02	9.05e-01	0.00e+00	0.00e+00
 5.92770e+15	3.13e-13	9.69e-09	4.90e-05	6.84e-03	9.46e-02	8.99e-01	0.00e+00	0.00e+00
 6.08527e+15	3.88e-13	1.17e-08	5.75e-05	7.58e-03	9.97e-02	8.93e-01	0.00e+00	0.00e+00
 6.25495e+15	5.16e-13	1.47e-08	6.84e-05	8.47e-03	1.06e-01	8.86e-01	0.00e+00	0.00e+00
 6.44391e+15	6.85e-13	1.86e-08	8.22e-05	9.53e-03	1.12e-01	8.78e-01	0.00e+00	0.00e+00
 6.62080e+15	8.70e-13	2.29e-08	9.71e-05	1.06e-02	1.19e-01	8.71e-01	0.00e+00	0.00e+00
 6.81360e+15	1.11e-12	2.82e-08	1.16e-04	1.19e-02	1.26e-01	8.62e-01	0.00e+00	0.00e+00
 7.02979e+15	1.54e-12	3.68e-08	1.41e-04	1.34e-02	1.34e-01	8.52e-01	0.00e+00	0.00e+00
 7.23237e+15	2.03e-12	4.62e-08	1.68e-04	1.50e-02	1.42e-01	8.43e-01	0.00e+00	0.00e+00
 7.45170e+15	2.66e-12	5.81e-08	2.02e-04	1.69e-02	1.50e-01	8.33e-01	0.00e+00	0.00e+00
 7.69718e+15	3.51e-12	7.38e-08	2.47e-04	1.92e-02	1.60e-01	8.21e-01	0.00e+00	0.00e+00
 7.92976e+15	4.87e-12	9.59e-08	2.98e-04	2.16e-02	1.70e-01	8.08e-01	0.00e+00	0.00e+00
 8.15132e+15	6.35e-12	1.20e-07	3.54e-04	2.41e-02	1.79e-01	7.97e-01	0.00e+00	0.00e+00
 8.40544e+15	8.41e-12	1.52e-07	4.28e-04	2.71e-02	1.89e-01	7.83e-01	0.00e+00	0.00e+00
 8.68378e+15	1.11e-11	1.93e-07	5.23e-04	3.08e-02	2.01e-01	7.68e-01	0.00e+00	0.00e+00
 8.94385e+15	1.55e-11	2.52e-07	6.32e-04	3.46e-02	2.12e-01	7.53e-01	0.00e+00	0.00e+00
 9.18984e+15	2.01e-11	3.12e-07	7.49e-04	3.85e-02	2.23e-01	7.38e-01	0.00e+00	0.00e+00
 9.46727e+15	2.66e-11	3.95e-07	9.02e-04	4.32e-02	2.35e-01	7.21e-01	0.00e+00	0.00e+00
 9.77697e+15	3.52e-11	5.03e-07	1.10e-03	4.88e-02	2.48e-01	7.03e-01	0.00e+00	0.00e+00
 1.00643e+16	4.91e-11	6.54e-07	1.33e-03	5.47e-02	2.61e-01	6.83e-01	0.00e+00	0.00e+00
 1.02979e+16	6.11e-11	7.86e-07	1.53e-03	5.97e-02	2.70e-01	6.68e-01	0.00e+00	0.00e+00
 1.05260e+16	7.60e-11	9.42e-07	1.76e-03	6.50e-02	2.80e-01	6.53e-01	0.00e+00	0.00e+00
 1.08224e+16	9.65e-11	1.16e-06	2.10e-03	7.21e-02	2.92e-01	6.34e-01	0.00e+00	0.00e+00
 1.11302e+16	1.32e-10	1.49e-06	2.52e-03	8.04e-02	3.05e-01	6.12e-01	0.00e+00	0.00e+00
 1.13810e+16	1.64e-10	1.78e-06	2.89e-03	8.74e-02	3.15e-01	5.95e-01	0.00e+00	0.00e+00
 1.16355e+16	2.00e-10	2.12e-06	3.34e-03	9.50e-02	3.25e-01	5.77e-01	0.00e+00	0.00e+00
 1.19664e+16	2.77e-10	2.75e-06	4.03e-03	1.06e-01	3.38e-01	5.52e-01	0.00e+00	0.00e+00
 1.22892e+16	3.58e-10	3.40e-06	4.76e-03	1.17e-01	3.49e-01	5.29e-01	0.00e+00	0.00e+00
 1.25473e+16	4.34e-10	4.01e-06	5.45e-03	1.26e-01	3.58e-01	5.11e-01	0.00e+00	0.00e+00
 1.28288e+16	5.45e-10	4.85e-06	6.32e-03	1.37e-01	3.67e-01	4.90e-01	0.00e+00	0.00e+00
 1.31948e+16	7.80e-10	6.42e-06	7.68e-03	1.53e-01	3.79e-01	4.61e-01	0.00e+00	0.00e+00
 1.35495e+16	1.03e-09	8.09e-06	9.16e-03	1.68e-01	3.88e-01	4.35e-01	0.00e+00	0.00e+00
 1.38178e+16	1.27e-09	9.59e-06	1.04e-02	1.81e-01	3.94e-01	4.15e-01	0.00e+00	0.00e+00
 1.40950e+16	1.59e-09	1.16e-05	1.20e-02	1.95e-01	4.00e-01	3.93e-01	0.00e+00	0.00e+00
 1.44554e+16	2.02e-09	1.42e-05	1.43e-02	2.13e-01	4.05e-01	3.67e-01	0.00e+00	0.00e+00
 1.48240e+16	2.87e-09	1.87e-05	1.72e-02	2.34e-01	4.11e-01	3.38e-01	0.00e+00	0.00e+00
 1.51046e+16	3.55e-09	2.22e-05	1.96e-02	2.50e-01	4.13e-01	3.18e-01	0.00e+00	0.00e+00
 1.53349e+16	4.28e-09	2.59e-05	2.19e-02	2.64e-01	4.14e-01	3.01e-01	0.00e+00	0.00e+00
 1.55984e+16	5.34e-09	3.09e-05	2.49e-02	2.80e-01	4.14e-01	2.81e-01	0.00e+00	0.00e+00
 1.58943e+16	6.45e-09	3.63e-05	2.86e-02	2.99e-01	4.12e-01	2.61e-01	0.00e+00	0.00e+00
 1.61758e+16	8.60e-09	4.53e-05	3.29e-02	3.18e-01	4.09e-01	2.40e-01	0.00e+00	0.00e+00
 1.64223e+16	1.01e-08	5.19e-05	3.69e-02	3.35e-01	4.05e-01	2.23e-01	0.00e+00	0.00e+00
 1.66797e+16	1.24e-08	6.16e-05	4.19e-02	3.53e-01	4.00e-01	2.05e-01	0.00e+00	0.00e+00
 1.69584e+16	1.58e-08	7.44e-05	4.80e-02	3.73e-01	3.92e-01	1.87e-01	0.00e+00	0.00e+00
 1.72017e+16	2.14e-08	9.31e-05	5.46e-02	3.92e-01	3.84e-01	1.69e-01	0.00e+00	0.00e+00
 1.74036e+16	2.55e-08	1.07e-04	6.03e-02	4.07e-01	3.77e-01	1.56e-01	0.00e+00	0.00e+00
 1.76146e+16	3.14e-08	1.26e-04	6.73e-02	4.23e-01	3.67e-01	1.42e-01	0.00e+00	0.00e+00
 1.78496e+16	3.69e-08	1.45e-04	7.53e-02	4.40e-01	3.56e-01	1.29e-01	0.00e+00	0.00e+00
 1.80720e+16	4.81e-08	1.76e-04	8.49e-02	4.57e-01	3.43e-01	1.15e-01	0.00e+00	0.00e+00
 1.82674e+16	5.67e-08	2.01e-04	9.37e-02	4.72e-01	3.31e-01	1.04e-01	0.00e+00	0.00e+00
 1.84444e+16	7.18e-08	2.40e-04	1.03e-01	4.85e-01	3.18e-01	9.31e-02	0.00e+00	0.00e+00
 1.86170e+16	8.34e-08	2.70e-04	1.13e-01	4.97e-01	3.06e-01	8.40e-02	0.00e+00	0.00e+00
 1.88106e+16	1.03e-07	3.17e-04	1.26e-01	5.11e-01	2.90e-01	7.37e-02	0.00e+00	0.00e+00
 1.90115e+16	1.38e-07	3.94e-04	1.41e-01	5.24e-01	2.72e-01	6.30e-02	0.00e+00	0.00e+00
 1.91675e+16	1.72e-07	4.62e-04	1.54e-01	5.33e-01	2.57e-01	5.53e-02	0.00e+00	0.00e+00
 1.92894e+16	2.02e-07	5.21e-04	1.65e-01	5.40e-01	2.45e-01	4.96e-02	0.00e+00	0.00e+00
 1.94215e+16	2.37e-07	5.88e-04	1.78e-01	5.46e-01	2.31e-01	4.38e-02	0.00e+00	0.00e+00
 1.95932e+16	3.11e-07	7.16e-04	1.97e-01	5.54e-01	2.12e-01	3.62e-02	0.00e+00	0.00e+00
 1.97499e+16	3.83e-07	8.36e-04	2.15e-01	5.59e-01	1.95e-01	3.04e-02	0.00e+00	0.00e+00
 1.98515e+16	4.44e-07	9.31e-04	2.28e-01	5.61e-01	1.83e-01	2.68e-02	0.00e+00	0.00e+00
 1.99482e+16	5.18e-07	1.04e-03	2.41e-01	5.63e-01	1.71e-01	2.34e-02	0.00e+00	0.00e+00
 2.00738e+16	6.19e-07	1.19e-03	2.59e-01	5.65e-01	1.56e-01	1.94e-02	0.00e+00	0.00e+00
 2.01912e+16	7.47e-07	1.36e-03	2.76e-01	5.64e-01	1.42e-01	1.61e-02	0.00e+00	0.00e+00
 2.02620e+16	8.53e-07	1.49e-03	2.88e-01	5.63e-01	1.33e-01	1.42e-02	0.00e+00	0.00e+00
 2.03063e+16	9.19e-07	1.58e-03	2.95e-01	5.63e-01	1.28e-01	1.31e-02	0.00e+00	0.00e+00
 2.03519e+16	9.96e-07	1.67e-03	3.03e-01	5.62e-01	1.22e-01	1.19e-02	0.00e+00	0.00e+00
 2.04112e+16	1.06e-06	1.76e-03	3.12e-01	5.61e-01	1.15e-01	1.07e-02	0.00e+00	0.00e+00
 2.04883e+16	1.26e-06	1.97e-03	3.26e-01	5.58e-01	1.05e-01	8.99e-03	0.00e+00	0.00e+00
 2.05592e+16	1.42e-06	2.15e-03	3.39e-01	5.55e-01	9.69e-02	7.69e-03	0.00e+00	0.00e+00
 2.06083e+16	1.57e-06	2.30e-03	3.48e-01	5.52e-01	9.11e-02	6.82e-03	0.00e+00	0.00e+00
 2.06584e+16	1.71e-06	2.45e-03	3.57e-01	5.49e-01	8.53e-02	6.02e-03	0.00e+00	0.00e+00
 2.07235e+16	1.95e-06	2.68e-03	3.70e-01	5.45e-01	7.77e-02	5.03e-03	0.00e+00	0.00e+00
 2.07883e+16	2.17e-06	2.90e-03	3.81e-01	5.41e-01	7.09e-02	4.24e-03	0.00e+00	0.00e+00
 2.08413e+16	2.35e-06	3.06e-03	3.91e-01	5.37e-01	6.56e-02	3.67e-03	0.00e+00	0.00e+00
 2.08986e+16	2.70e-06	3.37e-03	4.03e-01	5.31e-01	5.96e-02	3.03e-03	0.00e+00	0.00e+00
 2.09565e+16	3.00e-06	3.63e-03	4.14e-01	5.26e-01	5.42e-02	2.53e-03	0.00e+00	0.00e+00
 2.10070e+16	3.29e-06	3.87e-03	4.23e-01	5.21e-01	4.97e-02	2.15e-03	0.00e+00	0.00e+00
 2.10644e+16	3.69e-06	4.19e-03	4.34e-01	5.15e-01	4.47e-02	1.76e-03	0.00e+00	0.00e+00
 2.11283e+16	4.16e-06	4.55e-03	4.46e-01	5.08e-01	3.96e-02	1.40e-03	0.00e+00	0.00e+00
 2.11895e+16	4.67e-06	4.93e-03	4.57e-01	5.02e-01	3.52e-02	1.12e-03	0.00e+00	0.00e+00
 2.12580e+16	5.32e-06	5.39e-03	4.70e-01	4.93e-01	3.06e-02	8.58e-04	0.00e+00	0.00e+00
 2.13324e+16	6.10e-06	5.92e-03	4.83e-01	4.84e-01	2.63e-02	6.41e-04	0.00e+00	0.00e+00
 2.14007e+16	6.91e-06	6.44e-03	4.95e-01	4.75e-01	2.27e-02	4.88e-04	0.00e+00	0.00e+00
 2.14757e+16	7.93e-06	7.08e-03	5.08e-01	4.65e-01	1.93e-02	3.56e-04	0.00e+00	0.00e+00
 2.15731e+16	9.44e-06	7.96e-03	5.24e-01	4.52e-01	1.55e-02	2.35e-04	0.00e+00	0.00e+00
 2.16740e+16	1.13e-05	8.97e-03	5.40e-01	4.38e-01	1.24e-02	1.54e-04	0.00e+00	0.00e+00
 2.17613e+16	1.31e-05	9.94e-03	5.54e-01	4.26e-01	1.02e-02	1.06e-04	0.00e+00	0.00e+00
 2.18309e+16	1.48e-05	1.08e-02	5.64e-01	4.16e-01	8.81e-03	7.91e-05	0.00e+00	0.00e+00
 2.18850e+16	1.62e-05	1.15e-02	5.72e-01	4.08e-01	7.81e-03	6.28e-05	0.00e+00	0.00e+00
 2.19446e+16	1.80e-05	1.23e-02	5.81e-01	4.00e-01	6.82e-03	4.84e-05	0.00e+00	0.00e+00
 2.20222e+16	2.05e-05	1.34e-02	5.93e-01	3.88e-01	5.73e-03	3.46e-05	0.00e+00	0.00e+00
 2.21057e+16	2.36e-05	1.47e-02	6.05e-01	3.76e-01	4.77e-03	2.43e-05	0.00e+00	0.00e+00
 2.21801e+16	2.68e-05	1.60e-02	6.15e-01	3.65e-01	4.06e-03	1.79e-05	0.00e+00	0.00e+00
 2.22597e+16	3.06e-05	1.75e-02	6.26e-01	3.53e-01	3.41e-03	1.27e-05	0.00e+00	0.00e+00
 2.23633e+16	3.65e-05	1.97e-02	6.40e-01	3.37e-01	2.71e-03	8.21e-06	0.00e+00	0.00e+00
 2.24647e+16	4.36e-05	2.21e-02	6.54e-01	3.21e-01	2.18e-03	5.44e-06	0.00e+00	0.00e+00
 2.25360e+16	4.96e-05	2.41e-02	6.64e-01	3.10e-01	1.88e-03	4.08e-06	0.00e+00	0.00e+00
 2.25919e+16	5.48e-05	2.58e-02	6.71e-01	3.01e-01	1.66e-03	3.24e-06	0.00e+00	0.00e+00
 2.26551e+16	6.14e-05	2.78e-02	6.79e-01	2.91e-01	1.44e-03	2.49e-06	0.00e+00	0.00e+00
 2.27372e+16	7.12e-05	3.07e-02	6.90e-01	2.78e-01	1.20e-03	1.77e-06	0.00e+00	0.00e+00
 2.28213e+16	8.36e-05	3.41e-02	7.01e-01	2.64e-01	9.98e-04	1.26e-06	0.00e+00	0.00e+00
 2.28879e+16	9.52e-05	3.72e-02	7.09e-01	2.53e-01	8.60e-04	9.56e-07	0.00e+00	0.00e+00
 2.29450e+16	1.06e-04	4.01e-02	7.16e-01	2.44e-01	7.56e-04	0.00e+00	0.00e+00	0.00e+00
 2.30096e+16	1.21e-04	4.37e-02	7.23e-01	2.33e-01	6.50e-04	0.00e+00	0.00e+00	0.00e+00
 2.30818e+16	1.40e-04	4.82e-02	7.31e-01	2.20e-01	5.49e-04	0.00e+00	0.00e+00	0.00e+00
 2.31479e+16	1.61e-04	5.28e-02	7.37e-01	2.09e-01	4.70e-04	0.00e+00	0.00e+00	0.00e+00
 2.32065e+16	1.82e-04	5.74e-02	7.43e-01	1.99e-01	4.08e-04	0.00e+00	0.00e+00	0.00e+00
 2.32713e+16	2.10e-04	6.30e-02	7.48e-01	1.88e-01	3.46e-04	0.00e+00	0.00e+00	0.00e+00
 2.33407e+16	2.45e-04	6.99e-02	7.53e-01	1.76e-01	2.90e-04	0.00e+00	0.00e+00	0.00e+00
 2.34002e+16	2.82e-04	7.65e-02	7.57e-01	1.66e-01	2.49e-04	0.00e+00	0.00e+00	0.00e+00
 2.34518e+16	3.18e-04	8.30e-02	7.59e-01	1.57e-01	2.17e-04	0.00e+00	0.00e+00	0.00e+00
 2.35096e+16	3.65e-04	9.09e-02	7.61e-01	1.47e-01	1.85e-04	0.00e+00	0.00e+00	0.00e+00
 2.35730e+16	4.27e-04	1.01e-01	7.62e-01	1.37e-01	1.54e-04	0.00e+00	0.00e+00	0.00e+00
 2.36291e+16	4.93e-04	1.11e-01	7.61e-01	1.27e-01	1.31e-04	0.00e+00	0.00e+00	0.00e+00
 2.36775e+16	5.59e-04	1.20e-01	7.60e-01	1.19e-01	1.13e-04	0.00e+00	0.00e+00	0.00e+00
 2.37304e+16	6.43e-04	1.32e-01	7.57e-01	1.10e-01	9.57e-05	0.00e+00	0.00e+00	0.00e+00
 2.37890e+16	7.54e-04	1.46e-01	7.52e-01	1.01e-01	7.90e-05	0.00e+00	0.00e+00	0.00e+00
 2.38413e+16	8.76e-04	1.61e-01	7.45e-01	9.23e-02	6.60e-05	0.00e+00	0.00e+00	0.00e+00
 2.38865e+16	1.00e-03	1.75e-01	7.38e-01	8.52e-02	5.63e-05	0.00e+00	0.00e+00	0.00e+00
 2.39361e+16	1.16e-03	1.92e-01	7.29e-01	7.76e-02	4.67e-05	0.00e+00	0.00e+00	0.00e+00
 2.39914e+16	1.37e-03	2.14e-01	7.15e-01	6.92e-02	3.76e-05	0.00e+00	0.00e+00	0.00e+00
 2.40418e+16	1.61e-03	2.37e-01	7.00e-01	6.18e-02	3.06e-05	0.00e+00	0.00e+00	0.00e+00
 2.40862e+16	1.85e-03	2.59e-01	6.84e-01	5.55e-02	2.51e-05	0.00e+00	0.00e+00	0.00e+00
 2.41353e+16	2.17e-03	2.86e-01	6.63e-01	4.87e-02	2.00e-05	0.00e+00	0.00e+00	0.00e+00
 2.41902e+16	2.62e-03	3.20e-01	6.36e-01	4.15e-02	1.52e-05	0.00e+00	0.00e+00	0.00e+00
 2.42410e+16	3.13e-03	3.55e-01	6.06e-01	3.52e-02	1.16e-05	0.00e+00	0.00e+00	0.00e+00
 2.42871e+16	3.70e-03	3.91e-01	5.75e-01	2.98e-02	8.85e-06	0.00e+00	0.00e+00	0.00e+00
 2.43385e+16	4.45e-03	4.34e-01	5.37e-01	2.43e-02	6.40e-06	0.00e+00	0.00e+00	0.00e+00
 2.43931e+16	5.45e-03	4.86e-01	4.90e-01	1.90e-02	4.37e-06	0.00e+00	0.00e+00	0.00e+00
 2.44382e+16	6.51e-03	5.33e-01	4.46e-01	1.50e-02	3.07e-06	0.00e+00	0.00e+00	0.00e+00
 2.44729e+16	7.46e-03	5.70e-01	4.10e-01	1.23e-02	2.29e-06	0.00e+00	0.00e+00	0.00e+00
 2.45031e+16	8.43e-03	6.04e-01	3.77e-01	1.01e-02	1.74e-06	0.00e+00	0.00e+00	0.00e+00
 2.45378e+16	9.65e-03	6.43e-01	3.40e-01	7.99e-03	1.23e-06	0.00e+00	0.00e+00	0.00e+00
 2.45758e+16	1.13e-02	6.86e-01	2.97e-01	5.98e-03	8.22e-07	0.00e+00	0.00e+00	0.00e+00
 2.46086e+16	1.29e-02	7.24e-01	2.59e-01	4.50e-03	0.00e+00	0.00e+00	0.00e+00	0.00e+00
 2.46352e+16	1.45e-02	7.54e-01	2.29e-01	3.49e-03	0.00e+00	0.00e+00	0.00e+00	0.00e+00
 2.46631e+16	1.63e-02	7.83e-01	1.98e-01	2.63e-03	0.00e+00	0.00e+00	0.00e+00	0.00e+00
 2.46940e+16	1.86e-02	8.13e-01	1.67e-01	1.87e-03	0.00e+00	0.00e+00	0.00e+00	0.00e+00
 2.47215e+16	2.10e-02	8.38e-01	1.39e-01	1.33e-03	0.00e+00	0.00e+00	0.00e+00	0.00e+00
 2.47444e+16	2.33e-02	8.57e-01	1.19e-01	9.84e-04	0.00e+00	0.00e+00	0.00e+00	0.00e+00
 2.47687e+16	2.60e-02	8.74e-01	9.89e-02	6.96e-04	0.00e+00	0.00e+00	0.00e+00	0.00e+00
 2.47952e+16	2.94e-02	8.91e-01	7.94e-02	4.64e-04	0.00e+00	0.00e+00	0.00e+00	0.00e+00
 2.48184e+16	3.27e-02	9.03e-01	6.42e-02	3.14e-04	0.00e+00	0.00e+00	0.00e+00	0.00e+00
 2.48380e+16	3.61e-02	9.11e-01	5.31e-02	2.22e-04	0.00e+00	0.00e+00	0.00e+00	0.00e+00
 2.48592e+16	4.01e-02	9.17e-01	4.28e-02	1.50e-04	0.00e+00	0.00e+00	0.00e+00	0.00e+00
 2.48820e+16	4.50e-02	9.22e-01	3.32e-02	9.49e-05	0.00e+00	0.00e+00	0.00e+00	0.00e+00
 2.49014e+16	4.98e-02	9.24e-01	2.63e-02	6.24e-05	0.00e+00	0.00e+00	0.00e+00	0.00e+00
 2.49173e+16	5.42e-02	9.24e-01	2.16e-02	4.38e-05	0.00e+00	0.00e+00	0.00e+00	0.00e+00
 2.49336e+16	5.92e-02	9.23e-01	1.74e-02	2.98e-05	0.00e+00	0.00e+00	0.00e+00	0.00e+00
 2.49511e+16	6.51e-02	9.21e-01	1.37e-02	1.94e-05	0.00e+00	0.00e+00	0.00e+00	0.00e+00
 2.49672e+16	7.12e-02	9.18e-01	1.09e-02	1.29e-05	0.00e+00	0.00e+00	0.00e+00	0.00e+00
 2.49815e+16	7.70e-02	9.14e-01	8.81e-03	8.79e-06	0.00e+00	0.00e+00	0.00e+00	0.00e+00
 2.49949e+16	8.29e-02	9.10e-01	7.18e-03	6.08e-06	0.00e+00	0.00e+00	0.00e+00	0.00e+00
 2.50074e+16	8.89e-02	9.05e-01	5.88e-03	4.26e-06	0.00e+00	0.00e+00	0.00e+00	0.00e+00
 2.50189e+16	9.49e-02	9.00e-01	4.87e-03	3.04e-06	0.00e+00	0.00e+00	0.00e+00	0.00e+00
 2.50297e+16	1.01e-01	8.95e-01	4.07e-03	2.20e-06	0.00e+00	0.00e+00	0.00e+00	0.00e+00
 2.50396e+16	1.06e-01	8.90e-01	3.43e-03	1.63e-06	0.00e+00	0.00e+00	0.00e+00	0.00e+00
 2.50474e+16	1.11e-01	8.86e-01	3.00e-03	1.28e-06	0.00e+00	0.00e+00	0.00e+00	0.00e+00
 2.50525e+16	1.14e-01	8.83e-01	2.75e-03	1.10e-06	0.00e+00	0.00e+00	0.00e+00	0.00e+00
 2.50572e+16	1.17e-01	8.81e-01	2.53e-03	9.44e-07	0.00e+00	0.00e+00	0.00e+00	0.00e+00
 2.50626e+16	1.21e-01	8.77e-01	2.29e-03	0.00e+00	0.00e+00	0.00e+00	0.00e+00	0.00e+00
 2.50685e+16	1.25e-01	8.73e-01	2.05e-03	0.00e+00	0.00e+00	0.00e+00	0.00e+00	0.00e+00
 2.50744e+16	1.29e-01	8.70e-01	1.85e-03	0.00e+00	0.00e+00	0.00e+00	0.00e+00	0.00e+00
 2.50797e+16	1.32e-01	8.66e-01	1.67e-03	0.00e+00	0.00e+00	0.00e+00	0.00e+00	0.00e+00
 2.50850e+16	1.36e-01	8.62e-01	1.51e-03	0.00e+00	0.00e+00	0.00e+00	0.00e+00	0.00e+00
 2.50903e+16	1.40e-01	8.58e-01	1.37e-03	0.00e+00	0.00e+00	0.00e+00	0.00e+00	0.00e+00
 2.50957e+16	1.44e-01	8.54e-01	1.23e-03	0.00e+00	0.00e+00	0.00e+00	0.00e+00	0.00e+00
 2.51009e+16	1.48e-01	8.50e-01	1.11e-03	0.00e+00	0.00e+00	0.00e+00	0.00e+00	0.00e+00
 2.51061e+16	1.53e-01	8.46e-01	1.00e-03	0.00e+00	0.00e+00	0.00e+00	0.00e+00	0.00e+00
 2.51113e+16	1.58e-01	8.42e-01	9.06e-04	0.00e+00	0.00e+00	0.00e+00	0.00e+00	0.00e+00
 2.51165e+16	1.62e-01	8.37e-01	8.16e-04	0.00e+00	0.00e+00	0.00e+00	0.00e+00	0.00e+00
 2.51216e+16	1.67e-01	8.33e-01	7.37e-04	0.00e+00	0.00e+00	0.00e+00	0.00e+00	0.00e+00
 2.51267e+16	1.72e-01	8.28e-01	6.63e-04	0.00e+00	0.00e+00	0.00e+00	0.00e+00	0.00e+00
 2.51319e+16	1.77e-01	8.23e-01	5.97e-04	0.00e+00	0.00e+00	0.00e+00	0.00e+00	0.00e+00
 2.51368e+16	1.82e-01	8.18e-01	5.38e-04	0.00e+00	0.00e+00	0.00e+00	0.00e+00	0.00e+00
 2.51417e+16	1.87e-01	8.13e-01	4.85e-04	0.00e+00	0.00e+00	0.00e+00	0.00e+00	0.00e+00
 2.51467e+16	1.92e-01	8.07e-01	4.36e-04	0.00e+00	0.00e+00	0.00e+00	0.00e+00	0.00e+00
 2.51517e+16	1.98e-01	8.02e-01	3.93e-04	0.00e+00	0.00e+00	0.00e+00	0.00e+00	0.00e+00
 2.51566e+16	2.04e-01	7.96e-01	3.53e-04	0.00e+00	0.00e+00	0.00e+00	0.00e+00	0.00e+00
 2.51615e+16	2.10e-01	7.89e-01	3.17e-04	0.00e+00	0.00e+00	0.00e+00	0.00e+00	0.00e+00
 2.51663e+16	2.17e-01	7.83e-01	2.85e-04	0.00e+00	0.00e+00	0.00e+00	0.00e+00	0.00e+00
 2.51713e+16	2.23e-01	7.76e-01	2.55e-04	0.00e+00	0.00e+00	0.00e+00	0.00e+00	0.00e+00
 2.51761e+16	2.30e-01	7.69e-01	2.29e-04	0.00e+00	0.00e+00	0.00e+00	0.00e+00	0.00e+00
 2.51809e+16	2.38e-01	7.62e-01	2.06e-04	0.00e+00	0.00e+00	0.00e+00	0.00e+00	0.00e+00
 2.51858e+16	2.45e-01	7.54e-01	1.84e-04	0.00e+00	0.00e+00	0.00e+00	0.00e+00	0.00e+00
 2.51906e+16	2.54e-01	7.46e-01	1.65e-04	0.00e+00	0.00e+00	0.00e+00	0.00e+00	0.00e+00
 2.51954e+16	2.63e-01	7.37e-01	1.48e-04	0.00e+00	0.00e+00	0.00e+00	0.00e+00	0.00e+00
 2.52000e+16	2.72e-01	7.28e-01	1.33e-04	0.00e+00	0.00e+00	0.00e+00	0.00e+00	0.00e+00
 2.52047e+16	2.81e-01	7.19e-01	1.19e-04	0.00e+00	0.00e+00	0.00e+00	0.00e+00	0.00e+00
 2.52093e+16	2.91e-01	7.09e-01	1.07e-04	0.00e+00	0.00e+00	0.00e+00	0.00e+00	0.00e+00
 2.52139e+16	3.01e-01	6.99e-01	9.62e-05	0.00e+00	0.00e+00	0.00e+00	0.00e+00	0.00e+00
 2.52185e+16	3.13e-01	6.87e-01	8.63e-05	0.00e+00	0.00e+00	0.00e+00	0.00e+00	0.00e+00
 2.52231e+16	3.23e-01	6.77e-01	7.78e-05	0.00e+00	0.00e+00	0.00e+00	0.00e+00	0.00e+00
 2.52276e+16	3.37e-01	6.63e-01	6.98e-05	0.00e+00	0.00e+00	0.00e+00	0.00e+00	0.00e+00
 2.52322e+16	3.50e-01	6.50e-01	6.27e-05	0.00e+00	0.00e+00	0.00e+00	0.00e+00	0.00e+00
 2.52369e+16	3.62e-01	6.38e-01	5.65e-05	0.00e+00	0.00e+00	0.00e+00	0.00e+00	0.00e+00
 2.52416e+16	3.77e-01	6.23e-01	5.07e-05	0.00e+00	0.00e+00	0.00e+00	0.00e+00	0.00e+00
 2.52464e+16	3.92e-01	6.08e-01	4.54e-05	0.00e+00	0.00e+00	0.00e+00	0.00e+00	0.00e+00
 2.52513e+16	4.08e-01	5.92e-01	4.07e-05	0.00e+00	0.00e+00	0.00e+00	0.00e+00	0.00e+00
