#depth	C	C+	C+2	C+3	C+4	C+5	C+6	C[1]	C[2]	C[3]	C+[1]	C+[2]	CO
 1.49634e+10	0.00e+00	0.00e+00	1.53e-27	8.43e-18	1.71e-07	9.40e-03	9.91e-01	0.00e+00	0.00e+00	0.00e+00	0.00e+00	0.00e+00	0.00e+00
 4.54887e+10	0.00e+00	1.56e-37	2.09e-27	1.06e-17	1.99e-07	1.02e-02	9.90e-01	0.00e+00	0.00e+00	0.00e+00	0.00e+00	0.00e+00	0.00e+00
 7.72350e+10	0.00e+00	0.00e+00	2.88e-27	1.35e-17	2.34e-07	1.10e-02	9.89e-01	0.00e+00	0.00e+00	0.00e+00	0.00e+00	0.00e+00	2.13e-215
 1.10251e+11	0.00e+00	3.46e-37	3.97e-27	1.72e-17	2.75e-07	1.19e-02	9.88e-01	0.00e+00	0.00e+00	0.00e+00	0.00e+00	0.00e+00	3.97e-215
 1.41098e+11	0.00e+00	0.00e+00	5.29e-27	2.13e-17	3.18e-07	1.28e-02	9.87e-01	0.00e+00	0.00e+00	0.00e+00	0.00e+00	0.00e+00	7.82e-209
 1.68403e+11	0.00e+00	6.75e-37	6.78e-27	2.57e-17	3.60e-07	1.36e-02	9.86e-01	0.00e+00	0.00e+00	0.00e+00	0.00e+00	0.00e+00	0.00e+00
 1.98970e+11	0.00e+00	0.00e+00	8.88e-27	3.15e-17	4.14e-07	1.46e-02	9.85e-01	0.00e+00	0.00e+00	0.00e+00	0.00e+00	0.00e+00	5.55e-208
 2.35536e+11	0.00e+00	1.39e-36	1.21e-26	3.98e-17	4.83e-07	1.57e-02	9.84e-01	0.00e+00	0.00e+00	0.00e+00	0.00e+00	0.00e+00	0.00e+00
 2.72367e+11	2.28e-47	2.02e-36	1.64e-26	4.99e-17	5.62e-07	1.70e-02	9.83e-01	0.00e+00	0.00e+00	0.00e+00	0.00e+00	0.00e+00	2.89e-144
 3.06682e+11	0.00e+00	0.00e+00	2.15e-26	6.12e-17	6.45e-07	1.81e-02	9.82e-01	0.00e+00	0.00e+00	0.00e+00	0.00e+00	0.00e+00	6.27e-190
 3.44885e+11	0.00e+00	4.11e-36	2.89e-26	7.65e-17	7.50e-07	1.95e-02	9.81e-01	0.00e+00	0.00e+00	0.00e+00	0.00e+00	0.00e+00	4.83e-164
 3.87464e+11	8.56e-47	6.09e-36	3.96e-26	9.69e-17	8.78e-07	2.10e-02	9.79e-01	0.00e+00	0.00e+00	0.00e+00	0.00e+00	0.00e+00	5.96e-210
 4.28115e+11	0.00e+00	0.00e+00	5.29e-26	1.20e-16	1.02e-06	2.26e-02	9.77e-01	0.00e+00	0.00e+00	0.00e+00	0.00e+00	0.00e+00	1.18e-265
 4.71536e+11	0.00e+00	1.28e-35	7.17e-26	1.51e-16	1.19e-06	2.43e-02	9.76e-01	0.00e+00	0.00e+00	0.00e+00	0.00e+00	0.00e+00	0.00e+00
 5.18609e+11	3.33e-46	1.89e-35	9.82e-26	1.92e-16	1.39e-06	2.62e-02	9.74e-01	0.00e+00	0.00e+00	0.00e+00	0.00e+00	0.00e+00	2.15e-141
 5.63584e+11	0.00e+00	0.00e+00	1.31e-25	2.39e-16	1.61e-06	2.82e-02	9.72e-01	0.00e+00	0.00e+00	0.00e+00	0.00e+00	0.00e+00	1.65e-199
 6.12073e+11	0.00e+00	3.99e-35	1.79e-25	3.00e-16	1.88e-06	3.03e-02	9.70e-01	0.00e+00	0.00e+00	0.00e+00	0.00e+00	0.00e+00	9.64e-161
 6.66483e+11	1.33e-45	6.01e-35	2.48e-25	3.85e-16	2.22e-06	3.28e-02	9.67e-01	0.00e+00	0.00e+00	0.00e+00	0.00e+00	0.00e+00	1.69e-208
 7.20296e+11	0.00e+00	8.90e-35	3.40e-25	4.88e-16	2.60e-06	3.53e-02	9.65e-01	0.00e+00	0.00e+00	0.00e+00	0.00e+00	0.00e+00	1.41e-159
 7.76262e+11	3.43e-45	1.32e-34	4.68e-25	6.19e-16	3.06e-06	3.81e-02	9.62e-01	0.00e+00	0.00e+00	0.00e+00	0.00e+00	0.00e+00	2.68e-206
 8.37239e+11	0.00e+00	2.01e-34	6.53e-25	7.96e-16	3.62e-06	4.13e-02	9.59e-01	0.00e+00	0.00e+00	0.00e+00	0.00e+00	0.00e+00	2.09e-158
 8.99123e+11	9.22e-45	3.02e-34	9.06e-25	1.02e-15	4.27e-06	4.46e-02	9.55e-01	0.00e+00	0.00e+00	0.00e+00	0.00e+00	0.00e+00	3.45e-205
 9.63481e+11	0.00e+00	4.55e-34	1.26e-24	1.30e-15	5.04e-06	4.82e-02	9.52e-01	0.00e+00	0.00e+00	0.00e+00	0.00e+00	0.00e+00	3.16e-157
 1.03195e+12	2.50e-44	6.94e-34	1.77e-24	1.68e-15	5.98e-06	5.21e-02	9.48e-01	0.00e+00	0.00e+00	0.00e+00	0.00e+00	0.00e+00	0.00e+00
 1.09611e+12	0.00e+00	1.02e-33	2.40e-24	2.11e-15	6.97e-06	5.60e-02	9.44e-01	0.00e+00	0.00e+00	0.00e+00	0.00e+00	0.00e+00	4.51e-156
 1.15443e+12	5.92e-44	1.42e-33	3.14e-24	2.58e-15	7.99e-06	5.96e-02	9.40e-01	0.00e+00	0.00e+00	0.00e+00	0.00e+00	0.00e+00	0.00e+00
 1.22125e+12	0.00e+00	2.07e-33	4.25e-24	3.24e-15	9.31e-06	6.39e-02	9.36e-01	0.00e+00	0.00e+00	0.00e+00	0.00e+00	0.00e+00	4.71e-155
 1.29917e+12	1.55e-43	3.16e-33	5.96e-24	4.17e-15	1.10e-05	6.90e-02	9.31e-01	0.00e+00	0.00e+00	0.00e+00	0.00e+00	0.00e+00	6.74e-227
 1.37763e+12	0.00e+00	4.77e-33	8.29e-24	5.35e-15	1.30e-05	7.45e-02	9.26e-01	0.00e+00	0.00e+00	0.00e+00	0.00e+00	0.00e+00	7.39e-154
 1.44634e+12	3.83e-43	6.74e-33	1.09e-23	6.57e-15	1.50e-05	7.93e-02	9.21e-01	0.00e+00	0.00e+00	0.00e+00	0.00e+00	0.00e+00	0.00e+00
 1.50654e+12	0.00e+00	9.10e-33	1.39e-23	7.87e-15	1.69e-05	8.37e-02	9.16e-01	0.00e+00	0.00e+00	0.00e+00	0.00e+00	0.00e+00	6.17e-153
 1.57512e+12	8.19e-43	1.27e-32	1.82e-23	9.61e-15	1.93e-05	8.89e-02	9.11e-01	0.00e+00	0.00e+00	0.00e+00	0.00e+00	0.00e+00	3.45e-200
 1.66111e+12	0.00e+00	1.90e-32	2.51e-23	1.22e-14	2.27e-05	9.55e-02	9.04e-01	0.00e+00	0.00e+00	0.00e+00	0.00e+00	0.00e+00	6.86e-152
 1.74889e+12	2.14e-42	2.82e-32	3.44e-23	1.55e-14	2.65e-05	1.03e-01	8.97e-01	0.00e+00	0.00e+00	0.00e+00	0.00e+00	0.00e+00	0.00e+00
 1.82466e+12	0.00e+00	3.92e-32	4.49e-23	1.89e-14	3.03e-05	1.09e-01	8.91e-01	0.00e+00	0.00e+00	0.00e+00	0.00e+00	0.00e+00	7.48e-151
 1.90571e+12	4.84e-42	5.56e-32	5.94e-23	2.33e-14	3.48e-05	1.16e-01	8.84e-01	0.00e+00	0.00e+00	0.00e+00	0.00e+00	0.00e+00	0.00e+00
 2.00551e+12	0.00e+00	8.39e-32	8.26e-23	2.97e-14	4.10e-05	1.24e-01	8.76e-01	0.00e+00	0.00e+00	0.00e+00	0.00e+00	0.00e+00	9.00e-150
 2.10602e+12	1.29e-41	1.25e-31	1.14e-22	3.77e-14	4.81e-05	1.33e-01	8.67e-01	0.00e+00	0.00e+00	0.00e+00	0.00e+00	0.00e+00	2.09e-222
 2.19427e+12	0.00e+00	1.76e-31	1.49e-22	4.62e-14	5.50e-05	1.41e-01	8.59e-01	0.00e+00	0.00e+00	0.00e+00	0.00e+00	0.00e+00	1.02e-148
 2.29030e+12	2.99e-41	2.53e-31	2.00e-22	5.74e-14	6.36e-05	1.50e-01	8.50e-01	0.00e+00	0.00e+00	0.00e+00	0.00e+00	0.00e+00	1.18e-195
 2.40643e+12	0.00e+00	3.85e-31	2.80e-22	7.37e-14	7.50e-05	1.61e-01	8.39e-01	0.00e+00	0.00e+00	0.00e+00	0.00e+00	0.00e+00	1.33e-147
 2.52356e+12	8.15e-41	5.81e-31	3.89e-22	9.40e-14	8.81e-05	1.73e-01	8.27e-01	0.00e+00	0.00e+00	0.00e+00	0.00e+00	0.00e+00	0.00e+00
 2.63022e+12	0.00e+00	8.34e-31	5.19e-22	1.17e-13	1.02e-04	1.83e-01	8.16e-01	0.00e+00	0.00e+00	0.00e+00	0.00e+00	0.00e+00	1.66e-146
 2.74841e+12	2.01e-40	1.23e-30	7.08e-22	1.47e-13	1.18e-04	1.95e-01	8.04e-01	0.00e+00	0.00e+00	0.00e+00	0.00e+00	0.00e+00	2.27e-219
 2.87655e+12	0.00e+00	1.84e-30	9.79e-22	1.86e-13	1.38e-04	2.09e-01	7.91e-01	0.00e+00	0.00e+00	0.00e+00	0.00e+00	0.00e+00	2.23e-145
 2.99908e+12	5.15e-40	2.68e-30	1.32e-21	2.33e-13	1.60e-04	2.22e-01	7.78e-01	0.00e+00	0.00e+00	0.00e+00	0.00e+00	0.00e+00	0.00e+00
 3.11899e+12	0.00e+00	3.82e-30	1.75e-21	2.87e-13	1.83e-04	2.34e-01	7.66e-01	0.00e+00	0.00e+00	0.00e+00	0.00e+00	0.00e+00	2.44e-144
 3.25404e+12	1.26e-39	5.63e-30	2.39e-21	3.60e-13	2.13e-04	2.49e-01	7.51e-01	0.00e+00	0.00e+00	0.00e+00	0.00e+00	0.00e+00	2.18e-205
 3.40181e+12	0.00e+00	8.47e-30	3.31e-21	4.58e-13	2.48e-04	2.65e-01	7.35e-01	0.00e+00	0.00e+00	0.00e+00	0.00e+00	0.00e+00	3.30e-143
 3.53690e+12	3.19e-39	1.21e-29	4.41e-21	5.65e-13	2.85e-04	2.79e-01	7.20e-01	0.00e+00	0.00e+00	0.00e+00	0.00e+00	0.00e+00	0.00e+00
 3.66289e+12	0.00e+00	1.68e-29	5.72e-21	6.84e-13	3.22e-04	2.93e-01	7.07e-01	0.00e+00	0.00e+00	0.00e+00	0.00e+00	0.00e+00	3.13e-142
 3.80622e+12	7.29e-39	2.40e-29	7.60e-21	8.43e-13	3.69e-04	3.09e-01	6.91e-01	0.00e+00	0.00e+00	0.00e+00	0.00e+00	0.00e+00	1.72e-202
 3.95816e+12	0.00e+00	3.47e-29	1.02e-20	1.04e-12	4.23e-04	3.25e-01	6.74e-01	0.00e+00	0.00e+00	0.00e+00	0.00e+00	0.00e+00	3.41e-141
 4.09058e+12	1.65e-38	4.72e-29	1.30e-20	1.25e-12	4.75e-04	3.40e-01	6.60e-01	0.00e+00	0.00e+00	0.00e+00	0.00e+00	0.00e+00	0.00e+00
 4.23200e+12	0.00e+00	6.51e-29	1.68e-20	1.51e-12	5.34e-04	3.55e-01	6.45e-01	0.00e+00	0.00e+00	0.00e+00	0.00e+00	0.00e+00	2.71e-140
 4.41313e+12	3.93e-38	9.67e-29	2.30e-20	1.90e-12	6.18e-04	3.74e-01	6.25e-01	0.00e+00	0.00e+00	0.00e+00	0.00e+00	0.00e+00	0.00e+00
 4.59960e+12	0.00e+00	1.43e-28	3.15e-20	2.38e-12	7.14e-04	3.94e-01	6.05e-01	0.00e+00	0.00e+00	0.00e+00	0.00e+00	0.00e+00	3.69e-139
 4.75894e+12	9.37e-38	1.98e-28	4.07e-20	2.87e-12	8.02e-04	4.10e-01	5.89e-01	0.00e+00	0.00e+00	0.00e+00	0.00e+00	0.00e+00	0.00e+00
 4.92931e+12	0.00e+00	2.77e-28	5.31e-20	3.48e-12	9.05e-04	4.28e-01	5.71e-01	0.00e+00	0.00e+00	0.00e+00	0.00e+00	0.00e+00	3.27e-138
 5.14108e+12	2.29e-37	4.13e-28	7.30e-20	4.38e-12	1.04e-03	4.49e-01	5.50e-01	0.00e+00	0.00e+00	0.00e+00	0.00e+00	0.00e+00	0.00e+00
 5.36076e+12	0.00e+00	6.15e-28	1.00e-19	5.50e-12	1.20e-03	4.71e-01	5.28e-01	0.00e+00	0.00e+00	0.00e+00	0.00e+00	0.00e+00	4.68e-137
 5.56141e+12	5.69e-37	8.74e-28	1.32e-19	6.72e-12	1.36e-03	4.90e-01	5.09e-01	0.00e+00	0.00e+00	0.00e+00	0.00e+00	0.00e+00	0.00e+00
 5.78320e+12	0.00e+00	1.27e-27	1.78e-19	8.31e-12	1.55e-03	5.10e-01	4.88e-01	0.00e+00	0.00e+00	0.00e+00	0.00e+00	0.00e+00	5.23e-136
 6.04170e+12	1.49e-36	1.93e-27	2.47e-19	1.05e-11	1.79e-03	5.33e-01	4.65e-01	0.00e+00	0.00e+00	0.00e+00	0.00e+00	0.00e+00	6.66e-224
 6.29846e+12	0.00e+00	2.86e-27	3.38e-19	1.32e-11	2.05e-03	5.55e-01	4.43e-01	0.00e+00	0.00e+00	0.00e+00	0.00e+00	0.00e+00	8.03e-135
 6.54549e+12	3.77e-36	4.13e-27	4.52e-19	1.62e-11	2.32e-03	5.75e-01	4.23e-01	0.00e+00	0.00e+00	0.00e+00	0.00e+00	0.00e+00	0.00e+00
 6.81722e+12	0.00e+00	6.09e-27	6.14e-19	2.02e-11	2.64e-03	5.96e-01	4.01e-01	0.00e+00	0.00e+00	0.00e+00	0.00e+00	0.00e+00	1.01e-133
 7.09920e+12	9.68e-36	8.96e-27	8.33e-19	2.51e-11	3.01e-03	6.17e-01	3.80e-01	0.00e+00	0.00e+00	0.00e+00	0.00e+00	0.00e+00	1.53e-98
 7.35443e+12	0.00e+00	1.25e-26	1.09e-18	3.03e-11	3.36e-03	6.34e-01	3.62e-01	0.00e+00	0.00e+00	0.00e+00	0.00e+00	0.00e+00	0.00e+00
 7.63409e+12	2.25e-35	1.79e-26	1.44e-18	3.69e-11	3.77e-03	6.53e-01	3.43e-01	0.00e+00	0.00e+00	0.00e+00	0.00e+00	0.00e+00	6.62e-115
 7.96296e+12	0.00e+00	2.66e-26	1.97e-18	4.62e-11	4.29e-03	6.73e-01	3.23e-01	0.00e+00	0.00e+00	0.00e+00	0.00e+00	0.00e+00	1.05e-98
 8.28686e+12	5.81e-35	3.89e-26	2.65e-18	5.71e-11	4.84e-03	6.92e-01	3.03e-01	0.00e+00	0.00e+00	0.00e+00	0.00e+00	0.00e+00	0.00e+00
 8.58772e+12	8.77e-35	5.45e-26	3.46e-18	6.88e-11	5.39e-03	7.08e-01	2.87e-01	0.00e+00	0.00e+00	0.00e+00	0.00e+00	0.00e+00	2.03e-113
 8.92516e+12	1.37e-34	7.84e-26	4.61e-18	8.42e-11	6.05e-03	7.25e-01	2.69e-01	0.00e+00	0.00e+00	0.00e+00	0.00e+00	0.00e+00	4.34e-96
 9.25954e+12	2.09e-34	1.11e-25	6.08e-18	1.02e-10	6.75e-03	7.41e-01	2.53e-01	0.00e+00	0.00e+00	0.00e+00	0.00e+00	0.00e+00	1.82e-112
 9.52052e+12	2.88e-34	1.44e-25	7.47e-18	1.18e-10	7.32e-03	7.52e-01	2.41e-01	0.00e+00	0.00e+00	0.00e+00	0.00e+00	0.00e+00	2.12e-95
 9.78792e+12	3.96e-34	1.87e-25	9.17e-18	1.37e-10	7.93e-03	7.63e-01	2.29e-01	0.00e+00	0.00e+00	0.00e+00	0.00e+00	0.00e+00	9.13e-112
 1.01355e+13	5.90e-34	2.60e-25	1.19e-17	1.64e-10	8.77e-03	7.76e-01	2.15e-01	0.00e+00	0.00e+00	0.00e+00	0.00e+00	0.00e+00	9.81e-95
 1.05045e+13	8.91e-34	3.64e-25	1.55e-17	1.97e-10	9.72e-03	7.89e-01	2.01e-01	0.00e+00	0.00e+00	0.00e+00	0.00e+00	0.00e+00	7.13e-111
 1.08249e+13	1.26e-33	4.83e-25	1.94e-17	2.31e-10	1.06e-02	7.99e-01	1.90e-01	0.00e+00	0.00e+00	0.00e+00	0.00e+00	0.00e+00	4.87e-94
 1.11652e+13	1.78e-33	6.44e-25	2.44e-17	2.71e-10	1.15e-02	8.09e-01	1.79e-01	0.00e+00	0.00e+00	0.00e+00	0.00e+00	0.00e+00	4.17e-110
 1.15996e+13	2.76e-33	9.20e-25	3.24e-17	3.30e-10	1.29e-02	8.21e-01	1.66e-01	0.00e+00	0.00e+00	0.00e+00	0.00e+00	0.00e+00	2.58e-93
 1.20421e+13	4.22e-33	1.31e-24	4.28e-17	4.01e-10	1.43e-02	8.32e-01	1.54e-01	0.00e+00	0.00e+00	0.00e+00	0.00e+00	0.00e+00	3.73e-109
 1.24130e+13	5.94e-33	1.73e-24	5.35e-17	4.68e-10	1.55e-02	8.40e-01	1.45e-01	0.00e+00	0.00e+00	0.00e+00	0.00e+00	0.00e+00	1.31e-92
 1.28052e+13	8.42e-33	2.30e-24	6.71e-17	5.49e-10	1.69e-02	8.47e-01	1.36e-01	0.00e+00	0.00e+00	0.00e+00	0.00e+00	0.00e+00	2.18e-108
 1.33024e+13	1.29e-32	3.27e-24	8.89e-17	6.67e-10	1.87e-02	8.56e-01	1.25e-01	0.00e+00	0.00e+00	0.00e+00	0.00e+00	0.00e+00	6.75e-92
 1.38199e+13	1.98e-32	4.66e-24	1.18e-16	8.12e-10	2.08e-02	8.64e-01	1.15e-01	0.00e+00	0.00e+00	0.00e+00	0.00e+00	0.00e+00	1.93e-107
 1.42765e+13	2.83e-32	6.26e-24	1.49e-16	9.58e-10	2.26e-02	8.70e-01	1.07e-01	0.00e+00	0.00e+00	0.00e+00	0.00e+00	0.00e+00	3.53e-91
 1.47702e+13	4.11e-32	8.51e-24	1.91e-16	1.14e-09	2.48e-02	8.76e-01	9.97e-02	0.00e+00	0.00e+00	0.00e+00	0.00e+00	0.00e+00	1.27e-106
 1.53652e+13	6.33e-32	1.22e-23	2.54e-16	1.39e-09	2.75e-02	8.81e-01	9.12e-02	0.00e+00	0.00e+00	0.00e+00	0.00e+00	0.00e+00	1.92e-90
 1.59309e+13	9.37e-32	1.68e-23	3.30e-16	1.67e-09	3.02e-02	8.86e-01	8.40e-02	0.00e+00	0.00e+00	0.00e+00	0.00e+00	0.00e+00	1.07e-105
 1.64007e+13	1.28e-31	2.18e-23	4.05e-16	1.92e-09	3.25e-02	8.89e-01	7.87e-02	0.00e+00	0.00e+00	0.00e+00	0.00e+00	0.00e+00	8.48e-90
 1.69070e+13	1.77e-31	2.84e-23	5.02e-16	2.23e-09	3.51e-02	8.92e-01	7.34e-02	0.00e+00	0.00e+00	0.00e+00	0.00e+00	0.00e+00	5.57e-105
 1.75520e+13	2.63e-31	3.95e-23	6.53e-16	2.68e-09	3.85e-02	8.94e-01	6.73e-02	0.00e+00	0.00e+00	0.00e+00	0.00e+00	0.00e+00	3.90e-89
 1.82294e+13	3.91e-31	5.49e-23	8.52e-16	3.23e-09	4.23e-02	8.96e-01	6.17e-02	0.00e+00	0.00e+00	0.00e+00	0.00e+00	0.00e+00	4.45e-104
 1.88100e+13	5.42e-31	7.19e-23	1.06e-15	3.75e-09	4.56e-02	8.97e-01	5.73e-02	0.00e+00	0.00e+00	0.00e+00	0.00e+00	0.00e+00	1.82e-88
 1.94127e+13	7.50e-31	9.40e-23	1.31e-15	4.36e-09	4.92e-02	8.98e-01	5.33e-02	0.00e+00	0.00e+00	0.00e+00	0.00e+00	0.00e+00	2.48e-103
 2.00647e+13	1.05e-30	1.25e-22	1.64e-15	5.10e-09	5.32e-02	8.97e-01	4.93e-02	0.00e+00	0.00e+00	0.00e+00	0.00e+00	0.00e+00	7.54e-88
 2.06473e+13	1.41e-30	1.58e-22	1.99e-15	5.83e-09	5.69e-02	8.97e-01	4.61e-02	0.00e+00	0.00e+00	0.00e+00	0.00e+00	0.00e+00	1.32e-102
 2.12709e+13	1.90e-30	2.03e-22	2.43e-15	6.68e-09	6.09e-02	8.96e-01	4.31e-02	0.00e+00	0.00e+00	0.00e+00	0.00e+00	0.00e+00	2.72e-87
 2.20709e+13	2.76e-30	2.76e-22	3.10e-15	7.91e-09	6.62e-02	8.94e-01	3.95e-02	0.00e+00	0.00e+00	0.00e+00	0.00e+00	0.00e+00	8.01e-102
 2.28920e+13	3.97e-30	3.73e-22	3.94e-15	9.34e-09	7.18e-02	8.92e-01	3.62e-02	0.00e+00	0.00e+00	0.00e+00	0.00e+00	0.00e+00	1.35e-86
 2.35875e+13	5.35e-30	4.76e-22	4.79e-15	1.07e-08	7.67e-02	8.90e-01	3.38e-02	0.00e+00	0.00e+00	0.00e+00	0.00e+00	0.00e+00	4.78e-101
 2.43278e+13	7.25e-30	6.11e-22	5.84e-15	1.22e-08	8.20e-02	8.87e-01	3.14e-02	0.00e+00	0.00e+00	0.00e+00	0.00e+00	0.00e+00	5.13e-86
 2.52562e+13	1.05e-29	8.27e-22	7.42e-15	1.44e-08	8.88e-02	8.82e-01	2.87e-02	0.00e+00	0.00e+00	0.00e+00	0.00e+00	0.00e+00	2.98e-100
 2.62305e+13	1.52e-29	1.12e-21	9.44e-15	1.70e-08	9.62e-02	8.78e-01	2.63e-02	0.00e+00	0.00e+00	0.00e+00	0.00e+00	0.00e+00	2.64e-85
 2.71232e+13	2.10e-29	1.46e-21	1.16e-14	1.96e-08	1.03e-01	8.73e-01	2.43e-02	0.00e+00	0.00e+00	0.00e+00	0.00e+00	0.00e+00	2.01e-99
 2.81085e+13	2.97e-29	1.94e-21	1.45e-14	2.28e-08	1.11e-01	8.67e-01	2.23e-02	0.00e+00	0.00e+00	0.00e+00	0.00e+00	0.00e+00	1.20e-84
 2.91841e+13	4.26e-29	2.61e-21	1.84e-14	2.68e-08	1.19e-01	8.60e-01	2.04e-02	0.00e+00	0.00e+00	0.00e+00	0.00e+00	0.00e+00	1.42e-98
 3.01629e+13	5.84e-29	3.38e-21	2.25e-14	3.07e-08	1.27e-01	8.54e-01	1.88e-02	0.00e+00	0.00e+00	0.00e+00	0.00e+00	0.00e+00	5.62e-84
 3.12211e+13	8.13e-29	4.43e-21	2.77e-14	3.54e-08	1.36e-01	8.46e-01	1.73e-02	0.00e+00	0.00e+00	0.00e+00	0.00e+00	0.00e+00	8.55e-98
 3.24705e+13	1.18e-28	6.01e-21	3.52e-14	4.16e-08	1.47e-01	8.37e-01	1.57e-02	0.00e+00	0.00e+00	0.00e+00	0.00e+00	0.00e+00	2.81e-83
 3.36931e+13	1.68e-28	8.01e-21	4.40e-14	4.83e-08	1.58e-01	8.28e-01	1.43e-02	0.00e+00	0.00e+00	0.00e+00	0.00e+00	0.00e+00	6.48e-97
 3.48061e+13	2.28e-28	1.03e-20	5.34e-14	5.50e-08	1.67e-01	8.20e-01	1.32e-02	0.00e+00	0.00e+00	0.00e+00	0.00e+00	0.00e+00	1.28e-82
 3.58621e+13	3.03e-28	1.29e-20	6.38e-14	6.20e-08	1.77e-01	8.11e-01	1.23e-02	0.00e+00	0.00e+00	0.00e+00	0.00e+00	0.00e+00	3.41e-96
 3.68490e+13	3.91e-28	1.59e-20	7.50e-14	6.90e-08	1.85e-01	8.03e-01	1.15e-02	0.00e+00	0.00e+00	0.00e+00	0.00e+00	0.00e+00	4.47e-82
 3.79362e+13	5.13e-28	1.98e-20	8.89e-14	7.73e-08	1.95e-01	7.94e-01	1.07e-02	0.00e+00	0.00e+00	0.00e+00	0.00e+00	0.00e+00	1.52e-95
 3.91521e+13	6.89e-28	2.52e-20	1.07e-13	8.76e-08	2.06e-01	7.84e-01	9.82e-03	0.00e+00	0.00e+00	0.00e+00	0.00e+00	0.00e+00	1.67e-81
 4.02910e+13	9.00e-28	3.13e-20	1.27e-13	9.78e-08	2.17e-01	7.74e-01	9.13e-03	0.00e+00	0.00e+00	0.00e+00	0.00e+00	0.00e+00	7.48e-95
 4.15275e+13	1.19e-27	3.93e-20	1.51e-13	1.10e-07	2.28e-01	7.64e-01	8.45e-03	0.00e+00	0.00e+00	0.00e+00	0.00e+00	0.00e+00	6.12e-81
 4.29156e+13	1.61e-27	5.03e-20	1.82e-13	1.25e-07	2.41e-01	7.51e-01	7.74e-03	0.00e+00	0.00e+00	0.00e+00	0.00e+00	0.00e+00	3.97e-94
 4.42213e+13	2.13e-27	6.29e-20	2.16e-13	1.39e-07	2.53e-01	7.40e-01	7.15e-03	0.00e+00	0.00e+00	0.00e+00	0.00e+00	0.00e+00	2.39e-80
 4.56390e+13	2.85e-27	7.96e-20	2.59e-13	1.57e-07	2.66e-01	7.27e-01	6.58e-03	0.00e+00	0.00e+00	0.00e+00	0.00e+00	0.00e+00	2.03e-93
 4.72322e+13	3.89e-27	1.03e-19	3.15e-13	1.79e-07	2.81e-01	7.13e-01	5.98e-03	0.00e+00	0.00e+00	0.00e+00	0.00e+00	0.00e+00	9.94e-80
 4.87374e+13	5.19e-27	1.29e-19	3.76e-13	2.00e-07	2.95e-01	7.00e-01	5.49e-03	0.00e+00	0.00e+00	0.00e+00	0.00e+00	0.00e+00	1.14e-92
 5.03781e+13	7.01e-27	1.65e-19	4.52e-13	2.26e-07	3.10e-01	6.85e-01	5.01e-03	0.00e+00	0.00e+00	0.00e+00	0.00e+00	0.00e+00	4.07e-79
 5.21977e+13	9.64e-27	2.13e-19	5.53e-13	2.57e-07	3.27e-01	6.69e-01	4.53e-03	0.00e+00	0.00e+00	0.00e+00	0.00e+00	0.00e+00	6.91e-92
 5.38739e+13	1.28e-26	2.68e-19	6.57e-13	2.88e-07	3.42e-01	6.54e-01	4.14e-03	0.00e+00	0.00e+00	0.00e+00	0.00e+00	0.00e+00	1.72e-78
 5.56771e+13	1.72e-26	3.40e-19	7.87e-13	3.23e-07	3.58e-01	6.38e-01	3.77e-03	0.00e+00	0.00e+00	0.00e+00	0.00e+00	0.00e+00	3.78e-91
 5.77003e+13	2.37e-26	4.40e-19	9.56e-13	3.66e-07	3.76e-01	6.21e-01	3.40e-03	0.00e+00	0.00e+00	0.00e+00	0.00e+00	0.00e+00	7.57e-78
 5.96107e+13	3.16e-26	5.54e-19	1.14e-12	4.11e-07	3.93e-01	6.04e-01	3.08e-03	0.00e+00	0.00e+00	0.00e+00	0.00e+00	0.00e+00	2.24e-90
 6.14205e+13	4.12e-26	6.86e-19	1.34e-12	4.55e-07	4.08e-01	5.89e-01	2.82e-03	0.00e+00	0.00e+00	0.00e+00	0.00e+00	0.00e+00	2.87e-77
 6.34981e+13	5.52e-26	8.67e-19	1.60e-12	5.09e-07	4.25e-01	5.72e-01	2.55e-03	0.00e+00	0.00e+00	0.00e+00	0.00e+00	0.00e+00	1.17e-89
 6.59809e+13	7.70e-26	1.13e-18	1.97e-12	5.81e-07	4.46e-01	5.52e-01	2.26e-03	0.00e+00	0.00e+00	0.00e+00	0.00e+00	0.00e+00	1.32e-76
 6.84078e+13	1.06e-25	1.46e-18	2.37e-12	6.54e-07	4.65e-01	5.33e-01	2.03e-03	0.00e+00	0.00e+00	0.00e+00	0.00e+00	0.00e+00	8.12e-89
 7.05752e+13	1.38e-25	1.81e-18	2.79e-12	7.24e-07	4.81e-01	5.17e-01	1.84e-03	0.00e+00	0.00e+00	0.00e+00	0.00e+00	0.00e+00	5.57e-76
 7.29877e+13	1.85e-25	2.28e-18	3.32e-12	8.07e-07	4.99e-01	4.99e-01	1.65e-03	0.00e+00	0.00e+00	0.00e+00	0.00e+00	0.00e+00	1.14e-75
 7.58534e+13	2.57e-25	2.97e-18	4.05e-12	9.13e-07	5.20e-01	4.78e-01	1.46e-03	0.00e+00	0.00e+00	0.00e+00	0.00e+00	0.00e+00	2.57e-75
 7.87106e+13	3.52e-25	3.82e-18	4.88e-12	1.02e-06	5.40e-01	4.59e-01	1.30e-03	0.00e+00	0.00e+00	0.00e+00	0.00e+00	0.00e+00	5.71e-75
 8.13822e+13	4.67e-25	4.78e-18	5.78e-12	1.13e-06	5.57e-01	4.42e-01	1.16e-03	0.00e+00	0.00e+00	0.00e+00	0.00e+00	0.00e+00	1.16e-74
 8.43674e+13	6.33e-25	6.09e-18	6.91e-12	1.27e-06	5.76e-01	4.23e-01	1.03e-03	0.00e+00	0.00e+00	0.00e+00	0.00e+00	0.00e+00	2.48e-74
 8.77720e+13	8.84e-25	7.93e-18	8.40e-12	1.43e-06	5.96e-01	4.03e-01	9.02e-04	0.00e+00	0.00e+00	0.00e+00	0.00e+00	0.00e+00	5.77e-74
 9.08769e+13	1.18e-24	9.98e-18	9.96e-12	1.58e-06	6.14e-01	3.85e-01	8.01e-04	0.00e+00	0.00e+00	0.00e+00	0.00e+00	0.00e+00	1.20e-73
 9.35127e+13	1.50e-24	1.20e-17	1.14e-11	1.72e-06	6.28e-01	3.71e-01	7.27e-04	0.00e+00	0.00e+00	0.00e+00	0.00e+00	0.00e+00	2.20e-73
 9.59875e+13	1.86e-24	1.43e-17	1.30e-11	1.85e-06	6.41e-01	3.58e-01	6.65e-04	0.00e+00	0.00e+00	0.00e+00	0.00e+00	0.00e+00	3.82e-73
 9.87661e+13	2.36e-24	1.72e-17	1.49e-11	2.00e-06	6.54e-01	3.45e-01	6.03e-04	0.00e+00	0.00e+00	0.00e+00	0.00e+00	0.00e+00	7.05e-73
 1.01885e+14	3.06e-24	2.11e-17	1.72e-11	2.19e-06	6.69e-01	3.31e-01	5.42e-04	0.00e+00	0.00e+00	0.00e+00	0.00e+00	0.00e+00	1.38e-72
 1.04843e+14	3.88e-24	2.54e-17	1.97e-11	2.36e-06	6.82e-01	3.17e-01	4.91e-04	0.00e+00	0.00e+00	0.00e+00	0.00e+00	0.00e+00	2.54e-72
 1.08084e+14	4.98e-24	3.09e-17	2.27e-11	2.57e-06	6.96e-01	3.04e-01	4.41e-04	0.00e+00	0.00e+00	0.00e+00	0.00e+00	0.00e+00	4.86e-72
 1.11680e+14	6.52e-24	3.82e-17	2.64e-11	2.81e-06	7.10e-01	2.90e-01	3.93e-04	0.00e+00	0.00e+00	0.00e+00	0.00e+00	0.00e+00	9.79e-72
 1.15049e+14	8.32e-24	4.61e-17	3.03e-11	3.03e-06	7.22e-01	2.77e-01	3.54e-04	0.00e+00	0.00e+00	0.00e+00	1.49e-17	3.13e-17	1.84e-71
 1.18737e+14	1.08e-23	5.64e-17	3.50e-11	3.29e-06	7.35e-01	2.65e-01	3.17e-04	0.00e+00	0.00e+00	0.00e+00	1.87e-17	3.77e-17	3.65e-71
 1.22895e+14	1.43e-23	7.04e-17	4.09e-11	3.60e-06	7.48e-01	2.51e-01	2.80e-04	0.00e+00	0.00e+00	0.00e+00	2.34e-17	4.70e-17	7.72e-71
 1.26883e+14	1.86e-23	8.61e-17	4.72e-11	3.90e-06	7.60e-01	2.39e-01	2.50e-04	0.00e+00	0.00e+00	0.00e+00	2.86e-17	5.76e-17	1.54e-70
 1.31285e+14	2.46e-23	1.07e-16	5.50e-11	4.25e-06	7.73e-01	2.27e-01	2.21e-04	0.00e+00	0.00e+00	0.00e+00	3.55e-17	7.14e-17	3.21e-70
 1.36144e+14	3.31e-23	1.34e-16	6.46e-11	4.65e-06	7.86e-01	2.14e-01	1.94e-04	0.00e+00	0.00e+00	0.00e+00	4.46e-17	8.98e-17	7.04e-70
 1.40642e+14	4.31e-23	1.65e-16	7.46e-11	5.03e-06	7.96e-01	2.03e-01	1.72e-04	0.00e+00	0.00e+00	0.00e+00	5.46e-17	1.10e-16	1.42e-69
 1.45531e+14	5.70e-23	2.04e-16	8.66e-11	5.46e-06	8.07e-01	1.93e-01	1.53e-04	0.00e+00	0.00e+00	0.00e+00	6.76e-17	1.36e-16	2.99e-69
 1.51036e+14	7.73e-23	2.58e-16	1.02e-10	5.96e-06	8.19e-01	1.81e-01	1.33e-04	0.00e+00	0.00e+00	0.00e+00	8.55e-17	1.72e-16	6.80e-69
 1.56281e+14	1.02e-22	3.18e-16	1.18e-10	6.46e-06	8.29e-01	1.71e-01	1.18e-04	0.00e+00	0.00e+00	0.00e+00	1.05e-16	2.12e-16	1.40e-68
 1.61284e+14	1.31e-22	3.86e-16	1.35e-10	6.95e-06	8.37e-01	1.63e-01	1.05e-04	0.00e+00	0.00e+00	0.00e+00	1.28e-16	2.58e-16	2.81e-68
 1.67035e+14	1.75e-22	4.82e-16	1.57e-10	7.52e-06	8.46e-01	1.53e-01	9.24e-05	0.00e+00	0.00e+00	0.00e+00	1.60e-16	3.22e-16	6.13e-68
 1.73706e+14	2.40e-22	6.14e-16	1.85e-10	8.22e-06	8.56e-01	1.44e-01	8.00e-05	0.00e+00	0.00e+00	0.00e+00	2.03e-16	4.10e-16	1.45e-67
 1.80236e+14	3.24e-22	7.70e-16	2.17e-10	8.93e-06	8.65e-01	1.35e-01	6.98e-05	0.00e+00	0.00e+00	0.00e+00	2.55e-16	5.15e-16	3.24e-67
 1.86418e+14	4.25e-22	9.47e-16	2.50e-10	9.63e-06	8.73e-01	1.27e-01	6.17e-05	0.00e+00	0.00e+00	0.00e+00	3.14e-16	6.33e-16	6.76e-67
 1.93295e+14	5.68e-22	1.18e-15	2.91e-10	1.04e-05	8.80e-01	1.20e-01	5.39e-05	0.00e+00	0.00e+00	0.00e+00	3.92e-16	7.90e-16	1.49e-66
 2.01057e+14	7.77e-22	1.50e-15	3.43e-10	1.14e-05	8.88e-01	1.12e-01	4.66e-05	0.00e+00	0.00e+00	0.00e+00	4.97e-16	1.00e-15	3.48e-66
 2.08877e+14	1.06e-21	1.89e-15	4.03e-10	1.24e-05	8.96e-01	1.04e-01	4.04e-05	0.00e+00	0.00e+00	0.00e+00	6.28e-16	1.27e-15	8.06e-66
 2.17010e+14	1.44e-21	2.40e-15	4.72e-10	1.34e-05	9.02e-01	9.76e-02	3.51e-05	0.00e+00	0.00e+00	0.00e+00	7.94e-16	1.60e-15	1.89e-65
 2.24324e+14	1.86e-21	2.92e-15	5.42e-10	1.44e-05	9.08e-01	9.19e-02	3.09e-05	0.00e+00	0.00e+00	0.00e+00	9.66e-16	1.95e-15	3.79e-65
 2.29930e+14	2.28e-21	3.40e-15	6.00e-10	1.52e-05	9.12e-01	8.80e-02	2.82e-05	0.00e+00	0.00e+00	0.00e+00	1.13e-15	2.27e-15	6.62e-65
 2.35821e+14	2.77e-21	3.95e-15	6.66e-10	1.60e-05	9.16e-01	8.40e-02	2.56e-05	0.00e+00	0.00e+00	0.00e+00	1.31e-15	2.64e-15	1.12e-64
 2.43479e+14	3.57e-21	4.79e-15	7.60e-10	1.72e-05	9.21e-01	7.94e-02	2.27e-05	0.00e+00	0.00e+00	0.00e+00	1.59e-15	3.20e-15	2.26e-64
 2.51836e+14	4.68e-21	5.87e-15	8.74e-10	1.84e-05	9.25e-01	7.46e-02	2.00e-05	0.00e+00	0.00e+00	0.00e+00	1.94e-15	3.92e-15	4.72e-64
 2.59444e+14	5.91e-21	7.02e-15	9.88e-10	1.96e-05	9.29e-01	7.07e-02	1.79e-05	0.00e+00	0.00e+00	0.00e+00	2.32e-15	4.69e-15	8.99e-64
 2.67677e+14	7.58e-21	8.49e-15	1.12e-09	2.09e-05	9.33e-01	6.68e-02	1.59e-05	0.00e+00	0.00e+00	0.00e+00	2.81e-15	5.68e-15	1.79e-63
 2.77792e+14	1.01e-20	1.05e-14	1.31e-09	2.27e-05	9.38e-01	6.23e-02	1.38e-05	0.00e+00	0.00e+00	0.00e+00	3.49e-15	7.05e-15	3.90e-63
 2.87889e+14	1.34e-20	1.31e-14	1.51e-09	2.44e-05	9.42e-01	5.84e-02	1.20e-05	0.00e+00	0.00e+00	0.00e+00	4.34e-15	8.77e-15	8.62e-63
 2.96777e+14	1.68e-20	1.56e-14	1.72e-09	2.60e-05	9.45e-01	5.51e-02	1.07e-05	0.00e+00	0.00e+00	0.00e+00	5.16e-15	1.04e-14	1.61e-62
 3.06560e+14	2.17e-20	1.89e-14	1.96e-09	2.78e-05	9.48e-01	5.18e-02	9.42e-06	0.00e+00	0.00e+00	0.00e+00	6.25e-15	1.27e-14	3.22e-62
 3.17606e+14	2.86e-20	2.34e-14	2.26e-09	2.99e-05	9.51e-01	4.85e-02	8.22e-06	0.00e+00	0.00e+00	0.00e+00	7.74e-15	1.57e-14	6.97e-62
 3.28099e+14	3.66e-20	2.83e-14	2.58e-09	3.20e-05	9.54e-01	4.56e-02	7.24e-06	0.00e+00	0.00e+00	0.00e+00	9.36e-15	1.89e-14	1.38e-61
 3.38031e+14	4.56e-20	3.35e-14	2.92e-09	3.41e-05	9.57e-01	4.30e-02	6.44e-06	0.00e+00	0.00e+00	0.00e+00	1.11e-14	2.24e-14	2.52e-61
 3.49428e+14	5.92e-20	4.09e-14	3.34e-09	3.65e-05	9.60e-01	4.04e-02	5.66e-06	0.00e+00	0.00e+00	0.00e+00	1.35e-14	2.74e-14	5.22e-61
 3.62236e+14	7.68e-20	5.01e-14	3.87e-09	3.94e-05	9.62e-01	3.77e-02	4.90e-06	0.00e+00	0.00e+00	0.00e+00	1.65e-14	3.35e-14	1.07e-60
 3.74350e+14	9.94e-20	6.10e-14	4.42e-09	4.21e-05	9.65e-01	3.54e-02	4.31e-06	0.00e+00	0.00e+00	0.00e+00	2.02e-14	4.09e-14	2.20e-60
 3.87572e+14	1.28e-19	7.41e-14	5.09e-09	4.54e-05	9.67e-01	3.30e-02	3.75e-06	0.00e+00	0.00e+00	0.00e+00	2.45e-14	4.97e-14	4.38e-60
 4.02215e+14	1.70e-19	9.23e-14	5.92e-09	4.89e-05	9.69e-01	3.07e-02	3.24e-06	0.00e+00	0.00e+00	0.00e+00	3.05e-14	6.18e-14	9.68e-60
 4.15809e+14	2.14e-19	1.11e-13	6.78e-09	5.25e-05	9.71e-01	2.87e-02	2.83e-06	0.00e+00	0.00e+00	0.00e+00	3.65e-14	7.42e-14	1.83e-59
 4.30585e+14	2.81e-19	1.36e-13	7.81e-09	5.64e-05	9.73e-01	2.69e-02	2.47e-06	0.00e+00	0.00e+00	0.00e+00	4.50e-14	9.14e-14	3.92e-59
 4.47130e+14	3.67e-19	1.68e-13	9.11e-09	6.11e-05	9.75e-01	2.49e-02	2.12e-06	0.00e+00	0.00e+00	0.00e+00	5.53e-14	1.12e-13	8.18e-59
 4.62700e+14	4.71e-19	2.04e-13	1.05e-08	6.56e-05	9.77e-01	2.33e-02	1.84e-06	0.00e+00	0.00e+00	0.00e+00	6.72e-14	1.37e-13	1.64e-58
 4.79494e+14	6.11e-19	2.49e-13	1.21e-08	7.06e-05	9.78e-01	2.17e-02	1.60e-06	0.00e+00	0.00e+00	0.00e+00	8.22e-14	1.67e-13	3.37e-58
 4.98216e+14	8.14e-19	3.12e-13	1.41e-08	7.65e-05	9.80e-01	2.01e-02	1.37e-06	0.00e+00	0.00e+00	0.00e+00	1.03e-13	2.09e-13	7.56e-58
 5.16139e+14	1.04e-18	3.79e-13	1.63e-08	8.24e-05	9.81e-01	1.87e-02	1.18e-06	0.00e+00	0.00e+00	0.00e+00	1.25e-13	2.54e-13	1.50e-57
 5.35266e+14	1.36e-18	4.66e-13	1.89e-08	8.88e-05	9.83e-01	1.74e-02	1.02e-06	0.00e+00	0.00e+00	0.00e+00	1.53e-13	3.13e-13	3.18e-57
 5.54930e+14	1.74e-18	5.66e-13	2.19e-08	9.59e-05	9.84e-01	1.61e-02	8.79e-07	0.00e+00	0.00e+00	0.00e+00	1.86e-13	3.80e-13	6.29e-57
 5.72132e+14	2.17e-18	6.72e-13	2.48e-08	1.02e-04	9.85e-01	1.52e-02	0.00e+00	0.00e+00	0.00e+00	0.00e+00	2.21e-13	4.51e-13	1.17e-56
 5.90644e+14	2.74e-18	8.08e-13	2.82e-08	1.09e-04	9.86e-01	1.42e-02	0.00e+00	0.00e+00	0.00e+00	0.00e+00	2.65e-13	5.42e-13	2.26e-56
 6.09902e+14	3.42e-18	9.59e-13	3.21e-08	1.17e-04	9.87e-01	1.33e-02	0.00e+00	0.00e+00	0.00e+00	0.00e+00	3.15e-13	6.44e-13	4.17e-56
 6.26057e+14	4.13e-18	1.11e-12	3.57e-08	1.23e-04	9.87e-01	1.26e-02	0.00e+00	0.00e+00	0.00e+00	0.00e+00	3.66e-13	7.49e-13	7.16e-56
 6.42986e+14	4.96e-18	1.29e-12	3.98e-08	1.30e-04	9.88e-01	1.19e-02	0.00e+00	0.00e+00	0.00e+00	0.00e+00	4.22e-13	8.64e-13	1.19e-55
 6.64994e+14	6.34e-18	1.56e-12	4.55e-08	1.40e-04	9.89e-01	1.11e-02	0.00e+00	0.00e+00	0.00e+00	0.00e+00	5.12e-13	1.05e-12	2.39e-55
 6.87839e+14	8.03e-18	1.88e-12	5.23e-08	1.50e-04	9.89e-01	1.04e-02	0.00e+00	0.00e+00	0.00e+00	0.00e+00	6.15e-13	1.26e-12	4.61e-55
 7.06973e+14	9.73e-18	2.18e-12	5.84e-08	1.59e-04	9.90e-01	9.82e-03	0.00e+00	0.00e+00	0.00e+00	0.00e+00	7.16e-13	1.47e-12	7.96e-55
 7.27051e+14	1.18e-17	2.55e-12	6.54e-08	1.68e-04	9.91e-01	9.27e-03	0.00e+00	0.00e+00	0.00e+00	0.00e+00	8.36e-13	1.71e-12	1.39e-54
 7.53153e+14	1.51e-17	3.09e-12	7.55e-08	1.81e-04	9.91e-01	8.61e-03	0.00e+00	0.00e+00	0.00e+00	0.00e+00	1.01e-12	2.08e-12	2.76e-54
 7.80424e+14	1.94e-17	3.77e-12	8.71e-08	1.95e-04	9.92e-01	8.01e-03	0.00e+00	0.00e+00	0.00e+00	0.00e+00	1.24e-12	2.54e-12	5.70e-54
 8.03834e+14	2.38e-17	4.42e-12	9.82e-08	2.08e-04	9.92e-01	7.52e-03	0.00e+00	0.00e+00	0.00e+00	0.00e+00	1.45e-12	2.97e-12	1.01e-53
 8.28888e+14	2.97e-17	5.25e-12	1.11e-07	2.21e-04	9.93e-01	7.06e-03	0.00e+00	0.00e+00	0.00e+00	0.00e+00	1.72e-12	3.53e-12	1.88e-53
 8.59924e+14	3.83e-17	6.43e-12	1.29e-07	2.39e-04	9.93e-01	6.54e-03	0.00e+00	0.00e+00	0.00e+00	0.00e+00	2.10e-12	4.33e-12	3.91e-53
 8.91596e+14	4.91e-17	7.84e-12	1.49e-07	2.58e-04	9.94e-01	6.07e-03	0.00e+00	4.05e-18	1.22e-17	2.03e-17	2.56e-12	5.28e-12	8.02e-53
 9.19727e+14	6.12e-17	9.31e-12	1.69e-07	2.75e-04	9.94e-01	5.69e-03	0.00e+00	5.06e-18	1.52e-17	2.54e-17	3.04e-12	6.26e-12	1.49e-52
 9.50398e+14	7.64e-17	1.11e-11	1.93e-07	2.95e-04	9.94e-01	5.31e-03	0.00e+00	6.32e-18	1.90e-17	3.17e-17	3.64e-12	7.50e-12	2.86e-52
 9.87104e+14	9.95e-17	1.37e-11	2.25e-07	3.19e-04	9.95e-01	4.90e-03	0.00e+00	8.23e-18	2.47e-17	4.13e-17	4.47e-12	9.22e-12	6.03e-52
 1.02341e+15	1.27e-16	1.67e-11	2.61e-07	3.44e-04	9.95e-01	4.55e-03	0.00e+00	1.05e-17	3.16e-17	5.29e-17	5.45e-12	1.12e-11	1.24e-51
 1.05623e+15	1.59e-16	1.99e-11	2.97e-07	3.68e-04	9.95e-01	4.25e-03	0.00e+00	1.32e-17	3.96e-17	6.62e-17	6.48e-12	1.34e-11	2.33e-51
 1.09275e+15	2.00e-16	2.39e-11	3.40e-07	3.95e-04	9.96e-01	3.96e-03	0.00e+00	1.66e-17	4.98e-17	8.32e-17	7.80e-12	1.61e-11	4.59e-51
 1.13567e+15	2.63e-16	2.95e-11	3.98e-07	4.29e-04	9.96e-01	3.65e-03	0.00e+00	2.18e-17	6.54e-17	1.09e-16	9.64e-12	1.99e-11	9.92e-51
 1.17802e+15	3.35e-16	3.60e-11	4.61e-07	4.64e-04	9.96e-01	3.37e-03	0.00e+00	2.77e-17	8.33e-17	1.39e-16	1.17e-11	2.43e-11	2.04e-50
 1.21768e+15	4.24e-16	4.33e-11	5.29e-07	4.98e-04	9.96e-01	3.14e-03	0.00e+00	3.52e-17	1.06e-16	1.76e-16	1.41e-11	2.92e-11	3.97e-50
 1.25207e+15	5.14e-16	5.04e-11	5.92e-07	5.29e-04	9.97e-01	2.96e-03	0.00e+00	4.27e-17	1.28e-16	2.14e-16	1.64e-11	3.40e-11	6.96e-50
 1.28060e+15	6.00e-16	5.71e-11	6.49e-07	5.55e-04	9.97e-01	2.82e-03	0.00e+00	4.98e-17	1.50e-16	2.50e-16	1.86e-11	3.85e-11	1.09e-49
 1.31221e+15	7.02e-16	6.49e-11	7.16e-07	5.85e-04	9.97e-01	2.68e-03	0.00e+00	5.83e-17	1.75e-16	2.93e-16	2.12e-11	4.38e-11	1.75e-49
 1.35330e+15	8.74e-16	7.70e-11	8.13e-07	6.25e-04	9.97e-01	2.50e-03	0.00e+00	7.26e-17	2.18e-16	3.64e-16	2.51e-11	5.19e-11	3.27e-49
 1.39636e+15	1.08e-15	9.15e-11	9.24e-07	6.69e-04	9.97e-01	2.34e-03	0.00e+00	9.01e-17	2.70e-16	4.52e-16	2.98e-11	6.17e-11	6.14e-49
 1.43305e+15	1.27e-15	1.05e-10	1.03e-06	7.08e-04	9.97e-01	2.21e-03	0.00e+00	1.06e-16	3.18e-16	5.31e-16	3.41e-11	7.06e-11	1.00e-48
 1.47181e+15	1.54e-15	1.22e-10	1.14e-06	7.51e-04	9.97e-01	2.08e-03	0.00e+00	1.28e-16	3.86e-16	6.44e-16	3.96e-11	8.20e-11	1.74e-48
 1.52218e+15	1.93e-15	1.46e-10	1.31e-06	8.08e-04	9.97e-01	1.93e-03	0.00e+00	1.61e-16	4.83e-16	8.08e-16	4.75e-11	9.83e-11	3.38e-48
 1.57411e+15	2.41e-15	1.75e-10	1.51e-06	8.70e-04	9.97e-01	1.79e-03	0.00e+00	2.00e-16	6.02e-16	1.01e-15	5.69e-11	1.18e-10	6.52e-48
 1.61719e+15	2.90e-15	2.02e-10	1.68e-06	9.23e-04	9.97e-01	1.69e-03	0.00e+00	2.42e-16	7.25e-16	1.21e-15	6.59e-11	1.36e-10	1.12e-47
 1.66233e+15	3.42e-15	2.33e-10	1.88e-06	9.80e-04	9.97e-01	1.59e-03	0.00e+00	2.85e-16	8.57e-16	1.43e-15	7.59e-11	1.57e-10	1.88e-47
 1.72100e+15	4.38e-15	2.82e-10	2.17e-06	1.06e-03	9.97e-01	1.47e-03	0.00e+00	3.65e-16	1.10e-15	1.83e-15	9.21e-11	1.90e-10	3.84e-47
 1.78261e+15	5.49e-15	3.41e-10	2.50e-06	1.15e-03	9.97e-01	1.36e-03	0.00e+00	4.59e-16	1.38e-15	2.30e-15	1.11e-10	2.30e-10	7.64e-47
 1.83559e+15	6.66e-15	3.99e-10	2.82e-06	1.22e-03	9.98e-01	1.27e-03	0.00e+00	5.57e-16	1.67e-15	2.79e-15	1.30e-10	2.69e-10	1.37e-46
 1.89201e+15	7.93e-15	4.64e-10	3.18e-06	1.31e-03	9.97e-01	1.19e-03	0.00e+00	6.64e-16	1.99e-15	3.33e-15	1.51e-10	3.13e-10	2.39e-46
 1.96240e+15	1.03e-14	5.70e-10	3.70e-06	1.42e-03	9.97e-01	1.09e-03	0.00e+00	8.62e-16	2.59e-15	4.32e-15	1.86e-10	3.84e-10	5.13e-46
 2.03472e+15	1.29e-14	6.90e-10	4.29e-06	1.55e-03	9.97e-01	1.01e-03	0.00e+00	1.09e-15	3.26e-15	5.45e-15	2.25e-10	4.65e-10	1.04e-45
 2.09856e+15	1.54e-14	8.05e-10	4.86e-06	1.65e-03	9.97e-01	9.38e-04	0.00e+00	1.30e-15	3.89e-15	6.51e-15	2.63e-10	5.42e-10	1.84e-45
 2.16762e+15	1.95e-14	9.67e-10	5.54e-06	1.78e-03	9.97e-01	8.70e-04	0.00e+00	1.64e-15	4.91e-15	8.21e-15	3.16e-10	6.51e-10	3.67e-45
 2.25080e+15	2.45e-14	1.18e-09	6.46e-06	1.94e-03	9.97e-01	7.97e-04	0.00e+00	2.06e-15	6.19e-15	1.03e-14	3.84e-10	7.92e-10	7.61e-45
 2.33357e+15	3.10e-14	1.43e-09	7.48e-06	2.11e-03	9.97e-01	7.33e-04	0.00e+00	2.61e-15	7.85e-15	1.31e-14	4.67e-10	9.62e-10	1.58e-44
 2.40788e+15	3.73e-14	1.68e-09	8.49e-06	2.27e-03	9.97e-01	6.81e-04	0.00e+00	3.15e-15	9.46e-15	1.58e-14	5.49e-10	1.13e-09	2.89e-44
 2.48996e+15	4.60e-14	2.00e-09	9.73e-06	2.45e-03	9.97e-01	6.30e-04	0.00e+00	3.89e-15	1.17e-14	1.95e-14	6.55e-10	1.35e-09	5.63e-44
 2.58709e+15	5.87e-14	2.46e-09	1.14e-05	2.67e-03	9.97e-01	5.77e-04	0.00e+00	4.97e-15	1.49e-14	2.49e-14	8.04e-10	1.65e-09	1.22e-43
 2.66954e+15	7.15e-14	2.90e-09	1.29e-05	2.87e-03	9.97e-01	5.36e-04	0.00e+00	6.06e-15	1.82e-14	3.04e-14	9.50e-10	1.95e-09	2.29e-43
 2.72622e+15	8.22e-14	3.26e-09	1.40e-05	3.01e-03	9.96e-01	5.11e-04	0.00e+00	6.98e-15	2.09e-14	3.50e-14	1.07e-09	2.19e-09	3.55e-43
 2.78366e+15	9.37e-14	3.64e-09	1.53e-05	3.16e-03	9.96e-01	4.86e-04	0.00e+00	7.95e-15	2.39e-14	3.99e-14	1.19e-09	2.45e-09	5.41e-43
 2.85833e+15	1.08e-13	4.14e-09	1.70e-05	3.35e-03	9.96e-01	4.58e-04	0.00e+00	9.15e-15	2.75e-14	4.59e-14	1.35e-09	2.78e-09	8.73e-43
 2.94208e+15	1.32e-13	4.88e-09	1.91e-05	3.58e-03	9.96e-01	4.27e-04	0.00e+00	1.12e-14	3.37e-14	5.62e-14	1.60e-09	3.28e-09	1.68e-42
 3.02073e+15	1.52e-13	5.55e-09	2.12e-05	3.80e-03	9.96e-01	4.02e-04	0.00e+00	1.29e-14	3.88e-14	6.48e-14	1.82e-09	3.73e-09	2.76e-42
 3.10607e+15	1.84e-13	6.51e-09	2.37e-05	4.06e-03	9.96e-01	3.76e-04	0.00e+00	1.57e-14	4.71e-14	7.86e-14	2.14e-09	4.38e-09	5.28e-42
 3.20080e+15	2.16e-13	7.55e-09	2.67e-05	4.34e-03	9.95e-01	3.51e-04	0.00e+00	1.85e-14	5.54e-14	9.25e-14	2.48e-09	5.07e-09	9.29e-42
 3.28945e+15	2.62e-13	8.87e-09	2.99e-05	4.63e-03	9.95e-01	3.29e-04	0.00e+00	2.24e-14	6.73e-14	1.12e-13	2.91e-09	5.96e-09	1.77e-41
 3.38641e+15	3.06e-13	1.02e-08	3.35e-05	4.94e-03	9.95e-01	3.08e-04	0.00e+00	2.62e-14	7.85e-14	1.31e-13	3.35e-09	6.86e-09	3.05e-41
 3.49501e+15	3.80e-13	1.23e-08	3.81e-05	5.31e-03	9.94e-01	2.85e-04	0.00e+00	3.25e-14	9.76e-14	1.63e-13	4.03e-09	8.24e-09	6.32e-41
 3.59716e+15	4.42e-13	1.41e-08	4.27e-05	5.67e-03	9.94e-01	2.67e-04	0.00e+00	3.79e-14	1.14e-13	1.90e-13	4.64e-09	9.49e-09	1.09e-40
 3.70836e+15	5.38e-13	1.68e-08	4.83e-05	6.08e-03	9.94e-01	2.48e-04	0.00e+00	4.62e-14	1.39e-13	2.32e-13	5.52e-09	1.13e-08	2.16e-40
 3.83321e+15	6.56e-13	2.01e-08	5.51e-05	6.56e-03	9.93e-01	2.29e-04	0.00e+00	5.64e-14	1.69e-13	2.83e-13	6.60e-09	1.35e-08	4.25e-40
 3.95229e+15	7.93e-13	2.37e-08	6.23e-05	7.02e-03	9.93e-01	2.14e-04	0.00e+00	6.82e-14	2.05e-13	3.42e-13	7.81e-09	1.59e-08	8.15e-40
 4.08357e+15	9.64e-13	2.83e-08	7.10e-05	7.57e-03	9.92e-01	1.98e-04	0.00e+00	8.31e-14	2.49e-13	4.16e-13	9.32e-09	1.90e-08	1.61e-39
 4.23137e+15	1.19e-12	3.43e-08	8.19e-05	8.21e-03	9.92e-01	1.82e-04	0.00e+00	1.03e-13	3.08e-13	5.14e-13	1.13e-08	2.30e-08	3.42e-39
 4.37222e+15	1.46e-12	4.12e-08	9.34e-05	8.83e-03	9.91e-01	1.68e-04	0.00e+00	1.26e-13	3.78e-13	6.30e-13	1.36e-08	2.76e-08	6.86e-39
 4.52692e+15	1.79e-12	4.98e-08	1.07e-04	9.55e-03	9.90e-01	1.55e-04	0.00e+00	1.55e-13	4.65e-13	7.76e-13	1.64e-08	3.34e-08	1.43e-38
 4.69801e+15	2.25e-12	6.14e-08	1.25e-04	1.04e-02	9.89e-01	1.42e-04	0.00e+00	1.95e-13	5.87e-13	9.79e-13	2.02e-08	4.12e-08	3.22e-38
 4.85651e+15	2.73e-12	7.35e-08	1.42e-04	1.12e-02	9.89e-01	1.31e-04	0.00e+00	2.37e-13	7.12e-13	1.19e-12	2.42e-08	4.93e-08	6.33e-38
 5.02870e+15	3.41e-12	8.98e-08	1.64e-04	1.21e-02	9.88e-01	1.21e-04	0.00e+00	2.96e-13	8.89e-13	1.48e-12	2.96e-08	6.02e-08	1.37e-37
 5.22131e+15	4.20e-12	1.09e-07	1.91e-04	1.32e-02	9.87e-01	1.11e-04	0.00e+00	3.65e-13	1.10e-12	1.83e-12	3.58e-08	7.27e-08	2.70e-37
 5.37721e+15	4.97e-12	1.28e-07	2.15e-04	1.41e-02	9.86e-01	1.03e-04	0.00e+00	4.33e-13	1.30e-12	2.17e-12	4.23e-08	8.59e-08	5.01e-37
 5.48873e+15	5.70e-12	1.47e-07	2.33e-04	1.47e-02	9.85e-01	9.83e-05	0.00e+00	4.97e-13	1.49e-12	2.49e-12	4.84e-08	9.81e-08	8.32e-37
 5.60577e+15	6.53e-12	1.65e-07	2.54e-04	1.55e-02	9.84e-01	9.35e-05	0.00e+00	5.70e-13	1.71e-12	2.85e-12	5.46e-08	1.11e-07	1.30e-36
 5.75792e+15	7.60e-12	1.89e-07	2.83e-04	1.64e-02	9.83e-01	8.79e-05	0.00e+00	6.64e-13	1.99e-12	3.33e-12	6.25e-08	1.27e-07	2.13e-36
 5.92770e+15	9.19e-12	2.27e-07	3.19e-04	1.75e-02	9.82e-01	8.19e-05	0.00e+00	8.04e-13	2.41e-12	4.02e-12	7.49e-08	1.52e-07	4.17e-36
 6.08527e+15	1.07e-11	2.60e-07	3.55e-04	1.86e-02	9.81e-01	7.71e-05	0.00e+00	9.38e-13	2.81e-12	4.70e-12	8.58e-08	1.74e-07	6.69e-36
 6.25495e+15	1.28e-11	3.08e-07	3.97e-04	1.98e-02	9.80e-01	7.20e-05	0.00e+00	1.12e-12	3.36e-12	5.60e-12	1.02e-07	2.06e-07	1.27e-35
 6.44391e+15	1.55e-11	3.66e-07	4.49e-04	2.12e-02	9.78e-01	6.72e-05	0.00e+00	1.36e-12	4.07e-12	6.79e-12	1.21e-07	2.45e-07	2.35e-35
 6.62080e+15	1.81e-11	4.25e-07	5.02e-04	2.25e-02	9.77e-01	6.30e-05	0.00e+00	1.59e-12	4.77e-12	7.95e-12	1.41e-07	2.85e-07	3.90e-35
 6.81360e+15	2.17e-11	4.96e-07	5.64e-04	2.40e-02	9.75e-01	5.89e-05	0.00e+00	1.90e-12	5.71e-12	9.52e-12	1.64e-07	3.32e-07	6.68e-35
 7.02979e+15	2.64e-11	6.04e-07	6.42e-04	2.58e-02	9.74e-01	5.46e-05	0.00e+00	2.33e-12	6.98e-12	1.16e-11	2.00e-07	4.04e-07	1.36e-34
 7.23237e+15	3.20e-11	7.15e-07	7.23e-04	2.74e-02	9.72e-01	5.11e-05	0.00e+00	2.81e-12	8.44e-12	1.41e-11	2.37e-07	4.78e-07	2.44e-34
 7.45170e+15	3.85e-11	8.47e-07	8.19e-04	2.93e-02	9.70e-01	4.76e-05	0.00e+00	3.39e-12	1.02e-11	1.70e-11	2.80e-07	5.67e-07	4.31e-34
 7.69718e+15	4.73e-11	1.01e-06	9.37e-04	3.15e-02	9.67e-01	4.41e-05	0.00e+00	4.17e-12	1.25e-11	2.09e-11	3.34e-07	6.76e-07	7.78e-34
 7.92976e+15	5.81e-11	1.23e-06	1.06e-03	3.38e-02	9.65e-01	4.10e-05	0.00e+00	5.13e-12	1.54e-11	2.57e-11	4.07e-07	8.22e-07	1.54e-33
 8.15132e+15	6.98e-11	1.45e-06	1.19e-03	3.60e-02	9.63e-01	3.85e-05	0.00e+00	6.17e-12	1.85e-11	3.09e-11	4.80e-07	9.69e-07	2.67e-33
 8.40544e+15	8.52e-11	1.73e-06	1.36e-03	3.85e-02	9.60e-01	3.58e-05	0.00e+00	7.53e-12	2.26e-11	3.77e-11	5.73e-07	1.16e-06	4.73e-33
 8.68378e+15	1.06e-10	2.07e-06	1.56e-03	4.15e-02	9.57e-01	3.32e-05	0.00e+00	9.35e-12	2.80e-11	4.68e-11	6.87e-07	1.39e-06	8.44e-33
 8.94385e+15	1.30e-10	2.53e-06	1.78e-03	4.45e-02	9.54e-01	3.09e-05	0.00e+00	1.15e-11	3.46e-11	5.77e-11	8.40e-07	1.69e-06	1.66e-32
 9.18984e+15	1.56e-10	2.98e-06	2.00e-03	4.73e-02	9.51e-01	2.90e-05	0.00e+00	1.38e-11	4.14e-11	6.91e-11	9.88e-07	1.99e-06	2.76e-32
 9.46727e+15	1.92e-10	3.57e-06	2.28e-03	5.07e-02	9.47e-01	2.70e-05	0.00e+00	1.70e-11	5.10e-11	8.52e-11	1.18e-06	2.38e-06	4.82e-32
 9.77697e+15	2.40e-10	4.29e-06	2.62e-03	5.46e-02	9.43e-01	2.51e-05	0.00e+00	2.13e-11	6.39e-11	1.07e-10	1.42e-06	2.86e-06	8.43e-32
 1.00643e+16	2.96e-10	5.24e-06	2.99e-03	5.86e-02	9.38e-01	2.34e-05	0.00e+00	2.63e-11	7.90e-11	1.32e-10	1.74e-06	3.51e-06	1.62e-31
 1.02979e+16	3.47e-10	6.04e-06	3.31e-03	6.18e-02	9.35e-01	2.22e-05	0.00e+00	3.09e-11	9.27e-11	1.55e-10	2.00e-06	4.04e-06	2.47e-31
 1.05260e+16	4.07e-10	6.95e-06	3.66e-03	6.52e-02	9.31e-01	2.11e-05	0.00e+00	3.62e-11	1.09e-10	1.81e-10	2.30e-06	4.64e-06	3.78e-31
 1.08224e+16	5.00e-10	8.16e-06	4.16e-03	6.96e-02	9.26e-01	1.98e-05	0.00e+00	4.46e-11	1.34e-10	2.23e-10	2.71e-06	5.45e-06	5.99e-31
 1.11302e+16	6.14e-10	9.94e-06	4.75e-03	7.46e-02	9.21e-01	1.85e-05	0.00e+00	5.48e-11	1.64e-10	2.74e-10	3.30e-06	6.64e-06	1.10e-30
 1.13810e+16	7.22e-10	1.14e-05	5.26e-03	7.88e-02	9.16e-01	1.76e-05	0.00e+00	6.45e-11	1.93e-10	3.22e-10	3.79e-06	7.64e-06	1.62e-30
 1.16355e+16	8.59e-10	1.31e-05	5.85e-03	8.32e-02	9.11e-01	1.67e-05	0.00e+00	7.67e-11	2.30e-10	3.84e-10	4.35e-06	8.76e-06	2.40e-30
 1.19664e+16	1.07e-09	1.61e-05	6.73e-03	8.96e-02	9.04e-01	1.56e-05	0.00e+00	9.60e-11	2.88e-10	4.80e-10	5.35e-06	1.08e-05	4.51e-30
 1.22892e+16	1.32e-09	1.92e-05	7.66e-03	9.57e-02	8.97e-01	1.47e-05	0.00e+00	1.18e-10	3.53e-10	5.89e-10	6.36e-06	1.28e-05	7.20e-30
 1.25473e+16	1.56e-09	2.19e-05	8.50e-03	1.01e-01	8.91e-01	1.41e-05	0.00e+00	1.39e-10	4.18e-10	6.98e-10	7.26e-06	1.46e-05	1.04e-29
 1.28288e+16	1.87e-09	2.55e-05	9.53e-03	1.07e-01	8.83e-01	1.34e-05	0.00e+00	1.67e-10	5.01e-10	8.36e-10	8.47e-06	1.70e-05	1.59e-29
 1.31948e+16	2.43e-09	3.22e-05	1.11e-02	1.16e-01	8.73e-01	1.25e-05	0.00e+00	2.18e-10	6.53e-10	1.09e-09	1.07e-05	2.15e-05	3.20e-29
 1.35495e+16	3.03e-09	3.89e-05	1.28e-02	1.25e-01	8.63e-01	1.18e-05	0.00e+00	2.72e-10	8.17e-10	1.36e-09	1.29e-05	2.60e-05	5.36e-29
 1.38178e+16	3.56e-09	4.49e-05	1.42e-02	1.31e-01	8.54e-01	1.13e-05	0.00e+00	3.20e-10	9.60e-10	1.60e-09	1.49e-05	3.00e-05	7.82e-29
 1.40950e+16	4.30e-09	5.26e-05	1.60e-02	1.39e-01	8.45e-01	1.08e-05	0.00e+00	3.87e-10	1.16e-09	1.94e-09	1.75e-05	3.51e-05	1.21e-28
 1.44554e+16	5.48e-09	6.28e-05	1.85e-02	1.50e-01	8.32e-01	1.02e-05	0.00e+00	4.93e-10	1.48e-09	2.47e-09	2.09e-05	4.19e-05	1.90e-28
