#depth	He	He+	He+2
 1.49634e+10	6.67e-24	8.75e-13	1.00e+00
 4.54887e+10	7.43e-24	9.46e-13	1.00e+00
 7.72350e+10	8.21e-24	1.02e-12	1.00e+00
 1.10251e+11	9.08e-24	1.11e-12	1.00e+00
 1.41143e+11	9.94e-24	1.19e-12	1.00e+00
 1.68506e+11	1.07e-23	1.26e-12	1.00e+00
 1.99105e+11	1.17e-23	1.35e-12	1.00e+00
 2.35692e+11	1.28e-23	1.45e-12	1.00e+00
 2.72299e+11	1.41e-23	1.56e-12	1.00e+00
 3.06030e+11	1.53e-23	1.67e-12	1.00e+00
 3.43785e+11	1.67e-23	1.79e-12	1.00e+00
 3.87391e+11	1.85e-23	1.94e-12	1.00e+00
 4.29958e+11	2.04e-23	2.09e-12	1.00e+00
 4.70463e+11	2.22e-23	2.23e-12	1.00e+00
 5.15444e+11	2.44e-23	2.40e-12	1.00e+00
 5.65988e+11	2.71e-23	2.60e-12	1.00e+00
 6.16947e+11	2.99e-23	2.81e-12	1.00e+00
 6.69945e+11	3.31e-23	3.03e-12	1.00e+00
 7.26669e+11	3.67e-23	3.28e-12	1.00e+00
 7.85663e+11	4.08e-23	3.56e-12	1.00e+00
 8.47016e+11	4.54e-23	3.85e-12	1.00e+00
 9.10823e+11	5.06e-23	4.17e-12	1.00e+00
 9.77183e+11	5.64e-23	4.51e-12	1.00e+00
 1.04620e+12	6.29e-23	4.89e-12	1.00e+00
 1.11797e+12	7.03e-23	5.30e-12	1.00e+00
 1.19262e+12	7.87e-23	5.74e-12	1.00e+00
 1.27025e+12	8.82e-23	6.22e-12	1.00e+00
 1.35099e+12	9.89e-23	6.74e-12	1.00e+00
 1.42914e+12	1.10e-22	7.26e-12	1.00e+00
 1.50063e+12	1.22e-22	7.76e-12	1.00e+00
 1.57994e+12	1.35e-22	8.34e-12	1.00e+00
 1.67224e+12	1.52e-22	9.03e-12	1.00e+00
 1.76365e+12	1.71e-22	9.75e-12	1.00e+00
 1.85150e+12	1.90e-22	1.05e-11	1.00e+00
 1.94826e+12	2.13e-22	1.13e-11	1.00e+00
 2.05612e+12	2.42e-22	1.23e-11	1.00e+00
 2.16573e+12	2.74e-22	1.33e-11	1.00e+00
 2.27973e+12	3.11e-22	1.44e-11	1.00e+00
 2.40084e+12	3.54e-22	1.56e-11	1.00e+00
 2.52681e+12	4.04e-22	1.70e-11	1.00e+00
 2.65780e+12	4.61e-22	1.84e-11	1.00e+00
 2.79404e+12	5.28e-22	2.00e-11	1.00e+00
 2.93573e+12	6.04e-22	2.18e-11	1.00e+00
 3.08309e+12	6.93e-22	2.37e-11	1.00e+00
 3.22135e+12	7.87e-22	2.56e-11	1.00e+00
 3.34451e+12	8.76e-22	2.73e-11	1.00e+00
 3.48258e+12	9.85e-22	2.94e-11	1.00e+00
 3.64680e+12	1.13e-21	3.19e-11	1.00e+00
 3.81212e+12	1.30e-21	3.46e-11	1.00e+00
 3.96660e+12	1.46e-21	3.72e-11	1.00e+00
 4.13774e+12	1.66e-21	4.02e-11	1.00e+00
 4.33318e+12	1.93e-21	4.39e-11	1.00e+00
 4.52732e+12	2.22e-21	4.77e-11	1.00e+00
 4.72923e+12	2.55e-21	5.19e-11	1.00e+00
 4.94833e+12	2.96e-21	5.67e-11	1.00e+00
 5.17128e+12	3.42e-21	6.18e-11	1.00e+00
 5.37889e+12	3.90e-21	6.68e-11	1.00e+00
 5.57054e+12	4.38e-21	7.17e-11	1.00e+00
 5.78977e+12	4.98e-21	7.76e-11	1.00e+00
 6.04692e+12	5.78e-21	8.49e-11	1.00e+00
 6.30169e+12	6.66e-21	9.24e-11	1.00e+00
 6.54027e+12	7.56e-21	9.99e-11	1.00e+00
 6.80543e+12	8.65e-21	1.09e-10	1.00e+00
 7.10757e+12	1.01e-20	1.19e-10	1.00e+00
 7.40531e+12	1.16e-20	1.30e-10	1.00e+00
 7.71496e+12	1.34e-20	1.43e-10	1.00e+00
 8.05349e+12	1.55e-20	1.57e-10	1.00e+00
 8.39407e+12	1.79e-20	1.72e-10	1.00e+00
 8.74827e+12	2.07e-20	1.89e-10	1.00e+00
 9.12813e+12	2.40e-20	2.08e-10	1.00e+00
 9.50561e+12	2.76e-20	2.29e-10	1.00e+00
 9.89820e+12	3.16e-20	2.51e-10	1.00e+00
 1.03241e+13	3.65e-20	2.77e-10	1.00e+00
 1.07669e+13	4.21e-20	3.06e-10	1.00e+00
 1.12275e+13	4.85e-20	3.39e-10	1.00e+00
 1.17066e+13	5.57e-20	3.75e-10	1.00e+00
 1.21391e+13	6.29e-20	4.09e-10	1.00e+00
 1.24981e+13	6.91e-20	4.39e-10	1.00e+00
 1.28909e+13	7.63e-20	4.74e-10	1.00e+00
 1.33901e+13	8.62e-20	5.21e-10	1.00e+00
 1.39118e+13	9.75e-20	5.73e-10	1.00e+00
 1.43723e+13	1.08e-19	6.22e-10	1.00e+00
 1.47989e+13	1.18e-19	6.69e-10	1.00e+00
 1.52829e+13	1.31e-19	7.25e-10	1.00e+00
 1.58825e+13	1.47e-19	7.99e-10	1.00e+00
 1.64812e+13	1.65e-19	8.78e-10	1.00e+00
 1.69949e+13	1.81e-19	9.49e-10	1.00e+00
 1.75494e+13	2.00e-19	1.03e-09	1.00e+00
 1.82351e+13	2.24e-19	1.13e-09	1.00e+00
 1.89395e+13	2.51e-19	1.25e-09	1.00e+00
 1.95773e+13	2.78e-19	1.36e-09	1.00e+00
 2.02801e+13	3.09e-19	1.48e-09	1.00e+00
 2.11059e+13	3.50e-19	1.64e-09	1.00e+00
 2.19304e+13	3.95e-19	1.81e-09	1.00e+00
 2.27152e+13	4.43e-19	1.97e-09	1.00e+00
 2.35811e+13	5.00e-19	2.16e-09	1.00e+00
 2.45543e+13	5.73e-19	2.39e-09	1.00e+00
 2.54304e+13	6.46e-19	2.61e-09	1.00e+00
 2.61541e+13	7.13e-19	2.79e-09	1.00e+00
 2.69448e+13	7.92e-19	3.01e-09	1.00e+00
 2.79545e+13	9.05e-19	3.29e-09	1.00e+00
 2.89733e+13	1.03e-18	3.59e-09	1.00e+00
 2.98162e+13	1.15e-18	3.85e-09	1.00e+00
 3.07062e+13	1.29e-18	4.13e-09	1.00e+00
 3.18484e+13	1.49e-18	4.52e-09	1.00e+00
 3.30458e+13	1.72e-18	4.94e-09	1.00e+00
 3.40944e+13	1.95e-18	5.32e-09	1.00e+00
 3.52221e+13	2.23e-18	5.75e-09	1.00e+00
 3.65917e+13	2.61e-18	6.30e-09	1.00e+00
 3.79168e+13	3.02e-18	6.86e-09	1.00e+00
 3.90311e+13	3.42e-18	7.35e-09	1.00e+00
 4.02302e+13	3.88e-18	7.89e-09	1.00e+00
 4.17411e+13	4.55e-18	8.61e-09	1.00e+00
 4.32931e+13	5.33e-18	9.38e-09	1.00e+00
 4.46437e+13	6.08e-18	1.01e-08	1.00e+00
 4.60964e+13	6.99e-18	1.09e-08	1.00e+00
 4.78708e+13	8.25e-18	1.19e-08	1.00e+00
 4.96557e+13	9.69e-18	1.29e-08	1.00e+00
 5.12482e+13	1.11e-17	1.39e-08	1.00e+00
 5.29981e+13	1.29e-17	1.50e-08	1.00e+00
 5.50819e+13	1.53e-17	1.64e-08	1.00e+00
 5.71637e+13	1.80e-17	1.78e-08	1.00e+00
 5.90985e+13	2.09e-17	1.92e-08	1.00e+00
 6.12622e+13	2.43e-17	2.08e-08	1.00e+00
 6.37426e+13	2.90e-17	2.28e-08	1.00e+00
 6.62001e+13	3.43e-17	2.48e-08	1.00e+00
 6.87559e+13	4.04e-17	2.70e-08	1.00e+00
 7.15360e+13	4.81e-17	2.95e-08	1.00e+00
 7.44274e+13	5.70e-17	3.21e-08	1.00e+00
 7.71668e+13	6.67e-17	3.48e-08	1.00e+00
 7.96314e+13	7.64e-17	3.73e-08	1.00e+00
 8.19435e+13	8.66e-17	3.97e-08	1.00e+00
 8.45027e+13	9.87e-17	4.24e-08	1.00e+00
 8.73749e+13	1.14e-16	4.56e-08	1.00e+00
 9.01085e+13	1.30e-16	4.87e-08	1.00e+00
 9.31169e+13	1.49e-16	5.23e-08	1.00e+00
 9.64748e+13	1.73e-16	5.64e-08	1.00e+00
 9.95758e+13	1.98e-16	6.03e-08	1.00e+00
 1.02452e+14	2.23e-16	6.40e-08	1.00e+00
 1.05746e+14	2.55e-16	6.84e-08	1.00e+00
 1.09775e+14	2.97e-16	7.40e-08	1.00e+00
 1.13791e+14	3.46e-16	7.98e-08	1.00e+00
 1.17285e+14	3.91e-16	8.49e-08	1.00e+00
 1.21069e+14	4.45e-16	9.07e-08	1.00e+00
 1.25687e+14	5.18e-16	9.79e-08	1.00e+00
 1.30392e+14	6.03e-16	1.06e-07	1.00e+00
 1.34649e+14	6.86e-16	1.13e-07	1.00e+00
 1.39320e+14	7.86e-16	1.21e-07	1.00e+00
 1.44814e+14	9.17e-16	1.30e-07	1.00e+00
 1.50291e+14	1.07e-15	1.41e-07	1.00e+00
 1.55450e+14	1.22e-15	1.50e-07	1.00e+00
 1.61161e+14	1.40e-15	1.62e-07	1.00e+00
 1.67637e+14	1.64e-15	1.75e-07	1.00e+00
 1.74118e+14	1.90e-15	1.89e-07	1.00e+00
 1.80859e+14	2.21e-15	2.03e-07	1.00e+00
 1.88123e+14	2.57e-15	2.20e-07	1.00e+00
 1.95678e+14	3.00e-15	2.37e-07	1.00e+00
 2.02977e+14	3.47e-15	2.55e-07	1.00e+00
 2.09824e+14	3.94e-15	2.72e-07	1.00e+00
 2.16292e+14	4.43e-15	2.89e-07	1.00e+00
 2.23348e+14	5.02e-15	3.08e-07	1.00e+00
 2.31183e+14	5.74e-15	3.30e-07	1.00e+00
 2.38519e+14	6.47e-15	3.51e-07	1.00e+00
 2.46546e+14	7.36e-15	3.74e-07	1.00e+00
 2.55565e+14	8.47e-15	4.02e-07	1.00e+00
 2.64190e+14	9.65e-15	4.30e-07	1.00e+00
 2.73715e+14	1.11e-14	4.61e-07	1.00e+00
 2.84440e+14	1.28e-14	4.97e-07	1.00e+00
 2.94718e+14	1.48e-14	5.34e-07	1.00e+00
 3.05660e+14	1.70e-14	5.74e-07	1.00e+00
 3.17917e+14	1.98e-14	6.21e-07	1.00e+00
 3.29236e+14	2.26e-14	6.65e-07	1.00e+00
 3.39037e+14	2.55e-14	7.07e-07	1.00e+00
 3.49913e+14	2.87e-14	7.53e-07	1.00e+00
 3.63197e+14	3.33e-14	8.13e-07	1.00e+00
 3.76643e+14	3.83e-14	8.75e-07	1.00e+00
 3.88720e+14	4.33e-14	9.33e-07	1.00e+00
 4.01984e+14	4.92e-14	9.97e-07	1.00e+00
 4.17686e+14	5.72e-14	1.08e-06	1.00e+00
 4.33110e+14	6.59e-14	1.16e-06	1.00e+00
 4.47170e+14	7.44e-14	1.24e-06	1.00e+00
 4.62903e+14	8.50e-14	1.33e-06	1.00e+00
 4.81246e+14	9.89e-14	1.44e-06	1.00e+00
 4.99269e+14	1.14e-13	1.55e-06	1.00e+00
 5.16303e+14	1.29e-13	1.66e-06	1.00e+00
 5.35274e+14	1.49e-13	1.79e-06	1.00e+00
 5.56715e+14	1.72e-13	1.94e-06	1.00e+00
 5.78194e+14	1.99e-13	2.10e-06	1.00e+00
 5.98239e+14	2.26e-13	2.24e-06	1.00e+00
 6.19905e+14	2.58e-13	2.41e-06	1.00e+00
 6.44204e+14	2.97e-13	2.61e-06	1.00e+00
 6.66853e+14	3.38e-13	2.80e-06	1.00e+00
 6.87784e+14	3.79e-13	2.98e-06	1.00e+00
 7.07989e+14	4.22e-13	3.16e-06	1.00e+00
 7.30514e+14	4.73e-13	3.37e-06	1.00e+00
 7.55425e+14	5.36e-13	3.61e-06	1.00e+00
 7.78455e+14	5.97e-13	3.83e-06	1.00e+00
 8.03413e+14	6.70e-13	4.09e-06	1.00e+00
 8.31627e+14	7.58e-13	4.39e-06	1.00e+00
 8.58682e+14	8.51e-13	4.68e-06	1.00e+00
 8.88462e+14	9.61e-13	5.02e-06	1.00e+00
 9.21173e+14	1.09e-12	5.40e-06	1.00e+00
 9.51234e+14	1.23e-12	5.77e-06	1.00e+00
 9.83854e+14	1.38e-12	6.18e-06	1.00e+00
 1.02033e+15	1.57e-12	6.65e-06	1.00e+00
 1.05469e+15	1.76e-12	7.12e-06	1.00e+00
 1.09222e+15	1.99e-12	7.65e-06	1.00e+00
 1.13388e+15	2.27e-12	8.27e-06	1.00e+00
 1.17257e+15	2.56e-12	8.85e-06	1.00e+00
 1.21448e+15	2.88e-12	9.52e-06	1.00e+00
 1.26152e+15	3.29e-12	1.03e-05	1.00e+00
 1.30632e+15	3.73e-12	1.11e-05	1.00e+00
 1.35434e+15	4.22e-12	1.19e-05	1.00e+00
 1.40747e+15	4.83e-12	1.29e-05	1.00e+00
 1.45900e+15	5.48e-12	1.39e-05	1.00e+00
 1.51366e+15	6.24e-12	1.51e-05	1.00e+00
 1.57424e+15	7.13e-12	1.64e-05	1.00e+00
 1.63397e+15	8.15e-12	1.78e-05	1.00e+00
 1.68307e+15	9.04e-12	1.89e-05	1.00e+00
 1.72213e+15	9.81e-12	1.99e-05	1.00e+00
 1.76542e+15	1.07e-11	2.09e-05	1.00e+00
 1.82169e+15	1.20e-11	2.24e-05	1.00e+00
 1.88212e+15	1.35e-11	2.41e-05	1.00e+00
 1.93590e+15	1.49e-11	2.56e-05	1.00e+00
 1.99377e+15	1.66e-11	2.73e-05	1.00e+00
 2.06703e+15	1.90e-11	2.96e-05	1.00e+00
 2.14133e+15	2.16e-11	3.20e-05	1.00e+00
 2.20445e+15	2.40e-11	3.42e-05	1.00e+00
 2.27201e+15	2.67e-11	3.65e-05	1.00e+00
 2.35641e+15	3.06e-11	3.96e-05	1.00e+00
 2.44302e+15	3.52e-11	4.30e-05	1.00e+00
 2.51912e+15	3.94e-11	4.61e-05	1.00e+00
 2.60127e+15	4.43e-11	4.95e-05	1.00e+00
 2.70067e+15	5.13e-11	5.40e-05	1.00e+00
 2.79934e+15	5.90e-11	5.86e-05	1.00e+00
 2.88678e+15	6.62e-11	6.28e-05	1.00e+00
 2.98276e+15	7.44e-11	6.76e-05	1.00e+00
 3.09777e+15	8.67e-11	7.37e-05	1.00e+00
 3.21235e+15	9.98e-11	8.01e-05	1.00e+00
 3.31692e+15	1.12e-10	8.61e-05	1.00e+00
 3.43362e+15	1.29e-10	9.32e-05	1.00e+00
 3.56959e+15	1.50e-10	1.02e-04	1.00e+00
 3.70346e+15	1.74e-10	1.11e-04	1.00e+00
 3.83038e+15	1.96e-10	1.19e-04	1.00e+00
 3.94158e+15	2.22e-10	1.28e-04	1.00e+00
 4.03386e+15	2.43e-10	1.35e-04	1.00e+00
 4.13538e+15	2.67e-10	1.42e-04	1.00e+00
 4.26735e+15	3.03e-10	1.53e-04	1.00e+00
 4.40575e+15	3.40e-10	1.64e-04	1.00e+00
 4.52477e+15	3.82e-10	1.75e-04	1.00e+00
 4.65174e+15	4.25e-10	1.86e-04	1.00e+00
 4.81680e+15	4.91e-10	2.01e-04	1.00e+00
 4.98620e+15	5.56e-10	2.18e-04	1.00e+00
 5.12746e+15	6.24e-10	2.32e-04	1.00e+00
 5.27729e+15	7.05e-10	2.47e-04	1.00e+00
 5.46923e+15	8.20e-10	2.69e-04	1.00e+00
 5.66988e+15	9.41e-10	2.91e-04	1.00e+00
 5.84695e+15	1.06e-09	3.12e-04	1.00e+00
 6.03940e+15	1.20e-09	3.35e-04	1.00e+00
 6.27116e+15	1.42e-09	3.65e-04	1.00e+00
 6.50200e+15	1.62e-09	3.96e-04	1.00e+00
 6.70979e+15	1.85e-09	4.25e-04	1.00e+00
 6.93961e+15	2.12e-09	4.59e-04	1.00e+00
 7.21091e+15	2.53e-09	5.00e-04	9.99e-01
 7.47901e+15	2.92e-09	5.43e-04	9.99e-01
 7.72786e+15	3.34e-09	5.84e-04	9.99e-01
 8.00703e+15	3.82e-09	6.32e-04	9.99e-01
 8.32734e+15	4.59e-09	6.91e-04	9.99e-01
 8.64012e+15	5.34e-09	7.51e-04	9.99e-01
 8.89232e+15	6.01e-09	8.00e-04	9.99e-01
 9.08955e+15	6.59e-09	8.41e-04	9.99e-01
 9.30692e+15	7.27e-09	8.87e-04	9.99e-01
 9.58950e+15	8.12e-09	9.48e-04	9.99e-01
 9.89514e+15	9.42e-09	1.02e-03	9.99e-01
 1.01675e+16	1.05e-08	1.08e-03	9.99e-01
 1.04582e+16	1.18e-08	1.15e-03	9.99e-01
 1.08350e+16	1.38e-08	1.25e-03	9.99e-01
 1.12176e+16	1.57e-08	1.35e-03	9.99e-01
 1.15315e+16	1.77e-08	1.44e-03	9.99e-01
 1.18623e+16	2.00e-08	1.54e-03	9.98e-01
 1.22902e+16	2.31e-08	1.67e-03	9.98e-01
 1.27296e+16	2.74e-08	1.81e-03	9.98e-01
 1.31001e+16	3.10e-08	1.93e-03	9.98e-01
 1.34960e+16	3.51e-08	2.08e-03	9.98e-01
 1.39942e+16	4.05e-08	2.26e-03	9.98e-01
 1.44930e+16	4.82e-08	2.46e-03	9.98e-01
 1.49086e+16	5.45e-08	2.64e-03	9.97e-01
 1.53483e+16	6.21e-08	2.83e-03	9.97e-01
 1.59088e+16	7.16e-08	3.10e-03	9.97e-01
 1.64658e+16	8.55e-08	3.38e-03	9.97e-01
 1.69053e+16	9.61e-08	3.62e-03	9.96e-01
 1.73521e+16	1.09e-07	3.88e-03	9.96e-01
 1.79330e+16	1.27e-07	4.24e-03	9.96e-01
 1.84796e+16	1.47e-07	4.60e-03	9.95e-01
 1.88647e+16	1.62e-07	4.87e-03	9.95e-01
 1.92488e+16	1.79e-07	5.17e-03	9.95e-01
 1.97480e+16	2.01e-07	5.58e-03	9.94e-01
 2.02963e+16	2.36e-07	6.08e-03	9.94e-01
 2.07615e+16	2.64e-07	6.52e-03	9.93e-01
 2.12195e+16	2.96e-07	7.01e-03	9.93e-01
 2.17342e+16	3.38e-07	7.61e-03	9.92e-01
 2.22149e+16	3.93e-07	8.24e-03	9.92e-01
 2.26414e+16	4.40e-07	8.85e-03	9.91e-01
 2.31056e+16	5.00e-07	9.60e-03	9.90e-01
 2.36122e+16	5.82e-07	1.05e-02	9.89e-01
 2.40641e+16	6.58e-07	1.14e-02	9.89e-01
 2.44745e+16	7.38e-07	1.23e-02	9.88e-01
 2.48744e+16	8.35e-07	1.34e-02	9.87e-01
 2.52621e+16	9.68e-07	1.45e-02	9.85e-01
 2.56332e+16	1.07e-06	1.57e-02	9.84e-01
 2.60481e+16	1.24e-06	1.73e-02	9.83e-01
 2.64790e+16	1.46e-06	1.92e-02	9.81e-01
 2.68303e+16	1.67e-06	2.11e-02	9.79e-01
 2.71311e+16	1.90e-06	2.29e-02	9.77e-01
 2.74664e+16	2.20e-06	2.53e-02	9.75e-01
 2.78251e+16	2.59e-06	2.83e-02	9.72e-01
 2.81309e+16	3.07e-06	3.14e-02	9.69e-01
 2.83863e+16	3.51e-06	3.45e-02	9.66e-01
 2.86193e+16	4.00e-06	3.77e-02	9.62e-01
 2.88819e+16	4.61e-06	4.21e-02	9.58e-01
 2.91672e+16	5.50e-06	4.77e-02	9.52e-01
 2.94116e+16	6.53e-06	5.38e-02	9.46e-01
 2.96106e+16	7.72e-06	5.98e-02	9.40e-01
 2.97883e+16	8.88e-06	6.61e-02	9.34e-01
 2.99865e+16	1.03e-05	7.46e-02	9.25e-01
 3.01993e+16	1.25e-05	8.57e-02	9.14e-01
 3.03771e+16	1.49e-05	9.73e-02	9.03e-01
 3.05186e+16	1.77e-05	1.09e-01	8.91e-01
 3.06441e+16	2.03e-05	1.20e-01	8.80e-01
 3.07842e+16	2.37e-05	1.36e-01	8.64e-01
 3.09360e+16	2.91e-05	1.57e-01	8.43e-01
 3.10617e+16	3.40e-05	1.78e-01	8.22e-01
 3.11628e+16	3.98e-05	1.98e-01	8.02e-01
 3.12554e+16	4.52e-05	2.20e-01	7.80e-01
 3.13580e+16	5.30e-05	2.47e-01	7.53e-01
 3.14617e+16	6.33e-05	2.79e-01	7.21e-01
 3.15309e+16	7.06e-05	3.03e-01	6.97e-01
 3.15772e+16	7.61e-05	3.21e-01	6.79e-01
 3.16297e+16	8.32e-05	3.43e-01	6.57e-01
 3.16979e+16	9.36e-05	3.74e-01	6.26e-01
 3.17700e+16	1.05e-04	4.08e-01	5.92e-01
 3.18322e+16	1.17e-04	4.40e-01	5.60e-01
 3.18982e+16	1.31e-04	4.76e-01	5.24e-01
 3.19696e+16	1.46e-04	5.16e-01	4.84e-01
 3.20341e+16	1.62e-04	5.53e-01	4.46e-01
 3.21041e+16	1.79e-04	5.95e-01	4.05e-01
 3.21826e+16	2.00e-04	6.40e-01	3.60e-01
 3.22583e+16	2.20e-04	6.81e-01	3.18e-01
 3.23430e+16	2.44e-04	7.26e-01	2.74e-01
 3.24532e+16	2.73e-04	7.77e-01	2.22e-01
 3.25696e+16	3.01e-04	8.22e-01	1.77e-01
 3.26772e+16	3.25e-04	8.57e-01	1.43e-01
 3.28004e+16	3.51e-04	8.89e-01	1.11e-01
 3.29607e+16	3.79e-04	9.19e-01	8.06e-02
 3.31689e+16	4.10e-04	9.45e-01	5.41e-02
 3.34397e+16	4.44e-04	9.66e-01	3.35e-02
 3.37916e+16	4.82e-04	9.80e-01	1.91e-02
 3.41672e+16	5.22e-04	9.88e-01	1.14e-02
 3.44960e+16	5.59e-04	9.92e-01	7.61e-03
 3.47944e+16	5.95e-04	9.94e-01	5.44e-03
 3.51307e+16	6.43e-04	9.96e-01	3.80e-03
 3.54834e+16	7.00e-04	9.97e-01	2.72e-03
 3.57694e+16	7.56e-04	9.97e-01	2.12e-03
 3.59533e+16	7.97e-04	9.97e-01	1.84e-03
 3.60602e+16	8.24e-04	9.97e-01	1.68e-03
 3.61666e+16	8.52e-04	9.98e-01	1.54e-03
 3.63049e+16	8.91e-04	9.98e-01	1.37e-03
 3.64847e+16	9.48e-04	9.98e-01	1.18e-03
 3.66618e+16	1.01e-03	9.98e-01	1.04e-03
 3.67897e+16	1.06e-03	9.98e-01	9.47e-04
 3.68923e+16	1.11e-03	9.98e-01	8.79e-04
 3.69897e+16	1.15e-03	9.98e-01	8.19e-04
 3.70834e+16	1.20e-03	9.98e-01	7.65e-04
 3.71898e+16	1.26e-03	9.98e-01	7.08e-04
 3.72995e+16	1.33e-03	9.98e-01	6.56e-04
 3.73874e+16	1.39e-03	9.98e-01	6.19e-04
 3.74619e+16	1.44e-03	9.98e-01	5.88e-04
 3.75453e+16	1.50e-03	9.98e-01	5.55e-04
 3.76368e+16	1.58e-03	9.98e-01	5.21e-04
 3.77181e+16	1.66e-03	9.98e-01	4.94e-04
 3.77888e+16	1.73e-03	9.98e-01	4.72e-04
 3.78668e+16	1.82e-03	9.98e-01	4.47e-04
 3.79505e+16	1.92e-03	9.98e-01	4.23e-04
 3.80220e+16	2.02e-03	9.98e-01	4.05e-04
 3.80831e+16	2.11e-03	9.98e-01	3.90e-04
 3.81502e+16	2.21e-03	9.97e-01	3.73e-04
 3.82234e+16	2.34e-03	9.97e-01	3.56e-04
 3.82875e+16	2.47e-03	9.97e-01	3.42e-04
 3.83434e+16	2.58e-03	9.97e-01	3.30e-04
 3.84052e+16	2.73e-03	9.97e-01	3.17e-04
 3.84722e+16	2.90e-03	9.97e-01	3.04e-04
 3.85305e+16	3.06e-03	9.97e-01	2.93e-04
 3.85810e+16	3.22e-03	9.96e-01	2.85e-04
 3.86367e+16	3.41e-03	9.96e-01	2.75e-04
 3.86978e+16	3.65e-03	9.96e-01	2.64e-04
 3.87523e+16	3.89e-03	9.96e-01	2.56e-04
 3.88004e+16	4.11e-03	9.96e-01	2.49e-04
 3.88537e+16	4.40e-03	9.95e-01	2.41e-04
 3.89125e+16	4.77e-03	9.95e-01	2.32e-04
 3.89662e+16	5.15e-03	9.95e-01	2.25e-04
 3.90149e+16	5.53e-03	9.94e-01	2.19e-04
 3.90697e+16	6.04e-03	9.94e-01	2.12e-04
 3.91288e+16	6.70e-03	9.93e-01	2.05e-04
 3.91790e+16	7.37e-03	9.92e-01	1.99e-04
 3.92197e+16	7.99e-03	9.92e-01	1.95e-04
 3.92565e+16	8.65e-03	9.91e-01	1.91e-04
 3.92987e+16	9.52e-03	9.90e-01	1.86e-04
 3.93432e+16	1.06e-02	9.89e-01	1.82e-04
 3.93796e+16	1.17e-02	9.88e-01	1.80e-04
 3.94096e+16	1.27e-02	9.87e-01	1.77e-04
 3.94423e+16	1.41e-02	9.86e-01	1.74e-04
 3.94777e+16	1.58e-02	9.84e-01	1.72e-04
 3.95083e+16	1.76e-02	9.82e-01	1.70e-04
 3.95339e+16	1.93e-02	9.81e-01	1.69e-04
 3.95610e+16	2.15e-02	9.78e-01	1.67e-04
 3.95906e+16	2.44e-02	9.75e-01	1.67e-04
 3.96165e+16	2.74e-02	9.72e-01	1.66e-04
 3.96378e+16	3.05e-02	9.69e-01	1.67e-04
 3.96574e+16	3.37e-02	9.66e-01	1.67e-04
 3.96797e+16	3.80e-02	9.62e-01	1.68e-04
 3.97031e+16	4.34e-02	9.56e-01	1.70e-04
 3.97218e+16	4.88e-02	9.51e-01	1.72e-04
 3.97370e+16	5.36e-02	9.46e-01	1.74e-04
 3.97527e+16	5.96e-02	9.40e-01	1.76e-04
 3.97696e+16	6.68e-02	9.33e-01	1.80e-04
 3.97852e+16	7.47e-02	9.25e-01	1.84e-04
 3.97994e+16	8.32e-02	9.17e-01	1.88e-04
 3.98125e+16	9.18e-02	9.08e-01	1.92e-04
 3.98244e+16	1.01e-01	8.99e-01	1.96e-04
 3.98353e+16	1.10e-01	8.90e-01	2.01e-04
 3.98456e+16	1.20e-01	8.80e-01	2.05e-04
 3.98534e+16	1.28e-01	8.72e-01	2.09e-04
 3.98585e+16	1.33e-01	8.67e-01	2.11e-04
 3.98633e+16	1.39e-01	8.61e-01	2.13e-04
 3.98689e+16	1.46e-01	8.54e-01	2.16e-04
 3.98748e+16	1.54e-01	8.46e-01	2.19e-04
 3.98805e+16	1.62e-01	8.38e-01	2.22e-04
 3.98859e+16	1.69e-01	8.30e-01	2.26e-04
 3.98912e+16	1.78e-01	8.22e-01	2.28e-04
 3.98966e+16	1.86e-01	8.13e-01	2.32e-04
 3.99019e+16	1.96e-01	8.04e-01	2.35e-04
 3.99071e+16	2.05e-01	7.95e-01	2.38e-04
 3.99122e+16	2.15e-01	7.85e-01	2.41e-04
 3.99174e+16	2.25e-01	7.75e-01	2.44e-04
 3.99224e+16	2.36e-01	7.64e-01	2.48e-04
 3.99273e+16	2.46e-01	7.53e-01	2.51e-04
 3.99322e+16	2.58e-01	7.42e-01	2.54e-04
 3.99370e+16	2.70e-01	7.30e-01	2.57e-04
 3.99418e+16	2.82e-01	7.18e-01	2.60e-04
 3.99465e+16	2.94e-01	7.06e-01	2.63e-04
 3.99512e+16	3.07e-01	6.93e-01	2.66e-04
 3.99558e+16	3.20e-01	6.79e-01	2.69e-04
 3.99604e+16	3.34e-01	6.66e-01	2.71e-04
 3.99648e+16	3.47e-01	6.52e-01	2.74e-04
 3.99692e+16	3.61e-01	6.38e-01	2.77e-04
 3.99736e+16	3.76e-01	6.24e-01	2.79e-04
 3.99779e+16	3.91e-01	6.09e-01	2.81e-04
 3.99821e+16	4.05e-01	5.95e-01	2.84e-04
 3.99863e+16	4.20e-01	5.80e-01	2.85e-04
 3.99904e+16	4.35e-01	5.65e-01	2.86e-04
 3.99945e+16	4.50e-01	5.50e-01	2.88e-04
 3.99984e+16	4.65e-01	5.35e-01	2.89e-04
 4.00024e+16	4.79e-01	5.20e-01	2.91e-04
 4.00062e+16	4.94e-01	5.05e-01	2.92e-04
 4.00100e+16	5.09e-01	4.91e-01	2.92e-04
 4.00136e+16	5.23e-01	4.76e-01	2.93e-04
 4.00172e+16	5.38e-01	4.62e-01	2.93e-04
 4.00208e+16	5.52e-01	4.48e-01	2.93e-04
 4.00242e+16	5.66e-01	4.34e-01	2.92e-04
 4.00276e+16	5.80e-01	4.20e-01	2.92e-04
 4.00309e+16	5.93e-01	4.07e-01	2.91e-04
 4.00342e+16	6.06e-01	3.94e-01	2.90e-04
 4.00374e+16	6.19e-01	3.81e-01	2.89e-04
 4.00405e+16	6.31e-01	3.68e-01	2.88e-04
 4.00435e+16	6.43e-01	3.56e-01	2.87e-04
 4.00465e+16	6.55e-01	3.45e-01	2.86e-04
 4.00495e+16	6.66e-01	3.33e-01	2.84e-04
 4.00524e+16	6.78e-01	3.22e-01	2.82e-04
 4.00552e+16	6.89e-01	3.11e-01	2.80e-04
 4.00581e+16	6.99e-01	3.01e-01	2.78e-04
 4.00608e+16	7.09e-01	2.90e-01	2.76e-04
 4.00636e+16	7.20e-01	2.80e-01	2.74e-04
 4.00663e+16	7.29e-01	2.70e-01	2.71e-04
 4.00689e+16	7.39e-01	2.61e-01	2.69e-04
 4.00716e+16	7.48e-01	2.52e-01	2.66e-04
 4.00741e+16	7.57e-01	2.43e-01	2.63e-04
 4.00767e+16	7.65e-01	2.35e-01	2.60e-04
 4.00789e+16	7.72e-01	2.28e-01	2.58e-04
 4.00805e+16	7.77e-01	2.23e-01	2.56e-04
 4.00820e+16	7.82e-01	2.18e-01	2.53e-04
 4.00835e+16	7.87e-01	2.13e-01	2.51e-04
 4.00851e+16	7.92e-01	2.08e-01	2.48e-04
 4.00867e+16	7.97e-01	2.03e-01	2.46e-04
 4.00882e+16	8.02e-01	1.98e-01	2.44e-04
 4.00897e+16	8.06e-01	1.94e-01	2.42e-04
 4.00911e+16	8.10e-01	1.89e-01	2.40e-04
 4.00926e+16	8.15e-01	1.85e-01	2.37e-04
 4.00940e+16	8.19e-01	1.81e-01	2.35e-04
 4.00954e+16	8.23e-01	1.77e-01	2.33e-04
 4.00967e+16	8.26e-01	1.73e-01	2.31e-04
 4.00981e+16	8.30e-01	1.70e-01	2.28e-04
 4.00995e+16	8.34e-01	1.66e-01	2.26e-04
 4.01009e+16	8.38e-01	1.62e-01	2.23e-04
 4.01024e+16	8.41e-01	1.58e-01	2.21e-04
 4.01038e+16	8.45e-01	1.55e-01	2.18e-04
 4.01054e+16	8.49e-01	1.51e-01	2.16e-04
 4.01070e+16	8.53e-01	1.47e-01	2.13e-04
 4.01088e+16	8.58e-01	1.42e-01	2.10e-04
 4.01108e+16	8.62e-01	1.37e-01	2.06e-04
 4.01130e+16	8.67e-01	1.32e-01	2.02e-04
 4.01152e+16	8.72e-01	1.28e-01	1.98e-04
 4.01173e+16	8.77e-01	1.23e-01	1.94e-04
 4.01192e+16	8.81e-01	1.19e-01	1.90e-04
 4.01211e+16	8.85e-01	1.15e-01	1.86e-04
 4.01229e+16	8.89e-01	1.11e-01	1.82e-04
 4.01247e+16	8.92e-01	1.08e-01	1.78e-04
 4.01263e+16	8.95e-01	1.04e-01	1.74e-04
 4.01277e+16	8.98e-01	1.02e-01	1.71e-04
 4.01290e+16	9.01e-01	9.91e-02	1.67e-04
 4.01302e+16	9.03e-01	9.68e-02	1.65e-04
 4.01313e+16	9.05e-01	9.48e-02	1.62e-04
 4.01323e+16	9.07e-01	9.29e-02	1.59e-04
 4.01332e+16	9.09e-01	9.13e-02	1.57e-04
 4.01342e+16	9.10e-01	8.94e-02	1.54e-04
 4.01353e+16	9.12e-01	8.76e-02	1.52e-04
 4.01362e+16	9.14e-01	8.59e-02	1.49e-04
 4.01371e+16	9.16e-01	8.43e-02	1.47e-04
 4.01379e+16	9.17e-01	8.29e-02	1.45e-04
 4.01388e+16	9.18e-01	8.14e-02	1.43e-04
 4.01398e+16	9.20e-01	7.98e-02	1.40e-04
 4.01406e+16	9.21e-01	7.84e-02	1.38e-04
 4.01414e+16	9.23e-01	7.71e-02	1.36e-04
 4.01421e+16	9.24e-01	7.58e-02	1.34e-04
 4.01428e+16	9.25e-01	7.48e-02	1.32e-04
 4.01435e+16	9.26e-01	7.36e-02	1.30e-04
 4.01443e+16	9.27e-01	7.24e-02	1.28e-04
 4.01450e+16	9.29e-01	7.13e-02	1.26e-04
 4.01456e+16	9.30e-01	7.02e-02	1.24e-04
 4.01463e+16	9.31e-01	6.91e-02	1.22e-04
 4.01471e+16	9.32e-01	6.79e-02	1.20e-04
 4.01478e+16	9.33e-01	6.69e-02	1.18e-04
 4.01484e+16	9.34e-01	6.59e-02	1.17e-04
 4.01489e+16	9.35e-01	6.50e-02	1.15e-04
 4.01496e+16	9.36e-01	6.41e-02	1.13e-04
 4.01502e+16	9.37e-01	6.31e-02	1.12e-04
 4.01509e+16	9.38e-01	6.22e-02	1.10e-04
 4.01514e+16	9.39e-01	6.13e-02	1.08e-04
 4.01519e+16	9.39e-01	6.06e-02	1.07e-04
 4.01525e+16	9.40e-01	5.98e-02	1.05e-04
 4.01531e+16	9.41e-01	5.89e-02	1.04e-04
 4.01536e+16	9.42e-01	5.81e-02	1.02e-04
 4.01541e+16	9.43e-01	5.74e-02	1.01e-04
 4.01547e+16	9.43e-01	5.66e-02	9.96e-05
 4.01553e+16	9.44e-01	5.58e-02	9.80e-05
 4.01558e+16	9.45e-01	5.50e-02	9.65e-05
 4.01563e+16	9.46e-01	5.44e-02	9.53e-05
 4.01568e+16	9.46e-01	5.37e-02	9.40e-05
 4.01575e+16	9.47e-01	5.27e-02	9.22e-05
 4.01583e+16	9.48e-01	5.18e-02	9.04e-05
 4.01589e+16	9.49e-01	5.09e-02	8.88e-05
 4.01596e+16	9.50e-01	5.01e-02	8.73e-05
 4.01601e+16	9.50e-01	4.94e-02	8.60e-05
 4.01606e+16	9.51e-01	4.88e-02	8.47e-05
 4.01612e+16	9.52e-01	4.81e-02	8.35e-05
 4.01618e+16	9.53e-01	4.74e-02	8.22e-05
 4.01624e+16	9.53e-01	4.67e-02	8.08e-05
 4.01629e+16	9.54e-01	4.62e-02	7.98e-05
 4.01634e+16	9.54e-01	4.55e-02	7.86e-05
 4.01641e+16	9.55e-01	4.47e-02	7.73e-05
 4.01649e+16	9.56e-01	4.39e-02	7.58e-05
 4.01656e+16	9.57e-01	4.32e-02	7.45e-05
 4.01663e+16	9.57e-01	4.25e-02	7.32e-05
 4.01668e+16	9.58e-01	4.20e-02	7.22e-05
 4.01675e+16	9.59e-01	4.13e-02	7.11e-05
 4.01682e+16	9.59e-01	4.07e-02	6.99e-05
 4.01688e+16	9.60e-01	4.01e-02	6.88e-05
 4.01695e+16	9.60e-01	3.94e-02	6.76e-05
 4.01702e+16	9.61e-01	3.88e-02	6.65e-05
 4.01709e+16	9.62e-01	3.82e-02	6.53e-05
 4.01715e+16	9.62e-01	3.76e-02	6.44e-05
 4.01722e+16	9.63e-01	3.70e-02	6.33e-05
 4.01731e+16	9.64e-01	3.63e-02	6.20e-05
 4.01740e+16	9.64e-01	3.55e-02	6.07e-05
 4.01749e+16	9.65e-01	3.49e-02	5.95e-05
 4.01757e+16	9.66e-01	3.43e-02	5.85e-05
 4.01764e+16	9.66e-01	3.38e-02	5.75e-05
 4.01772e+16	9.67e-01	3.32e-02	5.65e-05
 4.01780e+16	9.67e-01	3.26e-02	5.54e-05
 4.01788e+16	9.68e-01	3.21e-02	5.45e-05
 4.01796e+16	9.68e-01	3.15e-02	5.35e-05
 4.01805e+16	9.69e-01	3.09e-02	5.25e-05
 4.01813e+16	9.70e-01	3.04e-02	5.15e-05
 4.01822e+16	9.70e-01	2.98e-02	5.05e-05
 4.01832e+16	9.71e-01	2.92e-02	4.95e-05
 4.01841e+16	9.71e-01	2.87e-02	4.87e-05
 4.01851e+16	9.72e-01	2.82e-02	4.77e-05
 4.01861e+16	9.72e-01	2.76e-02	4.67e-05
 4.01871e+16	9.73e-01	2.71e-02	4.59e-05
 4.01882e+16	9.73e-01	2.65e-02	4.49e-05
 4.01893e+16	9.74e-01	2.60e-02	4.39e-05
 4.01903e+16	9.74e-01	2.55e-02	4.31e-05
 4.01914e+16	9.75e-01	2.50e-02	4.21e-05
 4.01927e+16	9.76e-01	2.45e-02	4.13e-05
 4.01938e+16	9.76e-01	2.40e-02	4.05e-05
 4.01950e+16	9.76e-01	2.35e-02	3.95e-05
 4.01963e+16	9.77e-01	2.30e-02	3.87e-05
 4.01975e+16	9.77e-01	2.25e-02	3.79e-05
 4.01988e+16	9.78e-01	2.20e-02	3.71e-05
 4.02002e+16	9.78e-01	2.15e-02	3.63e-05
 4.02015e+16	9.79e-01	2.11e-02	3.56e-05
 4.02029e+16	9.79e-01	2.07e-02	3.47e-05
 4.02044e+16	9.80e-01	2.02e-02	3.40e-05
 4.02058e+16	9.80e-01	1.98e-02	3.33e-05
 4.02073e+16	9.81e-01	1.94e-02	3.25e-05
 4.02090e+16	9.81e-01	1.90e-02	3.19e-05
 4.02105e+16	9.81e-01	1.86e-02	3.12e-05
 4.02121e+16	9.82e-01	1.82e-02	3.05e-05
 4.02142e+16	9.82e-01	1.77e-02	2.97e-05
 4.02165e+16	9.83e-01	1.73e-02	2.89e-05
 4.02186e+16	9.83e-01	1.69e-02	2.83e-05
 4.02205e+16	9.83e-01	1.65e-02	2.77e-05
 4.02226e+16	9.84e-01	1.61e-02	2.70e-05
 4.02253e+16	9.84e-01	1.57e-02	2.62e-05
 4.02282e+16	9.85e-01	1.53e-02	2.56e-05
 4.02309e+16	9.85e-01	1.49e-02	2.50e-05
 4.02338e+16	9.85e-01	1.46e-02	2.43e-05
 4.02369e+16	9.86e-01	1.42e-02	2.37e-05
 4.02404e+16	9.86e-01	1.39e-02	2.31e-05
 4.02441e+16	9.86e-01	1.35e-02	2.25e-05
 4.02482e+16	9.87e-01	1.32e-02	2.19e-05
 4.02535e+16	9.87e-01	1.28e-02	2.13e-05
 4.02592e+16	9.87e-01	1.25e-02	2.07e-05
 4.02644e+16	9.88e-01	1.22e-02	2.02e-05
 4.02701e+16	9.88e-01	1.20e-02	1.97e-05
 4.02775e+16	9.88e-01	1.17e-02	1.92e-05
 4.02867e+16	9.89e-01	1.14e-02	1.87e-05
 4.02967e+16	9.89e-01	1.12e-02	1.83e-05
 4.03083e+16	9.89e-01	1.10e-02	1.78e-05
 4.03233e+16	9.89e-01	1.08e-02	1.73e-05
 4.03428e+16	9.89e-01	1.05e-02	1.68e-05
 4.03681e+16	9.90e-01	1.03e-02	1.63e-05
 4.04011e+16	9.90e-01	1.01e-02	1.57e-05
 4.04439e+16	9.90e-01	9.83e-03	1.49e-05
 4.04996e+16	9.90e-01	9.51e-03	1.40e-05
 4.05597e+16	9.91e-01	9.20e-03	1.32e-05
 4.06144e+16	9.91e-01	8.94e-03	1.25e-05
 4.06744e+16	9.91e-01	8.66e-03	1.18e-05
 4.07523e+16	9.92e-01	8.30e-03	1.09e-05
 4.08419e+16	9.92e-01	7.93e-03	9.97e-06
 4.09333e+16	9.92e-01	7.58e-03	9.14e-06
 4.10272e+16	9.93e-01	7.24e-03	8.37e-06
 4.11254e+16	9.93e-01	6.91e-03	7.65e-06
 4.12277e+16	9.93e-01	6.58e-03	6.97e-06
 4.13329e+16	9.94e-01	6.27e-03	6.35e-06
 4.14400e+16	9.94e-01	5.98e-03	5.78e-06
 4.15491e+16	9.94e-01	5.70e-03	5.26e-06
 4.16605e+16	9.95e-01	5.43e-03	4.78e-06
 4.17743e+16	9.95e-01	5.17e-03	4.35e-06
 4.18907e+16	9.95e-01	4.93e-03	3.95e-06
 4.20095e+16	9.95e-01	4.69e-03	3.58e-06
 4.21307e+16	9.96e-01	4.46e-03	3.25e-06
 4.22542e+16	9.96e-01	4.25e-03	2.95e-06
 4.23803e+16	9.96e-01	4.04e-03	2.67e-06
 4.25089e+16	9.96e-01	3.84e-03	2.41e-06
 4.26401e+16	9.96e-01	3.66e-03	2.19e-06
 4.27719e+16	9.97e-01	3.48e-03	1.98e-06
 4.29059e+16	9.97e-01	3.31e-03	1.79e-06
 4.30449e+16	9.97e-01	3.14e-03	1.61e-06
 4.31875e+16	9.97e-01	2.98e-03	1.45e-06
 4.33326e+16	9.97e-01	2.83e-03	1.31e-06
 4.34804e+16	9.97e-01	2.68e-03	1.18e-06
 4.36310e+16	9.97e-01	2.54e-03	1.06e-06
 4.37848e+16	9.98e-01	2.41e-03	9.50e-07
 4.39418e+16	9.98e-01	2.28e-03	8.52e-07
 4.41021e+16	9.98e-01	2.16e-03	7.63e-07
 4.42659e+16	9.98e-01	2.04e-03	6.82e-07
 4.44335e+16	9.98e-01	1.93e-03	6.09e-07
 4.46046e+16	9.98e-01	1.83e-03	5.44e-07
 4.47796e+16	9.98e-01	1.73e-03	4.84e-07
 4.49586e+16	9.98e-01	1.63e-03	4.31e-07
 4.51418e+16	9.98e-01	1.54e-03	3.82e-07
 4.53294e+16	9.99e-01	1.45e-03	3.38e-07
 4.55214e+16	9.99e-01	1.36e-03	3.00e-07
 4.57183e+16	9.99e-01	1.28e-03	2.65e-07
 4.59205e+16	9.99e-01	1.21e-03	2.33e-07
 4.61282e+16	9.99e-01	1.13e-03	2.05e-07
 4.63415e+16	9.99e-01	1.06e-03	1.80e-07
 4.65608e+16	9.99e-01	9.96e-04	1.57e-07
 4.67866e+16	9.99e-01	9.33e-04	1.37e-07
 4.70194e+16	9.99e-01	8.72e-04	1.19e-07
 4.72560e+16	9.99e-01	8.16e-04	1.04e-07
 4.74982e+16	9.99e-01	7.62e-04	9.00e-08
 4.77528e+16	9.99e-01	7.09e-04	7.75e-08
 4.80200e+16	9.99e-01	6.59e-04	6.63e-08
 4.82967e+16	9.99e-01	6.11e-04	5.66e-08
 4.85833e+16	9.99e-01	5.65e-04	4.80e-08
 4.88820e+16	9.99e-01	5.21e-04	4.05e-08
 4.91952e+16	1.00e+00	4.80e-04	3.40e-08
 4.95234e+16	1.00e+00	4.40e-04	2.83e-08
 4.98673e+16	1.00e+00	4.03e-04	2.33e-08
 5.02317e+16	1.00e+00	3.67e-04	1.91e-08
 5.06160e+16	1.00e+00	3.32e-04	1.55e-08
 5.10240e+16	1.00e+00	2.99e-04	1.24e-08
 5.14626e+16	1.00e+00	2.68e-04	9.76e-09
 5.19327e+16	1.00e+00	2.38e-04	7.58e-09
 5.24401e+16	1.00e+00	2.09e-04	5.77e-09
 5.29936e+16	1.00e+00	1.82e-04	4.29e-09
 5.35948e+16	1.00e+00	1.56e-04	3.11e-09
 5.42738e+16	1.00e+00	1.30e-04	2.14e-09
 5.50878e+16	1.00e+00	1.05e-04	1.38e-09
 5.60336e+16	1.00e+00	8.25e-05	8.35e-10
 5.70475e+16	1.00e+00	6.33e-05	4.90e-10
 5.81433e+16	1.00e+00	4.74e-05	2.75e-10
 5.93511e+16	1.00e+00	3.46e-05	1.47e-10
 6.06324e+16	1.00e+00	2.48e-05	7.65e-11
 6.19627e+16	1.00e+00	1.77e-05	3.93e-11
 6.33528e+16	1.00e+00	1.25e-05	1.99e-11
 6.48331e+16	1.00e+00	8.68e-06	9.74e-12
 6.63823e+16	1.00e+00	5.98e-06	4.72e-12
 6.79484e+16	1.00e+00	4.14e-06	2.31e-12
 6.95144e+16	1.00e+00	2.90e-06	1.15e-12
 7.10805e+16	1.00e+00	2.04e-06	5.81e-13
 7.26466e+16	1.00e+00	1.44e-06	2.97e-13
 7.42127e+16	1.00e+00	1.02e-06	1.54e-13
 7.57788e+16	1.00e+00	7.40e-07	8.21e-14
 7.73449e+16	1.00e+00	5.37e-07	4.41e-14
 7.89110e+16	1.00e+00	3.93e-07	2.40e-14
 8.04771e+16	1.00e+00	2.89e-07	1.33e-14
 8.20433e+16	1.00e+00	2.14e-07	7.42e-15
 8.38443e+16	1.00e+00	1.52e-07	3.81e-15
 8.59109e+16	1.00e+00	1.05e-07	1.84e-15
 8.80081e+16	1.00e+00	7.28e-08	9.02e-16
 9.01053e+16	1.00e+00	5.11e-08	4.51e-16
 9.23893e+16	1.00e+00	3.49e-08	2.14e-16
 9.48600e+16	1.00e+00	2.36e-08	9.93e-17
 9.73305e+16	1.00e+00	1.62e-08	4.72e-17
 9.99069e+16	1.00e+00	1.10e-08	2.21e-17
 1.02629e+17	1.00e+00	7.43e-09	1.02e-17
 1.05416e+17	1.00e+00	5.04e-09	4.74e-18
 1.08245e+17	1.00e+00	3.44e-09	2.23e-18
 1.11087e+17	1.00e+00	2.37e-09	1.07e-18
 1.13929e+17	1.00e+00	1.65e-09	5.22e-19
 1.16771e+17	1.00e+00	1.16e-09	2.60e-19
 1.19614e+17	1.00e+00	8.25e-10	1.32e-19
 1.22456e+17	1.00e+00	5.91e-10	6.80e-20
 1.25299e+17	1.00e+00	4.27e-10	3.56e-20
 1.28142e+17	1.00e+00	3.11e-10	1.90e-20
 1.30984e+17	1.00e+00	2.28e-10	1.02e-20
 1.33827e+17	1.00e+00	1.68e-10	5.61e-21
 1.36670e+17	1.00e+00	1.25e-10	0.00e+00
 1.39512e+17	1.00e+00	9.39e-11	0.00e+00
 1.42498e+17	1.00e+00	6.97e-11	0.00e+00
 1.45629e+17	1.00e+00	5.16e-11	0.00e+00
 1.48759e+17	1.00e+00	3.85e-11	0.00e+00
 1.52289e+17	1.00e+00	2.77e-11	0.00e+00
 1.56218e+17	1.00e+00	1.97e-11	0.00e+00
 1.60300e+17	1.00e+00	1.40e-11	0.00e+00
 1.64599e+17	1.00e+00	9.95e-12	0.00e+00
 1.69000e+17	1.00e+00	7.20e-12	0.00e+00
 1.73465e+17	1.00e+00	5.33e-12	0.00e+00
 1.78038e+17	1.00e+00	4.04e-12	0.00e+00
 1.82699e+17	1.00e+00	3.15e-12	0.00e+00
 1.87359e+17	1.00e+00	2.55e-12	0.00e+00
 1.92019e+17	1.00e+00	2.14e-12	0.00e+00
 1.96888e+17	1.00e+00	1.85e-12	0.00e+00
 2.02038e+17	1.00e+00	1.61e-12	0.00e+00
 2.07287e+17	1.00e+00	1.44e-12	0.00e+00
 2.12664e+17	1.00e+00	1.33e-12	0.00e+00
 2.18253e+17	1.00e+00	1.24e-12	0.00e+00
 2.23961e+17	1.00e+00	1.17e-12	0.00e+00
 2.29594e+17	1.00e+00	1.12e-12	0.00e+00
 2.35080e+17	1.00e+00	1.11e-12	0.00e+00
 2.40442e+17	1.00e+00	1.11e-12	0.00e+00
 2.45682e+17	1.00e+00	1.11e-12	0.00e+00
 2.50779e+17	1.00e+00	1.11e-12	0.00e+00
 2.55697e+17	1.00e+00	1.12e-12	0.00e+00
 2.60420e+17	1.00e+00	1.13e-12	0.00e+00
 2.64938e+17	1.00e+00	1.15e-12	0.00e+00
 2.69248e+17	1.00e+00	1.17e-12	0.00e+00
 2.73350e+17	1.00e+00	1.19e-12	0.00e+00
 2.77245e+17	1.00e+00	1.21e-12	0.00e+00
 2.80934e+17	1.00e+00	1.23e-12	0.00e+00
 2.84423e+17	1.00e+00	1.25e-12	0.00e+00
 2.87720e+17	1.00e+00	1.27e-12	0.00e+00
 2.90834e+17	1.00e+00	1.29e-12	0.00e+00
 2.93775e+17	1.00e+00	1.31e-12	0.00e+00
 2.96551e+17	1.00e+00	1.32e-12	0.00e+00
 2.99171e+17	1.00e+00	1.34e-12	0.00e+00
 3.01644e+17	1.00e+00	1.36e-12	0.00e+00
 3.03978e+17	1.00e+00	1.37e-12	0.00e+00
 3.06182e+17	1.00e+00	1.39e-12	0.00e+00
 3.08265e+17	1.00e+00	1.40e-12	0.00e+00
 3.10234e+17	1.00e+00	1.41e-12	0.00e+00
 3.12096e+17	1.00e+00	1.43e-12	0.00e+00
 3.13857e+17	1.00e+00	1.44e-12	0.00e+00
 3.15522e+17	1.00e+00	1.45e-12	0.00e+00
 3.17098e+17	1.00e+00	1.46e-12	0.00e+00
 3.18591e+17	1.00e+00	1.47e-12	0.00e+00
 3.20005e+17	1.00e+00	1.48e-12	0.00e+00
 3.21347e+17	1.00e+00	1.49e-12	0.00e+00
 3.22619e+17	1.00e+00	1.49e-12	0.00e+00
 3.23826e+17	1.00e+00	1.50e-12	0.00e+00
 3.24971e+17	1.00e+00	1.51e-12	0.00e+00
 3.26059e+17	1.00e+00	1.52e-12	0.00e+00
 3.27094e+17	1.00e+00	1.52e-12	0.00e+00
 3.28077e+17	1.00e+00	1.53e-12	0.00e+00
 3.29013e+17	1.00e+00	1.53e-12	0.00e+00
 3.29903e+17	1.00e+00	1.54e-12	0.00e+00
 3.30751e+17	1.00e+00	1.54e-12	0.00e+00
 3.31560e+17	1.00e+00	1.55e-12	0.00e+00
 3.32331e+17	1.00e+00	1.55e-12	0.00e+00
 3.33067e+17	1.00e+00	1.56e-12	0.00e+00
 3.33771e+17	1.00e+00	1.56e-12	0.00e+00
 3.34443e+17	1.00e+00	1.57e-12	0.00e+00
 3.35086e+17	1.00e+00	1.57e-12	0.00e+00
 3.35703e+17	1.00e+00	1.57e-12	0.00e+00
 3.36295e+17	1.00e+00	1.57e-12	0.00e+00
 3.36863e+17	1.00e+00	1.58e-12	0.00e+00
 3.37409e+17	1.00e+00	1.58e-12	0.00e+00
 3.37935e+17	1.00e+00	1.58e-12	0.00e+00
 3.38443e+17	1.00e+00	1.59e-12	0.00e+00
 3.38933e+17	1.00e+00	1.59e-12	0.00e+00
 3.39408e+17	1.00e+00	1.59e-12	0.00e+00
 3.39869e+17	1.00e+00	1.59e-12	0.00e+00
 3.40318e+17	1.00e+00	1.59e-12	0.00e+00
 3.40755e+17	1.00e+00	1.59e-12	0.00e+00
 3.41183e+17	1.00e+00	1.60e-12	0.00e+00
 3.41603e+17	1.00e+00	1.60e-12	0.00e+00
 3.42017e+17	1.00e+00	1.60e-12	0.00e+00
 3.42427e+17	1.00e+00	1.60e-12	0.00e+00
 3.42834e+17	1.00e+00	1.60e-12	0.00e+00
 3.43240e+17	1.00e+00	1.60e-12	0.00e+00
 3.43649e+17	1.00e+00	1.60e-12	0.00e+00
 3.44062e+17	1.00e+00	1.60e-12	0.00e+00
 3.44483e+17	1.00e+00	1.60e-12	0.00e+00
 3.44916e+17	1.00e+00	1.60e-12	0.00e+00
 3.45365e+17	1.00e+00	1.60e-12	0.00e+00
 3.45835e+17	1.00e+00	1.60e-12	0.00e+00
 3.46335e+17	1.00e+00	1.60e-12	0.00e+00
 3.46872e+17	1.00e+00	1.60e-12	0.00e+00
 3.47459e+17	1.00e+00	1.60e-12	0.00e+00
 3.48113e+17	1.00e+00	1.60e-12	0.00e+00
 3.48856e+17	1.00e+00	1.59e-12	0.00e+00
 3.49720e+17	1.00e+00	1.58e-12	0.00e+00
 3.50753e+17	1.00e+00	1.57e-12	0.00e+00
 3.52024e+17	1.00e+00	1.56e-12	0.00e+00
 3.53642e+17	1.00e+00	1.53e-12	0.00e+00
 3.55739e+17	1.00e+00	1.49e-12	0.00e+00
 3.58466e+17	1.00e+00	1.42e-12	0.00e+00
 3.62011e+17	1.00e+00	1.33e-12	0.00e+00
 3.66619e+17	1.00e+00	1.20e-12	0.00e+00
 3.72609e+17	1.00e+00	1.05e-12	0.00e+00
 3.80396e+17	1.00e+00	8.67e-13	0.00e+00
 3.90520e+17	1.00e+00	6.69e-13	0.00e+00
 4.03681e+17	1.00e+00	4.70e-13	0.00e+00
 4.19342e+17	1.00e+00	2.90e-13	0.00e+00
 4.36116e+17	1.00e+00	2.23e-13	0.00e+00
 4.53560e+17	1.00e+00	1.96e-13	0.00e+00
 4.71703e+17	1.00e+00	1.72e-13	0.00e+00
 4.90571e+17	1.00e+00	1.49e-13	0.00e+00
 5.10194e+17	1.00e+00	1.29e-13	0.00e+00
 5.30601e+17	1.00e+00	1.10e-13	0.00e+00
 5.51825e+17	1.00e+00	9.23e-14	0.00e+00
 5.73899e+17	1.00e+00	7.67e-14	0.00e+00
 5.96089e+17	1.00e+00	6.27e-14	0.00e+00
 6.16863e+17	1.00e+00	6.30e-14	0.00e+00
 6.35400e+17	1.00e+00	7.85e-14	0.00e+00
 6.52117e+17	1.00e+00	9.81e-14	0.00e+00
 6.67826e+17	1.00e+00	1.08e-13	0.00e+00
 6.82903e+17	1.00e+00	1.07e-13	0.00e+00
 6.97045e+17	1.00e+00	1.05e-13	0.00e+00
 7.09680e+17	1.00e+00	1.09e-13	0.00e+00
 7.20630e+17	1.00e+00	1.20e-13	0.00e+00
 7.30223e+17	1.00e+00	1.29e-13	0.00e+00
 7.38793e+17	1.00e+00	1.32e-13	0.00e+00
 7.45716e+17	1.00e+00	1.30e-13	0.00e+00
 7.50199e+17	1.00e+00	1.43e-13	0.00e+00
 7.52675e+17	1.00e+00	1.59e-13	0.00e+00
 7.54064e+17	1.00e+00	1.69e-13	0.00e+00
 7.54897e+17	1.00e+00	1.75e-13	0.00e+00
 7.55414e+17	1.00e+00	1.79e-13	0.00e+00
 7.55822e+17	1.00e+00	1.81e-13	0.00e+00
 7.56290e+17	1.00e+00	1.82e-13	0.00e+00
 7.56863e+17	1.00e+00	1.84e-13	0.00e+00
 7.57433e+17	1.00e+00	1.85e-13	0.00e+00
 7.57881e+17	1.00e+00	1.86e-13	0.00e+00
 7.58224e+17	1.00e+00	1.87e-13	0.00e+00
 7.58565e+17	1.00e+00	1.87e-13	0.00e+00
 7.58944e+17	1.00e+00	1.87e-13	0.00e+00
 7.59322e+17	1.00e+00	1.87e-13	0.00e+00
 7.59648e+17	1.00e+00	1.87e-13	0.00e+00
 7.59920e+17	1.00e+00	1.87e-13	0.00e+00
 7.60187e+17	1.00e+00	1.87e-13	0.00e+00
 7.60458e+17	1.00e+00	1.87e-13	0.00e+00
 7.60716e+17	1.00e+00	1.86e-13	0.00e+00
 7.60977e+17	1.00e+00	1.86e-13	0.00e+00
 7.61231e+17	1.00e+00	1.86e-13	0.00e+00
 7.61460e+17	1.00e+00	1.85e-13	0.00e+00
 7.61671e+17	1.00e+00	1.85e-13	0.00e+00
 7.61878e+17	1.00e+00	1.85e-13	0.00e+00
 7.62085e+17	1.00e+00	1.84e-13	0.00e+00
 7.62292e+17	1.00e+00	1.84e-13	0.00e+00
 7.62497e+17	1.00e+00	1.83e-13	0.00e+00
 7.62698e+17	1.00e+00	1.83e-13	0.00e+00
 7.62884e+17	1.00e+00	1.82e-13	0.00e+00
 7.63060e+17	1.00e+00	1.82e-13	0.00e+00
 7.63242e+17	1.00e+00	1.81e-13	0.00e+00
 7.63433e+17	1.00e+00	1.80e-13	0.00e+00
 7.63627e+17	1.00e+00	1.80e-13	0.00e+00
 7.63808e+17	1.00e+00	1.79e-13	0.00e+00
 7.63973e+17	1.00e+00	1.78e-13	0.00e+00
 7.64151e+17	1.00e+00	1.78e-13	0.00e+00
 7.64347e+17	1.00e+00	1.77e-13	0.00e+00
 7.64534e+17	1.00e+00	1.76e-13	0.00e+00
 7.64705e+17	1.00e+00	1.76e-13	0.00e+00
 7.64885e+17	1.00e+00	1.75e-13	0.00e+00
 7.65082e+17	1.00e+00	1.74e-13	0.00e+00
 7.65276e+17	1.00e+00	1.73e-13	0.00e+00
 7.65459e+17	1.00e+00	1.72e-13	0.00e+00
 7.65640e+17	1.00e+00	1.71e-13	0.00e+00
 7.65833e+17	1.00e+00	1.71e-13	0.00e+00
 7.66054e+17	1.00e+00	1.70e-13	0.00e+00
 7.66292e+17	1.00e+00	1.68e-13	0.00e+00
 7.66506e+17	1.00e+00	1.67e-13	0.00e+00
 7.66699e+17	1.00e+00	1.66e-13	0.00e+00
 7.66906e+17	1.00e+00	1.65e-13	0.00e+00
 7.67134e+17	1.00e+00	1.64e-13	0.00e+00
 7.67370e+17	1.00e+00	1.63e-13	0.00e+00
 7.67608e+17	1.00e+00	1.61e-13	0.00e+00
 7.67847e+17	1.00e+00	1.60e-13	0.00e+00
 7.68097e+17	1.00e+00	1.59e-13	0.00e+00
 7.68363e+17	1.00e+00	1.57e-13	0.00e+00
 7.68636e+17	1.00e+00	1.56e-13	0.00e+00
 7.68898e+17	1.00e+00	1.54e-13	0.00e+00
 7.69157e+17	1.00e+00	1.53e-13	0.00e+00
 7.69437e+17	1.00e+00	1.51e-13	0.00e+00
 7.69730e+17	1.00e+00	1.49e-13	0.00e+00
 7.70034e+17	1.00e+00	1.48e-13	0.00e+00
 7.70353e+17	1.00e+00	1.46e-13	0.00e+00
 7.70675e+17	1.00e+00	1.44e-13	0.00e+00
 7.70983e+17	1.00e+00	1.42e-13	0.00e+00
 7.71297e+17	1.00e+00	1.40e-13	0.00e+00
 7.71652e+17	1.00e+00	1.38e-13	0.00e+00
 7.72029e+17	1.00e+00	1.35e-13	0.00e+00
 7.72396e+17	1.00e+00	1.33e-13	0.00e+00
 7.72753e+17	1.00e+00	1.31e-13	0.00e+00
 7.73119e+17	1.00e+00	1.29e-13	0.00e+00
 7.73524e+17	1.00e+00	1.26e-13	0.00e+00
 7.73956e+17	1.00e+00	1.24e-13	0.00e+00
 7.74368e+17	1.00e+00	1.21e-13	0.00e+00
 7.74767e+17	1.00e+00	1.19e-13	0.00e+00
 7.75193e+17	1.00e+00	1.16e-13	0.00e+00
 7.75659e+17	1.00e+00	1.13e-13	0.00e+00
 7.76125e+17	1.00e+00	1.11e-13	0.00e+00
 7.76576e+17	1.00e+00	1.08e-13	0.00e+00
 7.77042e+17	1.00e+00	1.05e-13	0.00e+00
 7.77539e+17	1.00e+00	1.02e-13	0.00e+00
 7.78051e+17	1.00e+00	9.92e-14	0.00e+00
 7.78554e+17	1.00e+00	9.64e-14	0.00e+00
 7.79062e+17	1.00e+00	9.35e-14	0.00e+00
 7.79596e+17	1.00e+00	9.05e-14	0.00e+00
 7.80146e+17	1.00e+00	8.74e-14	0.00e+00
 7.80697e+17	1.00e+00	8.44e-14	0.00e+00
 7.81256e+17	1.00e+00	8.14e-14	0.00e+00
 7.81833e+17	1.00e+00	7.84e-14	0.00e+00
 7.82428e+17	1.00e+00	7.53e-14	0.00e+00
 7.83029e+17	1.00e+00	7.22e-14	0.00e+00
 7.83630e+17	1.00e+00	6.92e-14	0.00e+00
 7.84244e+17	1.00e+00	6.63e-14	0.00e+00
 7.84884e+17	1.00e+00	6.32e-14	0.00e+00
 7.85546e+17	1.00e+00	6.01e-14	0.00e+00
 7.86211e+17	1.00e+00	5.71e-14	0.00e+00
 7.86874e+17	1.00e+00	5.42e-14	0.00e+00
 7.87544e+17	1.00e+00	5.14e-14	0.00e+00
 7.88256e+17	1.00e+00	4.85e-14	0.00e+00
 7.88998e+17	1.00e+00	4.54e-14	0.00e+00
 7.89709e+17	1.00e+00	4.26e-14	0.00e+00
 7.90407e+17	1.00e+00	4.01e-14	0.00e+00
 7.91147e+17	1.00e+00	3.75e-14	0.00e+00
 7.91935e+17	1.00e+00	3.50e-14	0.00e+00
 7.92770e+17	1.00e+00	3.23e-14	0.00e+00
 7.93619e+17	1.00e+00	2.96e-14	0.00e+00
 7.94379e+17	1.00e+00	2.72e-14	0.00e+00
 7.95006e+17	1.00e+00	2.54e-14	0.00e+00
 7.95543e+17	1.00e+00	2.39e-14	0.00e+00
 7.96054e+17	1.00e+00	2.27e-14	0.00e+00
 7.96564e+17	1.00e+00	2.15e-14	0.00e+00
 7.97059e+17	1.00e+00	2.03e-14	0.00e+00
 7.97524e+17	1.00e+00	1.93e-14	0.00e+00
 7.97957e+17	1.00e+00	1.83e-14	0.00e+00
 7.98360e+17	1.00e+00	1.75e-14	0.00e+00
 7.98747e+17	1.00e+00	1.67e-14	0.00e+00
 7.99124e+17	1.00e+00	1.60e-14	0.00e+00
 7.99490e+17	1.00e+00	1.53e-14	0.00e+00
 7.99841e+17	1.00e+00	1.46e-14	0.00e+00
 8.00176e+17	1.00e+00	1.41e-14	0.00e+00
 8.00495e+17	1.00e+00	1.35e-14	0.00e+00
 8.00805e+17	1.00e+00	1.30e-14	0.00e+00
 8.01106e+17	1.00e+00	1.25e-14	0.00e+00
