#depth	C	C+	C+2	C+3	C+4	C+5	C+6	C[1]	C[2]	C[3]	C+[1]	C+[2]	CO
 1.49634e+10	0.00e+00	0.00e+00	1.80e-26	3.30e-16	2.01e-05	1.45e-01	8.55e-01	0.00e+00	0.00e+00	0.00e+00	0.00e+00	0.00e+00	0.00e+00
 4.54887e+10	0.00e+00	4.41e-37	2.41e-26	4.09e-16	2.31e-05	1.55e-01	8.45e-01	0.00e+00	0.00e+00	0.00e+00	0.00e+00	0.00e+00	0.00e+00
 7.72350e+10	0.00e+00	0.00e+00	3.26e-26	5.11e-16	2.66e-05	1.66e-01	8.34e-01	0.00e+00	0.00e+00	0.00e+00	0.00e+00	0.00e+00	0.00e+00
 1.10251e+11	0.00e+00	9.43e-37	4.40e-26	6.38e-16	3.07e-05	1.77e-01	8.23e-01	0.00e+00	0.00e+00	0.00e+00	0.00e+00	0.00e+00	0.00e+00
 1.41143e+11	0.00e+00	0.00e+00	5.76e-26	7.77e-16	3.49e-05	1.87e-01	8.13e-01	0.00e+00	0.00e+00	0.00e+00	0.00e+00	0.00e+00	0.00e+00
 1.68506e+11	0.00e+00	1.77e-36	7.26e-26	9.23e-16	3.90e-05	1.97e-01	8.03e-01	0.00e+00	0.00e+00	0.00e+00	0.00e+00	0.00e+00	0.00e+00
 1.99105e+11	5.20e-48	2.44e-36	9.35e-26	1.11e-15	4.40e-05	2.07e-01	7.92e-01	0.00e+00	0.00e+00	0.00e+00	0.00e+00	0.00e+00	0.00e+00
 2.35692e+11	0.00e+00	3.51e-36	1.25e-25	1.37e-15	5.03e-05	2.20e-01	7.80e-01	0.00e+00	0.00e+00	0.00e+00	0.00e+00	0.00e+00	0.00e+00
 2.72299e+11	1.23e-47	4.96e-36	1.64e-25	1.68e-15	5.71e-05	2.33e-01	7.67e-01	0.00e+00	0.00e+00	0.00e+00	0.00e+00	0.00e+00	0.00e+00
 3.06030e+11	0.00e+00	0.00e+00	2.09e-25	2.01e-15	6.41e-05	2.45e-01	7.55e-01	0.00e+00	0.00e+00	0.00e+00	0.00e+00	0.00e+00	0.00e+00
 3.43785e+11	0.00e+00	9.50e-36	2.74e-25	2.44e-15	7.26e-05	2.58e-01	7.42e-01	0.00e+00	0.00e+00	0.00e+00	0.00e+00	0.00e+00	7.24e-171
 3.87391e+11	4.22e-47	1.38e-35	3.66e-25	3.02e-15	8.30e-05	2.74e-01	7.26e-01	0.00e+00	0.00e+00	0.00e+00	0.00e+00	0.00e+00	9.95e-214
 4.29958e+11	0.00e+00	0.00e+00	4.81e-25	3.69e-15	9.41e-05	2.89e-01	7.11e-01	0.00e+00	0.00e+00	0.00e+00	0.00e+00	0.00e+00	1.01e-256
 4.70463e+11	0.00e+00	2.68e-35	6.20e-25	4.44e-15	1.06e-04	3.03e-01	6.97e-01	0.00e+00	0.00e+00	0.00e+00	0.00e+00	0.00e+00	2.84e-169
 5.15444e+11	1.44e-46	3.78e-35	8.12e-25	5.40e-15	1.20e-04	3.19e-01	6.81e-01	0.00e+00	0.00e+00	0.00e+00	0.00e+00	0.00e+00	1.63e-212
 5.65988e+11	0.00e+00	0.00e+00	1.08e-24	6.66e-15	1.36e-04	3.36e-01	6.64e-01	0.00e+00	0.00e+00	0.00e+00	0.00e+00	0.00e+00	6.99e-256
 6.16947e+11	0.00e+00	7.80e-35	1.43e-24	8.16e-15	1.55e-04	3.53e-01	6.46e-01	0.00e+00	0.00e+00	0.00e+00	0.00e+00	0.00e+00	1.26e-167
 6.69945e+11	5.35e-46	1.11e-34	1.90e-24	1.00e-14	1.75e-04	3.71e-01	6.29e-01	0.00e+00	0.00e+00	0.00e+00	0.00e+00	0.00e+00	2.87e-211
 7.26669e+11	0.00e+00	1.61e-34	2.53e-24	1.23e-14	1.99e-04	3.90e-01	6.10e-01	0.00e+00	0.00e+00	0.00e+00	0.00e+00	0.00e+00	4.86e-255
 7.85663e+11	1.30e-45	2.31e-34	3.36e-24	1.51e-14	2.26e-04	4.09e-01	5.91e-01	0.00e+00	0.00e+00	0.00e+00	0.00e+00	0.00e+00	2.57e-144
 8.47016e+11	0.00e+00	3.33e-34	4.47e-24	1.85e-14	2.57e-04	4.28e-01	5.72e-01	0.00e+00	0.00e+00	0.00e+00	0.00e+00	0.00e+00	2.27e-188
 9.10823e+11	3.15e-45	4.79e-34	5.93e-24	2.27e-14	2.91e-04	4.48e-01	5.52e-01	0.00e+00	0.00e+00	0.00e+00	0.00e+00	0.00e+00	2.55e-143
 9.77183e+11	0.00e+00	6.87e-34	7.87e-24	2.78e-14	3.29e-04	4.67e-01	5.32e-01	0.00e+00	0.00e+00	0.00e+00	0.00e+00	0.00e+00	1.19e-187
 1.04620e+12	7.62e-45	9.86e-34	1.04e-23	3.41e-14	3.72e-04	4.87e-01	5.12e-01	0.00e+00	0.00e+00	0.00e+00	0.00e+00	0.00e+00	2.54e-142
 1.11797e+12	0.00e+00	1.41e-33	1.38e-23	4.17e-14	4.19e-04	5.07e-01	4.93e-01	0.00e+00	0.00e+00	0.00e+00	0.00e+00	0.00e+00	6.21e-187
 1.19262e+12	1.84e-44	2.03e-33	1.83e-23	5.09e-14	4.73e-04	5.27e-01	4.73e-01	0.00e+00	0.00e+00	0.00e+00	0.00e+00	0.00e+00	2.52e-141
 1.27025e+12	0.00e+00	2.90e-33	2.41e-23	6.21e-14	5.33e-04	5.47e-01	4.53e-01	0.00e+00	0.00e+00	0.00e+00	0.00e+00	0.00e+00	3.22e-186
 1.35099e+12	4.41e-44	4.15e-33	3.19e-23	7.56e-14	5.99e-04	5.66e-01	4.33e-01	0.00e+00	0.00e+00	0.00e+00	0.00e+00	0.00e+00	2.50e-140
 1.42914e+12	0.00e+00	5.78e-33	4.12e-23	9.08e-14	6.68e-04	5.85e-01	4.15e-01	0.00e+00	0.00e+00	0.00e+00	0.00e+00	0.00e+00	1.68e-185
 1.50063e+12	9.51e-44	7.76e-33	5.18e-23	1.07e-13	7.35e-04	6.00e-01	3.99e-01	0.00e+00	0.00e+00	0.00e+00	0.00e+00	0.00e+00	1.88e-139
 1.57994e+12	0.00e+00	1.07e-32	6.63e-23	1.27e-13	8.16e-04	6.17e-01	3.82e-01	0.00e+00	0.00e+00	0.00e+00	0.00e+00	0.00e+00	7.11e-185
 1.67224e+12	2.16e-43	1.52e-32	8.71e-23	1.54e-13	9.13e-04	6.36e-01	3.63e-01	0.00e+00	0.00e+00	0.00e+00	0.00e+00	0.00e+00	1.63e-138
 1.76365e+12	0.00e+00	2.12e-32	1.13e-22	1.85e-13	1.02e-03	6.53e-01	3.46e-01	0.00e+00	0.00e+00	0.00e+00	0.00e+00	0.00e+00	3.22e-184
 1.85150e+12	4.78e-43	2.89e-32	1.44e-22	2.19e-13	1.12e-03	6.69e-01	3.30e-01	0.00e+00	0.00e+00	0.00e+00	0.00e+00	0.00e+00	1.32e-137
 1.94826e+12	0.00e+00	4.03e-32	1.86e-22	2.63e-13	1.25e-03	6.85e-01	3.13e-01	0.00e+00	0.00e+00	0.00e+00	0.00e+00	0.00e+00	1.39e-183
 2.05612e+12	1.11e-42	5.75e-32	2.44e-22	3.18e-13	1.39e-03	7.02e-01	2.96e-01	0.00e+00	0.00e+00	0.00e+00	0.00e+00	0.00e+00	1.22e-136
 2.16573e+12	0.00e+00	8.12e-32	3.19e-22	3.84e-13	1.55e-03	7.18e-01	2.80e-01	0.00e+00	0.00e+00	0.00e+00	0.00e+00	0.00e+00	6.36e-183
 2.27973e+12	2.60e-42	1.15e-31	4.17e-22	4.64e-13	1.73e-03	7.34e-01	2.64e-01	0.00e+00	0.00e+00	0.00e+00	0.00e+00	0.00e+00	1.17e-135
 2.40084e+12	0.00e+00	1.64e-31	5.48e-22	5.61e-13	1.93e-03	7.49e-01	2.49e-01	0.00e+00	0.00e+00	0.00e+00	0.00e+00	0.00e+00	2.84e-182
 2.52681e+12	6.23e-42	2.34e-31	7.20e-22	6.79e-13	2.15e-03	7.64e-01	2.34e-01	0.00e+00	0.00e+00	0.00e+00	0.00e+00	0.00e+00	1.18e-134
 2.65780e+12	0.00e+00	3.33e-31	9.46e-22	8.21e-13	2.40e-03	7.78e-01	2.19e-01	0.00e+00	0.00e+00	0.00e+00	0.00e+00	0.00e+00	1.22e-181
 2.79404e+12	1.49e-41	4.75e-31	1.24e-21	9.93e-13	2.67e-03	7.92e-01	2.06e-01	0.00e+00	0.00e+00	0.00e+00	0.00e+00	0.00e+00	1.20e-133
 2.93573e+12	0.00e+00	6.77e-31	1.63e-21	1.20e-12	2.98e-03	8.05e-01	1.92e-01	0.00e+00	0.00e+00	0.00e+00	0.00e+00	0.00e+00	4.32e-181
 3.08309e+12	3.59e-41	9.67e-31	2.15e-21	1.45e-12	3.31e-03	8.17e-01	1.80e-01	0.00e+00	0.00e+00	0.00e+00	0.00e+00	0.00e+00	1.23e-132
 3.22135e+12	0.00e+00	1.33e-30	2.75e-21	1.72e-12	3.64e-03	8.27e-01	1.69e-01	0.00e+00	0.00e+00	0.00e+00	0.00e+00	0.00e+00	7.88e-181
 3.34451e+12	7.51e-41	1.76e-30	3.40e-21	2.00e-12	3.96e-03	8.36e-01	1.60e-01	0.00e+00	0.00e+00	0.00e+00	0.00e+00	0.00e+00	8.74e-132
 3.48258e+12	0.00e+00	2.38e-30	4.29e-21	2.35e-12	4.34e-03	8.45e-01	1.51e-01	0.00e+00	0.00e+00	0.00e+00	0.00e+00	0.00e+00	0.00e+00
 3.64680e+12	1.68e-40	3.37e-30	5.60e-21	2.82e-12	4.81e-03	8.55e-01	1.41e-01	0.00e+00	0.00e+00	0.00e+00	0.00e+00	0.00e+00	7.35e-131
 3.81212e+12	0.00e+00	4.71e-30	7.25e-21	3.37e-12	5.31e-03	8.63e-01	1.31e-01	0.00e+00	0.00e+00	0.00e+00	0.00e+00	0.00e+00	0.00e+00
 3.96660e+12	3.69e-40	6.38e-30	9.15e-21	3.96e-12	5.80e-03	8.71e-01	1.23e-01	0.00e+00	0.00e+00	0.00e+00	0.00e+00	0.00e+00	5.99e-130
 4.13774e+12	0.00e+00	8.87e-30	1.18e-20	4.71e-12	6.39e-03	8.78e-01	1.15e-01	0.00e+00	0.00e+00	0.00e+00	0.00e+00	0.00e+00	0.00e+00
 4.33318e+12	8.64e-40	1.27e-29	1.55e-20	5.69e-12	7.09e-03	8.86e-01	1.07e-01	0.00e+00	0.00e+00	0.00e+00	0.00e+00	0.00e+00	5.71e-129
 4.52732e+12	0.00e+00	1.79e-29	2.02e-20	6.81e-12	7.83e-03	8.93e-01	9.91e-02	0.00e+00	0.00e+00	0.00e+00	0.00e+00	0.00e+00	0.00e+00
 4.72923e+12	2.03e-39	2.53e-29	2.63e-20	8.18e-12	8.65e-03	8.99e-01	9.20e-02	0.00e+00	0.00e+00	0.00e+00	0.00e+00	0.00e+00	5.49e-128
 4.94833e+12	0.00e+00	3.64e-29	3.47e-20	9.89e-12	9.60e-03	9.05e-01	8.50e-02	0.00e+00	0.00e+00	0.00e+00	0.00e+00	0.00e+00	0.00e+00
 5.17128e+12	4.93e-39	5.19e-29	4.56e-20	1.19e-11	1.06e-02	9.11e-01	7.86e-02	0.00e+00	0.00e+00	0.00e+00	0.00e+00	0.00e+00	5.77e-127
 5.37889e+12	0.00e+00	7.13e-29	5.81e-20	1.41e-11	1.16e-02	9.15e-01	7.32e-02	0.00e+00	0.00e+00	0.00e+00	0.00e+00	0.00e+00	0.00e+00
 5.57054e+12	1.04e-38	9.49e-29	7.24e-20	1.63e-11	1.26e-02	9.19e-01	6.86e-02	0.00e+00	0.00e+00	0.00e+00	0.00e+00	0.00e+00	4.20e-126
 5.78977e+12	0.00e+00	1.31e-28	9.24e-20	1.93e-11	1.38e-02	9.22e-01	6.38e-02	0.00e+00	0.00e+00	0.00e+00	0.00e+00	0.00e+00	0.00e+00
 6.04692e+12	2.42e-38	1.87e-28	1.22e-19	2.33e-11	1.53e-02	9.26e-01	5.88e-02	0.00e+00	0.00e+00	0.00e+00	0.00e+00	0.00e+00	3.89e-125
 6.30169e+12	0.00e+00	2.64e-28	1.58e-19	2.79e-11	1.68e-02	9.29e-01	5.43e-02	0.00e+00	0.00e+00	0.00e+00	0.00e+00	0.00e+00	0.00e+00
 6.54027e+12	5.47e-38	3.61e-28	2.01e-19	3.28e-11	1.83e-02	9.31e-01	5.04e-02	0.00e+00	0.00e+00	0.00e+00	0.00e+00	0.00e+00	3.34e-124
 6.80543e+12	0.00e+00	5.05e-28	2.60e-19	3.90e-11	2.01e-02	9.33e-01	4.66e-02	0.00e+00	0.00e+00	0.00e+00	0.00e+00	0.00e+00	0.00e+00
 7.10757e+12	1.31e-37	7.30e-28	3.45e-19	4.73e-11	2.23e-02	9.35e-01	4.27e-02	0.00e+00	0.00e+00	0.00e+00	0.00e+00	0.00e+00	3.37e-123
 7.40531e+12	0.00e+00	1.04e-27	4.52e-19	5.67e-11	2.45e-02	9.36e-01	3.92e-02	0.00e+00	0.00e+00	0.00e+00	0.00e+00	0.00e+00	0.00e+00
 7.71496e+12	3.15e-37	1.48e-27	5.92e-19	6.81e-11	2.70e-02	9.37e-01	3.60e-02	0.00e+00	0.00e+00	0.00e+00	0.00e+00	0.00e+00	3.37e-122
 8.05349e+12	0.00e+00	2.14e-27	7.87e-19	8.26e-11	2.99e-02	9.37e-01	3.29e-02	0.00e+00	0.00e+00	0.00e+00	0.00e+00	0.00e+00	0.00e+00
 8.39407e+12	7.82e-37	3.07e-27	1.04e-18	9.96e-11	3.29e-02	9.37e-01	3.01e-02	0.00e+00	0.00e+00	0.00e+00	0.00e+00	0.00e+00	3.70e-121
 8.74827e+12	0.00e+00	4.41e-27	1.37e-18	1.20e-10	3.63e-02	9.36e-01	2.75e-02	0.00e+00	0.00e+00	0.00e+00	0.00e+00	0.00e+00	0.00e+00
 9.12813e+12	1.95e-36	6.42e-27	1.82e-18	1.46e-10	4.01e-02	9.35e-01	2.50e-02	0.00e+00	0.00e+00	0.00e+00	0.00e+00	0.00e+00	4.09e-120
 9.50561e+12	0.00e+00	9.18e-27	2.40e-18	1.75e-10	4.41e-02	9.33e-01	2.28e-02	0.00e+00	0.00e+00	0.00e+00	0.00e+00	0.00e+00	0.00e+00
 9.89820e+12	4.76e-36	1.32e-26	3.17e-18	2.11e-10	4.85e-02	9.31e-01	2.08e-02	0.00e+00	0.00e+00	0.00e+00	0.00e+00	0.00e+00	4.25e-119
 1.03241e+13	0.00e+00	1.92e-26	4.23e-18	2.56e-10	5.36e-02	9.28e-01	1.89e-02	0.00e+00	0.00e+00	0.00e+00	0.00e+00	0.00e+00	0.00e+00
 1.07669e+13	1.21e-35	2.79e-26	5.64e-18	3.11e-10	5.91e-02	9.24e-01	1.71e-02	0.00e+00	0.00e+00	0.00e+00	0.00e+00	0.00e+00	4.91e-118
 1.12275e+13	0.00e+00	4.06e-26	7.53e-18	3.78e-10	6.52e-02	9.19e-01	1.54e-02	0.00e+00	0.00e+00	0.00e+00	0.00e+00	0.00e+00	0.00e+00
 1.17066e+13	3.08e-35	5.91e-26	1.01e-17	4.59e-10	7.18e-02	9.14e-01	1.39e-02	0.00e+00	0.00e+00	0.00e+00	0.00e+00	0.00e+00	5.65e-117
 1.21391e+13	0.00e+00	8.20e-26	1.30e-17	5.44e-10	7.81e-02	9.09e-01	1.27e-02	0.00e+00	0.00e+00	0.00e+00	0.00e+00	0.00e+00	5.60e-100
 1.24981e+13	6.40e-35	1.07e-25	1.59e-17	6.23e-10	8.36e-02	9.05e-01	1.18e-02	0.00e+00	0.00e+00	0.00e+00	0.00e+00	0.00e+00	0.00e+00
 1.28909e+13	9.04e-35	1.41e-25	1.97e-17	7.20e-10	8.97e-02	8.99e-01	1.10e-02	0.00e+00	0.00e+00	0.00e+00	0.00e+00	0.00e+00	9.47e-116
 1.33901e+13	1.38e-34	1.98e-25	2.56e-17	8.60e-10	9.79e-02	8.92e-01	9.94e-03	0.00e+00	0.00e+00	0.00e+00	0.00e+00	0.00e+00	1.54e-97
 1.39118e+13	2.12e-34	2.80e-25	3.35e-17	1.03e-09	1.07e-01	8.84e-01	8.99e-03	0.00e+00	0.00e+00	0.00e+00	0.00e+00	0.00e+00	0.00e+00
 1.43723e+13	3.04e-34	3.75e-25	4.20e-17	1.20e-09	1.15e-01	8.77e-01	8.25e-03	0.00e+00	0.00e+00	0.00e+00	0.00e+00	0.00e+00	2.27e-114
 1.47989e+13	4.20e-34	4.87e-25	5.14e-17	1.37e-09	1.23e-01	8.70e-01	7.63e-03	0.00e+00	0.00e+00	0.00e+00	0.00e+00	0.00e+00	1.76e-96
 1.52829e+13	5.99e-34	6.49e-25	6.43e-17	1.59e-09	1.32e-01	8.61e-01	6.99e-03	0.00e+00	0.00e+00	0.00e+00	0.00e+00	0.00e+00	0.00e+00
 1.58825e+13	9.15e-34	9.14e-25	8.39e-17	1.90e-09	1.43e-01	8.51e-01	6.29e-03	0.00e+00	0.00e+00	0.00e+00	0.00e+00	0.00e+00	4.12e-113
 1.64812e+13	1.37e-33	1.27e-24	1.08e-16	2.25e-09	1.55e-01	8.39e-01	5.68e-03	0.00e+00	0.00e+00	0.00e+00	0.00e+00	0.00e+00	2.33e-95
 1.69949e+13	1.91e-33	1.66e-24	1.34e-16	2.59e-09	1.66e-01	8.29e-01	5.21e-03	0.00e+00	0.00e+00	0.00e+00	0.00e+00	0.00e+00	2.89e-112
 1.75494e+13	2.70e-33	2.20e-24	1.66e-16	3.00e-09	1.77e-01	8.18e-01	4.76e-03	0.00e+00	0.00e+00	0.00e+00	0.00e+00	0.00e+00	1.03e-94
 1.82351e+13	4.08e-33	3.06e-24	2.15e-16	3.56e-09	1.92e-01	8.04e-01	4.26e-03	0.00e+00	0.00e+00	0.00e+00	0.00e+00	0.00e+00	2.15e-111
 1.89395e+13	6.10e-33	4.24e-24	2.78e-16	4.22e-09	2.07e-01	7.89e-01	3.82e-03	0.00e+00	0.00e+00	0.00e+00	0.00e+00	0.00e+00	6.05e-94
 1.95773e+13	8.63e-33	5.63e-24	3.46e-16	4.89e-09	2.21e-01	7.76e-01	3.46e-03	0.00e+00	0.00e+00	0.00e+00	0.00e+00	0.00e+00	1.59e-110
 2.02801e+13	1.25e-32	7.58e-24	4.37e-16	5.70e-09	2.36e-01	7.61e-01	3.12e-03	0.00e+00	0.00e+00	0.00e+00	0.00e+00	0.00e+00	2.90e-93
 2.11059e+13	1.88e-32	1.06e-23	5.67e-16	6.77e-09	2.55e-01	7.43e-01	2.76e-03	0.00e+00	0.00e+00	0.00e+00	0.00e+00	0.00e+00	1.29e-109
 2.19304e+13	2.78e-32	1.45e-23	7.26e-16	7.97e-09	2.73e-01	7.24e-01	2.46e-03	0.00e+00	0.00e+00	0.00e+00	0.00e+00	0.00e+00	1.69e-92
 2.27152e+13	3.96e-32	1.94e-23	9.09e-16	9.24e-09	2.91e-01	7.07e-01	2.21e-03	0.00e+00	0.00e+00	0.00e+00	0.00e+00	0.00e+00	9.74e-109
 2.35811e+13	5.75e-32	2.62e-23	1.15e-15	1.08e-08	3.10e-01	6.88e-01	1.96e-03	0.00e+00	0.00e+00	0.00e+00	0.00e+00	0.00e+00	8.43e-92
 2.45543e+13	8.57e-32	3.62e-23	1.48e-15	1.27e-08	3.32e-01	6.67e-01	1.73e-03	0.00e+00	0.00e+00	0.00e+00	0.00e+00	0.00e+00	8.08e-108
 2.54304e+13	1.21e-31	4.77e-23	1.84e-15	1.46e-08	3.51e-01	6.48e-01	1.54e-03	0.00e+00	0.00e+00	0.00e+00	0.00e+00	0.00e+00	4.38e-91
 2.61541e+13	1.58e-31	5.94e-23	2.18e-15	1.64e-08	3.67e-01	6.32e-01	1.41e-03	0.00e+00	0.00e+00	0.00e+00	0.00e+00	0.00e+00	4.40e-107
 2.69448e+13	2.10e-31	7.47e-23	2.61e-15	1.84e-08	3.83e-01	6.15e-01	1.28e-03	0.00e+00	0.00e+00	0.00e+00	0.00e+00	0.00e+00	1.52e-90
 2.79545e+13	2.97e-31	9.91e-23	3.25e-15	2.12e-08	4.05e-01	5.94e-01	1.13e-03	0.00e+00	0.00e+00	0.00e+00	0.00e+00	0.00e+00	2.59e-106
 2.89733e+13	4.16e-31	1.30e-22	4.01e-15	2.43e-08	4.26e-01	5.73e-01	1.00e-03	0.00e+00	0.00e+00	0.00e+00	0.00e+00	0.00e+00	7.12e-90
 2.98162e+13	5.42e-31	1.61e-22	4.74e-15	2.70e-08	4.42e-01	5.57e-01	9.10e-04	0.00e+00	0.00e+00	0.00e+00	0.00e+00	0.00e+00	1.41e-105
 3.07062e+13	7.10e-31	2.00e-22	5.61e-15	3.01e-08	4.60e-01	5.39e-01	8.23e-04	0.00e+00	0.00e+00	0.00e+00	0.00e+00	0.00e+00	2.41e-89
 3.18484e+13	9.90e-31	2.62e-22	6.91e-15	3.43e-08	4.82e-01	5.18e-01	7.25e-04	0.00e+00	0.00e+00	0.00e+00	0.00e+00	0.00e+00	7.92e-105
 3.30458e+13	1.38e-30	3.42e-22	8.51e-15	3.92e-08	5.03e-01	4.96e-01	6.37e-04	0.00e+00	0.00e+00	0.00e+00	0.00e+00	0.00e+00	1.11e-88
 3.40944e+13	1.82e-30	4.29e-22	1.01e-14	4.37e-08	5.22e-01	4.77e-01	5.70e-04	0.00e+00	0.00e+00	0.00e+00	0.00e+00	0.00e+00	4.62e-104
 3.52221e+13	2.43e-30	5.40e-22	1.21e-14	4.89e-08	5.41e-01	4.58e-01	5.08e-04	0.00e+00	0.00e+00	0.00e+00	0.00e+00	0.00e+00	4.12e-88
 3.65917e+13	3.39e-30	7.06e-22	1.49e-14	5.57e-08	5.63e-01	4.36e-01	4.42e-04	0.00e+00	0.00e+00	0.00e+00	0.00e+00	0.00e+00	2.84e-103
 3.79168e+13	4.61e-30	9.05e-22	1.80e-14	6.27e-08	5.84e-01	4.16e-01	3.88e-04	0.00e+00	0.00e+00	0.00e+00	0.00e+00	0.00e+00	1.85e-87
 3.90311e+13	5.92e-30	1.10e-21	2.10e-14	6.90e-08	6.00e-01	4.00e-01	3.49e-04	0.00e+00	0.00e+00	0.00e+00	0.00e+00	0.00e+00	1.47e-102
 4.02302e+13	7.65e-30	1.36e-21	2.46e-14	7.60e-08	6.17e-01	3.83e-01	3.12e-04	0.00e+00	0.00e+00	0.00e+00	0.00e+00	0.00e+00	6.12e-87
 4.17411e+13	1.04e-29	1.74e-21	2.97e-14	8.55e-08	6.37e-01	3.63e-01	2.71e-04	0.00e+00	0.00e+00	0.00e+00	0.00e+00	0.00e+00	8.08e-102
 4.32931e+13	1.42e-29	2.23e-21	3.59e-14	9.59e-08	6.56e-01	3.44e-01	2.36e-04	0.00e+00	0.00e+00	0.00e+00	0.00e+00	0.00e+00	2.66e-86
 4.46437e+13	1.83e-29	2.73e-21	4.19e-14	1.05e-07	6.72e-01	3.28e-01	2.10e-04	0.00e+00	0.00e+00	0.00e+00	0.00e+00	0.00e+00	4.40e-101
 4.60964e+13	2.38e-29	3.37e-21	4.92e-14	1.16e-07	6.88e-01	3.12e-01	1.86e-04	0.00e+00	0.00e+00	0.00e+00	0.00e+00	0.00e+00	9.34e-86
 4.78708e+13	3.24e-29	4.31e-21	5.93e-14	1.30e-07	7.06e-01	2.94e-01	1.61e-04	0.00e+00	0.00e+00	0.00e+00	0.00e+00	0.00e+00	2.53e-100
 4.96557e+13	4.36e-29	5.46e-21	7.09e-14	1.45e-07	7.23e-01	2.77e-01	1.39e-04	0.00e+00	0.00e+00	0.00e+00	0.00e+00	0.00e+00	4.08e-85
 5.12482e+13	5.62e-29	6.69e-21	8.26e-14	1.59e-07	7.37e-01	2.62e-01	1.23e-04	0.00e+00	0.00e+00	0.00e+00	0.00e+00	0.00e+00	1.39e-99
 5.29981e+13	7.36e-29	8.28e-21	9.70e-14	1.74e-07	7.52e-01	2.48e-01	1.08e-04	0.00e+00	0.00e+00	0.00e+00	0.00e+00	0.00e+00	1.49e-84
 5.50819e+13	1.00e-28	1.06e-20	1.17e-13	1.94e-07	7.68e-01	2.32e-01	9.25e-05	0.00e+00	0.00e+00	0.00e+00	0.00e+00	0.00e+00	8.43e-99
 5.71637e+13	1.34e-28	1.33e-20	1.39e-13	2.15e-07	7.82e-01	2.18e-01	7.99e-05	0.00e+00	0.00e+00	0.00e+00	0.00e+00	0.00e+00	6.68e-84
 5.90985e+13	1.74e-28	1.64e-20	1.62e-13	2.36e-07	7.95e-01	2.05e-01	6.98e-05	0.00e+00	0.00e+00	0.00e+00	0.00e+00	0.00e+00	4.84e-98
 6.12622e+13	2.31e-28	2.05e-20	1.91e-13	2.59e-07	8.07e-01	1.93e-01	6.06e-05	0.00e+00	0.00e+00	0.00e+00	0.00e+00	0.00e+00	2.66e-83
 6.37426e+13	3.15e-28	2.62e-20	2.29e-13	2.88e-07	8.21e-01	1.79e-01	5.16e-05	0.00e+00	0.00e+00	0.00e+00	0.00e+00	0.00e+00	3.20e-97
 6.62001e+13	4.23e-28	3.31e-20	2.72e-13	3.18e-07	8.33e-01	1.67e-01	4.43e-05	0.00e+00	0.00e+00	0.00e+00	0.00e+00	0.00e+00	1.24e-82
 6.87559e+13	5.68e-28	4.17e-20	3.22e-13	3.50e-07	8.44e-01	1.56e-01	3.80e-05	0.00e+00	0.00e+00	0.00e+00	0.00e+00	0.00e+00	2.11e-96
 7.15360e+13	7.72e-28	5.30e-20	3.84e-13	3.87e-07	8.55e-01	1.45e-01	3.24e-05	0.00e+00	0.00e+00	0.00e+00	0.00e+00	0.00e+00	5.83e-82
 7.44274e+13	1.05e-27	6.74e-20	4.57e-13	4.27e-07	8.66e-01	1.34e-01	2.76e-05	0.00e+00	0.00e+00	0.00e+00	0.00e+00	0.00e+00	1.53e-95
 7.71668e+13	1.39e-27	8.38e-20	5.36e-13	4.67e-07	8.74e-01	1.26e-01	2.38e-05	0.00e+00	0.00e+00	0.00e+00	0.00e+00	0.00e+00	2.69e-81
 7.96314e+13	1.77e-27	1.01e-19	6.15e-13	5.03e-07	8.82e-01	1.18e-01	2.10e-05	0.00e+00	0.00e+00	0.00e+00	0.00e+00	0.00e+00	8.23e-95
 8.19435e+13	2.20e-27	1.20e-19	6.96e-13	5.40e-07	8.88e-01	1.12e-01	1.87e-05	0.00e+00	0.00e+00	0.00e+00	0.00e+00	0.00e+00	9.01e-81
 8.45027e+13	2.79e-27	1.45e-19	7.94e-13	5.81e-07	8.94e-01	1.06e-01	1.65e-05	0.00e+00	0.00e+00	0.00e+00	0.00e+00	0.00e+00	3.63e-94
 8.73749e+13	3.61e-27	1.77e-19	9.17e-13	6.28e-07	9.01e-01	9.90e-02	1.44e-05	0.00e+00	0.00e+00	0.00e+00	0.00e+00	0.00e+00	3.35e-80
 9.01085e+13	4.58e-27	2.12e-19	1.05e-12	6.75e-07	9.07e-01	9.33e-02	1.27e-05	0.00e+00	0.00e+00	0.00e+00	0.00e+00	0.00e+00	1.82e-93
 9.31169e+13	5.90e-27	2.59e-19	1.20e-12	7.28e-07	9.12e-01	8.75e-02	1.11e-05	0.00e+00	0.00e+00	0.00e+00	0.00e+00	0.00e+00	1.23e-79
 9.64748e+13	7.75e-27	3.19e-19	1.40e-12	7.90e-07	9.18e-01	8.17e-02	9.64e-06	0.00e+00	0.00e+00	0.00e+00	0.00e+00	0.00e+00	1.01e-92
 9.95758e+13	9.90e-27	3.86e-19	1.60e-12	8.49e-07	9.23e-01	7.68e-02	8.48e-06	0.00e+00	0.00e+00	0.00e+00	0.00e+00	0.00e+00	4.90e-79
 1.02452e+14	1.23e-26	4.57e-19	1.80e-12	9.06e-07	9.27e-01	7.27e-02	7.56e-06	0.00e+00	0.00e+00	0.00e+00	0.00e+00	0.00e+00	4.61e-92
 1.05746e+14	1.58e-26	5.52e-19	2.05e-12	9.72e-07	9.32e-01	6.84e-02	6.65e-06	0.00e+00	0.00e+00	0.00e+00	0.00e+00	0.00e+00	1.71e-78
 1.09775e+14	2.11e-26	6.90e-19	2.40e-12	1.06e-06	9.36e-01	6.36e-02	5.73e-06	0.00e+00	0.00e+00	0.00e+00	0.00e+00	0.00e+00	2.66e-91
 1.13791e+14	2.78e-26	8.53e-19	2.79e-12	1.14e-06	9.41e-01	5.92e-02	4.95e-06	0.00e+00	0.00e+00	0.00e+00	0.00e+00	0.00e+00	7.87e-78
 1.17285e+14	3.52e-26	1.02e-18	3.16e-12	1.22e-06	9.44e-01	5.59e-02	4.38e-06	0.00e+00	0.00e+00	0.00e+00	0.00e+00	0.00e+00	1.42e-90
 1.21069e+14	4.51e-26	1.23e-18	3.60e-12	1.31e-06	9.47e-01	5.25e-02	3.86e-06	0.00e+00	0.00e+00	0.00e+00	0.00e+00	0.00e+00	2.92e-77
 1.25687e+14	6.06e-26	1.55e-18	4.19e-12	1.42e-06	9.51e-01	4.89e-02	3.33e-06	0.00e+00	0.00e+00	0.00e+00	0.00e+00	0.00e+00	8.31e-90
 1.30392e+14	8.05e-26	1.92e-18	4.88e-12	1.53e-06	9.55e-01	4.54e-02	2.87e-06	0.00e+00	0.00e+00	0.00e+00	0.00e+00	0.00e+00	1.40e-76
 1.34649e+14	1.04e-25	2.33e-18	5.56e-12	1.64e-06	9.57e-01	4.27e-02	2.53e-06	0.00e+00	0.00e+00	0.00e+00	0.00e+00	0.00e+00	2.80e-76
 1.39320e+14	1.36e-25	2.85e-18	6.39e-12	1.76e-06	9.60e-01	4.00e-02	2.21e-06	0.00e+00	0.00e+00	0.00e+00	0.00e+00	0.00e+00	5.84e-76
 1.44814e+14	1.84e-25	3.60e-18	7.47e-12	1.91e-06	9.63e-01	3.71e-02	1.90e-06	0.00e+00	0.00e+00	0.00e+00	0.00e+00	0.00e+00	1.35e-75
 1.50291e+14	2.46e-25	4.48e-18	8.69e-12	2.07e-06	9.66e-01	3.45e-02	1.63e-06	0.00e+00	0.00e+00	0.00e+00	0.00e+00	0.00e+00	2.97e-75
 1.55450e+14	3.22e-25	5.49e-18	9.95e-12	2.22e-06	9.68e-01	3.23e-02	1.43e-06	0.00e+00	0.00e+00	0.00e+00	0.00e+00	0.00e+00	6.20e-75
 1.61161e+14	4.30e-25	6.82e-18	1.15e-11	2.38e-06	9.70e-01	3.01e-02	1.24e-06	0.00e+00	0.00e+00	0.00e+00	0.00e+00	0.00e+00	1.37e-74
 1.67637e+14	5.84e-25	8.61e-18	1.35e-11	2.59e-06	9.72e-01	2.79e-02	1.06e-06	0.00e+00	0.00e+00	0.00e+00	0.00e+00	0.00e+00	3.17e-74
 1.74118e+14	7.91e-25	1.08e-17	1.57e-11	2.79e-06	9.74e-01	2.59e-02	9.15e-07	0.00e+00	0.00e+00	0.00e+00	0.00e+00	0.00e+00	7.30e-74
 1.80859e+14	1.07e-24	1.36e-17	1.83e-11	3.02e-06	9.76e-01	2.41e-02	0.00e+00	0.00e+00	0.00e+00	0.00e+00	0.00e+00	0.00e+00	1.68e-73
 1.88123e+14	1.46e-24	1.72e-17	2.14e-11	3.27e-06	9.78e-01	2.23e-02	0.00e+00	0.00e+00	0.00e+00	0.00e+00	0.00e+00	0.00e+00	3.98e-73
 1.95678e+14	2.00e-24	2.18e-17	2.51e-11	3.54e-06	9.79e-01	2.07e-02	0.00e+00	0.00e+00	0.00e+00	0.00e+00	0.00e+00	0.00e+00	9.41e-73
 2.02977e+14	2.67e-24	2.70e-17	2.91e-11	3.81e-06	9.81e-01	1.92e-02	0.00e+00	0.00e+00	0.00e+00	0.00e+00	0.00e+00	0.00e+00	2.07e-72
 2.09824e+14	3.48e-24	3.30e-17	3.32e-11	4.07e-06	9.82e-01	1.80e-02	0.00e+00	0.00e+00	0.00e+00	0.00e+00	0.00e+00	0.00e+00	4.29e-72
 2.16292e+14	4.43e-24	3.96e-17	3.74e-11	4.33e-06	9.83e-01	1.70e-02	0.00e+00	0.00e+00	0.00e+00	0.00e+00	0.00e+00	0.00e+00	8.39e-72
 2.23348e+14	5.72e-24	4.80e-17	4.26e-11	4.61e-06	9.84e-01	1.60e-02	0.00e+00	0.00e+00	0.00e+00	0.00e+00	1.55e-17	3.25e-17	1.69e-71
 2.31183e+14	7.50e-24	5.88e-17	4.89e-11	4.95e-06	9.85e-01	1.49e-02	0.00e+00	0.00e+00	0.00e+00	0.00e+00	1.95e-17	3.93e-17	3.55e-71
 2.38519e+14	9.65e-24	7.10e-17	5.53e-11	5.26e-06	9.86e-01	1.40e-02	0.00e+00	0.00e+00	0.00e+00	0.00e+00	2.36e-17	4.74e-17	7.13e-71
 2.46546e+14	1.25e-23	8.64e-17	6.32e-11	5.62e-06	9.87e-01	1.32e-02	0.00e+00	0.00e+00	0.00e+00	0.00e+00	2.87e-17	5.77e-17	1.46e-70
 2.55565e+14	1.66e-23	1.07e-16	7.29e-11	6.04e-06	9.88e-01	1.23e-02	0.00e+00	0.00e+00	0.00e+00	0.00e+00	3.55e-17	7.15e-17	3.19e-70
 2.64190e+14	2.15e-23	1.30e-16	8.33e-11	6.47e-06	9.89e-01	1.15e-02	0.00e+00	0.00e+00	0.00e+00	0.00e+00	4.31e-17	8.68e-17	6.46e-70
 2.73715e+14	2.85e-23	1.60e-16	9.59e-11	6.94e-06	9.89e-01	1.07e-02	0.00e+00	0.00e+00	0.00e+00	0.00e+00	5.32e-17	1.07e-16	1.40e-69
 2.84440e+14	3.86e-23	2.02e-16	1.12e-10	7.49e-06	9.90e-01	9.92e-03	0.00e+00	0.00e+00	0.00e+00	0.00e+00	6.70e-17	1.35e-16	3.25e-69
 2.94718e+14	5.09e-23	2.49e-16	1.29e-10	8.05e-06	9.91e-01	9.24e-03	0.00e+00	0.00e+00	0.00e+00	0.00e+00	8.25e-17	1.66e-16	6.90e-69
 3.05660e+14	6.80e-23	3.09e-16	1.49e-10	8.66e-06	9.91e-01	8.60e-03	0.00e+00	0.00e+00	0.00e+00	0.00e+00	1.03e-16	2.07e-16	1.54e-68
 3.17917e+14	9.19e-23	3.89e-16	1.75e-10	9.39e-06	9.92e-01	7.94e-03	0.00e+00	0.00e+00	0.00e+00	0.00e+00	1.29e-16	2.60e-16	3.50e-68
 3.29236e+14	1.22e-22	4.80e-16	2.01e-10	1.01e-05	9.93e-01	7.41e-03	0.00e+00	0.00e+00	0.00e+00	0.00e+00	1.59e-16	3.21e-16	7.61e-68
 3.39037e+14	1.52e-22	5.69e-16	2.26e-10	1.07e-05	9.93e-01	6.99e-03	0.00e+00	0.00e+00	0.00e+00	0.00e+00	1.89e-16	3.80e-16	1.40e-67
 3.49913e+14	1.96e-22	6.88e-16	2.57e-10	1.14e-05	9.93e-01	6.56e-03	0.00e+00	0.00e+00	0.00e+00	0.00e+00	2.28e-16	4.60e-16	2.81e-67
 3.63197e+14	2.61e-22	8.55e-16	2.99e-10	1.23e-05	9.94e-01	6.09e-03	0.00e+00	0.00e+00	0.00e+00	0.00e+00	2.84e-16	5.71e-16	6.16e-67
 3.76643e+14	3.45e-22	1.06e-15	3.46e-10	1.32e-05	9.94e-01	5.66e-03	0.00e+00	0.00e+00	0.00e+00	0.00e+00	3.51e-16	7.07e-16	1.34e-66
 3.88720e+14	4.41e-22	1.27e-15	3.92e-10	1.41e-05	9.95e-01	5.31e-03	0.00e+00	0.00e+00	0.00e+00	0.00e+00	4.23e-16	8.51e-16	2.61e-66
 4.01984e+14	5.75e-22	1.56e-15	4.49e-10	1.51e-05	9.95e-01	4.97e-03	0.00e+00	0.00e+00	0.00e+00	0.00e+00	5.17e-16	1.04e-15	5.45e-66
 4.17686e+14	7.70e-22	1.95e-15	5.25e-10	1.63e-05	9.95e-01	4.60e-03	0.00e+00	0.00e+00	0.00e+00	0.00e+00	6.45e-16	1.30e-15	1.21e-65
 4.33110e+14	1.02e-21	2.41e-15	6.07e-10	1.76e-05	9.96e-01	4.27e-03	0.00e+00	0.00e+00	0.00e+00	0.00e+00	7.98e-16	1.61e-15	2.60e-65
 4.47170e+14	1.30e-21	2.90e-15	6.91e-10	1.88e-05	9.96e-01	4.01e-03	0.00e+00	0.00e+00	0.00e+00	0.00e+00	9.62e-16	1.94e-15	5.11e-65
 4.62903e+14	1.71e-21	3.57e-15	7.93e-10	2.01e-05	9.96e-01	3.74e-03	0.00e+00	0.00e+00	0.00e+00	0.00e+00	1.18e-15	2.38e-15	1.09e-64
 4.81246e+14	2.28e-21	4.45e-15	9.29e-10	2.18e-05	9.97e-01	3.45e-03	0.00e+00	0.00e+00	0.00e+00	0.00e+00	1.48e-15	2.97e-15	2.40e-64
 4.99269e+14	3.04e-21	5.54e-15	1.08e-09	2.35e-05	9.97e-01	3.21e-03	0.00e+00	0.00e+00	0.00e+00	0.00e+00	1.84e-15	3.70e-15	5.32e-64
 5.16303e+14	3.89e-21	6.69e-15	1.23e-09	2.51e-05	9.97e-01	2.99e-03	0.00e+00	0.00e+00	0.00e+00	0.00e+00	2.22e-15	4.47e-15	1.05e-63
 5.35274e+14	5.11e-21	8.24e-15	1.42e-09	2.71e-05	9.97e-01	2.78e-03	0.00e+00	0.00e+00	0.00e+00	0.00e+00	2.73e-15	5.51e-15	2.21e-63
 5.56715e+14	6.93e-21	1.04e-14	1.67e-09	2.93e-05	9.97e-01	2.57e-03	0.00e+00	0.00e+00	0.00e+00	0.00e+00	3.45e-15	6.95e-15	5.17e-63
 5.78194e+14	9.11e-21	1.28e-14	1.94e-09	3.17e-05	9.98e-01	2.38e-03	0.00e+00	0.00e+00	0.00e+00	0.00e+00	4.25e-15	8.58e-15	1.09e-62
 5.98239e+14	1.19e-20	1.57e-14	2.22e-09	3.39e-05	9.98e-01	2.22e-03	0.00e+00	0.00e+00	0.00e+00	0.00e+00	5.21e-15	1.05e-14	2.30e-62
 6.19905e+14	1.54e-20	1.92e-14	2.57e-09	3.65e-05	9.98e-01	2.06e-03	0.00e+00	0.00e+00	0.00e+00	0.00e+00	6.35e-15	1.28e-14	4.66e-62
 6.44204e+14	2.05e-20	2.39e-14	3.00e-09	3.94e-05	9.98e-01	1.91e-03	0.00e+00	0.00e+00	0.00e+00	0.00e+00	7.90e-15	1.60e-14	1.03e-61
 6.66853e+14	2.65e-20	2.91e-14	3.44e-09	4.23e-05	9.98e-01	1.78e-03	0.00e+00	0.00e+00	0.00e+00	0.00e+00	9.62e-15	1.94e-14	2.09e-61
 6.87784e+14	3.37e-20	3.49e-14	3.89e-09	4.50e-05	9.98e-01	1.67e-03	0.00e+00	0.00e+00	0.00e+00	0.00e+00	1.16e-14	2.34e-14	4.08e-61
 7.07989e+14	4.14e-20	4.09e-14	4.37e-09	4.78e-05	9.98e-01	1.57e-03	0.00e+00	0.00e+00	0.00e+00	0.00e+00	1.35e-14	2.74e-14	7.16e-61
 7.30514e+14	5.25e-20	4.92e-14	4.95e-09	5.09e-05	9.98e-01	1.48e-03	0.00e+00	0.00e+00	0.00e+00	0.00e+00	1.63e-14	3.29e-14	1.40e-60
 7.55425e+14	6.67e-20	5.91e-14	5.67e-09	5.45e-05	9.99e-01	1.38e-03	0.00e+00	0.00e+00	0.00e+00	0.00e+00	1.95e-14	3.95e-14	2.69e-60
 7.78455e+14	8.33e-20	7.00e-14	6.39e-09	5.79e-05	9.99e-01	1.30e-03	0.00e+00	0.00e+00	0.00e+00	0.00e+00	2.32e-14	4.69e-14	4.99e-60
 8.03413e+14	1.05e-19	8.42e-14	7.25e-09	6.18e-05	9.99e-01	1.22e-03	0.00e+00	0.00e+00	0.00e+00	0.00e+00	2.78e-14	5.63e-14	9.68e-60
 8.31627e+14	1.34e-19	1.01e-13	8.33e-09	6.63e-05	9.99e-01	1.13e-03	0.00e+00	0.00e+00	0.00e+00	0.00e+00	3.36e-14	6.79e-14	1.89e-59
 8.58682e+14	1.71e-19	1.22e-13	9.46e-09	7.07e-05	9.99e-01	1.06e-03	0.00e+00	0.00e+00	0.00e+00	0.00e+00	4.05e-14	8.19e-14	3.73e-59
 8.88462e+14	2.17e-19	1.47e-13	1.09e-08	7.58e-05	9.99e-01	9.88e-04	0.00e+00	0.00e+00	0.00e+00	0.00e+00	4.86e-14	9.84e-14	7.18e-59
 9.21173e+14	2.86e-19	1.82e-13	1.25e-08	8.15e-05	9.99e-01	9.18e-04	0.00e+00	0.00e+00	0.00e+00	0.00e+00	6.01e-14	1.22e-13	1.55e-58
 9.51234e+14	3.55e-19	2.15e-13	1.43e-08	8.72e-05	9.99e-01	8.58e-04	0.00e+00	0.00e+00	0.00e+00	0.00e+00	7.11e-14	1.44e-13	2.83e-58
 9.83854e+14	4.57e-19	2.61e-13	1.63e-08	9.33e-05	9.99e-01	8.01e-04	0.00e+00	0.00e+00	0.00e+00	0.00e+00	8.62e-14	1.75e-13	5.68e-58
 1.02033e+15	5.96e-19	3.21e-13	1.89e-08	1.00e-04	9.99e-01	7.44e-04	0.00e+00	0.00e+00	0.00e+00	0.00e+00	1.06e-13	2.15e-13	1.21e-57
 1.05469e+15	7.48e-19	3.84e-13	2.16e-08	1.08e-04	9.99e-01	6.94e-04	0.00e+00	0.00e+00	0.00e+00	0.00e+00	1.27e-13	2.57e-13	2.27e-57
 1.09222e+15	9.71e-19	4.70e-13	2.48e-08	1.15e-04	9.99e-01	6.46e-04	0.00e+00	0.00e+00	0.00e+00	0.00e+00	1.55e-13	3.15e-13	4.72e-57
 1.13388e+15	1.25e-18	5.73e-13	2.88e-08	1.25e-04	9.99e-01	5.98e-04	0.00e+00	0.00e+00	0.00e+00	0.00e+00	1.89e-13	3.84e-13	9.53e-57
 1.17257e+15	1.60e-18	6.92e-13	3.30e-08	1.33e-04	9.99e-01	5.58e-04	0.00e+00	0.00e+00	0.00e+00	0.00e+00	2.28e-13	4.64e-13	1.90e-56
 1.21448e+15	2.04e-18	8.38e-13	3.80e-08	1.43e-04	9.99e-01	5.18e-04	0.00e+00	0.00e+00	0.00e+00	0.00e+00	2.76e-13	5.61e-13	3.75e-56
 1.26152e+15	2.69e-18	1.04e-12	4.42e-08	1.55e-04	9.99e-01	4.79e-04	0.00e+00	0.00e+00	0.00e+00	0.00e+00	3.43e-13	6.98e-13	8.22e-56
 1.30632e+15	3.39e-18	1.25e-12	5.09e-08	1.67e-04	9.99e-01	4.45e-04	0.00e+00	0.00e+00	0.00e+00	0.00e+00	4.11e-13	8.37e-13	1.56e-55
 1.35434e+15	4.40e-18	1.53e-12	5.88e-08	1.80e-04	9.99e-01	4.13e-04	0.00e+00	0.00e+00	0.00e+00	0.00e+00	5.04e-13	1.03e-12	3.25e-55
 1.40747e+15	5.68e-18	1.88e-12	6.87e-08	1.95e-04	9.99e-01	3.80e-04	0.00e+00	0.00e+00	0.00e+00	0.00e+00	6.18e-13	1.26e-12	6.70e-55
 1.45900e+15	7.35e-18	2.29e-12	7.94e-08	2.10e-04	9.99e-01	3.52e-04	0.00e+00	0.00e+00	0.00e+00	0.00e+00	7.55e-13	1.54e-12	1.38e-54
 1.51366e+15	9.43e-18	2.80e-12	9.21e-08	2.27e-04	9.99e-01	3.26e-04	0.00e+00	0.00e+00	0.00e+00	0.00e+00	9.20e-13	1.88e-12	2.80e-54
 1.57424e+15	1.23e-17	3.47e-12	1.08e-07	2.46e-04	9.99e-01	3.00e-04	0.00e+00	0.00e+00	0.00e+00	0.00e+00	1.14e-12	2.33e-12	6.04e-54
 1.63397e+15	1.57e-17	4.20e-12	1.25e-07	2.67e-04	9.99e-01	2.76e-04	0.00e+00	0.00e+00	0.00e+00	0.00e+00	1.38e-12	2.82e-12	1.20e-53
 1.68307e+15	1.92e-17	4.93e-12	1.41e-07	2.84e-04	9.99e-01	2.59e-04	0.00e+00	0.00e+00	0.00e+00	0.00e+00	1.62e-12	3.31e-12	2.12e-53
 1.72213e+15	2.24e-17	5.57e-12	1.55e-07	2.98e-04	9.99e-01	2.47e-04	0.00e+00	0.00e+00	0.00e+00	0.00e+00	1.83e-12	3.74e-12	3.29e-53
 1.76542e+15	2.65e-17	6.39e-12	1.71e-07	3.14e-04	9.99e-01	2.34e-04	0.00e+00	0.00e+00	0.00e+00	0.00e+00	2.10e-12	4.29e-12	5.35e-53
 1.82169e+15	3.26e-17	7.53e-12	1.95e-07	3.37e-04	9.99e-01	2.18e-04	0.00e+00	0.00e+00	0.00e+00	0.00e+00	2.47e-12	5.06e-12	9.61e-53
 1.88212e+15	4.04e-17	8.96e-12	2.22e-07	3.61e-04	9.99e-01	2.03e-04	0.00e+00	0.00e+00	0.00e+00	0.00e+00	2.94e-12	6.02e-12	1.79e-52
 1.93590e+15	4.85e-17	1.04e-11	2.49e-07	3.84e-04	9.99e-01	1.91e-04	0.00e+00	4.05e-18	1.22e-17	2.03e-17	3.42e-12	7.00e-12	3.07e-52
 1.99377e+15	5.87e-17	1.21e-11	2.81e-07	4.10e-04	9.99e-01	1.79e-04	0.00e+00	4.91e-18	1.47e-17	2.46e-17	3.98e-12	8.15e-12	5.28e-52
 2.06703e+15	7.44e-17	1.47e-11	3.25e-07	4.44e-04	9.99e-01	1.65e-04	0.00e+00	6.22e-18	1.87e-17	3.12e-17	4.82e-12	9.87e-12	1.05e-51
 2.14133e+15	9.35e-17	1.77e-11	3.76e-07	4.80e-04	9.99e-01	1.53e-04	0.00e+00	7.83e-18	2.35e-17	3.93e-17	5.81e-12	1.19e-11	2.05e-51
 2.20445e+15	1.13e-16	2.07e-11	4.23e-07	5.11e-04	9.99e-01	1.43e-04	0.00e+00	9.47e-18	2.84e-17	4.75e-17	6.78e-12	1.39e-11	3.58e-51
 2.27201e+15	1.36e-16	2.41e-11	4.78e-07	5.46e-04	9.99e-01	1.34e-04	0.00e+00	1.14e-17	3.42e-17	5.72e-17	7.92e-12	1.62e-11	6.28e-51
 2.35641e+15	1.73e-16	2.92e-11	5.55e-07	5.93e-04	9.99e-01	1.23e-04	0.00e+00	1.45e-17	4.35e-17	7.27e-17	9.58e-12	1.96e-11	1.26e-50
 2.44302e+15	2.18e-16	3.54e-11	6.42e-07	6.43e-04	9.99e-01	1.14e-04	0.00e+00	1.83e-17	5.49e-17	9.17e-17	1.16e-11	2.38e-11	2.51e-50
 2.51912e+15	2.64e-16	4.14e-11	7.27e-07	6.88e-04	9.99e-01	1.06e-04	0.00e+00	2.22e-17	6.66e-17	1.11e-16	1.36e-11	2.78e-11	4.50e-50
 2.60127e+15	3.20e-16	4.88e-11	8.28e-07	7.39e-04	9.99e-01	9.87e-05	0.00e+00	2.69e-17	8.07e-17	1.35e-16	1.60e-11	3.28e-11	8.14e-50
 2.70067e+15	4.08e-16	5.94e-11	9.65e-07	8.05e-04	9.99e-01	9.06e-05	0.00e+00	3.44e-17	1.03e-16	1.72e-16	1.95e-11	3.99e-11	1.69e-49
 2.79934e+15	5.09e-16	7.15e-11	1.12e-06	8.74e-04	9.99e-01	8.34e-05	0.00e+00	4.30e-17	1.29e-16	2.15e-16	2.34e-11	4.80e-11	3.35e-49
 2.88678e+15	6.20e-16	8.40e-11	1.26e-06	9.36e-04	9.99e-01	7.78e-05	0.00e+00	5.23e-17	1.57e-16	2.62e-16	2.76e-11	5.64e-11	6.12e-49
 2.98276e+15	7.47e-16	9.89e-11	1.44e-06	1.01e-03	9.99e-01	7.23e-05	0.00e+00	6.32e-17	1.90e-16	3.17e-16	3.25e-11	6.65e-11	1.12e-48
 3.09777e+15	9.59e-16	1.21e-10	1.68e-06	1.10e-03	9.99e-01	6.63e-05	0.00e+00	8.12e-17	2.44e-16	4.07e-16	3.97e-11	8.13e-11	2.40e-48
 3.21235e+15	1.21e-15	1.46e-10	1.95e-06	1.19e-03	9.99e-01	6.10e-05	0.00e+00	1.02e-16	3.07e-16	5.13e-16	4.81e-11	9.84e-11	4.94e-48
 3.31692e+15	1.44e-15	1.71e-10	2.21e-06	1.28e-03	9.99e-01	5.67e-05	0.00e+00	1.23e-16	3.68e-16	6.15e-16	5.63e-11	1.15e-10	8.96e-48
 3.43362e+15	1.82e-15	2.07e-10	2.54e-06	1.38e-03	9.99e-01	5.24e-05	0.00e+00	1.55e-16	4.64e-16	7.75e-16	6.78e-11	1.39e-10	1.83e-47
 3.56959e+15	2.32e-15	2.53e-10	2.97e-06	1.51e-03	9.98e-01	4.79e-05	0.00e+00	1.98e-16	5.93e-16	9.91e-16	8.32e-11	1.70e-10	4.02e-47
 3.70346e+15	2.91e-15	3.07e-10	3.45e-06	1.64e-03	9.98e-01	4.40e-05	0.00e+00	2.48e-16	7.45e-16	1.24e-15	1.01e-10	2.06e-10	8.51e-47
 3.83038e+15	3.53e-15	3.63e-10	3.94e-06	1.77e-03	9.98e-01	4.09e-05	0.00e+00	3.01e-16	9.04e-16	1.51e-15	1.19e-10	2.44e-10	1.63e-46
 3.94158e+15	4.30e-15	4.26e-10	4.42e-06	1.89e-03	9.98e-01	3.82e-05	0.00e+00	3.67e-16	1.10e-15	1.84e-15	1.40e-10	2.86e-10	3.07e-46
 4.03386e+15	4.98e-15	4.81e-10	4.85e-06	1.99e-03	9.98e-01	3.63e-05	0.00e+00	4.26e-16	1.28e-15	2.13e-15	1.58e-10	3.23e-10	4.97e-46
 4.13538e+15	5.80e-15	5.48e-10	5.36e-06	2.11e-03	9.98e-01	3.43e-05	0.00e+00	4.96e-16	1.49e-15	2.49e-15	1.80e-10	3.68e-10	8.29e-46
 4.26735e+15	7.03e-15	6.46e-10	6.08e-06	2.26e-03	9.98e-01	3.19e-05	0.00e+00	6.02e-16	1.81e-15	3.02e-15	2.13e-10	4.34e-10	1.60e-45
 4.40575e+15	8.47e-15	7.60e-10	6.90e-06	2.43e-03	9.98e-01	2.97e-05	0.00e+00	7.26e-16	2.18e-15	3.64e-15	2.50e-10	5.10e-10	3.01e-45
 4.52477e+15	1.02e-14	8.85e-10	7.68e-06	2.58e-03	9.97e-01	2.80e-05	0.00e+00	8.75e-16	2.63e-15	4.39e-15	2.91e-10	5.94e-10	5.53e-45
 4.65174e+15	1.22e-14	1.03e-09	8.58e-06	2.75e-03	9.97e-01	2.63e-05	0.00e+00	1.05e-15	3.14e-15	5.24e-15	3.38e-10	6.89e-10	9.95e-45
 4.81680e+15	1.52e-14	1.24e-09	9.87e-06	2.97e-03	9.97e-01	2.43e-05	0.00e+00	1.31e-15	3.93e-15	6.56e-15	4.08e-10	8.31e-10	2.11e-44
 4.98620e+15	1.84e-14	1.47e-09	1.13e-05	3.21e-03	9.97e-01	2.25e-05	0.00e+00	1.58e-15	4.75e-15	7.93e-15	4.84e-10	9.86e-10	4.13e-44
 5.12746e+15	2.20e-14	1.71e-09	1.27e-05	3.42e-03	9.97e-01	2.11e-05	0.00e+00	1.89e-15	5.68e-15	9.49e-15	5.64e-10	1.15e-09	7.59e-44
 5.27729e+15	2.69e-14	2.03e-09	1.42e-05	3.65e-03	9.96e-01	1.98e-05	0.00e+00	2.33e-15	6.98e-15	1.17e-14	6.67e-10	1.36e-09	1.47e-43
 5.46923e+15	3.38e-14	2.46e-09	1.64e-05	3.96e-03	9.96e-01	1.83e-05	0.00e+00	2.92e-15	8.76e-15	1.46e-14	8.10e-10	1.65e-09	3.19e-43
 5.66988e+15	4.21e-14	2.99e-09	1.89e-05	4.28e-03	9.96e-01	1.69e-05	0.00e+00	3.65e-15	1.09e-14	1.83e-14	9.85e-10	2.00e-09	6.79e-43
 5.84695e+15	5.05e-14	3.50e-09	2.14e-05	4.59e-03	9.95e-01	1.58e-05	0.00e+00	4.37e-15	1.31e-14	2.19e-14	1.15e-09	2.35e-09	1.28e-42
 6.03940e+15	6.18e-14	4.18e-09	2.43e-05	4.93e-03	9.95e-01	1.47e-05	0.00e+00	5.36e-15	1.61e-14	2.68e-14	1.38e-09	2.80e-09	2.54e-42
 6.27116e+15	8.06e-14	5.22e-09	2.83e-05	5.37e-03	9.95e-01	1.36e-05	0.00e+00	7.00e-15	2.10e-14	3.51e-14	1.72e-09	3.50e-09	6.11e-42
 6.50200e+15	9.86e-14	6.27e-09	3.27e-05	5.81e-03	9.94e-01	1.26e-05	0.00e+00	8.57e-15	2.57e-14	4.29e-14	2.07e-09	4.20e-09	1.19e-41
 6.70979e+15	1.20e-13	7.48e-09	3.71e-05	6.23e-03	9.94e-01	1.18e-05	0.00e+00	1.05e-14	3.14e-14	5.24e-14	2.47e-09	5.01e-09	2.34e-41
 6.93961e+15	1.49e-13	9.01e-09	4.24e-05	6.72e-03	9.93e-01	1.10e-05	0.00e+00	1.30e-14	3.90e-14	6.51e-14	2.98e-09	6.04e-09	4.77e-41
 7.21091e+15	1.96e-13	1.14e-08	4.95e-05	7.32e-03	9.93e-01	1.01e-05	0.00e+00	1.71e-14	5.14e-14	8.58e-14	3.76e-09	7.62e-09	1.17e-40
 7.47901e+15	2.45e-13	1.39e-08	5.73e-05	7.93e-03	9.92e-01	9.40e-06	0.00e+00	2.14e-14	6.44e-14	1.07e-13	4.60e-09	9.32e-09	2.45e-40
 7.72786e+15	3.03e-13	1.68e-08	6.54e-05	8.53e-03	9.91e-01	8.80e-06	0.00e+00	2.65e-14	7.96e-14	1.33e-13	5.54e-09	1.12e-08	4.96e-40
 8.00703e+15	3.76e-13	2.02e-08	7.54e-05	9.22e-03	9.91e-01	8.20e-06	0.00e+00	3.29e-14	9.88e-14	1.65e-13	6.68e-09	1.35e-08	9.99e-40
 8.32734e+15	4.94e-13	2.57e-08	8.84e-05	1.01e-02	9.90e-01	7.60e-06	0.00e+00	4.33e-14	1.30e-13	2.17e-13	8.51e-09	1.72e-08	2.49e-39
 8.64012e+15	6.31e-13	3.19e-08	1.03e-04	1.09e-02	9.89e-01	7.09e-06	0.00e+00	5.54e-14	1.66e-13	2.77e-13	1.05e-08	2.13e-08	5.43e-39
 8.89232e+15	7.58e-13	3.76e-08	1.15e-04	1.16e-02	9.88e-01	6.73e-06	0.00e+00	6.66e-14	2.00e-13	3.33e-13	1.24e-08	2.51e-08	9.68e-39
 9.08955e+15	8.74e-13	4.26e-08	1.26e-04	1.22e-02	9.88e-01	6.47e-06	0.00e+00	7.69e-14	2.31e-13	3.85e-13	1.41e-08	2.85e-08	1.53e-38
 9.30692e+15	1.02e-12	4.89e-08	1.39e-04	1.29e-02	9.87e-01	6.20e-06	0.00e+00	8.98e-14	2.70e-13	4.50e-13	1.62e-08	3.27e-08	2.48e-38
 9.58950e+15	1.22e-12	5.72e-08	1.57e-04	1.37e-02	9.86e-01	5.88e-06	0.00e+00	1.08e-13	3.24e-13	5.40e-13	1.89e-08	3.83e-08	4.33e-38
 9.89514e+15	1.53e-12	6.98e-08	1.78e-04	1.47e-02	9.85e-01	5.57e-06	0.00e+00	1.35e-13	4.05e-13	6.76e-13	2.31e-08	4.67e-08	8.93e-38
 1.01675e+16	1.83e-12	8.19e-08	1.99e-04	1.56e-02	9.84e-01	5.33e-06	0.00e+00	1.62e-13	4.85e-13	8.08e-13	2.71e-08	5.48e-08	1.56e-37
 1.04582e+16	2.20e-12	9.63e-08	2.24e-04	1.66e-02	9.83e-01	5.09e-06	0.00e+00	1.95e-13	5.84e-13	9.74e-13	3.19e-08	6.44e-08	2.71e-37
 1.08350e+16	2.82e-12	1.19e-07	2.59e-04	1.80e-02	9.82e-01	4.82e-06	0.00e+00	2.50e-13	7.49e-13	1.25e-12	3.95e-08	7.98e-08	5.80e-37
 1.12176e+16	3.49e-12	1.44e-07	2.99e-04	1.94e-02	9.80e-01	4.57e-06	0.00e+00	3.09e-13	9.27e-13	1.55e-12	4.76e-08	9.61e-08	1.07e-36
 1.15315e+16	4.20e-12	1.70e-07	3.35e-04	2.07e-02	9.79e-01	4.39e-06	0.00e+00	3.72e-13	1.12e-12	1.86e-12	5.63e-08	1.14e-07	1.90e-36
 1.18623e+16	5.10e-12	2.01e-07	3.77e-04	2.20e-02	9.78e-01	4.21e-06	0.00e+00	4.51e-13	1.35e-12	2.26e-12	6.66e-08	1.34e-07	3.36e-36
 1.22902e+16	6.51e-12	2.48e-07	4.38e-04	2.38e-02	9.76e-01	4.01e-06	0.00e+00	5.77e-13	1.73e-12	2.89e-12	8.22e-08	1.66e-07	6.80e-36
 1.27296e+16	8.44e-12	3.13e-07	5.09e-04	2.58e-02	9.74e-01	3.85e-06	0.00e+00	7.49e-13	2.25e-12	3.75e-12	1.04e-07	2.09e-07	1.50e-35
 1.31001e+16	1.03e-11	3.73e-07	5.75e-04	2.75e-02	9.72e-01	3.72e-06	0.00e+00	9.15e-13	2.75e-12	4.58e-12	1.24e-07	2.50e-07	2.63e-35
 1.34960e+16	1.27e-11	4.46e-07	6.54e-04	2.95e-02	9.70e-01	3.59e-06	0.00e+00	1.12e-12	3.37e-12	5.63e-12	1.48e-07	2.98e-07	4.65e-35
 1.39942e+16	1.62e-11	5.49e-07	7.65e-04	3.20e-02	9.67e-01	3.44e-06	0.00e+00	1.44e-12	4.33e-12	7.23e-12	1.82e-07	3.67e-07	8.93e-35
 1.44930e+16	2.11e-11	6.98e-07	8.92e-04	3.47e-02	9.64e-01	3.33e-06	0.00e+00	1.88e-12	5.64e-12	9.41e-12	2.32e-07	4.67e-07	1.96e-34
 1.49086e+16	2.57e-11	8.32e-07	1.01e-03	3.71e-02	9.62e-01	3.24e-06	0.00e+00	2.29e-12	6.88e-12	1.15e-11	2.76e-07	5.56e-07	3.34e-34
 1.53483e+16	3.20e-11	1.00e-06	1.15e-03	3.97e-02	9.59e-01	3.15e-06	0.00e+00	2.85e-12	8.56e-12	1.43e-11	3.32e-07	6.69e-07	6.02e-34
 1.59088e+16	4.15e-11	1.23e-06	1.35e-03	4.32e-02	9.55e-01	3.05e-06	0.00e+00	3.70e-12	1.11e-11	1.85e-11	4.09e-07	8.24e-07	1.11e-33
 1.64658e+16	5.43e-11	1.58e-06	1.59e-03	4.70e-02	9.51e-01	2.97e-06	0.00e+00	4.85e-12	1.46e-11	2.43e-11	5.24e-07	1.05e-06	2.38e-33
 1.69053e+16	6.55e-11	1.87e-06	1.79e-03	5.01e-02	9.48e-01	2.91e-06	0.00e+00	5.86e-12	1.76e-11	2.93e-11	6.20e-07	1.25e-06	3.88e-33
 1.73521e+16	8.07e-11	2.23e-06	2.03e-03	5.35e-02	9.44e-01	2.86e-06	0.00e+00	7.22e-12	2.16e-11	3.61e-11	7.39e-07	1.49e-06	6.61e-33
 1.79330e+16	1.05e-10	2.77e-06	2.38e-03	5.81e-02	9.39e-01	2.79e-06	0.00e+00	9.38e-12	2.81e-11	4.69e-11	9.20e-07	1.85e-06	1.24e-32
 1.84796e+16	1.33e-10	3.41e-06	2.76e-03	6.28e-02	9.34e-01	2.75e-06	0.00e+00	1.19e-11	3.58e-11	5.98e-11	1.13e-06	2.28e-06	2.28e-32
 1.88647e+16	1.56e-10	3.93e-06	3.05e-03	6.63e-02	9.31e-01	2.72e-06	0.00e+00	1.40e-11	4.20e-11	7.00e-11	1.30e-06	2.62e-06	3.35e-32
 1.92488e+16	1.86e-10	4.54e-06	3.39e-03	7.00e-02	9.27e-01	2.69e-06	0.00e+00	1.67e-11	5.00e-11	8.33e-11	1.51e-06	3.03e-06	5.09e-32
 1.97480e+16	2.30e-10	5.36e-06	3.87e-03	7.50e-02	9.21e-01	2.65e-06	0.00e+00	2.07e-11	6.21e-11	1.04e-10	1.78e-06	3.58e-06	7.99e-32
 2.02963e+16	2.94e-10	6.70e-06	4.49e-03	8.10e-02	9.14e-01	2.62e-06	0.00e+00	2.64e-11	7.93e-11	1.32e-10	2.22e-06	4.47e-06	1.52e-31
 2.07615e+16	3.57e-10	7.87e-06	5.06e-03	8.63e-02	9.09e-01	2.60e-06	0.00e+00	3.21e-11	9.63e-11	1.61e-10	2.62e-06	5.26e-06	2.33e-31
 2.12195e+16	4.35e-10	9.21e-06	5.73e-03	9.21e-02	9.02e-01	2.57e-06	0.00e+00	3.92e-11	1.18e-10	1.96e-10	3.06e-06	6.15e-06	3.56e-31
 2.17342e+16	5.43e-10	1.11e-05	6.58e-03	9.89e-02	8.94e-01	2.55e-06	0.00e+00	4.89e-11	1.47e-10	2.45e-10	3.69e-06	7.40e-06	5.88e-31
 2.22149e+16	6.84e-10	1.36e-05	7.51e-03	1.06e-01	8.86e-01	2.56e-06	0.00e+00	6.17e-11	1.85e-10	3.09e-10	4.52e-06	9.07e-06	1.06e-30
 2.26414e+16	8.22e-10	1.59e-05	8.44e-03	1.13e-01	8.79e-01	2.55e-06	0.00e+00	7.41e-11	2.22e-10	3.71e-10	5.29e-06	1.06e-05	1.61e-30
 2.31056e+16	1.02e-09	1.89e-05	9.63e-03	1.21e-01	8.70e-01	2.54e-06	0.00e+00	9.24e-11	2.77e-10	4.62e-10	6.30e-06	1.26e-05	2.55e-30
 2.36122e+16	1.30e-09	2.32e-05	1.11e-02	1.30e-01	8.59e-01	2.55e-06	0.00e+00	1.18e-10	3.53e-10	5.89e-10	7.72e-06	1.55e-05	4.50e-30
 2.40641e+16	1.60e-09	2.74e-05	1.27e-02	1.39e-01	8.49e-01	2.55e-06	0.00e+00	1.44e-10	4.33e-10	7.22e-10	9.11e-06	1.83e-05	6.78e-30
