#depth	He	He+	He+2
 1.49634e+10	2.39e-22	6.42e-10	1.00e+00
 4.54887e+10	2.73e-22	6.96e-10	1.00e+00
 7.72350e+10	3.13e-22	7.55e-10	1.00e+00
 1.10251e+11	3.58e-22	8.19e-10	1.00e+00
 1.44588e+11	4.11e-22	8.89e-10	1.00e+00
 1.80298e+11	4.72e-22	9.64e-10	1.00e+00
 2.17437e+11	5.44e-22	1.05e-09	1.00e+00
 2.56061e+11	6.26e-22	1.14e-09	1.00e+00
 2.96231e+11	7.23e-22	1.24e-09	1.00e+00
 3.38007e+11	8.36e-22	1.34e-09	1.00e+00
 3.81454e+11	9.68e-22	1.46e-09	1.00e+00
 4.26639e+11	1.12e-21	1.59e-09	1.00e+00
 4.73631e+11	1.31e-21	1.73e-09	1.00e+00
 5.22503e+11	1.53e-21	1.89e-09	1.00e+00
 5.73330e+11	1.80e-21	2.06e-09	1.00e+00
 6.26190e+11	2.11e-21	2.25e-09	1.00e+00
 6.81164e+11	2.49e-21	2.46e-09	1.00e+00
 7.38337e+11	2.93e-21	2.69e-09	1.00e+00
 7.97798e+11	3.46e-21	2.94e-09	1.00e+00
 8.59636e+11	4.10e-21	3.22e-09	1.00e+00
 9.23949e+11	4.86e-21	3.53e-09	1.00e+00
 9.90833e+11	5.78e-21	3.86e-09	1.00e+00
 1.06039e+12	6.87e-21	4.24e-09	1.00e+00
 1.13274e+12	8.20e-21	4.65e-09	1.00e+00
 1.20797e+12	9.79e-21	5.10e-09	1.00e+00
 1.28622e+12	1.17e-20	5.59e-09	1.00e+00
 1.36759e+12	1.40e-20	6.14e-09	1.00e+00
 1.45222e+12	1.68e-20	6.73e-09	1.00e+00
 1.54024e+12	2.01e-20	7.39e-09	1.00e+00
 1.63178e+12	2.41e-20	8.11e-09	1.00e+00
 1.72697e+12	2.88e-20	8.90e-09	1.00e+00
 1.82598e+12	3.46e-20	9.76e-09	1.00e+00
 1.92895e+12	4.14e-20	1.07e-08	1.00e+00
 2.03603e+12	4.96e-20	1.17e-08	1.00e+00
 2.14740e+12	5.95e-20	1.29e-08	1.00e+00
 2.26322e+12	7.12e-20	1.41e-08	1.00e+00
 2.38368e+12	8.53e-20	1.55e-08	1.00e+00
 2.50895e+12	1.02e-19	1.70e-08	1.00e+00
 2.63924e+12	1.22e-19	1.86e-08	1.00e+00
 2.77473e+12	1.46e-19	2.03e-08	1.00e+00
 2.91565e+12	1.75e-19	2.23e-08	1.00e+00
 3.06220e+12	2.09e-19	2.44e-08	1.00e+00
 3.21461e+12	2.50e-19	2.67e-08	1.00e+00
 3.37313e+12	2.98e-19	2.92e-08	1.00e+00
 3.53798e+12	3.56e-19	3.19e-08	1.00e+00
 3.70942e+12	4.25e-19	3.49e-08	1.00e+00
 3.88773e+12	5.07e-19	3.82e-08	1.00e+00
 4.07316e+12	6.05e-19	4.18e-08	1.00e+00
 4.26602e+12	7.22e-19	4.57e-08	1.00e+00
 4.46658e+12	8.61e-19	4.99e-08	1.00e+00
 4.67517e+12	1.03e-18	5.46e-08	1.00e+00
 4.89211e+12	1.22e-18	5.96e-08	1.00e+00
 5.11772e+12	1.46e-18	6.51e-08	1.00e+00
 5.35235e+12	1.74e-18	7.12e-08	1.00e+00
 5.59638e+12	2.07e-18	7.78e-08	1.00e+00
 5.85016e+12	2.46e-18	8.49e-08	1.00e+00
 6.11409e+12	2.93e-18	9.28e-08	1.00e+00
 6.38858e+12	3.49e-18	1.01e-07	1.00e+00
 6.67405e+12	4.16e-18	1.11e-07	1.00e+00
 6.97094e+12	4.95e-18	1.21e-07	1.00e+00
 7.27970e+12	5.88e-18	1.32e-07	1.00e+00
 7.60082e+12	6.99e-18	1.44e-07	1.00e+00
 7.93478e+12	8.33e-18	1.57e-07	1.00e+00
 8.28210e+12	9.90e-18	1.72e-07	1.00e+00
 8.64331e+12	1.18e-17	1.87e-07	1.00e+00
 9.01897e+12	1.40e-17	2.05e-07	1.00e+00
 9.40965e+12	1.66e-17	2.23e-07	1.00e+00
 9.81596e+12	1.98e-17	2.44e-07	1.00e+00
 1.02385e+13	2.35e-17	2.66e-07	1.00e+00
 1.06780e+13	2.79e-17	2.90e-07	1.00e+00
 1.11350e+13	3.31e-17	3.16e-07	1.00e+00
 1.16104e+13	3.93e-17	3.45e-07	1.00e+00
 1.21047e+13	4.67e-17	3.76e-07	1.00e+00
 1.26188e+13	5.54e-17	4.11e-07	1.00e+00
 1.31535e+13	6.57e-17	4.48e-07	1.00e+00
 1.37096e+13	7.80e-17	4.88e-07	1.00e+00
 1.42879e+13	9.24e-17	5.32e-07	1.00e+00
 1.48893e+13	1.10e-16	5.80e-07	1.00e+00
 1.55148e+13	1.30e-16	6.32e-07	1.00e+00
 1.61653e+13	1.54e-16	6.89e-07	1.00e+00
 1.68419e+13	1.82e-16	7.50e-07	1.00e+00
 1.75455e+13	2.15e-16	8.17e-07	1.00e+00
 1.82772e+13	2.55e-16	8.90e-07	1.00e+00
 1.90383e+13	3.01e-16	9.69e-07	1.00e+00
 1.98297e+13	3.56e-16	1.05e-06	1.00e+00
 2.06528e+13	4.21e-16	1.15e-06	1.00e+00
 2.15089e+13	4.97e-16	1.25e-06	1.00e+00
 2.23991e+13	5.87e-16	1.36e-06	1.00e+00
 2.33250e+13	6.93e-16	1.48e-06	1.00e+00
 2.42880e+13	8.17e-16	1.61e-06	1.00e+00
 2.52894e+13	9.64e-16	1.75e-06	1.00e+00
 2.63309e+13	1.14e-15	1.90e-06	1.00e+00
 2.74141e+13	1.34e-15	2.06e-06	1.00e+00
 2.85406e+13	1.58e-15	2.24e-06	1.00e+00
 2.97121e+13	1.86e-15	2.44e-06	1.00e+00
 3.09305e+13	2.19e-15	2.65e-06	1.00e+00
 3.21977e+13	2.58e-15	2.87e-06	1.00e+00
 3.35155e+13	3.03e-15	3.12e-06	1.00e+00
 3.48861e+13	3.57e-15	3.39e-06	1.00e+00
 3.63114e+13	4.20e-15	3.68e-06	1.00e+00
 3.77938e+13	4.93e-15	3.99e-06	1.00e+00
 3.93355e+13	5.80e-15	4.33e-06	1.00e+00
 4.09388e+13	6.82e-15	4.70e-06	1.00e+00
 4.26063e+13	8.02e-15	5.10e-06	1.00e+00
 4.43405e+13	9.43e-15	5.53e-06	1.00e+00
 4.61441e+13	1.11e-14	6.00e-06	1.00e+00
 4.80197e+13	1.30e-14	6.50e-06	1.00e+00
 4.99705e+13	1.53e-14	7.05e-06	1.00e+00
 5.19992e+13	1.80e-14	7.65e-06	1.00e+00
 5.41091e+13	2.11e-14	8.29e-06	1.00e+00
 5.63034e+13	2.48e-14	8.99e-06	1.00e+00
 5.85854e+13	2.91e-14	9.74e-06	1.00e+00
 6.09588e+13	3.42e-14	1.06e-05	1.00e+00
 6.34271e+13	4.01e-14	1.14e-05	1.00e+00
 6.59941e+13	4.71e-14	1.24e-05	1.00e+00
 6.86638e+13	5.53e-14	1.34e-05	1.00e+00
 7.14402e+13	6.49e-14	1.46e-05	1.00e+00
 7.43278e+13	7.61e-14	1.58e-05	1.00e+00
 7.73308e+13	8.94e-14	1.71e-05	1.00e+00
 8.04540e+13	1.05e-13	1.85e-05	1.00e+00
 8.37021e+13	1.23e-13	2.01e-05	1.00e+00
 8.70801e+13	1.44e-13	2.17e-05	1.00e+00
 9.05932e+13	1.70e-13	2.36e-05	1.00e+00
 9.42469e+13	1.99e-13	2.55e-05	1.00e+00
 9.80467e+13	2.33e-13	2.76e-05	1.00e+00
 1.01998e+14	2.74e-13	2.99e-05	1.00e+00
 1.06108e+14	3.21e-13	3.24e-05	1.00e+00
 1.10383e+14	3.76e-13	3.51e-05	1.00e+00
 1.14828e+14	4.41e-13	3.80e-05	1.00e+00
 1.19451e+14	5.17e-13	4.12e-05	1.00e+00
 1.24259e+14	6.07e-13	4.46e-05	1.00e+00
 1.29259e+14	7.11e-13	4.83e-05	1.00e+00
 1.34459e+14	8.34e-13	5.22e-05	1.00e+00
 1.39868e+14	9.78e-13	5.66e-05	1.00e+00
 1.45492e+14	1.15e-12	6.12e-05	1.00e+00
 1.51342e+14	1.34e-12	6.63e-05	1.00e+00
 1.57426e+14	1.58e-12	7.18e-05	1.00e+00
 1.63752e+14	1.85e-12	7.77e-05	1.00e+00
 1.70333e+14	2.16e-12	8.42e-05	1.00e+00
 1.77176e+14	2.54e-12	9.11e-05	1.00e+00
 1.84293e+14	2.97e-12	9.86e-05	1.00e+00
 1.91694e+14	3.48e-12	1.07e-04	1.00e+00
 1.99392e+14	4.08e-12	1.16e-04	1.00e+00
 2.07398e+14	4.78e-12	1.25e-04	1.00e+00
 2.15723e+14	5.60e-12	1.35e-04	1.00e+00
 2.24382e+14	6.57e-12	1.47e-04	1.00e+00
 2.33388e+14	7.70e-12	1.59e-04	1.00e+00
 2.42753e+14	9.01e-12	1.72e-04	1.00e+00
 2.52493e+14	1.06e-11	1.86e-04	1.00e+00
 2.62623e+14	1.24e-11	2.01e-04	1.00e+00
 2.73158e+14	1.45e-11	2.18e-04	1.00e+00
 2.84114e+14	1.69e-11	2.36e-04	1.00e+00
 2.95508e+14	1.98e-11	2.55e-04	1.00e+00
 3.07358e+14	2.32e-11	2.76e-04	1.00e+00
 3.19683e+14	2.72e-11	2.98e-04	1.00e+00
 3.32500e+14	3.18e-11	3.23e-04	1.00e+00
 3.45830e+14	3.73e-11	3.49e-04	1.00e+00
 3.59693e+14	4.36e-11	3.78e-04	1.00e+00
 3.74111e+14	5.10e-11	4.09e-04	1.00e+00
 3.89105e+14	5.98e-11	4.42e-04	1.00e+00
 4.04699e+14	6.99e-11	4.78e-04	1.00e+00
 4.20917e+14	8.19e-11	5.18e-04	9.99e-01
 4.37784e+14	9.59e-11	5.60e-04	9.99e-01
 4.55325e+14	1.12e-10	6.06e-04	9.99e-01
 4.73568e+14	1.31e-10	6.55e-04	9.99e-01
 4.92541e+14	1.54e-10	7.09e-04	9.99e-01
 5.12272e+14	1.80e-10	7.67e-04	9.99e-01
 5.32793e+14	2.11e-10	8.29e-04	9.99e-01
 5.54135e+14	2.47e-10	8.97e-04	9.99e-01
 5.76330e+14	2.89e-10	9.71e-04	9.99e-01
 5.97846e+14	3.35e-10	1.04e-03	9.99e-01
 6.17957e+14	3.83e-10	1.12e-03	9.99e-01
 6.40439e+14	4.42e-10	1.20e-03	9.99e-01
 6.65583e+14	5.16e-10	1.29e-03	9.99e-01
 6.89819e+14	5.96e-10	1.39e-03	9.99e-01
 7.15528e+14	6.91e-10	1.50e-03	9.99e-01
 7.43387e+14	8.06e-10	1.61e-03	9.98e-01
 7.70167e+14	9.29e-10	1.73e-03	9.98e-01
 7.98809e+14	1.08e-09	1.86e-03	9.98e-01
 8.30016e+14	1.26e-09	2.01e-03	9.98e-01
 8.60174e+14	1.45e-09	2.16e-03	9.98e-01
 8.92314e+14	1.68e-09	2.33e-03	9.98e-01
 9.27208e+14	1.97e-09	2.51e-03	9.97e-01
 9.61079e+14	2.27e-09	2.70e-03	9.97e-01
 9.97134e+14	2.64e-09	2.91e-03	9.97e-01
 1.03622e+15	3.09e-09	3.14e-03	9.97e-01
 1.07441e+15	3.58e-09	3.37e-03	9.97e-01
 1.11495e+15	4.16e-09	3.63e-03	9.96e-01
 1.15958e+15	4.89e-09	3.93e-03	9.96e-01
 1.20386e+15	5.69e-09	4.24e-03	9.96e-01
 1.24690e+15	6.57e-09	4.55e-03	9.95e-01
 1.29380e+15	7.65e-09	4.90e-03	9.95e-01
 1.34558e+15	9.00e-09	5.31e-03	9.95e-01
 1.39749e+15	1.05e-08	5.73e-03	9.94e-01
 1.45148e+15	1.23e-08	6.19e-03	9.94e-01
 1.50956e+15	1.45e-08	6.70e-03	9.93e-01
 1.56827e+15	1.70e-08	7.24e-03	9.93e-01
 1.62932e+15	1.99e-08	7.83e-03	9.92e-01
 1.69452e+15	2.35e-08	8.49e-03	9.92e-01
 1.76233e+15	2.77e-08	9.21e-03	9.91e-01
 1.83285e+15	3.27e-08	9.99e-03	9.90e-01
 1.90620e+15	3.87e-08	1.09e-02	9.89e-01
 1.98248e+15	4.57e-08	1.18e-02	9.88e-01
 2.06181e+15	5.42e-08	1.28e-02	9.87e-01
 2.14431e+15	6.42e-08	1.40e-02	9.86e-01
 2.23011e+15	7.63e-08	1.52e-02	9.85e-01
 2.31934e+15	9.07e-08	1.66e-02	9.83e-01
 2.41215e+15	1.08e-07	1.82e-02	9.82e-01
 2.50866e+15	1.29e-07	1.99e-02	9.80e-01
 2.60904e+15	1.55e-07	2.19e-02	9.78e-01
 2.71343e+15	1.86e-07	2.41e-02	9.76e-01
 2.82200e+15	2.25e-07	2.67e-02	9.73e-01
 2.93491e+15	2.73e-07	2.97e-02	9.70e-01
 3.05233e+15	3.34e-07	3.33e-02	9.67e-01
 3.17446e+15	4.11e-07	3.75e-02	9.63e-01
 3.30147e+15	5.12e-07	4.27e-02	9.57e-01
 3.43356e+15	6.43e-07	4.91e-02	9.51e-01
 3.56789e+15	8.18e-07	5.72e-02	9.43e-01
 3.69617e+15	1.04e-06	6.68e-02	9.33e-01
 3.81193e+15	1.30e-06	7.79e-02	9.22e-01
 3.91555e+15	1.61e-06	9.06e-02	9.09e-01
 4.01009e+15	1.98e-06	1.05e-01	8.95e-01
 4.09721e+15	2.43e-06	1.23e-01	8.77e-01
 4.17691e+15	2.97e-06	1.43e-01	8.57e-01
 4.24903e+15	3.62e-06	1.67e-01	8.33e-01
 4.31394e+15	4.38e-06	1.94e-01	8.06e-01
 4.37275e+15	5.27e-06	2.26e-01	7.74e-01
 4.42672e+15	6.32e-06	2.63e-01	7.37e-01
 4.47668e+15	7.55e-06	3.05e-01	6.95e-01
 4.52312e+15	8.99e-06	3.53e-01	6.47e-01
 4.56673e+15	1.06e-05	4.08e-01	5.92e-01
 4.60845e+15	1.25e-05	4.69e-01	5.31e-01
 4.64939e+15	1.47e-05	5.39e-01	4.61e-01
 4.69637e+15	1.75e-05	6.25e-01	3.75e-01
 4.74769e+15	2.07e-05	7.21e-01	2.79e-01
 4.79682e+15	2.36e-05	8.04e-01	1.96e-01
 4.85284e+15	2.65e-05	8.78e-01	1.22e-01
 4.92567e+15	2.93e-05	9.38e-01	6.20e-02
 5.02035e+15	3.18e-05	9.75e-01	2.49e-02
 5.14343e+15	3.41e-05	9.92e-01	8.05e-03
 5.30343e+15	3.66e-05	9.98e-01	2.16e-03
 5.50176e+15	3.96e-05	9.99e-01	5.23e-04
 5.72186e+15	4.30e-05	1.00e+00	1.35e-04
 5.95076e+15	4.66e-05	1.00e+00	3.97e-05
 6.18882e+15	5.06e-05	1.00e+00	1.30e-05
 6.43641e+15	5.48e-05	1.00e+00	4.69e-06
 6.69389e+15	5.94e-05	1.00e+00	1.83e-06
 6.96168e+15	6.44e-05	1.00e+00	7.87e-07
 7.24017e+15	6.99e-05	1.00e+00	3.75e-07
 7.52981e+15	7.57e-05	1.00e+00	2.01e-07
 7.83103e+15	8.21e-05	1.00e+00	1.21e-07
 8.14430e+15	8.90e-05	1.00e+00	8.17e-08
 8.47011e+15	9.65e-05	1.00e+00	5.98e-08
 8.80894e+15	1.04e-04	1.00e+00	4.63e-08
 9.16133e+15	1.13e-04	1.00e+00	3.71e-08
 9.52781e+15	1.23e-04	1.00e+00	3.03e-08
 9.90895e+15	1.33e-04	1.00e+00	2.51e-08
 1.02869e+16	1.44e-04	1.00e+00	2.10e-08
 1.06799e+16	1.56e-04	1.00e+00	1.78e-08
 1.11071e+16	1.69e-04	1.00e+00	1.49e-08
 1.15367e+16	1.84e-04	1.00e+00	1.25e-08
 1.19835e+16	1.99e-04	1.00e+00	1.06e-08
 1.24628e+16	2.17e-04	1.00e+00	8.91e-09
 1.29508e+16	2.36e-04	1.00e+00	7.49e-09
 1.34582e+16	2.57e-04	1.00e+00	6.34e-09
 1.39966e+16	2.82e-04	1.00e+00	5.30e-09
 1.45450e+16	3.07e-04	1.00e+00	4.45e-09
 1.51153e+16	3.37e-04	1.00e+00	3.75e-09
 1.57199e+16	3.70e-04	1.00e+00	3.12e-09
 1.63488e+16	4.08e-04	1.00e+00	2.60e-09
 1.69869e+16	4.50e-04	1.00e+00	2.17e-09
 1.76206e+16	4.97e-04	1.00e+00	1.82e-09
 1.82956e+16	5.57e-04	9.99e-01	1.53e-09
 1.89931e+16	6.19e-04	9.99e-01	1.26e-09
 1.96453e+16	6.91e-04	9.99e-01	1.06e-09
 2.02670e+16	7.67e-04	9.99e-01	9.12e-10
 2.09759e+16	8.72e-04	9.99e-01	7.78e-10
 2.17212e+16	1.00e-03	9.99e-01	6.29e-10
 2.23421e+16	1.13e-03	9.99e-01	5.39e-10
 2.28765e+16	1.26e-03	9.99e-01	4.78e-10
 2.33718e+16	1.41e-03	9.99e-01	4.24e-10
 2.38216e+16	1.58e-03	9.98e-01	3.79e-10
 2.42250e+16	1.75e-03	9.98e-01	3.43e-10
 2.45081e+16	1.89e-03	9.98e-01	3.15e-10
 2.46617e+16	1.98e-03	9.98e-01	3.08e-10
 2.48026e+16	2.07e-03	9.98e-01	3.00e-10
 2.49858e+16	2.20e-03	9.98e-01	2.87e-10
 2.51782e+16	2.35e-03	9.98e-01	2.70e-10
 2.53322e+16	2.47e-03	9.98e-01	2.59e-10
 2.54544e+16	2.60e-03	9.97e-01	2.51e-10
 2.55857e+16	2.74e-03	9.97e-01	2.44e-10
 2.57255e+16	2.90e-03	9.97e-01	2.33e-10
 2.58424e+16	3.06e-03	9.97e-01	2.25e-10
 2.59395e+16	3.19e-03	9.97e-01	2.19e-10
 2.60450e+16	3.38e-03	9.97e-01	2.14e-10
 2.61553e+16	3.57e-03	9.96e-01	2.05e-10
 2.62459e+16	3.74e-03	9.96e-01	1.99e-10
 2.63225e+16	3.91e-03	9.96e-01	1.95e-10
 2.64072e+16	4.13e-03	9.96e-01	1.90e-10
 2.64955e+16	4.37e-03	9.96e-01	1.84e-10
 2.65681e+16	4.58e-03	9.95e-01	1.79e-10
 2.66299e+16	4.79e-03	9.95e-01	1.75e-10
 2.66981e+16	5.05e-03	9.95e-01	1.72e-10
 2.67700e+16	5.36e-03	9.95e-01	1.66e-10
 2.68296e+16	5.64e-03	9.94e-01	1.62e-10
 2.68801e+16	5.90e-03	9.94e-01	1.59e-10
 2.69359e+16	6.23e-03	9.94e-01	1.55e-10
 2.69950e+16	6.63e-03	9.93e-01	1.50e-10
 2.70446e+16	7.00e-03	9.93e-01	1.47e-10
 2.70873e+16	7.35e-03	9.93e-01	1.44e-10
 2.71346e+16	7.80e-03	9.92e-01	1.41e-10
 2.71848e+16	8.35e-03	9.92e-01	1.36e-10
 2.72274e+16	8.86e-03	9.91e-01	1.33e-10
 2.72644e+16	9.38e-03	9.91e-01	1.30e-10
 2.73057e+16	1.01e-02	9.90e-01	1.27e-10
 2.73500e+16	1.09e-02	9.89e-01	1.22e-10
 2.73885e+16	1.18e-02	9.88e-01	1.18e-10
 2.74217e+16	1.26e-02	9.87e-01	1.15e-10
 2.74530e+16	1.36e-02	9.86e-01	1.12e-10
 2.74833e+16	1.47e-02	9.85e-01	1.08e-10
 2.75122e+16	1.59e-02	9.84e-01	1.05e-10
 2.75401e+16	1.74e-02	9.83e-01	1.01e-10
 2.75667e+16	1.90e-02	9.81e-01	9.75e-11
 2.75918e+16	2.09e-02	9.79e-01	9.35e-11
 2.76154e+16	2.31e-02	9.77e-01	8.96e-11
 2.76378e+16	2.56e-02	9.74e-01	8.57e-11
 2.76590e+16	2.85e-02	9.72e-01	8.17e-11
 2.76791e+16	3.20e-02	9.68e-01	7.75e-11
 2.76951e+16	3.53e-02	9.65e-01	7.35e-11
 2.77058e+16	3.80e-02	9.62e-01	7.13e-11
 2.77161e+16	4.10e-02	9.59e-01	6.93e-11
 2.77277e+16	4.48e-02	9.55e-01	6.59e-11
 2.77383e+16	4.89e-02	9.51e-01	6.28e-11
 2.77472e+16	5.27e-02	9.47e-01	6.02e-11
 2.77553e+16	5.69e-02	9.43e-01	5.79e-11
 2.77635e+16	6.15e-02	9.39e-01	5.53e-11
 2.77715e+16	6.66e-02	9.33e-01	5.26e-11
 2.77792e+16	7.24e-02	9.28e-01	5.00e-11
 2.77864e+16	7.83e-02	9.22e-01	4.75e-11
 2.77931e+16	8.44e-02	9.16e-01	4.51e-11
 2.78009e+16	9.26e-02	9.07e-01	4.25e-11
 2.78088e+16	1.02e-01	8.98e-01	3.91e-11
 2.78154e+16	1.11e-01	8.89e-01	3.67e-11
 2.78211e+16	1.19e-01	8.81e-01	3.47e-11
 2.78272e+16	1.29e-01	8.71e-01	3.25e-11
 2.78337e+16	1.41e-01	8.59e-01	2.99e-11
 2.78396e+16	1.53e-01	8.47e-01	2.76e-11
 2.78450e+16	1.64e-01	8.36e-01	2.58e-11
 2.78500e+16	1.76e-01	8.24e-01	2.40e-11
 2.78549e+16	1.88e-01	8.12e-01	2.22e-11
 2.78589e+16	1.99e-01	8.01e-01	2.07e-11
 2.78615e+16	2.06e-01	7.94e-01	2.00e-11
 2.78639e+16	2.13e-01	7.87e-01	1.93e-11
 2.78666e+16	2.21e-01	7.79e-01	1.84e-11
 2.78696e+16	2.31e-01	7.69e-01	1.74e-11
 2.78725e+16	2.40e-01	7.60e-01	1.65e-11
 2.78752e+16	2.49e-01	7.51e-01	1.56e-11
 2.78779e+16	2.59e-01	7.41e-01	1.48e-11
 2.78807e+16	2.69e-01	7.31e-01	1.40e-11
 2.78834e+16	2.79e-01	7.21e-01	1.32e-11
 2.78862e+16	2.89e-01	7.11e-01	1.25e-11
 2.78889e+16	3.00e-01	7.00e-01	1.18e-11
 2.78916e+16	3.12e-01	6.88e-01	1.10e-11
 2.78943e+16	3.23e-01	6.77e-01	1.04e-11
 2.78969e+16	3.34e-01	6.66e-01	9.73e-12
 2.78996e+16	3.46e-01	6.54e-01	9.12e-12
 2.79023e+16	3.58e-01	6.42e-01	8.52e-12
 2.79049e+16	3.70e-01	6.30e-01	7.95e-12
 2.79075e+16	3.82e-01	6.17e-01	7.41e-12
 2.79101e+16	3.95e-01	6.05e-01	6.90e-12
 2.79127e+16	4.08e-01	5.92e-01	6.42e-12
 2.79154e+16	4.21e-01	5.79e-01	5.95e-12
 2.79179e+16	4.34e-01	5.66e-01	5.51e-12
 2.79205e+16	4.47e-01	5.53e-01	5.11e-12
 2.79230e+16	4.60e-01	5.40e-01	4.72e-12
 2.79256e+16	4.73e-01	5.27e-01	4.35e-12
 2.79281e+16	4.86e-01	5.14e-01	4.01e-12
 2.79306e+16	4.99e-01	5.01e-01	3.69e-12
 2.79331e+16	5.13e-01	4.87e-01	3.38e-12
 2.79355e+16	5.26e-01	4.74e-01	3.11e-12
 2.79379e+16	5.39e-01	4.61e-01	2.85e-12
 2.79404e+16	5.52e-01	4.48e-01	2.62e-12
 2.79427e+16	5.64e-01	4.36e-01	2.39e-12
 2.79450e+16	5.77e-01	4.23e-01	2.20e-12
 2.79473e+16	5.89e-01	4.11e-01	2.01e-12
 2.79496e+16	6.01e-01	3.99e-01	1.84e-12
 2.79519e+16	6.13e-01	3.87e-01	1.68e-12
 2.79541e+16	6.25e-01	3.75e-01	1.53e-12
 2.79563e+16	6.36e-01	3.64e-01	1.40e-12
 2.79584e+16	6.47e-01	3.53e-01	1.28e-12
 2.79606e+16	6.58e-01	3.42e-01	1.17e-12
 2.79627e+16	6.69e-01	3.31e-01	1.06e-12
 2.79648e+16	6.79e-01	3.21e-01	9.71e-13
 2.79668e+16	6.89e-01	3.11e-01	8.84e-13
 2.79689e+16	6.99e-01	3.01e-01	8.05e-13
 2.79709e+16	7.09e-01	2.91e-01	7.33e-13
 2.79729e+16	7.18e-01	2.82e-01	6.68e-13
 2.79749e+16	7.27e-01	2.73e-01	6.07e-13
 2.79768e+16	7.36e-01	2.64e-01	5.52e-13
 2.79788e+16	7.45e-01	2.55e-01	5.02e-13
 2.79807e+16	7.53e-01	2.47e-01	4.56e-13
 2.79826e+16	7.61e-01	2.39e-01	4.14e-13
 2.79845e+16	7.69e-01	2.31e-01	3.76e-13
 2.79864e+16	7.77e-01	2.23e-01	3.41e-13
 2.79883e+16	7.84e-01	2.16e-01	3.09e-13
 2.79902e+16	7.92e-01	2.08e-01	2.80e-13
 2.79920e+16	7.99e-01	2.01e-01	2.54e-13
 2.79939e+16	8.06e-01	1.94e-01	2.29e-13
 2.79957e+16	8.13e-01	1.87e-01	2.07e-13
 2.79975e+16	8.19e-01	1.81e-01	1.87e-13
 2.79993e+16	8.26e-01	1.74e-01	1.69e-13
 2.80012e+16	8.32e-01	1.68e-01	1.53e-13
 2.80030e+16	8.38e-01	1.62e-01	1.38e-13
 2.80047e+16	8.44e-01	1.56e-01	1.24e-13
 2.80065e+16	8.49e-01	1.51e-01	1.11e-13
 2.80083e+16	8.55e-01	1.45e-01	1.00e-13
 2.80101e+16	8.60e-01	1.40e-01	9.00e-14
 2.80118e+16	8.65e-01	1.35e-01	8.07e-14
 2.80136e+16	8.70e-01	1.30e-01	7.23e-14
 2.80153e+16	8.75e-01	1.25e-01	6.47e-14
 2.80170e+16	8.79e-01	1.21e-01	5.80e-14
 2.80187e+16	8.84e-01	1.16e-01	5.22e-14
 2.80202e+16	8.88e-01	1.12e-01	4.71e-14
 2.80217e+16	8.91e-01	1.09e-01	4.25e-14
 2.80232e+16	8.95e-01	1.05e-01	3.85e-14
 2.80246e+16	8.98e-01	1.02e-01	3.49e-14
 2.80258e+16	9.01e-01	9.91e-02	3.20e-14
 2.80269e+16	9.03e-01	9.65e-02	2.96e-14
 2.80280e+16	9.06e-01	9.42e-02	2.74e-14
 2.80289e+16	9.08e-01	9.22e-02	2.56e-14
 2.80298e+16	9.10e-01	9.03e-02	2.40e-14
 2.80305e+16	9.11e-01	8.87e-02	2.26e-14
 2.80312e+16	9.13e-01	8.71e-02	2.14e-14
 2.80319e+16	9.14e-01	8.57e-02	2.03e-14
 2.80326e+16	9.16e-01	8.42e-02	1.93e-14
 2.80333e+16	9.17e-01	8.27e-02	1.81e-14
 2.80340e+16	9.19e-01	8.13e-02	1.70e-14
 2.80347e+16	9.20e-01	8.00e-02	1.61e-14
 2.80352e+16	9.21e-01	7.89e-02	1.54e-14
 2.80359e+16	9.22e-01	7.76e-02	1.46e-14
 2.80365e+16	9.24e-01	7.63e-02	1.37e-14
 2.80372e+16	9.25e-01	7.51e-02	1.30e-14
 2.80377e+16	9.26e-01	7.40e-02	1.23e-14
 2.80382e+16	9.27e-01	7.30e-02	1.17e-14
 2.80388e+16	9.28e-01	7.19e-02	1.11e-14
 2.80394e+16	9.29e-01	7.08e-02	1.05e-14
 2.80399e+16	9.30e-01	6.98e-02	9.90e-15
 2.80404e+16	9.31e-01	6.89e-02	9.42e-15
 2.80409e+16	9.32e-01	6.80e-02	8.97e-15
 2.80413e+16	9.33e-01	6.72e-02	8.59e-15
 2.80418e+16	9.34e-01	6.64e-02	8.19e-15
 2.80423e+16	9.35e-01	6.55e-02	7.74e-15
 2.80427e+16	9.35e-01	6.47e-02	7.38e-15
 2.80431e+16	9.36e-01	6.40e-02	7.04e-15
 2.80435e+16	9.37e-01	6.33e-02	6.74e-15
 2.80439e+16	9.37e-01	6.25e-02	6.44e-15
 2.80444e+16	9.38e-01	6.16e-02	6.04e-15
 2.80450e+16	9.39e-01	6.06e-02	5.62e-15
 2.80455e+16	9.40e-01	5.97e-02	5.27e-15
 2.80460e+16	9.41e-01	5.89e-02	4.97e-15
 2.80464e+16	9.42e-01	5.82e-02	4.71e-15
 2.80468e+16	9.42e-01	5.76e-02	4.48e-15
 2.80471e+16	9.43e-01	5.69e-02	4.27e-15
 2.80475e+16	9.44e-01	5.64e-02	4.09e-15
 2.80478e+16	9.44e-01	5.58e-02	3.91e-15
 2.80483e+16	9.45e-01	5.50e-02	3.65e-15
 2.80488e+16	9.46e-01	5.42e-02	3.41e-15
 2.80492e+16	9.47e-01	5.35e-02	3.20e-15
 2.80496e+16	9.47e-01	5.29e-02	3.02e-15
 2.80500e+16	9.48e-01	5.23e-02	2.87e-15
 2.80503e+16	9.48e-01	5.18e-02	2.72e-15
 2.80507e+16	9.49e-01	5.13e-02	2.61e-15
 2.80510e+16	9.49e-01	5.08e-02	2.48e-15
 2.80514e+16	9.50e-01	5.01e-02	2.32e-15
 2.80519e+16	9.51e-01	4.94e-02	2.16e-15
 2.80523e+16	9.51e-01	4.88e-02	2.03e-15
 2.80527e+16	9.52e-01	4.82e-02	1.91e-15
 2.80531e+16	9.52e-01	4.78e-02	1.80e-15
 2.80535e+16	9.53e-01	4.72e-02	1.69e-15
 2.80539e+16	9.53e-01	4.66e-02	1.57e-15
 2.80543e+16	9.54e-01	4.61e-02	1.47e-15
 2.80547e+16	9.54e-01	4.55e-02	1.37e-15
 2.80552e+16	9.55e-01	4.49e-02	1.26e-15
 2.80556e+16	9.56e-01	4.45e-02	1.18e-15
 2.80560e+16	9.56e-01	4.40e-02	1.10e-15
 2.80563e+16	9.56e-01	4.36e-02	1.04e-15
 2.80567e+16	9.57e-01	4.31e-02	9.75e-16
 2.80572e+16	9.58e-01	4.24e-02	8.94e-16
 2.80577e+16	9.58e-01	4.18e-02	8.14e-16
 2.80582e+16	9.59e-01	4.13e-02	7.51e-16
 2.80586e+16	9.59e-01	4.08e-02	6.97e-16
 2.80590e+16	9.60e-01	4.03e-02	6.48e-16
 2.80594e+16	9.60e-01	3.99e-02	6.09e-16
 2.80598e+16	9.60e-01	3.95e-02	5.70e-16
 2.80603e+16	9.61e-01	3.89e-02	5.21e-16
 2.80609e+16	9.62e-01	3.83e-02	4.72e-16
 2.80614e+16	9.62e-01	3.79e-02	4.35e-16
 2.80618e+16	9.63e-01	3.74e-02	4.00e-16
 2.80623e+16	9.63e-01	3.70e-02	3.73e-16
 2.80627e+16	9.63e-01	3.65e-02	3.47e-16
 2.80633e+16	9.64e-01	3.59e-02	3.11e-16
 2.80640e+16	9.65e-01	3.53e-02	2.79e-16
 2.80646e+16	9.65e-01	3.48e-02	2.54e-16
 2.80651e+16	9.66e-01	3.43e-02	2.32e-16
 2.80656e+16	9.66e-01	3.39e-02	2.14e-16
 2.80660e+16	9.66e-01	3.35e-02	1.99e-16
 2.80665e+16	9.67e-01	3.31e-02	1.84e-16
 2.80671e+16	9.67e-01	3.25e-02	1.65e-16
 2.80678e+16	9.68e-01	3.20e-02	1.48e-16
 2.80685e+16	9.68e-01	3.15e-02	1.34e-16
 2.80690e+16	9.69e-01	3.11e-02	1.22e-16
 2.80695e+16	9.69e-01	3.07e-02	1.13e-16
 2.80701e+16	9.70e-01	3.03e-02	1.04e-16
 2.80707e+16	9.70e-01	2.98e-02	9.40e-17
 2.80713e+16	9.71e-01	2.94e-02	8.63e-17
 2.80719e+16	9.71e-01	2.90e-02	7.88e-17
 2.80725e+16	9.71e-01	2.85e-02	7.12e-17
 2.80731e+16	9.72e-01	2.81e-02	6.52e-17
 2.80737e+16	9.72e-01	2.78e-02	6.03e-17
 2.80743e+16	9.73e-01	2.74e-02	5.54e-17
 2.80750e+16	9.73e-01	2.69e-02	4.96e-17
 2.80759e+16	9.74e-01	2.63e-02	4.41e-17
 2.80766e+16	9.74e-01	2.59e-02	3.99e-17
 2.80773e+16	9.75e-01	2.55e-02	3.64e-17
 2.80779e+16	9.75e-01	2.51e-02	3.37e-17
 2.80786e+16	9.75e-01	2.47e-02	3.09e-17
 2.80794e+16	9.76e-01	2.43e-02	2.81e-17
 2.80800e+16	9.76e-01	2.39e-02	2.59e-17
 2.80808e+16	9.77e-01	2.34e-02	2.38e-17
 2.80816e+16	9.77e-01	2.30e-02	2.17e-17
 2.80823e+16	9.77e-01	2.26e-02	2.00e-17
 2.80831e+16	9.78e-01	2.21e-02	1.84e-17
 2.80840e+16	9.78e-01	2.17e-02	1.68e-17
 2.80848e+16	9.79e-01	2.13e-02	1.55e-17
 2.80856e+16	9.79e-01	2.08e-02	1.43e-17
 2.80865e+16	9.80e-01	2.03e-02	1.31e-17
 2.80874e+16	9.80e-01	1.98e-02	1.22e-17
 2.80883e+16	9.81e-01	1.93e-02	1.12e-17
 2.80893e+16	9.81e-01	1.87e-02	1.03e-17
 2.80902e+16	9.82e-01	1.83e-02	9.59e-18
 2.80912e+16	9.82e-01	1.77e-02	8.87e-18
 2.80923e+16	9.83e-01	1.71e-02	8.18e-18
 2.80933e+16	9.83e-01	1.66e-02	7.64e-18
 2.80943e+16	9.84e-01	1.60e-02	7.09e-18
 2.80955e+16	9.85e-01	1.54e-02	6.55e-18
 2.80966e+16	9.85e-01	1.49e-02	6.12e-18
 2.80977e+16	9.86e-01	1.43e-02	5.70e-18
 2.80990e+16	9.86e-01	1.37e-02	5.27e-18
 2.81001e+16	9.87e-01	1.32e-02	4.94e-18
 2.81013e+16	9.87e-01	1.27e-02	4.60e-18
 2.81027e+16	9.88e-01	1.21e-02	4.26e-18
 2.81041e+16	9.89e-01	1.15e-02	3.93e-18
 2.81060e+16	9.89e-01	1.07e-02	3.56e-18
 2.81080e+16	9.90e-01	1.00e-02	3.20e-18
 2.81101e+16	9.91e-01	9.32e-03	2.89e-18
 2.81122e+16	9.91e-01	8.66e-03	2.60e-18
 2.81143e+16	9.92e-01	8.02e-03	2.34e-18
 2.81166e+16	9.93e-01	7.39e-03	2.09e-18
 2.81191e+16	9.93e-01	6.78e-03	1.86e-18
 2.81216e+16	9.94e-01	6.20e-03	1.65e-18
 2.81243e+16	9.94e-01	5.64e-03	1.46e-18
 2.81271e+16	9.95e-01	5.10e-03	1.28e-18
 2.81301e+16	9.95e-01	4.59e-03	1.11e-18
 2.81333e+16	9.96e-01	4.09e-03	9.60e-19
 2.81367e+16	9.96e-01	3.62e-03	8.21e-19
 2.81404e+16	9.97e-01	3.18e-03	6.94e-19
 2.81444e+16	9.97e-01	2.76e-03	5.79e-19
 2.81488e+16	9.98e-01	2.36e-03	4.77e-19
 2.81536e+16	9.98e-01	2.00e-03	3.87e-19
 2.81588e+16	9.98e-01	1.66e-03	3.07e-19
 2.81648e+16	9.99e-01	1.35e-03	2.38e-19
 2.81715e+16	9.99e-01	1.07e-03	1.78e-19
 2.81793e+16	9.99e-01	8.12e-04	1.28e-19
 2.81885e+16	9.99e-01	5.90e-04	8.78e-20
 2.81984e+16	1.00e+00	4.21e-04	5.86e-20
 2.82084e+16	1.00e+00	3.02e-04	3.94e-20
 2.82184e+16	1.00e+00	2.16e-04	2.66e-20
 2.82283e+16	1.00e+00	1.55e-04	1.81e-20
 2.82383e+16	1.00e+00	1.12e-04	1.24e-20
 2.82482e+16	1.00e+00	8.05e-05	8.57e-21
 2.82582e+16	1.00e+00	5.81e-05	0.00e+00
 2.82682e+16	1.00e+00	4.20e-05	0.00e+00
 2.82781e+16	1.00e+00	3.04e-05	0.00e+00
 2.82881e+16	1.00e+00	2.20e-05	0.00e+00
 2.82980e+16	1.00e+00	1.59e-05	0.00e+00
 2.83080e+16	1.00e+00	1.15e-05	0.00e+00
 2.83180e+16	1.00e+00	8.35e-06	0.00e+00
 2.83279e+16	1.00e+00	6.06e-06	0.00e+00
 2.83379e+16	1.00e+00	4.40e-06	0.00e+00
 2.83478e+16	1.00e+00	3.20e-06	0.00e+00
 2.83578e+16	1.00e+00	2.32e-06	0.00e+00
 2.83678e+16	1.00e+00	1.69e-06	0.00e+00
 2.83777e+16	1.00e+00	1.23e-06	0.00e+00
 2.83877e+16	1.00e+00	8.95e-07	0.00e+00
 2.83976e+16	1.00e+00	6.51e-07	0.00e+00
 2.84076e+16	1.00e+00	4.75e-07	0.00e+00
 2.84176e+16	1.00e+00	3.46e-07	0.00e+00
 2.84275e+16	1.00e+00	2.51e-07	0.00e+00
 2.84375e+16	1.00e+00	1.83e-07	0.00e+00
 2.84474e+16	1.00e+00	1.34e-07	0.00e+00
 2.84574e+16	1.00e+00	9.76e-08	0.00e+00
 2.84673e+16	1.00e+00	7.11e-08	0.00e+00
 2.84773e+16	1.00e+00	5.19e-08	0.00e+00
 2.84873e+16	1.00e+00	3.80e-08	0.00e+00
 2.84972e+16	1.00e+00	2.77e-08	0.00e+00
 2.85072e+16	1.00e+00	2.02e-08	0.00e+00
 2.85171e+16	1.00e+00	1.48e-08	0.00e+00
 2.85271e+16	1.00e+00	1.08e-08	0.00e+00
 2.85371e+16	1.00e+00	7.90e-09	0.00e+00
 2.85470e+16	1.00e+00	5.77e-09	0.00e+00
 2.85570e+16	1.00e+00	4.22e-09	0.00e+00
 2.85669e+16	1.00e+00	3.09e-09	0.00e+00
 2.85769e+16	1.00e+00	2.26e-09	0.00e+00
 2.85868e+16	1.00e+00	1.65e-09	0.00e+00
 2.85968e+16	1.00e+00	1.21e-09	0.00e+00
 2.86068e+16	1.00e+00	8.85e-10	0.00e+00
 2.86167e+16	1.00e+00	6.48e-10	0.00e+00
 2.86267e+16	1.00e+00	4.75e-10	0.00e+00
 2.86366e+16	1.00e+00	3.48e-10	0.00e+00
 2.86466e+16	1.00e+00	2.55e-10	0.00e+00
 2.86565e+16	1.00e+00	1.87e-10	0.00e+00
 2.86665e+16	1.00e+00	1.37e-10	0.00e+00
 2.86765e+16	1.00e+00	1.00e-10	0.00e+00
 2.86864e+16	1.00e+00	7.36e-11	0.00e+00
 2.86964e+16	1.00e+00	5.40e-11	0.00e+00
 2.87063e+16	1.00e+00	3.96e-11	0.00e+00
 2.87163e+16	1.00e+00	2.90e-11	0.00e+00
 2.87262e+16	1.00e+00	2.13e-11	0.00e+00
 2.87362e+16	1.00e+00	1.56e-11	0.00e+00
 2.87462e+16	1.00e+00	1.15e-11	0.00e+00
 2.87561e+16	1.00e+00	8.41e-12	0.00e+00
 2.87661e+16	1.00e+00	6.17e-12	0.00e+00
 2.87760e+16	1.00e+00	4.53e-12	0.00e+00
 2.87860e+16	1.00e+00	3.33e-12	0.00e+00
 2.87959e+16	1.00e+00	2.44e-12	0.00e+00
 2.88059e+16	1.00e+00	1.79e-12	0.00e+00
 2.88159e+16	1.00e+00	1.32e-12	0.00e+00
 2.88258e+16	1.00e+00	9.67e-13	0.00e+00
 2.88358e+16	1.00e+00	7.11e-13	0.00e+00
 2.88457e+16	1.00e+00	5.23e-13	0.00e+00
 2.88557e+16	1.00e+00	3.84e-13	0.00e+00
 2.88671e+16	1.00e+00	2.67e-13	0.00e+00
 2.88820e+16	1.00e+00	1.67e-13	0.00e+00
 2.89014e+16	1.00e+00	9.10e-14	0.00e+00
 2.89265e+16	1.00e+00	4.18e-14	0.00e+00
 2.89592e+16	1.00e+00	1.56e-14	0.00e+00
 2.90017e+16	1.00e+00	4.65e-15	0.00e+00
 2.90570e+16	1.00e+00	1.31e-15	0.00e+00
 2.91289e+16	1.00e+00	6.02e-16	0.00e+00
 2.92223e+16	1.00e+00	4.81e-16	0.00e+00
 2.93437e+16	1.00e+00	4.33e-16	0.00e+00
 2.95014e+16	1.00e+00	3.84e-16	0.00e+00
 2.96852e+16	1.00e+00	3.36e-16	0.00e+00
 2.98740e+16	1.00e+00	2.94e-16	0.00e+00
 3.00637e+16	1.00e+00	2.56e-16	0.00e+00
 3.02630e+16	1.00e+00	2.21e-16	0.00e+00
 3.04822e+16	1.00e+00	1.89e-16	0.00e+00
 3.07199e+16	1.00e+00	1.59e-16	0.00e+00
 3.09691e+16	1.00e+00	1.33e-16	0.00e+00
 3.12326e+16	1.00e+00	1.10e-16	0.00e+00
 3.15156e+16	1.00e+00	8.95e-17	0.00e+00
 3.18188e+16	1.00e+00	7.16e-17	0.00e+00
 3.21411e+16	1.00e+00	5.70e-17	0.00e+00
 3.24826e+16	1.00e+00	4.48e-17	0.00e+00
 3.28461e+16	1.00e+00	3.48e-17	0.00e+00
 3.32357e+16	1.00e+00	2.65e-17	0.00e+00
 3.36523e+16	1.00e+00	1.99e-17	0.00e+00
 3.40972e+16	1.00e+00	1.47e-17	0.00e+00
 3.45768e+16	1.00e+00	1.07e-17	0.00e+00
 3.50967e+16	1.00e+00	7.61e-18	0.00e+00
 3.56571e+16	1.00e+00	5.30e-18	0.00e+00
 3.62593e+16	1.00e+00	3.63e-18	0.00e+00
 3.69093e+16	1.00e+00	2.43e-18	0.00e+00
 3.76134e+16	1.00e+00	1.60e-18	0.00e+00
 3.83727e+16	1.00e+00	1.04e-18	0.00e+00
 3.91875e+16	1.00e+00	6.68e-19	0.00e+00
 4.00631e+16	1.00e+00	4.32e-19	0.00e+00
 4.10064e+16	1.00e+00	2.85e-19	0.00e+00
 4.20233e+16	1.00e+00	1.96e-19	0.00e+00
 4.31201e+16	1.00e+00	1.44e-19	0.00e+00
 4.43034e+16	1.00e+00	1.15e-19	0.00e+00
 4.55812e+16	1.00e+00	9.87e-20	0.00e+00
 4.69682e+16	1.00e+00	9.07e-20	0.00e+00
 4.84805e+16	1.00e+00	8.71e-20	0.00e+00
 5.01246e+16	1.00e+00	8.58e-20	0.00e+00
 5.19167e+16	1.00e+00	8.58e-20	0.00e+00
 5.38912e+16	1.00e+00	8.63e-20	0.00e+00
 5.60273e+16	1.00e+00	8.72e-20	0.00e+00
 5.82685e+16	1.00e+00	8.80e-20	0.00e+00
 6.05992e+16	1.00e+00	8.89e-20	0.00e+00
 6.30232e+16	1.00e+00	8.96e-20	0.00e+00
 6.55442e+16	1.00e+00	9.03e-20	0.00e+00
 6.81660e+16	1.00e+00	9.08e-20	0.00e+00
 7.08927e+16	1.00e+00	9.12e-20	0.00e+00
 7.37284e+16	1.00e+00	9.15e-20	0.00e+00
 7.66776e+16	1.00e+00	9.18e-20	0.00e+00
 7.97447e+16	1.00e+00	9.20e-20	0.00e+00
 8.29345e+16	1.00e+00	9.20e-20	0.00e+00
 8.62519e+16	1.00e+00	9.21e-20	0.00e+00
 8.97020e+16	1.00e+00	9.19e-20	0.00e+00
 9.32901e+16	1.00e+00	9.15e-20	0.00e+00
 9.70218e+16	1.00e+00	9.10e-20	0.00e+00
 1.00903e+17	1.00e+00	9.03e-20	0.00e+00
 1.04939e+17	1.00e+00	8.92e-20	0.00e+00
 1.09136e+17	1.00e+00	8.79e-20	0.00e+00
 1.13502e+17	1.00e+00	8.62e-20	0.00e+00
 1.18042e+17	1.00e+00	8.43e-20	0.00e+00
 1.22764e+17	1.00e+00	8.29e-20	0.00e+00
 1.27674e+17	1.00e+00	8.04e-20	0.00e+00
 1.32781e+17	1.00e+00	7.70e-20	0.00e+00
 1.38072e+17	1.00e+00	7.28e-20	0.00e+00
 1.43370e+17	1.00e+00	6.78e-20	0.00e+00
 1.48441e+17	1.00e+00	5.48e-20	0.00e+00
 1.52390e+17	1.00e+00	5.21e-20	0.00e+00
 1.55815e+17	1.00e+00	4.82e-20	0.00e+00
 1.60267e+17	1.00e+00	4.59e-20	0.00e+00
 1.66039e+17	1.00e+00	4.02e-20	0.00e+00
 1.71749e+17	1.00e+00	3.20e-20	0.00e+00
 1.75519e+17	1.00e+00	3.07e-20	0.00e+00
 1.78546e+17	1.00e+00	2.85e-20	0.00e+00
 1.82482e+17	1.00e+00	2.63e-20	0.00e+00
 1.87598e+17	1.00e+00	2.45e-20	0.00e+00
 1.94248e+17	1.00e+00	1.98e-20	0.00e+00
 2.00827e+17	1.00e+00	1.67e-20	0.00e+00
 2.06932e+17	1.00e+00	1.58e-20	0.00e+00
 2.14422e+17	1.00e+00	1.35e-20	0.00e+00
 2.22999e+17	1.00e+00	1.11e-20	0.00e+00
 2.31919e+17	1.00e+00	9.55e-21	0.00e+00
 2.41196e+17	1.00e+00	8.47e-21	0.00e+00
 2.50844e+17	1.00e+00	7.17e-21	0.00e+00
 2.60878e+17	1.00e+00	6.25e-21	0.00e+00
 2.71313e+17	1.00e+00	5.43e-21	0.00e+00
 2.82166e+17	1.00e+00	4.79e-21	0.00e+00
 2.93452e+17	1.00e+00	4.22e-21	0.00e+00
 3.04522e+17	1.00e+00	3.75e-21	0.00e+00
 3.15151e+17	1.00e+00	3.37e-21	0.00e+00
 3.25983e+17	1.00e+00	3.06e-21	0.00e+00
 3.37231e+17	1.00e+00	2.77e-21	0.00e+00
 3.48799e+17	1.00e+00	2.52e-21	0.00e+00
 3.60467e+17	1.00e+00	2.27e-21	0.00e+00
 3.71583e+17	1.00e+00	2.07e-21	0.00e+00
 3.81957e+17	1.00e+00	1.92e-21	0.00e+00
 3.92252e+17	1.00e+00	1.78e-21	0.00e+00
 4.02739e+17	1.00e+00	1.65e-21	0.00e+00
 4.13195e+17	1.00e+00	1.53e-21	0.00e+00
 4.23388e+17	1.00e+00	1.43e-21	0.00e+00
 4.33271e+17	1.00e+00	1.34e-21	0.00e+00
 4.42843e+17	1.00e+00	1.26e-21	0.00e+00
 4.52056e+17	1.00e+00	1.20e-21	0.00e+00
 4.60844e+17	1.00e+00	1.14e-21	0.00e+00
 4.69158e+17	1.00e+00	1.08e-21	0.00e+00
 4.77037e+17	1.00e+00	1.04e-21	0.00e+00
 4.84513e+17	1.00e+00	9.94e-22	0.00e+00
 4.91546e+17	1.00e+00	9.57e-22	0.00e+00
 4.98116e+17	1.00e+00	9.24e-22	0.00e+00
 5.04244e+17	1.00e+00	8.95e-22	0.00e+00
 5.09975e+17	1.00e+00	8.69e-22	0.00e+00
 5.15348e+17	1.00e+00	8.45e-22	0.00e+00
 5.20384e+17	1.00e+00	8.24e-22	0.00e+00
 5.25099e+17	1.00e+00	8.04e-22	0.00e+00
 5.29507e+17	1.00e+00	7.88e-22	0.00e+00
 5.33634e+17	1.00e+00	7.72e-22	0.00e+00
 5.37504e+17	1.00e+00	7.58e-22	0.00e+00
 5.41139e+17	1.00e+00	7.46e-22	0.00e+00
 5.44554e+17	1.00e+00	7.34e-22	0.00e+00
 5.47764e+17	1.00e+00	7.23e-22	0.00e+00
 5.50784e+17	1.00e+00	7.12e-22	0.00e+00
 5.53627e+17	1.00e+00	7.05e-22	0.00e+00
 5.56305e+17	1.00e+00	6.97e-22	0.00e+00
 5.58831e+17	1.00e+00	6.90e-22	0.00e+00
 5.61215e+17	1.00e+00	6.82e-22	0.00e+00
 5.63467e+17	1.00e+00	6.76e-22	0.00e+00
 5.65595e+17	1.00e+00	6.69e-22	0.00e+00
 5.67607e+17	1.00e+00	6.64e-22	0.00e+00
 5.69512e+17	1.00e+00	6.58e-22	0.00e+00
 5.71315e+17	1.00e+00	6.52e-22	0.00e+00
 5.73024e+17	1.00e+00	6.49e-22	0.00e+00
 5.74645e+17	1.00e+00	6.44e-22	0.00e+00
 5.76183e+17	1.00e+00	6.42e-22	0.00e+00
 5.77643e+17	1.00e+00	6.40e-22	0.00e+00
 5.79029e+17	1.00e+00	6.39e-22	0.00e+00
 5.80348e+17	1.00e+00	6.39e-22	0.00e+00
 5.81602e+17	1.00e+00	6.41e-22	0.00e+00
 5.82795e+17	1.00e+00	6.44e-22	0.00e+00
 5.83933e+17	1.00e+00	6.48e-22	0.00e+00
 5.85017e+17	1.00e+00	6.55e-22	0.00e+00
 5.86051e+17	1.00e+00	6.64e-22	0.00e+00
 5.87038e+17	1.00e+00	6.75e-22	0.00e+00
 5.87982e+17	1.00e+00	6.89e-22	0.00e+00
 5.88884e+17	1.00e+00	7.05e-22	0.00e+00
 5.89749e+17	1.00e+00	7.24e-22	0.00e+00
 5.90577e+17	1.00e+00	7.45e-22	0.00e+00
 5.91372e+17	1.00e+00	7.68e-22	0.00e+00
 5.92136e+17	1.00e+00	7.94e-22	0.00e+00
 5.92872e+17	1.00e+00	8.21e-22	0.00e+00
 5.93580e+17	1.00e+00	8.50e-22	0.00e+00
 5.94264e+17	1.00e+00	8.80e-22	0.00e+00
 5.94926e+17	1.00e+00	9.10e-22	0.00e+00
 5.95567e+17	1.00e+00	9.41e-22	0.00e+00
 5.96189e+17	1.00e+00	9.71e-22	0.00e+00
 5.96795e+17	1.00e+00	1.00e-21	0.00e+00
 5.97387e+17	1.00e+00	1.03e-21	0.00e+00
 5.97966e+17	1.00e+00	1.05e-21	0.00e+00
 5.98535e+17	1.00e+00	1.08e-21	0.00e+00
 5.99095e+17	1.00e+00	1.10e-21	0.00e+00
 5.99650e+17	1.00e+00	1.11e-21	0.00e+00
 6.00201e+17	1.00e+00	1.12e-21	0.00e+00
 6.00752e+17	1.00e+00	1.12e-21	0.00e+00
 6.01305e+17	1.00e+00	1.12e-21	0.00e+00
 6.01864e+17	1.00e+00	1.11e-21	0.00e+00
 6.02432e+17	1.00e+00	1.09e-21	0.00e+00
 6.03015e+17	1.00e+00	1.07e-21	0.00e+00
 6.03618e+17	1.00e+00	1.03e-21	0.00e+00
 6.04247e+17	1.00e+00	9.84e-22	0.00e+00
 6.04910e+17	1.00e+00	9.31e-22	0.00e+00
 6.05619e+17	1.00e+00	8.70e-22	0.00e+00
 6.06385e+17	1.00e+00	8.06e-22	0.00e+00
 6.07228e+17	1.00e+00	7.39e-22	0.00e+00
 6.08169e+17	1.00e+00	6.78e-22	0.00e+00
 6.09241e+17	1.00e+00	6.25e-22	0.00e+00
 6.10488e+17	1.00e+00	5.86e-22	0.00e+00
 6.11971e+17	1.00e+00	5.60e-22	0.00e+00
 6.13779e+17	1.00e+00	5.47e-22	0.00e+00
 6.16043e+17	1.00e+00	5.39e-22	0.00e+00
 6.18951e+17	1.00e+00	5.33e-22	0.00e+00
 6.22732e+17	1.00e+00	5.24e-22	0.00e+00
 6.27647e+17	1.00e+00	5.14e-22	0.00e+00
 6.34036e+17	1.00e+00	5.01e-22	0.00e+00
 6.42341e+17	1.00e+00	4.84e-22	0.00e+00
 6.53139e+17	1.00e+00	4.64e-22	0.00e+00
 6.67176e+17	1.00e+00	4.40e-22	0.00e+00
 6.85423e+17	1.00e+00	4.11e-22	0.00e+00
 7.09146e+17	1.00e+00	3.77e-22	0.00e+00
 7.35032e+17	1.00e+00	3.42e-22	0.00e+00
 7.58080e+17	1.00e+00	3.16e-22	0.00e+00
 7.78623e+17	1.00e+00	2.95e-22	0.00e+00
 7.98104e+17	1.00e+00	2.77e-22	0.00e+00
 8.16456e+17	1.00e+00	2.62e-22	0.00e+00
 8.33305e+17	1.00e+00	2.48e-22	0.00e+00
 8.48461e+17	1.00e+00	2.37e-22	0.00e+00
 8.61905e+17	1.00e+00	2.28e-22	0.00e+00
 8.73949e+17	1.00e+00	2.19e-22	0.00e+00
 8.84835e+17	1.00e+00	2.13e-22	0.00e+00
 8.94533e+17	1.00e+00	2.07e-22	0.00e+00
 9.03125e+17	1.00e+00	2.02e-22	0.00e+00
 9.10522e+17	1.00e+00	1.98e-22	0.00e+00
 9.16088e+17	1.00e+00	1.94e-22	0.00e+00
 9.19601e+17	1.00e+00	1.92e-22	0.00e+00
 9.21704e+17	1.00e+00	1.91e-22	0.00e+00
 9.22965e+17	1.00e+00	1.95e-22	0.00e+00
 9.23722e+17	1.00e+00	2.78e-22	0.00e+00
 9.24267e+17	1.00e+00	6.71e-22	0.00e+00
 9.24786e+17	1.00e+00	7.89e-22	0.00e+00
 9.25309e+17	1.00e+00	8.00e-22	0.00e+00
 9.25785e+17	1.00e+00	7.83e-22	0.00e+00
 9.26239e+17	1.00e+00	1.06e-21	0.00e+00
 9.26696e+17	1.00e+00	9.12e-22	0.00e+00
 9.27107e+17	1.00e+00	1.05e-21	0.00e+00
 9.27471e+17	1.00e+00	1.21e-21	0.00e+00
 9.27817e+17	1.00e+00	1.41e-21	0.00e+00
 9.28160e+17	1.00e+00	1.40e-21	0.00e+00
 9.28487e+17	1.00e+00	1.45e-21	0.00e+00
 9.28780e+17	1.00e+00	1.55e-21	0.00e+00
 9.29054e+17	1.00e+00	1.76e-21	0.00e+00
 9.29319e+17	1.00e+00	1.78e-21	0.00e+00
 9.29578e+17	1.00e+00	1.89e-21	0.00e+00
 9.29823e+17	1.00e+00	1.87e-21	0.00e+00
 9.30058e+17	1.00e+00	2.04e-21	0.00e+00
 9.30291e+17	1.00e+00	1.99e-21	0.00e+00
 9.30503e+17	1.00e+00	2.11e-21	0.00e+00
 9.30706e+17	1.00e+00	2.20e-21	0.00e+00
 9.30917e+17	1.00e+00	2.26e-21	0.00e+00
 9.31119e+17	1.00e+00	2.17e-21	0.00e+00
 9.31302e+17	1.00e+00	2.33e-21	0.00e+00
 9.31487e+17	1.00e+00	2.38e-21	0.00e+00
 9.31676e+17	1.00e+00	2.38e-21	0.00e+00
 9.31862e+17	1.00e+00	2.35e-21	0.00e+00
 9.32041e+17	1.00e+00	2.39e-21	0.00e+00
 9.32215e+17	1.00e+00	2.43e-21	0.00e+00
 9.32389e+17	1.00e+00	2.46e-21	0.00e+00
 9.32563e+17	1.00e+00	2.45e-21	0.00e+00
 9.32736e+17	1.00e+00	2.47e-21	0.00e+00
 9.32903e+17	1.00e+00	2.47e-21	0.00e+00
 9.33079e+17	1.00e+00	2.52e-21	0.00e+00
 9.33257e+17	1.00e+00	2.39e-21	0.00e+00
 9.33425e+17	1.00e+00	2.47e-21	0.00e+00
 9.33597e+17	1.00e+00	2.48e-21	0.00e+00
 9.33776e+17	1.00e+00	2.45e-21	0.00e+00
 9.33957e+17	1.00e+00	2.40e-21	0.00e+00
 9.34135e+17	1.00e+00	2.40e-21	0.00e+00
 9.34315e+17	1.00e+00	2.40e-21	0.00e+00
 9.34500e+17	1.00e+00	2.38e-21	0.00e+00
 9.34689e+17	1.00e+00	2.33e-21	0.00e+00
 9.34880e+17	1.00e+00	2.31e-21	0.00e+00
 9.35069e+17	1.00e+00	2.29e-21	0.00e+00
 9.35272e+17	1.00e+00	2.31e-21	0.00e+00
 9.35485e+17	1.00e+00	2.14e-21	0.00e+00
 9.35691e+17	1.00e+00	2.15e-21	0.00e+00
 9.35890e+17	1.00e+00	2.17e-21	0.00e+00
 9.36105e+17	1.00e+00	2.21e-21	0.00e+00
 9.36337e+17	1.00e+00	2.02e-21	0.00e+00
 9.36563e+17	1.00e+00	2.00e-21	0.00e+00
 9.36783e+17	1.00e+00	2.01e-21	0.00e+00
 9.37020e+17	1.00e+00	2.05e-21	0.00e+00
 9.37271e+17	1.00e+00	1.85e-21	0.00e+00
 9.37520e+17	1.00e+00	1.86e-21	0.00e+00
 9.37770e+17	1.00e+00	1.81e-21	0.00e+00
 9.38027e+17	1.00e+00	1.84e-21	0.00e+00
 9.38299e+17	1.00e+00	1.73e-21	0.00e+00
 9.38573e+17	1.00e+00	1.68e-21	0.00e+00
 9.38844e+17	1.00e+00	1.66e-21	0.00e+00
 9.39124e+17	1.00e+00	1.69e-21	0.00e+00
 9.39418e+17	1.00e+00	1.58e-21	0.00e+00
 9.39717e+17	1.00e+00	1.53e-21	0.00e+00
 9.40016e+17	1.00e+00	1.50e-21	0.00e+00
 9.40323e+17	1.00e+00	1.51e-21	0.00e+00
 9.40644e+17	1.00e+00	1.41e-21	0.00e+00
 9.40970e+17	1.00e+00	1.37e-21	0.00e+00
 9.41297e+17	1.00e+00	1.34e-21	0.00e+00
 9.41634e+17	1.00e+00	1.34e-21	0.00e+00
 9.41984e+17	1.00e+00	1.24e-21	0.00e+00
 9.42337e+17	1.00e+00	1.22e-21	0.00e+00
 9.42695e+17	1.00e+00	1.18e-21	0.00e+00
 9.43063e+17	1.00e+00	1.17e-21	0.00e+00
 9.43443e+17	1.00e+00	1.08e-21	0.00e+00
 9.43826e+17	1.00e+00	1.07e-21	0.00e+00
 9.44215e+17	1.00e+00	1.04e-21	0.00e+00
 9.44621e+17	1.00e+00	1.01e-21	0.00e+00
 9.45037e+17	1.00e+00	9.13e-22	0.00e+00
 9.45458e+17	1.00e+00	9.28e-22	0.00e+00
 9.45888e+17	1.00e+00	8.55e-22	0.00e+00
 9.46316e+17	1.00e+00	8.63e-22	0.00e+00
 9.46750e+17	1.00e+00	8.44e-22	0.00e+00
 9.47200e+17	1.00e+00	8.15e-22	0.00e+00
 9.47661e+17	1.00e+00	7.43e-22	0.00e+00
 9.48122e+17	1.00e+00	7.38e-22	0.00e+00
 9.48595e+17	1.00e+00	7.18e-22	0.00e+00
 9.49083e+17	1.00e+00	6.73e-22	0.00e+00
 9.49579e+17	1.00e+00	6.33e-22	0.00e+00
 9.50083e+17	1.00e+00	6.16e-22	0.00e+00
 9.50584e+17	1.00e+00	5.84e-22	0.00e+00
 9.51092e+17	1.00e+00	6.09e-22	0.00e+00
 9.51616e+17	1.00e+00	5.45e-22	0.00e+00
 9.52157e+17	1.00e+00	5.30e-22	0.00e+00
 9.52715e+17	1.00e+00	4.72e-22	0.00e+00
 9.53278e+17	1.00e+00	4.62e-22	0.00e+00
 9.53833e+17	1.00e+00	4.40e-22	0.00e+00
 9.54409e+17	1.00e+00	4.67e-22	0.00e+00
 9.55018e+17	1.00e+00	3.75e-22	0.00e+00
 9.55614e+17	1.00e+00	3.65e-22	0.00e+00
 9.56241e+17	1.00e+00	3.92e-22	0.00e+00
 9.56918e+17	1.00e+00	2.92e-22	0.00e+00
 9.57587e+17	1.00e+00	2.78e-22	0.00e+00
 9.58232e+17	1.00e+00	2.93e-22	0.00e+00
 9.58864e+17	1.00e+00	3.07e-22	0.00e+00
 9.59471e+17	1.00e+00	3.08e-22	0.00e+00
 9.60027e+17	1.00e+00	3.48e-22	0.00e+00
 9.60533e+17	1.00e+00	4.14e-22	0.00e+00
 9.61005e+17	1.00e+00	4.73e-22	0.00e+00
 9.61454e+17	1.00e+00	5.14e-22	0.00e+00
 9.61885e+17	1.00e+00	5.46e-22	0.00e+00
 9.62296e+17	1.00e+00	5.79e-22	0.00e+00
 9.62687e+17	1.00e+00	6.18e-22	0.00e+00
 9.63061e+17	1.00e+00	6.56e-22	0.00e+00
 9.63420e+17	1.00e+00	6.90e-22	0.00e+00
 9.63766e+17	1.00e+00	7.22e-22	0.00e+00
 9.64098e+17	1.00e+00	7.53e-22	0.00e+00
 9.64419e+17	1.00e+00	7.85e-22	0.00e+00
 9.64727e+17	1.00e+00	8.16e-22	0.00e+00
 9.65024e+17	1.00e+00	8.47e-22	0.00e+00
 9.65311e+17	1.00e+00	8.77e-22	0.00e+00
 9.65587e+17	1.00e+00	9.08e-22	0.00e+00
 9.65854e+17	1.00e+00	9.36e-22	0.00e+00
 9.66112e+17	1.00e+00	9.64e-22	0.00e+00
 9.66361e+17	1.00e+00	9.87e-22	0.00e+00
 9.66601e+17	1.00e+00	1.02e-21	0.00e+00
 9.66834e+17	1.00e+00	1.05e-21	0.00e+00
 9.67062e+17	1.00e+00	1.06e-21	0.00e+00
 9.67281e+17	1.00e+00	1.08e-21	0.00e+00
 9.67494e+17	1.00e+00	1.11e-21	0.00e+00
 9.67702e+17	1.00e+00	1.13e-21	0.00e+00
 9.67905e+17	1.00e+00	1.14e-21	0.00e+00
 9.68100e+17	1.00e+00	1.17e-21	0.00e+00
 9.68292e+17	1.00e+00	1.18e-21	0.00e+00
 9.68479e+17	1.00e+00	1.20e-21	0.00e+00
 9.68662e+17	1.00e+00	1.21e-21	0.00e+00
 9.68842e+17	1.00e+00	1.22e-21	0.00e+00
 9.69017e+17	1.00e+00	1.24e-21	0.00e+00
 9.69218e+17	1.00e+00	1.25e-21	0.00e+00
 9.69478e+17	1.00e+00	1.10e-21	0.00e+00
 9.69817e+17	1.00e+00	8.62e-22	0.00e+00
 9.70258e+17	1.00e+00	6.20e-22	0.00e+00
 9.70830e+17	1.00e+00	4.02e-22	0.00e+00
 9.71548e+17	1.00e+00	2.41e-22	0.00e+00
 9.72312e+17	1.00e+00	1.62e-22	0.00e+00
 9.72995e+17	1.00e+00	1.80e-22	0.00e+00
 9.73590e+17	1.00e+00	2.44e-22	0.00e+00
 9.74147e+17	1.00e+00	3.01e-22	0.00e+00
 9.74706e+17	1.00e+00	3.09e-22	0.00e+00
