#depth	O	O+	O+2	O+3	O+4	O+5	O+6	O+7	O+8	O[1]	O[2]	O[3]
 1.49634e+10	0.00e+00	1.46e-28	3.63e-18	6.58e-10	4.02e-04	1.15e-01	8.85e-01	0.00e+00	0.00e+00	0.00e+00	0.00e+00	0.00e+00
 4.54887e+10	1.85e-40	2.12e-28	4.90e-18	8.25e-10	4.66e-04	1.23e-01	8.76e-01	3.92e-08	0.00e+00	0.00e+00	0.00e+00	0.00e+00
 7.72350e+10	0.00e+00	3.07e-28	6.60e-18	1.03e-09	5.40e-04	1.32e-01	8.67e-01	0.00e+00	0.00e+00	0.00e+00	0.00e+00	0.00e+00
 1.10251e+11	4.48e-40	4.44e-28	8.88e-18	1.29e-09	6.26e-04	1.42e-01	8.57e-01	0.00e+00	0.00e+00	0.00e+00	0.00e+00	0.00e+00
 1.44588e+11	0.00e+00	6.40e-28	1.19e-17	1.61e-09	7.24e-04	1.52e-01	8.47e-01	0.00e+00	0.00e+00	0.00e+00	0.00e+00	0.00e+00
 1.80298e+11	1.07e-39	9.21e-28	1.60e-17	2.01e-09	8.37e-04	1.63e-01	8.36e-01	0.00e+00	0.00e+00	0.00e+00	0.00e+00	0.00e+00
 2.17437e+11	0.00e+00	1.32e-27	2.14e-17	2.51e-09	9.67e-04	1.75e-01	8.25e-01	0.00e+00	0.00e+00	0.00e+00	0.00e+00	0.00e+00
 2.56061e+11	2.51e-39	1.88e-27	2.84e-17	3.12e-09	1.12e-03	1.87e-01	8.12e-01	0.00e+00	0.00e+00	0.00e+00	0.00e+00	0.00e+00
 2.96231e+11	0.00e+00	2.67e-27	3.78e-17	3.88e-09	1.29e-03	2.00e-01	7.99e-01	0.00e+00	0.00e+00	0.00e+00	0.00e+00	0.00e+00
 3.38007e+11	5.79e-39	3.79e-27	5.03e-17	4.82e-09	1.48e-03	2.13e-01	7.85e-01	0.00e+00	0.00e+00	0.00e+00	0.00e+00	0.00e+00
 3.81454e+11	0.00e+00	5.36e-27	6.66e-17	5.97e-09	1.70e-03	2.28e-01	7.71e-01	0.00e+00	0.00e+00	0.00e+00	0.00e+00	0.00e+00
 4.26639e+11	1.31e-38	7.53e-27	8.81e-17	7.39e-09	1.96e-03	2.43e-01	7.55e-01	0.00e+00	0.00e+00	0.00e+00	0.00e+00	0.00e+00
 4.73631e+11	0.00e+00	1.05e-26	1.16e-16	9.13e-09	2.24e-03	2.59e-01	7.39e-01	0.00e+00	0.00e+00	0.00e+00	0.00e+00	0.00e+00
 5.22503e+11	2.87e-38	1.47e-26	1.52e-16	1.13e-08	2.57e-03	2.76e-01	7.22e-01	0.00e+00	0.00e+00	0.00e+00	0.00e+00	0.00e+00
 5.73330e+11	0.00e+00	2.04e-26	2.00e-16	1.39e-08	2.94e-03	2.93e-01	7.04e-01	0.00e+00	0.00e+00	0.00e+00	0.00e+00	0.00e+00
 6.26190e+11	6.15e-38	2.80e-26	2.60e-16	1.70e-08	3.35e-03	3.12e-01	6.85e-01	0.00e+00	0.00e+00	0.00e+00	0.00e+00	0.00e+00
 6.81164e+11	0.00e+00	3.84e-26	3.38e-16	2.09e-08	3.82e-03	3.31e-01	6.65e-01	0.00e+00	0.00e+00	0.00e+00	0.00e+00	0.00e+00
 7.38337e+11	1.27e-37	5.23e-26	4.38e-16	2.55e-08	4.34e-03	3.51e-01	6.45e-01	0.00e+00	0.00e+00	0.00e+00	0.00e+00	0.00e+00
 7.97798e+11	0.00e+00	7.08e-26	5.65e-16	3.11e-08	4.92e-03	3.71e-01	6.24e-01	0.00e+00	0.00e+00	0.00e+00	0.00e+00	0.00e+00
 8.59636e+11	2.54e-37	9.54e-26	7.27e-16	3.79e-08	5.56e-03	3.92e-01	6.02e-01	0.00e+00	0.00e+00	0.00e+00	0.00e+00	0.00e+00
 9.23949e+11	0.00e+00	1.28e-25	9.32e-16	4.60e-08	6.28e-03	4.14e-01	5.80e-01	0.00e+00	0.00e+00	0.00e+00	0.00e+00	0.00e+00
 9.90833e+11	4.94e-37	1.70e-25	1.19e-15	5.57e-08	7.06e-03	4.36e-01	5.57e-01	0.00e+00	0.00e+00	0.00e+00	0.00e+00	0.00e+00
 1.06039e+12	0.00e+00	2.26e-25	1.52e-15	6.73e-08	7.93e-03	4.58e-01	5.34e-01	0.00e+00	0.00e+00	0.00e+00	0.00e+00	0.00e+00
 1.13274e+12	9.33e-37	2.99e-25	1.92e-15	8.12e-08	8.87e-03	4.80e-01	5.11e-01	0.00e+00	0.00e+00	0.00e+00	0.00e+00	0.00e+00
 1.20797e+12	0.00e+00	3.94e-25	2.44e-15	9.77e-08	9.90e-03	5.03e-01	4.87e-01	0.00e+00	0.00e+00	0.00e+00	0.00e+00	0.00e+00
 1.28622e+12	1.73e-36	5.17e-25	3.08e-15	1.17e-07	1.10e-02	5.25e-01	4.64e-01	0.00e+00	0.00e+00	0.00e+00	0.00e+00	0.00e+00
 1.36759e+12	0.00e+00	6.79e-25	3.89e-15	1.40e-07	1.22e-02	5.48e-01	4.40e-01	0.00e+00	0.00e+00	0.00e+00	0.00e+00	0.00e+00
 1.45222e+12	3.16e-36	8.90e-25	4.91e-15	1.68e-07	1.36e-02	5.69e-01	4.17e-01	0.00e+00	0.00e+00	0.00e+00	0.00e+00	0.00e+00
 1.54024e+12	0.00e+00	1.17e-24	6.18e-15	2.00e-07	1.50e-02	5.91e-01	3.94e-01	0.00e+00	0.00e+00	0.00e+00	0.00e+00	0.00e+00
 1.63178e+12	5.73e-36	1.53e-24	7.78e-15	2.39e-07	1.65e-02	6.12e-01	3.72e-01	0.00e+00	0.00e+00	0.00e+00	0.00e+00	0.00e+00
 1.72697e+12	0.00e+00	2.00e-24	9.80e-15	2.84e-07	1.81e-02	6.32e-01	3.50e-01	0.00e+00	0.00e+00	0.00e+00	0.00e+00	0.00e+00
 1.82598e+12	1.04e-35	2.62e-24	1.23e-14	3.37e-07	1.99e-02	6.52e-01	3.29e-01	0.00e+00	0.00e+00	0.00e+00	0.00e+00	0.00e+00
 1.92895e+12	0.00e+00	3.45e-24	1.55e-14	3.99e-07	2.18e-02	6.70e-01	3.08e-01	0.00e+00	0.00e+00	0.00e+00	0.00e+00	0.00e+00
 2.03603e+12	1.89e-35	4.53e-24	1.95e-14	4.73e-07	2.38e-02	6.88e-01	2.88e-01	0.00e+00	0.00e+00	0.00e+00	0.00e+00	0.00e+00
 2.14740e+12	0.00e+00	5.98e-24	2.45e-14	5.59e-07	2.59e-02	7.05e-01	2.69e-01	0.00e+00	0.00e+00	0.00e+00	0.00e+00	0.00e+00
 2.26322e+12	3.48e-35	7.90e-24	3.09e-14	6.60e-07	2.82e-02	7.21e-01	2.51e-01	0.00e+00	0.00e+00	0.00e+00	0.00e+00	0.00e+00
 2.38368e+12	4.74e-35	1.05e-23	3.89e-14	7.78e-07	3.07e-02	7.36e-01	2.34e-01	0.00e+00	0.00e+00	0.00e+00	0.00e+00	0.00e+00
 2.50895e+12	6.48e-35	1.39e-23	4.90e-14	9.17e-07	3.33e-02	7.49e-01	2.17e-01	0.00e+00	0.00e+00	0.00e+00	0.00e+00	0.00e+00
 2.63924e+12	8.87e-35	1.85e-23	6.18e-14	1.08e-06	3.61e-02	7.62e-01	2.02e-01	0.00e+00	0.00e+00	0.00e+00	0.00e+00	0.00e+00
 2.77473e+12	1.22e-34	2.46e-23	7.79e-14	1.27e-06	3.91e-02	7.74e-01	1.87e-01	0.00e+00	0.00e+00	0.00e+00	0.00e+00	0.00e+00
 2.91565e+12	1.68e-34	3.29e-23	9.83e-14	1.49e-06	4.23e-02	7.85e-01	1.73e-01	0.00e+00	0.00e+00	0.00e+00	0.00e+00	0.00e+00
 3.06220e+12	2.32e-34	4.41e-23	1.24e-13	1.75e-06	4.57e-02	7.94e-01	1.60e-01	0.00e+00	0.00e+00	0.00e+00	0.00e+00	0.00e+00
 3.21461e+12	3.22e-34	5.91e-23	1.57e-13	2.05e-06	4.94e-02	8.03e-01	1.48e-01	0.00e+00	0.00e+00	0.00e+00	0.00e+00	0.00e+00
 3.37313e+12	4.48e-34	7.95e-23	1.98e-13	2.40e-06	5.32e-02	8.11e-01	1.36e-01	0.00e+00	0.00e+00	0.00e+00	0.00e+00	0.00e+00
 3.53798e+12	6.25e-34	1.07e-22	2.50e-13	2.81e-06	5.73e-02	8.17e-01	1.26e-01	0.00e+00	0.00e+00	0.00e+00	0.00e+00	0.00e+00
 3.70942e+12	8.75e-34	1.45e-22	3.16e-13	3.29e-06	6.17e-02	8.23e-01	1.16e-01	0.00e+00	0.00e+00	0.00e+00	0.00e+00	0.00e+00
 3.88773e+12	1.23e-33	1.95e-22	3.99e-13	3.85e-06	6.64e-02	8.27e-01	1.06e-01	0.00e+00	0.00e+00	0.00e+00	0.00e+00	0.00e+00
 4.07316e+12	1.73e-33	2.64e-22	5.04e-13	4.49e-06	7.14e-02	8.31e-01	9.76e-02	0.00e+00	0.00e+00	0.00e+00	0.00e+00	0.00e+00
 4.26602e+12	2.44e-33	3.58e-22	6.37e-13	5.25e-06	7.67e-02	8.34e-01	8.96e-02	0.00e+00	0.00e+00	0.00e+00	0.00e+00	0.00e+00
 4.46658e+12	3.45e-33	4.87e-22	8.06e-13	6.12e-06	8.23e-02	8.36e-01	8.21e-02	0.00e+00	0.00e+00	0.00e+00	0.00e+00	0.00e+00
 4.67517e+12	4.89e-33	6.61e-22	1.02e-12	7.14e-06	8.83e-02	8.36e-01	7.52e-02	0.00e+00	0.00e+00	0.00e+00	0.00e+00	0.00e+00
 4.89211e+12	6.95e-33	8.99e-22	1.29e-12	8.32e-06	9.46e-02	8.37e-01	6.88e-02	0.00e+00	0.00e+00	0.00e+00	0.00e+00	0.00e+00
 5.11772e+12	9.90e-33	1.22e-21	1.63e-12	9.70e-06	1.01e-01	8.36e-01	6.29e-02	0.00e+00	0.00e+00	0.00e+00	0.00e+00	0.00e+00
 5.35235e+12	1.41e-32	1.67e-21	2.06e-12	1.13e-05	1.09e-01	8.34e-01	5.75e-02	0.00e+00	0.00e+00	0.00e+00	0.00e+00	0.00e+00
 5.59638e+12	2.02e-32	2.27e-21	2.60e-12	1.31e-05	1.16e-01	8.31e-01	5.25e-02	0.00e+00	0.00e+00	0.00e+00	0.00e+00	0.00e+00
 5.85016e+12	2.90e-32	3.10e-21	3.28e-12	1.53e-05	1.24e-01	8.28e-01	4.78e-02	0.00e+00	0.00e+00	0.00e+00	0.00e+00	0.00e+00
 6.11409e+12	4.16e-32	4.23e-21	4.14e-12	1.77e-05	1.33e-01	8.24e-01	4.36e-02	0.00e+00	0.00e+00	0.00e+00	0.00e+00	0.00e+00
 6.38858e+12	5.98e-32	5.77e-21	5.23e-12	2.06e-05	1.42e-01	8.19e-01	3.97e-02	0.00e+00	0.00e+00	0.00e+00	0.00e+00	0.00e+00
 6.67405e+12	8.62e-32	7.88e-21	6.60e-12	2.39e-05	1.51e-01	8.13e-01	3.61e-02	0.00e+00	0.00e+00	0.00e+00	0.00e+00	0.00e+00
 6.97094e+12	1.24e-31	1.08e-20	8.32e-12	2.77e-05	1.61e-01	8.06e-01	3.28e-02	0.00e+00	0.00e+00	0.00e+00	0.00e+00	0.00e+00
 7.27970e+12	1.80e-31	1.47e-20	1.05e-11	3.21e-05	1.72e-01	7.98e-01	2.98e-02	0.00e+00	0.00e+00	0.00e+00	0.00e+00	0.00e+00
 7.60082e+12	2.60e-31	2.00e-20	1.32e-11	3.72e-05	1.83e-01	7.90e-01	2.70e-02	0.00e+00	0.00e+00	0.00e+00	0.00e+00	0.00e+00
 7.93478e+12	3.76e-31	2.73e-20	1.66e-11	4.30e-05	1.95e-01	7.81e-01	2.44e-02	0.00e+00	0.00e+00	0.00e+00	0.00e+00	0.00e+00
 8.28210e+12	5.45e-31	3.73e-20	2.09e-11	4.98e-05	2.07e-01	7.71e-01	2.21e-02	0.00e+00	0.00e+00	0.00e+00	0.00e+00	0.00e+00
 8.64331e+12	7.91e-31	5.08e-20	2.62e-11	5.75e-05	2.20e-01	7.60e-01	2.00e-02	0.00e+00	0.00e+00	0.00e+00	0.00e+00	0.00e+00
 9.01897e+12	1.15e-30	6.92e-20	3.30e-11	6.63e-05	2.33e-01	7.49e-01	1.81e-02	0.00e+00	0.00e+00	0.00e+00	0.00e+00	0.00e+00
 9.40965e+12	1.67e-30	9.43e-20	4.13e-11	7.64e-05	2.47e-01	7.37e-01	1.63e-02	0.00e+00	0.00e+00	0.00e+00	0.00e+00	0.00e+00
 9.81596e+12	2.42e-30	1.28e-19	5.18e-11	8.80e-05	2.62e-01	7.24e-01	1.47e-02	0.00e+00	0.00e+00	0.00e+00	0.00e+00	0.00e+00
 1.02385e+13	3.52e-30	1.74e-19	6.48e-11	1.01e-04	2.77e-01	7.10e-01	1.32e-02	0.00e+00	0.00e+00	0.00e+00	0.00e+00	0.00e+00
 1.06780e+13	5.11e-30	2.36e-19	8.10e-11	1.16e-04	2.92e-01	6.96e-01	1.19e-02	0.00e+00	0.00e+00	0.00e+00	0.00e+00	0.00e+00
 1.11350e+13	7.42e-30	3.21e-19	1.01e-10	1.33e-04	3.09e-01	6.81e-01	1.07e-02	0.00e+00	0.00e+00	0.00e+00	0.00e+00	0.00e+00
 1.16104e+13	1.08e-29	4.34e-19	1.26e-10	1.53e-04	3.25e-01	6.65e-01	9.55e-03	0.00e+00	0.00e+00	0.00e+00	0.00e+00	0.00e+00
 1.21047e+13	1.56e-29	5.87e-19	1.57e-10	1.75e-04	3.43e-01	6.49e-01	8.56e-03	0.00e+00	0.00e+00	0.00e+00	0.00e+00	0.00e+00
 1.26188e+13	2.27e-29	7.92e-19	1.95e-10	2.00e-04	3.60e-01	6.32e-01	7.65e-03	0.00e+00	0.00e+00	0.00e+00	0.00e+00	0.00e+00
 1.31535e+13	3.29e-29	1.07e-18	2.42e-10	2.28e-04	3.78e-01	6.15e-01	6.84e-03	0.00e+00	0.00e+00	0.00e+00	0.00e+00	0.00e+00
 1.37096e+13	4.76e-29	1.44e-18	3.00e-10	2.60e-04	3.97e-01	5.97e-01	6.10e-03	0.00e+00	0.00e+00	0.00e+00	0.00e+00	0.00e+00
 1.42879e+13	6.89e-29	1.93e-18	3.71e-10	2.95e-04	4.15e-01	5.79e-01	5.43e-03	0.00e+00	0.00e+00	0.00e+00	0.00e+00	0.00e+00
 1.48893e+13	9.95e-29	2.59e-18	4.58e-10	3.36e-04	4.34e-01	5.60e-01	4.83e-03	0.00e+00	0.00e+00	0.00e+00	0.00e+00	0.00e+00
 1.55148e+13	1.44e-28	3.47e-18	5.64e-10	3.81e-04	4.54e-01	5.42e-01	4.29e-03	0.00e+00	0.00e+00	0.00e+00	0.00e+00	0.00e+00
 1.61653e+13	2.07e-28	4.63e-18	6.94e-10	4.31e-04	4.73e-01	5.23e-01	3.81e-03	0.00e+00	0.00e+00	0.00e+00	0.00e+00	0.00e+00
 1.68419e+13	2.98e-28	6.18e-18	8.53e-10	4.87e-04	4.92e-01	5.04e-01	3.37e-03	0.00e+00	0.00e+00	0.00e+00	0.00e+00	0.00e+00
 1.75455e+13	4.28e-28	8.23e-18	1.05e-09	5.50e-04	5.12e-01	4.85e-01	2.98e-03	0.00e+00	0.00e+00	0.00e+00	0.00e+00	0.00e+00
 1.82772e+13	6.14e-28	1.09e-17	1.28e-09	6.19e-04	5.31e-01	4.65e-01	2.64e-03	0.00e+00	0.00e+00	0.00e+00	0.00e+00	0.00e+00
 1.90383e+13	8.80e-28	1.45e-17	1.56e-09	6.97e-04	5.51e-01	4.46e-01	2.33e-03	0.00e+00	0.00e+00	0.00e+00	0.00e+00	0.00e+00
 1.98297e+13	1.26e-27	1.92e-17	1.91e-09	7.82e-04	5.70e-01	4.27e-01	2.05e-03	0.00e+00	0.00e+00	0.00e+00	0.00e+00	0.00e+00
 2.06528e+13	1.80e-27	2.53e-17	2.32e-09	8.77e-04	5.89e-01	4.08e-01	1.80e-03	0.00e+00	0.00e+00	0.00e+00	0.00e+00	0.00e+00
 2.15089e+13	2.56e-27	3.34e-17	2.82e-09	9.82e-04	6.08e-01	3.90e-01	1.58e-03	0.00e+00	0.00e+00	0.00e+00	0.00e+00	0.00e+00
 2.23991e+13	3.64e-27	4.39e-17	3.42e-09	1.10e-03	6.26e-01	3.71e-01	1.39e-03	0.00e+00	0.00e+00	0.00e+00	0.00e+00	0.00e+00
 2.33250e+13	5.17e-27	5.77e-17	4.14e-09	1.22e-03	6.44e-01	3.53e-01	1.22e-03	0.00e+00	0.00e+00	0.00e+00	0.00e+00	0.00e+00
 2.42880e+13	7.33e-27	7.56e-17	5.00e-09	1.36e-03	6.62e-01	3.36e-01	1.07e-03	0.00e+00	0.00e+00	0.00e+00	0.00e+00	0.00e+00
 2.52894e+13	1.04e-26	9.89e-17	6.03e-09	1.52e-03	6.79e-01	3.19e-01	9.32e-04	0.00e+00	0.00e+00	0.00e+00	0.00e+00	0.00e+00
 2.63309e+13	1.46e-26	1.29e-16	7.26e-09	1.68e-03	6.96e-01	3.02e-01	8.14e-04	0.00e+00	0.00e+00	0.00e+00	0.00e+00	0.00e+00
 2.74141e+13	2.07e-26	1.68e-16	8.73e-09	1.87e-03	7.12e-01	2.86e-01	7.10e-04	0.00e+00	0.00e+00	0.00e+00	0.00e+00	0.00e+00
 2.85406e+13	2.91e-26	2.19e-16	1.05e-08	2.07e-03	7.27e-01	2.70e-01	6.18e-04	0.00e+00	0.00e+00	0.00e+00	0.00e+00	0.00e+00
 2.97121e+13	4.09e-26	2.85e-16	1.26e-08	2.29e-03	7.42e-01	2.55e-01	5.38e-04	0.00e+00	0.00e+00	0.00e+00	0.00e+00	0.00e+00
 3.09305e+13	5.74e-26	3.70e-16	1.51e-08	2.53e-03	7.57e-01	2.40e-01	4.68e-04	0.00e+00	0.00e+00	0.00e+00	0.00e+00	0.00e+00
 3.21977e+13	8.05e-26	4.79e-16	1.80e-08	2.79e-03	7.71e-01	2.26e-01	4.06e-04	0.00e+00	0.00e+00	0.00e+00	0.00e+00	0.00e+00
 3.35155e+13	1.13e-25	6.20e-16	2.15e-08	3.07e-03	7.84e-01	2.13e-01	3.52e-04	0.00e+00	0.00e+00	0.00e+00	0.00e+00	0.00e+00
 3.48861e+13	1.58e-25	8.01e-16	2.56e-08	3.38e-03	7.97e-01	2.00e-01	3.05e-04	0.00e+00	0.00e+00	0.00e+00	0.00e+00	0.00e+00
 3.63114e+13	2.20e-25	1.03e-15	3.05e-08	3.72e-03	8.09e-01	1.87e-01	2.64e-04	0.00e+00	0.00e+00	0.00e+00	0.00e+00	0.00e+00
 3.77938e+13	3.07e-25	1.33e-15	3.63e-08	4.08e-03	8.20e-01	1.76e-01	2.29e-04	0.00e+00	0.00e+00	0.00e+00	0.00e+00	0.00e+00
 3.93355e+13	4.28e-25	1.72e-15	4.32e-08	4.48e-03	8.31e-01	1.65e-01	1.98e-04	0.00e+00	0.00e+00	0.00e+00	0.00e+00	0.00e+00
 4.09388e+13	5.96e-25	2.21e-15	5.13e-08	4.91e-03	8.41e-01	1.54e-01	1.71e-04	0.00e+00	0.00e+00	0.00e+00	0.00e+00	0.00e+00
 4.26063e+13	8.29e-25	2.84e-15	6.09e-08	5.38e-03	8.50e-01	1.44e-01	1.47e-04	0.00e+00	0.00e+00	0.00e+00	0.00e+00	0.00e+00
 4.43405e+13	1.15e-24	3.65e-15	7.22e-08	5.89e-03	8.59e-01	1.35e-01	1.27e-04	0.00e+00	0.00e+00	0.00e+00	0.00e+00	0.00e+00
 4.61441e+13	1.60e-24	4.68e-15	8.55e-08	6.44e-03	8.68e-01	1.26e-01	1.09e-04	0.00e+00	0.00e+00	0.00e+00	0.00e+00	0.00e+00
 4.80197e+13	2.22e-24	6.00e-15	1.01e-07	7.04e-03	8.76e-01	1.17e-01	9.41e-05	0.00e+00	0.00e+00	0.00e+00	0.00e+00	0.00e+00
 4.99705e+13	3.08e-24	7.68e-15	1.20e-07	7.68e-03	8.83e-01	1.09e-01	8.09e-05	0.00e+00	0.00e+00	0.00e+00	0.00e+00	0.00e+00
 5.19992e+13	4.26e-24	9.83e-15	1.41e-07	8.38e-03	8.90e-01	1.02e-01	6.96e-05	0.00e+00	0.00e+00	0.00e+00	0.00e+00	0.00e+00
 5.41091e+13	5.89e-24	1.26e-14	1.67e-07	9.14e-03	8.96e-01	9.48e-02	5.98e-05	0.00e+00	0.00e+00	0.00e+00	0.00e+00	0.00e+00
 5.63034e+13	8.15e-24	1.61e-14	1.97e-07	9.96e-03	9.02e-01	8.82e-02	5.13e-05	0.00e+00	0.00e+00	0.00e+00	0.00e+00	0.00e+00
 5.85854e+13	1.13e-23	2.05e-14	2.32e-07	1.08e-02	9.07e-01	8.20e-02	4.41e-05	0.00e+00	0.00e+00	0.00e+00	0.00e+00	0.00e+00
 6.09588e+13	1.56e-23	2.62e-14	2.74e-07	1.18e-02	9.12e-01	7.62e-02	3.78e-05	0.00e+00	0.00e+00	0.00e+00	0.00e+00	0.00e+00
 6.34271e+13	2.15e-23	3.34e-14	3.22e-07	1.28e-02	9.16e-01	7.08e-02	3.24e-05	0.00e+00	0.00e+00	0.00e+00	0.00e+00	0.00e+00
 6.59941e+13	2.96e-23	4.25e-14	3.79e-07	1.40e-02	9.20e-01	6.57e-02	2.78e-05	0.00e+00	0.00e+00	0.00e+00	0.00e+00	0.00e+00
 6.86638e+13	4.08e-23	5.42e-14	4.46e-07	1.52e-02	9.24e-01	6.10e-02	2.38e-05	0.00e+00	0.00e+00	0.00e+00	0.00e+00	0.00e+00
 7.14402e+13	5.63e-23	6.91e-14	5.25e-07	1.65e-02	9.27e-01	5.66e-02	2.04e-05	0.00e+00	0.00e+00	0.00e+00	0.00e+00	0.00e+00
 7.43278e+13	7.75e-23	8.78e-14	6.17e-07	1.79e-02	9.30e-01	5.25e-02	1.74e-05	0.00e+00	0.00e+00	0.00e+00	0.00e+00	0.00e+00
 7.73308e+13	1.07e-22	1.12e-13	7.25e-07	1.94e-02	9.32e-01	4.86e-02	1.49e-05	0.00e+00	0.00e+00	0.00e+00	0.00e+00	0.00e+00
 8.04540e+13	1.47e-22	1.42e-13	8.52e-07	2.10e-02	9.34e-01	4.50e-02	1.28e-05	0.00e+00	0.00e+00	0.00e+00	0.00e+00	0.00e+00
 8.37021e+13	2.02e-22	1.81e-13	1.00e-06	2.28e-02	9.35e-01	4.17e-02	1.09e-05	0.00e+00	0.00e+00	0.00e+00	0.00e+00	0.00e+00
 8.70801e+13	2.78e-22	2.30e-13	1.17e-06	2.47e-02	9.37e-01	3.86e-02	9.31e-06	0.00e+00	0.00e+00	0.00e+00	0.00e+00	0.00e+00
 9.05932e+13	3.82e-22	2.92e-13	1.38e-06	2.68e-02	9.38e-01	3.57e-02	7.95e-06	0.00e+00	0.00e+00	0.00e+00	0.00e+00	0.00e+00
 9.42469e+13	5.25e-22	3.70e-13	1.61e-06	2.90e-02	9.38e-01	3.30e-02	6.79e-06	0.00e+00	0.00e+00	0.00e+00	0.00e+00	0.00e+00
 9.80467e+13	7.20e-22	4.70e-13	1.89e-06	3.14e-02	9.38e-01	3.05e-02	5.79e-06	0.00e+00	0.00e+00	0.00e+00	0.00e+00	0.00e+00
 1.01998e+14	9.88e-22	5.96e-13	2.22e-06	3.40e-02	9.38e-01	2.82e-02	4.94e-06	0.00e+00	0.00e+00	0.00e+00	0.00e+00	0.00e+00
 1.06108e+14	1.36e-21	7.56e-13	2.60e-06	3.68e-02	9.37e-01	2.61e-02	4.21e-06	0.00e+00	0.00e+00	0.00e+00	0.00e+00	0.00e+00
 1.10383e+14	1.86e-21	9.57e-13	3.04e-06	3.97e-02	9.36e-01	2.41e-02	3.59e-06	0.00e+00	0.00e+00	0.00e+00	0.00e+00	0.00e+00
 1.14828e+14	2.55e-21	1.21e-12	3.55e-06	4.30e-02	9.35e-01	2.22e-02	3.06e-06	0.00e+00	0.00e+00	0.00e+00	0.00e+00	0.00e+00
 1.19451e+14	3.49e-21	1.54e-12	4.16e-06	4.64e-02	9.33e-01	2.05e-02	2.61e-06	0.00e+00	0.00e+00	0.00e+00	0.00e+00	0.00e+00
 1.24259e+14	4.78e-21	1.94e-12	4.86e-06	5.01e-02	9.31e-01	1.89e-02	2.22e-06	0.00e+00	0.00e+00	0.00e+00	0.00e+00	0.00e+00
 1.29259e+14	6.55e-21	2.46e-12	5.68e-06	5.41e-02	9.28e-01	1.74e-02	1.89e-06	0.00e+00	0.00e+00	0.00e+00	0.00e+00	0.00e+00
 1.34459e+14	8.96e-21	3.11e-12	6.63e-06	5.84e-02	9.26e-01	1.60e-02	1.61e-06	0.00e+00	0.00e+00	0.00e+00	0.00e+00	0.00e+00
 1.39868e+14	1.23e-20	3.93e-12	7.75e-06	6.30e-02	9.22e-01	1.48e-02	1.36e-06	0.00e+00	0.00e+00	0.00e+00	0.00e+00	0.00e+00
 1.45492e+14	1.67e-20	4.96e-12	9.04e-06	6.79e-02	9.18e-01	1.36e-02	1.16e-06	0.00e+00	0.00e+00	0.00e+00	0.00e+00	0.00e+00
 1.51342e+14	2.29e-20	6.26e-12	1.05e-05	7.32e-02	9.14e-01	1.25e-02	9.85e-07	0.00e+00	0.00e+00	0.00e+00	0.00e+00	0.00e+00
 1.57426e+14	3.13e-20	7.91e-12	1.23e-05	7.88e-02	9.10e-01	1.15e-02	0.00e+00	0.00e+00	0.00e+00	0.00e+00	0.00e+00	0.00e+00
 1.63752e+14	4.26e-20	9.96e-12	1.43e-05	8.48e-02	9.05e-01	1.06e-02	0.00e+00	0.00e+00	0.00e+00	0.00e+00	0.00e+00	0.00e+00
 1.70333e+14	5.81e-20	1.26e-11	1.67e-05	9.13e-02	8.99e-01	9.70e-03	0.00e+00	0.00e+00	0.00e+00	0.00e+00	0.00e+00	0.00e+00
 1.77176e+14	7.93e-20	1.58e-11	1.94e-05	9.81e-02	8.93e-01	8.90e-03	0.00e+00	0.00e+00	0.00e+00	0.00e+00	0.00e+00	0.00e+00
 1.84293e+14	1.08e-19	1.99e-11	2.26e-05	1.05e-01	8.86e-01	8.17e-03	0.00e+00	0.00e+00	0.00e+00	0.00e+00	0.00e+00	0.00e+00
 1.91694e+14	1.47e-19	2.51e-11	2.62e-05	1.13e-01	8.79e-01	7.48e-03	0.00e+00	0.00e+00	0.00e+00	0.00e+00	0.00e+00	0.00e+00
 1.99392e+14	2.00e-19	3.15e-11	3.05e-05	1.22e-01	8.72e-01	6.85e-03	0.00e+00	0.00e+00	0.00e+00	0.00e+00	0.00e+00	0.00e+00
 2.07398e+14	2.72e-19	3.96e-11	3.54e-05	1.30e-01	8.63e-01	6.27e-03	0.00e+00	0.00e+00	0.00e+00	0.00e+00	0.00e+00	0.00e+00
 2.15723e+14	3.69e-19	4.97e-11	4.10e-05	1.40e-01	8.54e-01	5.74e-03	0.00e+00	0.00e+00	0.00e+00	0.00e+00	0.00e+00	0.00e+00
 2.24382e+14	5.01e-19	6.23e-11	4.76e-05	1.50e-01	8.45e-01	5.24e-03	0.00e+00	0.00e+00	0.00e+00	0.00e+00	0.00e+00	0.00e+00
 2.33388e+14	6.80e-19	7.81e-11	5.51e-05	1.60e-01	8.35e-01	4.78e-03	0.00e+00	0.00e+00	0.00e+00	0.00e+00	0.00e+00	0.00e+00
 2.42753e+14	9.21e-19	9.77e-11	6.38e-05	1.71e-01	8.24e-01	4.36e-03	0.00e+00	0.00e+00	0.00e+00	0.00e+00	0.00e+00	0.00e+00
 2.52493e+14	1.25e-18	1.22e-10	7.37e-05	1.83e-01	8.13e-01	3.98e-03	0.00e+00	0.00e+00	0.00e+00	0.00e+00	0.00e+00	0.00e+00
 2.62623e+14	1.68e-18	1.53e-10	8.51e-05	1.95e-01	8.01e-01	3.62e-03	0.00e+00	0.00e+00	0.00e+00	0.00e+00	0.00e+00	0.00e+00
 2.73158e+14	2.27e-18	1.90e-10	9.81e-05	2.08e-01	7.89e-01	3.29e-03	0.00e+00	0.00e+00	0.00e+00	0.00e+00	0.00e+00	0.00e+00
 2.84114e+14	3.06e-18	2.37e-10	1.13e-04	2.21e-01	7.76e-01	2.99e-03	0.00e+00	0.00e+00	0.00e+00	0.00e+00	0.00e+00	0.00e+00
 2.95508e+14	4.12e-18	2.95e-10	1.30e-04	2.35e-01	7.62e-01	2.71e-03	0.00e+00	0.00e+00	0.00e+00	0.00e+00	0.00e+00	0.00e+00
 3.07358e+14	5.54e-18	3.67e-10	1.49e-04	2.50e-01	7.47e-01	2.46e-03	0.00e+00	0.00e+00	0.00e+00	0.00e+00	0.00e+00	0.00e+00
 3.19683e+14	7.44e-18	4.55e-10	1.71e-04	2.65e-01	7.32e-01	2.22e-03	0.00e+00	0.00e+00	0.00e+00	0.00e+00	0.00e+00	0.00e+00
 3.32500e+14	9.97e-18	5.65e-10	1.96e-04	2.81e-01	7.17e-01	2.01e-03	0.00e+00	0.00e+00	0.00e+00	0.00e+00	0.00e+00	0.00e+00
 3.45830e+14	1.34e-17	6.99e-10	2.25e-04	2.97e-01	7.01e-01	1.81e-03	0.00e+00	0.00e+00	0.00e+00	0.00e+00	0.00e+00	0.00e+00
 3.59693e+14	1.79e-17	8.65e-10	2.57e-04	3.14e-01	6.84e-01	1.63e-03	0.00e+00	0.00e+00	0.00e+00	0.00e+00	0.00e+00	0.00e+00
 3.74111e+14	2.40e-17	1.07e-09	2.94e-04	3.31e-01	6.67e-01	1.47e-03	0.00e+00	0.00e+00	0.00e+00	1.35e-17	7.45e-18	3.03e-18
 3.89105e+14	3.18e-17	1.32e-09	3.35e-04	3.49e-01	6.49e-01	1.32e-03	0.00e+00	0.00e+00	0.00e+00	1.77e-17	1.06e-17	3.52e-18
 4.04699e+14	4.24e-17	1.62e-09	3.81e-04	3.68e-01	6.31e-01	1.19e-03	0.00e+00	0.00e+00	0.00e+00	2.36e-17	1.41e-17	4.70e-18
 4.20917e+14	5.64e-17	1.99e-09	4.33e-04	3.86e-01	6.12e-01	1.06e-03	0.00e+00	0.00e+00	0.00e+00	3.14e-17	1.87e-17	6.25e-18
 4.37784e+14	7.50e-17	2.45e-09	4.92e-04	4.05e-01	5.93e-01	9.50e-04	0.00e+00	0.00e+00	0.00e+00	4.18e-17	2.49e-17	8.30e-18
 4.55325e+14	9.94e-17	3.00e-09	5.58e-04	4.25e-01	5.74e-01	8.49e-04	0.00e+00	0.00e+00	0.00e+00	5.54e-17	3.30e-17	1.10e-17
 4.73568e+14	1.32e-16	3.68e-09	6.31e-04	4.44e-01	5.54e-01	7.56e-04	0.00e+00	0.00e+00	0.00e+00	7.34e-17	4.37e-17	1.46e-17
 4.92541e+14	1.74e-16	4.50e-09	7.14e-04	4.64e-01	5.35e-01	6.73e-04	0.00e+00	0.00e+00	0.00e+00	9.71e-17	5.78e-17	1.93e-17
 5.12272e+14	2.30e-16	5.49e-09	8.06e-04	4.84e-01	5.15e-01	5.98e-04	0.00e+00	0.00e+00	0.00e+00	1.28e-16	7.64e-17	2.55e-17
 5.32793e+14	3.03e-16	6.69e-09	9.07e-04	5.04e-01	4.95e-01	5.30e-04	0.00e+00	0.00e+00	0.00e+00	1.69e-16	1.01e-16	3.36e-17
 5.54135e+14	4.00e-16	8.15e-09	1.02e-03	5.24e-01	4.75e-01	4.69e-04	0.00e+00	0.00e+00	0.00e+00	2.23e-16	1.33e-16	4.42e-17
 5.76330e+14	5.25e-16	9.90e-09	1.15e-03	5.43e-01	4.55e-01	4.15e-04	0.00e+00	0.00e+00	0.00e+00	2.93e-16	1.74e-16	5.82e-17
 5.97846e+14	6.77e-16	1.19e-08	1.28e-03	5.62e-01	4.37e-01	3.69e-04	0.00e+00	0.00e+00	0.00e+00	3.77e-16	2.25e-16	7.50e-17
 6.17957e+14	8.50e-16	1.39e-08	1.40e-03	5.78e-01	4.20e-01	3.32e-04	0.00e+00	0.00e+00	0.00e+00	4.74e-16	2.82e-16	9.42e-17
 6.40439e+14	1.09e-15	1.66e-08	1.56e-03	5.96e-01	4.02e-01	2.95e-04	0.00e+00	0.00e+00	0.00e+00	6.06e-16	3.60e-16	1.20e-16
 6.65583e+14	1.41e-15	2.00e-08	1.73e-03	6.15e-01	3.83e-01	2.60e-04	0.00e+00	0.00e+00	0.00e+00	7.88e-16	4.68e-16	1.57e-16
 6.89819e+14	1.80e-15	2.37e-08	1.92e-03	6.32e-01	3.66e-01	2.30e-04	0.00e+00	0.00e+00	0.00e+00	1.01e-15	5.97e-16	2.00e-16
 7.15528e+14	2.31e-15	2.82e-08	2.12e-03	6.49e-01	3.49e-01	2.03e-04	0.00e+00	0.00e+00	0.00e+00	1.29e-15	7.65e-16	2.56e-16
 7.43387e+14	2.99e-15	3.38e-08	2.35e-03	6.66e-01	3.31e-01	1.78e-04	0.00e+00	0.00e+00	0.00e+00	1.67e-15	9.89e-16	3.31e-16
 7.70167e+14	3.79e-15	3.99e-08	2.59e-03	6.82e-01	3.15e-01	1.58e-04	0.00e+00	0.00e+00	0.00e+00	2.11e-15	1.25e-15	4.19e-16
 7.98809e+14	4.83e-15	4.73e-08	2.85e-03	6.98e-01	2.99e-01	1.39e-04	0.00e+00	0.00e+00	0.00e+00	2.69e-15	1.60e-15	5.35e-16
 8.30016e+14	6.23e-15	5.66e-08	3.15e-03	7.14e-01	2.82e-01	1.21e-04	0.00e+00	0.00e+00	0.00e+00	3.48e-15	2.06e-15	6.91e-16
 8.60174e+14	7.89e-15	6.67e-08	3.46e-03	7.29e-01	2.68e-01	1.06e-04	0.00e+00	0.00e+00	0.00e+00	4.41e-15	2.61e-15	8.75e-16
 8.92314e+14	1.01e-14	7.89e-08	3.80e-03	7.43e-01	2.53e-01	9.29e-05	0.00e+00	0.00e+00	0.00e+00	5.61e-15	3.32e-15	1.11e-15
 9.27208e+14	1.29e-14	9.40e-08	4.20e-03	7.58e-01	2.38e-01	8.06e-05	0.00e+00	0.00e+00	0.00e+00	7.22e-15	4.27e-15	1.43e-15
 9.61079e+14	1.64e-14	1.11e-07	4.59e-03	7.71e-01	2.24e-01	7.05e-05	0.00e+00	0.00e+00	0.00e+00	9.14e-15	5.40e-15	1.81e-15
 9.97134e+14	2.08e-14	1.31e-07	5.04e-03	7.84e-01	2.11e-01	6.14e-05	0.00e+00	0.00e+00	0.00e+00	1.16e-14	6.87e-15	2.31e-15
 1.03622e+15	2.67e-14	1.55e-07	5.54e-03	7.97e-01	1.98e-01	5.30e-05	0.00e+00	0.00e+00	0.00e+00	1.49e-14	8.81e-15	2.97e-15
 1.07441e+15	3.38e-14	1.82e-07	6.06e-03	8.08e-01	1.86e-01	4.61e-05	0.00e+00	0.00e+00	0.00e+00	1.89e-14	1.11e-14	3.75e-15
 1.11495e+15	4.30e-14	2.15e-07	6.63e-03	8.19e-01	1.74e-01	3.99e-05	0.00e+00	0.00e+00	0.00e+00	2.40e-14	1.41e-14	4.77e-15
 1.15958e+15	5.54e-14	2.56e-07	7.29e-03	8.30e-01	1.62e-01	3.42e-05	0.00e+00	0.00e+00	0.00e+00	3.10e-14	1.82e-14	6.15e-15
 1.20386e+15	7.06e-14	3.02e-07	7.98e-03	8.41e-01	1.51e-01	2.95e-05	0.00e+00	0.00e+00	0.00e+00	3.95e-14	2.32e-14	7.83e-15
 1.24690e+15	8.85e-14	3.53e-07	8.68e-03	8.49e-01	1.42e-01	2.56e-05	0.00e+00	0.00e+00	0.00e+00	4.95e-14	2.90e-14	9.82e-15
 1.29380e+15	1.12e-13	4.15e-07	9.48e-03	8.58e-01	1.32e-01	2.21e-05	0.00e+00	0.00e+00	0.00e+00	6.29e-14	3.68e-14	1.25e-14
 1.34558e+15	1.45e-13	4.94e-07	1.04e-02	8.67e-01	1.23e-01	1.88e-05	0.00e+00	0.00e+00	0.00e+00	8.10e-14	4.74e-14	1.60e-14
 1.39749e+15	1.85e-13	5.83e-07	1.14e-02	8.75e-01	1.14e-01	1.61e-05	0.00e+00	0.00e+00	0.00e+00	1.03e-13	6.03e-14	2.05e-14
 1.45148e+15	2.36e-13	6.88e-07	1.25e-02	8.82e-01	1.06e-01	1.37e-05	0.00e+00	0.00e+00	0.00e+00	1.32e-13	7.69e-14	2.61e-14
 1.50956e+15	3.03e-13	8.18e-07	1.37e-02	8.89e-01	9.75e-02	1.16e-05	0.00e+00	0.00e+00	0.00e+00	1.70e-13	9.89e-14	3.36e-14
 1.56827e+15	3.88e-13	9.66e-07	1.49e-02	8.95e-01	9.01e-02	9.88e-06	0.00e+00	0.00e+00	0.00e+00	2.18e-13	1.26e-13	4.30e-14
 1.62932e+15	4.96e-13	1.14e-06	1.64e-02	9.00e-01	8.32e-02	8.38e-06	0.00e+00	0.00e+00	0.00e+00	2.79e-13	1.61e-13	5.50e-14
 1.69452e+15	6.39e-13	1.36e-06	1.79e-02	9.06e-01	7.65e-02	7.06e-06	0.00e+00	0.00e+00	0.00e+00	3.60e-13	2.07e-13	7.08e-14
 1.76233e+15	8.24e-13	1.61e-06	1.97e-02	9.10e-01	7.02e-02	5.94e-06	0.00e+00	0.00e+00	0.00e+00	4.65e-13	2.67e-13	9.13e-14
 1.83285e+15	1.06e-12	1.92e-06	2.16e-02	9.14e-01	6.44e-02	4.99e-06	0.00e+00	0.00e+00	0.00e+00	5.99e-13	3.43e-13	1.17e-13
 1.90620e+15	1.37e-12	2.28e-06	2.37e-02	9.17e-01	5.90e-02	4.18e-06	0.00e+00	0.00e+00	0.00e+00	7.75e-13	4.42e-13	1.52e-13
 1.98248e+15	1.77e-12	2.72e-06	2.61e-02	9.20e-01	5.39e-02	3.50e-06	0.00e+00	0.00e+00	0.00e+00	1.00e-12	5.69e-13	1.96e-13
 2.06181e+15	2.29e-12	3.24e-06	2.87e-02	9.22e-01	4.91e-02	2.91e-06	0.00e+00	0.00e+00	0.00e+00	1.30e-12	7.34e-13	2.53e-13
 2.14431e+15	2.96e-12	3.86e-06	3.16e-02	9.24e-01	4.48e-02	2.42e-06	0.00e+00	0.00e+00	0.00e+00	1.68e-12	9.46e-13	3.27e-13
 2.23011e+15	3.84e-12	4.61e-06	3.48e-02	9.25e-01	4.07e-02	2.01e-06	0.00e+00	0.00e+00	0.00e+00	2.18e-12	1.22e-12	4.23e-13
 2.31934e+15	4.99e-12	5.51e-06	3.84e-02	9.25e-01	3.69e-02	1.66e-06	0.00e+00	0.00e+00	0.00e+00	2.84e-12	1.59e-12	5.49e-13
 2.41215e+15	6.50e-12	6.61e-06	4.25e-02	9.24e-01	3.33e-02	1.37e-06	0.00e+00	0.00e+00	0.00e+00	3.70e-12	2.06e-12	7.15e-13
 2.50866e+15	8.44e-12	7.91e-06	4.70e-02	9.23e-01	3.01e-02	1.13e-06	0.00e+00	0.00e+00	0.00e+00	4.82e-12	2.67e-12	9.27e-13
 2.60904e+15	1.10e-11	9.53e-06	5.23e-02	9.21e-01	2.70e-02	9.21e-07	0.00e+00	0.00e+00	0.00e+00	6.32e-12	3.48e-12	1.21e-12
 2.71343e+15	1.45e-11	1.15e-05	5.82e-02	9.18e-01	2.42e-02	0.00e+00	0.00e+00	0.00e+00	0.00e+00	8.30e-12	4.55e-12	1.59e-12
 2.82200e+15	1.91e-11	1.39e-05	6.51e-02	9.13e-01	2.16e-02	0.00e+00	0.00e+00	0.00e+00	0.00e+00	1.10e-11	5.99e-12	2.09e-12
 2.93491e+15	2.52e-11	1.69e-05	7.31e-02	9.08e-01	1.92e-02	0.00e+00	0.00e+00	0.00e+00	0.00e+00	1.45e-11	7.90e-12	2.76e-12
 3.05233e+15	3.36e-11	2.07e-05	8.25e-02	9.01e-01	1.69e-02	0.00e+00	0.00e+00	0.00e+00	0.00e+00	1.93e-11	1.05e-11	3.68e-12
 3.17446e+15	4.50e-11	2.55e-05	9.37e-02	8.91e-01	1.49e-02	0.00e+00	0.00e+00	0.00e+00	0.00e+00	2.59e-11	1.40e-11	4.92e-12
 3.30147e+15	6.10e-11	3.17e-05	1.07e-01	8.80e-01	1.29e-02	0.00e+00	0.00e+00	0.00e+00	0.00e+00	3.51e-11	1.90e-11	6.65e-12
 3.43356e+15	8.30e-11	3.96e-05	1.24e-01	8.65e-01	1.12e-02	0.00e+00	0.00e+00	0.00e+00	0.00e+00	4.79e-11	2.58e-11	9.05e-12
 3.56789e+15	1.14e-10	5.00e-05	1.44e-01	8.47e-01	9.52e-03	0.00e+00	0.00e+00	0.00e+00	0.00e+00	6.59e-11	3.54e-11	1.24e-11
 3.69617e+15	1.55e-10	6.27e-05	1.67e-01	8.25e-01	8.11e-03	0.00e+00	0.00e+00	0.00e+00	0.00e+00	8.94e-11	4.80e-11	1.68e-11
 3.81193e+15	2.05e-10	7.73e-05	1.93e-01	8.00e-01	6.93e-03	0.00e+00	0.00e+00	0.00e+00	0.00e+00	1.18e-10	6.35e-11	2.22e-11
 3.91555e+15	2.65e-10	9.40e-05	2.21e-01	7.73e-01	5.95e-03	0.00e+00	0.00e+00	0.00e+00	0.00e+00	1.53e-10	8.20e-11	2.87e-11
 4.01009e+15	3.37e-10	1.13e-04	2.51e-01	7.43e-01	5.10e-03	0.00e+00	0.00e+00	0.00e+00	0.00e+00	1.95e-10	1.04e-10	3.66e-11
 4.09721e+15	4.24e-10	1.35e-04	2.85e-01	7.10e-01	4.35e-03	0.00e+00	0.00e+00	0.00e+00	0.00e+00	2.45e-10	1.31e-10	4.60e-11
 4.17691e+15	5.27e-10	1.60e-04	3.23e-01	6.73e-01	3.70e-03	0.00e+00	0.00e+00	0.00e+00	0.00e+00	3.05e-10	1.63e-10	5.71e-11
 4.24903e+15	6.46e-10	1.88e-04	3.63e-01	6.33e-01	3.12e-03	0.00e+00	0.00e+00	0.00e+00	0.00e+00	3.74e-10	2.00e-10	6.99e-11
 4.31394e+15	7.80e-10	2.19e-04	4.06e-01	5.91e-01	2.62e-03	0.00e+00	0.00e+00	0.00e+00	0.00e+00	4.52e-10	2.41e-10	8.44e-11
 4.37275e+15	9.30e-10	2.52e-04	4.51e-01	5.46e-01	2.18e-03	0.00e+00	0.00e+00	0.00e+00	0.00e+00	5.38e-10	2.88e-10	1.01e-10
 4.42672e+15	1.10e-09	2.88e-04	4.99e-01	4.99e-01	1.80e-03	0.00e+00	0.00e+00	0.00e+00	0.00e+00	6.36e-10	3.40e-10	1.19e-10
 4.47668e+15	1.28e-09	3.27e-04	5.48e-01	4.50e-01	1.46e-03	0.00e+00	0.00e+00	0.00e+00	0.00e+00	7.43e-10	3.97e-10	1.39e-10
 4.52312e+15	1.48e-09	3.68e-04	5.98e-01	4.00e-01	1.16e-03	0.00e+00	0.00e+00	0.00e+00	0.00e+00	8.60e-10	4.59e-10	1.60e-10
 4.56673e+15	1.70e-09	4.11e-04	6.50e-01	3.49e-01	9.01e-04	0.00e+00	0.00e+00	0.00e+00	0.00e+00	9.85e-10	5.26e-10	1.83e-10
 4.60845e+15	1.93e-09	4.55e-04	7.01e-01	2.98e-01	6.82e-04	0.00e+00	0.00e+00	0.00e+00	0.00e+00	1.12e-09	5.96e-10	2.08e-10
 4.64939e+15	2.18e-09	5.01e-04	7.51e-01	2.48e-01	4.96e-04	0.00e+00	0.00e+00	0.00e+00	0.00e+00	1.26e-09	6.73e-10	2.35e-10
 4.69637e+15	2.47e-09	5.55e-04	8.07e-01	1.92e-01	3.23e-04	0.00e+00	0.00e+00	0.00e+00	0.00e+00	1.44e-09	7.66e-10	2.67e-10
 4.74769e+15	2.80e-09	6.10e-04	8.61e-01	1.38e-01	1.89e-04	0.00e+00	0.00e+00	0.00e+00	0.00e+00	1.63e-09	8.67e-10	3.02e-10
 4.79682e+15	3.11e-09	6.58e-04	9.03e-01	9.62e-02	1.06e-04	0.00e+00	0.00e+00	0.00e+00	0.00e+00	1.80e-09	9.61e-10	3.34e-10
 4.85284e+15	3.43e-09	7.05e-04	9.37e-01	6.19e-02	5.15e-05	0.00e+00	0.00e+00	0.00e+00	0.00e+00	1.99e-09	1.06e-09	3.69e-10
 4.92567e+15	3.80e-09	7.52e-04	9.64e-01	3.53e-02	2.01e-05	0.00e+00	0.00e+00	0.00e+00	0.00e+00	2.21e-09	1.18e-09	4.09e-10
 5.02035e+15	4.22e-09	7.99e-04	9.80e-01	1.90e-02	6.51e-06	0.00e+00	0.00e+00	0.00e+00	0.00e+00	2.45e-09	1.31e-09	4.54e-10
 5.14343e+15	4.73e-09	8.48e-04	9.88e-01	1.13e-02	2.00e-06	0.00e+00	0.00e+00	0.00e+00	0.00e+00	2.75e-09	1.46e-09	5.09e-10
 5.30343e+15	5.41e-09	9.06e-04	9.91e-01	8.08e-03	6.26e-07	0.00e+00	0.00e+00	0.00e+00	0.00e+00	3.15e-09	1.67e-09	5.81e-10
 5.50176e+15	6.32e-09	9.77e-04	9.92e-01	6.74e-03	0.00e+00	0.00e+00	0.00e+00	0.00e+00	0.00e+00	3.68e-09	1.96e-09	6.79e-10
 5.72186e+15	7.46e-09	1.06e-03	9.93e-01	6.02e-03	0.00e+00	0.00e+00	0.00e+00	0.00e+00	0.00e+00	4.34e-09	2.31e-09	8.01e-10
 5.95076e+15	8.79e-09	1.15e-03	9.93e-01	5.43e-03	0.00e+00	0.00e+00	0.00e+00	0.00e+00	0.00e+00	5.11e-09	2.72e-09	9.43e-10
 6.18882e+15	1.04e-08	1.24e-03	9.94e-01	4.97e-03	0.00e+00	0.00e+00	0.00e+00	0.00e+00	0.00e+00	6.04e-09	3.21e-09	1.11e-09
 6.43641e+15	1.23e-08	1.34e-03	9.94e-01	4.54e-03	0.00e+00	0.00e+00	0.00e+00	0.00e+00	0.00e+00	7.14e-09	3.79e-09	1.32e-09
 6.69389e+15	1.45e-08	1.46e-03	9.94e-01	4.14e-03	0.00e+00	0.00e+00	0.00e+00	0.00e+00	0.00e+00	8.44e-09	4.48e-09	1.55e-09
 6.96168e+15	1.72e-08	1.58e-03	9.95e-01	3.78e-03	0.00e+00	0.00e+00	0.00e+00	0.00e+00	0.00e+00	9.99e-09	5.31e-09	1.84e-09
 7.24017e+15	2.04e-08	1.71e-03	9.95e-01	3.44e-03	0.00e+00	0.00e+00	0.00e+00	0.00e+00	0.00e+00	1.18e-08	6.29e-09	2.18e-09
 7.52981e+15	2.41e-08	1.85e-03	9.95e-01	3.13e-03	0.00e+00	0.00e+00	0.00e+00	0.00e+00	0.00e+00	1.40e-08	7.46e-09	2.58e-09
 7.83103e+15	2.87e-08	2.01e-03	9.95e-01	2.85e-03	0.00e+00	0.00e+00	0.00e+00	0.00e+00	0.00e+00	1.67e-08	8.85e-09	3.06e-09
 8.14430e+15	3.41e-08	2.18e-03	9.95e-01	2.58e-03	0.00e+00	0.00e+00	0.00e+00	0.00e+00	0.00e+00	1.98e-08	1.05e-08	3.64e-09
 8.47011e+15	4.06e-08	2.37e-03	9.95e-01	2.34e-03	0.00e+00	0.00e+00	0.00e+00	0.00e+00	0.00e+00	2.36e-08	1.25e-08	4.33e-09
 8.80894e+15	4.82e-08	2.57e-03	9.95e-01	2.12e-03	0.00e+00	0.00e+00	0.00e+00	0.00e+00	0.00e+00	2.81e-08	1.49e-08	5.15e-09
 9.16133e+15	5.76e-08	2.79e-03	9.95e-01	1.92e-03	0.00e+00	0.00e+00	0.00e+00	0.00e+00	0.00e+00	3.35e-08	1.78e-08	6.15e-09
 9.52781e+15	6.89e-08	3.03e-03	9.95e-01	1.73e-03	0.00e+00	0.00e+00	0.00e+00	0.00e+00	0.00e+00	4.01e-08	2.13e-08	7.35e-09
 9.90895e+15	8.25e-08	3.30e-03	9.95e-01	1.56e-03	0.00e+00	0.00e+00	0.00e+00	0.00e+00	0.00e+00	4.80e-08	2.55e-08	8.80e-09
 1.02869e+16	9.82e-08	3.58e-03	9.95e-01	1.41e-03	0.00e+00	0.00e+00	0.00e+00	0.00e+00	0.00e+00	5.71e-08	3.03e-08	1.05e-08
 1.06799e+16	1.17e-07	3.88e-03	9.95e-01	1.27e-03	0.00e+00	0.00e+00	0.00e+00	0.00e+00	0.00e+00	6.82e-08	3.62e-08	1.25e-08
 1.11071e+16	1.41e-07	4.23e-03	9.95e-01	1.14e-03	0.00e+00	0.00e+00	0.00e+00	0.00e+00	0.00e+00	8.22e-08	4.36e-08	1.50e-08
 1.15367e+16	1.70e-07	4.60e-03	9.94e-01	1.02e-03	0.00e+00	0.00e+00	0.00e+00	0.00e+00	0.00e+00	9.87e-08	5.24e-08	1.81e-08
 1.19835e+16	2.04e-07	5.01e-03	9.94e-01	9.15e-04	0.00e+00	0.00e+00	0.00e+00	0.00e+00	0.00e+00	1.19e-07	6.31e-08	2.17e-08
 1.24628e+16	2.48e-07	5.48e-03	9.94e-01	8.15e-04	0.00e+00	0.00e+00	0.00e+00	0.00e+00	0.00e+00	1.44e-07	7.67e-08	2.64e-08
 1.29508e+16	3.01e-07	5.98e-03	9.93e-01	7.25e-04	0.00e+00	0.00e+00	0.00e+00	0.00e+00	0.00e+00	1.75e-07	9.31e-08	3.21e-08
 1.34582e+16	3.67e-07	6.54e-03	9.93e-01	6.44e-04	0.00e+00	0.00e+00	0.00e+00	0.00e+00	0.00e+00	2.14e-07	1.14e-07	3.91e-08
 1.39966e+16	4.53e-07	7.19e-03	9.92e-01	5.69e-04	0.00e+00	0.00e+00	0.00e+00	0.00e+00	0.00e+00	2.63e-07	1.40e-07	4.82e-08
 1.45450e+16	5.55e-07	7.87e-03	9.92e-01	5.02e-04	0.00e+00	0.00e+00	0.00e+00	0.00e+00	0.00e+00	3.23e-07	1.72e-07	5.91e-08
 1.51153e+16	6.89e-07	8.66e-03	9.91e-01	4.43e-04	0.00e+00	0.00e+00	0.00e+00	0.00e+00	0.00e+00	4.01e-07	2.13e-07	7.33e-08
 1.57199e+16	8.59e-07	9.53e-03	9.90e-01	3.88e-04	0.00e+00	0.00e+00	0.00e+00	0.00e+00	0.00e+00	4.99e-07	2.66e-07	9.14e-08
 1.63488e+16	1.08e-06	1.05e-02	9.89e-01	3.40e-04	0.00e+00	0.00e+00	0.00e+00	0.00e+00	0.00e+00	6.30e-07	3.36e-07	1.15e-07
 1.69869e+16	1.37e-06	1.16e-02	9.88e-01	2.97e-04	0.00e+00	0.00e+00	0.00e+00	0.00e+00	0.00e+00	7.96e-07	4.25e-07	1.46e-07
 1.76206e+16	1.73e-06	1.29e-02	9.87e-01	2.61e-04	0.00e+00	0.00e+00	0.00e+00	0.00e+00	0.00e+00	1.01e-06	5.38e-07	1.84e-07
 1.82956e+16	2.24e-06	1.43e-02	9.85e-01	2.27e-04	0.00e+00	0.00e+00	0.00e+00	0.00e+00	0.00e+00	1.30e-06	6.95e-07	2.38e-07
 1.89931e+16	2.93e-06	1.59e-02	9.84e-01	1.98e-04	0.00e+00	0.00e+00	0.00e+00	0.00e+00	0.00e+00	1.70e-06	9.09e-07	3.11e-07
 1.96453e+16	3.79e-06	1.77e-02	9.82e-01	1.75e-04	0.00e+00	0.00e+00	0.00e+00	0.00e+00	0.00e+00	2.20e-06	1.18e-06	4.03e-07
 2.02670e+16	4.90e-06	1.95e-02	9.80e-01	1.54e-04	0.00e+00	0.00e+00	0.00e+00	0.00e+00	0.00e+00	2.84e-06	1.52e-06	5.20e-07
 2.09759e+16	6.67e-06	2.20e-02	9.78e-01	1.34e-04	0.00e+00	0.00e+00	0.00e+00	0.00e+00	0.00e+00	3.87e-06	2.07e-06	7.09e-07
 2.17212e+16	9.40e-06	2.50e-02	9.75e-01	1.16e-04	0.00e+00	0.00e+00	0.00e+00	0.00e+00	0.00e+00	5.46e-06	2.92e-06	9.99e-07
 2.23421e+16	1.28e-05	2.80e-02	9.72e-01	1.03e-04	0.00e+00	0.00e+00	0.00e+00	0.00e+00	0.00e+00	7.45e-06	3.99e-06	1.36e-06
 2.28765e+16	1.72e-05	3.12e-02	9.69e-01	9.21e-05	0.00e+00	0.00e+00	0.00e+00	0.00e+00	0.00e+00	1.00e-05	5.35e-06	1.83e-06
 2.33718e+16	2.32e-05	3.47e-02	9.65e-01	8.28e-05	0.00e+00	0.00e+00	0.00e+00	0.00e+00	0.00e+00	1.35e-05	7.20e-06	2.46e-06
 2.38216e+16	3.12e-05	3.86e-02	9.61e-01	7.49e-05	0.00e+00	0.00e+00	0.00e+00	0.00e+00	0.00e+00	1.81e-05	9.68e-06	3.31e-06
 2.42250e+16	4.17e-05	4.28e-02	9.57e-01	6.83e-05	0.00e+00	0.00e+00	0.00e+00	0.00e+00	0.00e+00	2.42e-05	1.29e-05	4.43e-06
 2.45081e+16	5.21e-05	4.64e-02	9.53e-01	6.33e-05	0.00e+00	0.00e+00	0.00e+00	0.00e+00	0.00e+00	3.02e-05	1.61e-05	5.53e-06
 2.46617e+16	5.92e-05	4.87e-02	9.51e-01	6.09e-05	0.00e+00	0.00e+00	0.00e+00	0.00e+00	0.00e+00	3.44e-05	1.84e-05	6.29e-06
 2.48026e+16	6.73e-05	5.10e-02	9.49e-01	5.84e-05	0.00e+00	0.00e+00	0.00e+00	0.00e+00	0.00e+00	3.91e-05	2.09e-05	7.15e-06
 2.49858e+16	8.00e-05	5.44e-02	9.45e-01	5.50e-05	0.00e+00	0.00e+00	0.00e+00	0.00e+00	0.00e+00	4.64e-05	2.48e-05	8.50e-06
 2.51782e+16	9.68e-05	5.85e-02	9.41e-01	5.17e-05	0.00e+00	0.00e+00	0.00e+00	0.00e+00	0.00e+00	5.62e-05	3.00e-05	1.03e-05
 2.53322e+16	1.14e-04	6.22e-02	9.38e-01	4.89e-05	0.00e+00	0.00e+00	0.00e+00	0.00e+00	0.00e+00	6.61e-05	3.53e-05	1.21e-05
 2.54544e+16	1.31e-04	6.56e-02	9.34e-01	4.67e-05	0.00e+00	0.00e+00	0.00e+00	0.00e+00	0.00e+00	7.59e-05	4.05e-05	1.39e-05
 2.55857e+16	1.53e-04	6.98e-02	9.30e-01	4.42e-05	0.00e+00	0.00e+00	0.00e+00	0.00e+00	0.00e+00	8.89e-05	4.74e-05	1.62e-05
 2.57255e+16	1.82e-04	7.48e-02	9.25e-01	4.15e-05	0.00e+00	0.00e+00	0.00e+00	0.00e+00	0.00e+00	1.06e-04	5.65e-05	1.93e-05
 2.58424e+16	2.13e-04	7.97e-02	9.20e-01	3.91e-05	0.00e+00	0.00e+00	0.00e+00	0.00e+00	0.00e+00	1.24e-04	6.61e-05	2.26e-05
 2.59395e+16	2.45e-04	8.42e-02	9.15e-01	3.73e-05	0.00e+00	0.00e+00	0.00e+00	0.00e+00	0.00e+00	1.42e-04	7.58e-05	2.59e-05
 2.60450e+16	2.88e-04	9.00e-02	9.10e-01	3.50e-05	0.00e+00	0.00e+00	0.00e+00	0.00e+00	0.00e+00	1.67e-04	8.91e-05	3.05e-05
 2.61553e+16	3.42e-04	9.68e-02	9.03e-01	3.27e-05	0.00e+00	0.00e+00	0.00e+00	0.00e+00	0.00e+00	1.99e-04	1.06e-04	3.63e-05
 2.62459e+16	3.99e-04	1.03e-01	8.96e-01	3.08e-05	0.00e+00	0.00e+00	0.00e+00	0.00e+00	0.00e+00	2.31e-04	1.23e-04	4.22e-05
 2.63225e+16	4.57e-04	1.09e-01	8.90e-01	2.91e-05	0.00e+00	0.00e+00	0.00e+00	0.00e+00	0.00e+00	2.65e-04	1.41e-04	4.84e-05
 2.64072e+16	5.38e-04	1.17e-01	8.82e-01	2.72e-05	0.00e+00	0.00e+00	0.00e+00	0.00e+00	0.00e+00	3.12e-04	1.66e-04	5.69e-05
 2.64955e+16	6.41e-04	1.27e-01	8.73e-01	2.52e-05	0.00e+00	0.00e+00	0.00e+00	0.00e+00	0.00e+00	3.72e-04	1.98e-04	6.78e-05
 2.65681e+16	7.47e-04	1.35e-01	8.64e-01	2.35e-05	0.00e+00	0.00e+00	0.00e+00	0.00e+00	0.00e+00	4.34e-04	2.31e-04	7.90e-05
 2.66299e+16	8.58e-04	1.44e-01	8.55e-01	2.20e-05	0.00e+00	0.00e+00	0.00e+00	0.00e+00	0.00e+00	4.98e-04	2.65e-04	9.08e-05
 2.66981e+16	1.01e-03	1.55e-01	8.44e-01	2.04e-05	0.00e+00	0.00e+00	0.00e+00	0.00e+00	0.00e+00	5.87e-04	3.13e-04	1.07e-04
 2.67700e+16	1.21e-03	1.68e-01	8.31e-01	1.86e-05	0.00e+00	0.00e+00	0.00e+00	0.00e+00	0.00e+00	7.02e-04	3.74e-04	1.28e-04
 2.68296e+16	1.41e-03	1.80e-01	8.19e-01	1.71e-05	0.00e+00	0.00e+00	0.00e+00	0.00e+00	0.00e+00	8.22e-04	4.37e-04	1.50e-04
 2.68801e+16	1.63e-03	1.92e-01	8.07e-01	1.60e-05	0.00e+00	0.00e+00	0.00e+00	0.00e+00	0.00e+00	9.46e-04	5.03e-04	1.72e-04
 2.69359e+16	1.93e-03	2.07e-01	7.91e-01	1.45e-05	0.00e+00	0.00e+00	0.00e+00	0.00e+00	0.00e+00	1.12e-03	5.95e-04	2.03e-04
 2.69950e+16	2.31e-03	2.25e-01	7.73e-01	1.31e-05	0.00e+00	0.00e+00	0.00e+00	0.00e+00	0.00e+00	1.34e-03	7.14e-04	2.44e-04
 2.70446e+16	2.72e-03	2.42e-01	7.55e-01	1.18e-05	0.00e+00	0.00e+00	0.00e+00	0.00e+00	0.00e+00	1.58e-03	8.41e-04	2.87e-04
 2.70873e+16	3.16e-03	2.58e-01	7.38e-01	1.08e-05	0.00e+00	0.00e+00	0.00e+00	0.00e+00	0.00e+00	1.84e-03	9.75e-04	3.33e-04
 2.71346e+16	3.77e-03	2.80e-01	7.16e-01	9.63e-06	0.00e+00	0.00e+00	0.00e+00	0.00e+00	0.00e+00	2.19e-03	1.16e-03	3.98e-04
 2.71848e+16	4.58e-03	3.05e-01	6.90e-01	8.42e-06	0.00e+00	0.00e+00	0.00e+00	0.00e+00	0.00e+00	2.67e-03	1.41e-03	4.83e-04
 2.72274e+16	5.46e-03	3.29e-01	6.65e-01	7.41e-06	0.00e+00	0.00e+00	0.00e+00	0.00e+00	0.00e+00	3.18e-03	1.68e-03	5.75e-04
 2.72644e+16	6.42e-03	3.53e-01	6.40e-01	6.57e-06	0.00e+00	0.00e+00	0.00e+00	0.00e+00	0.00e+00	3.73e-03	1.98e-03	6.75e-04
 2.73057e+16	7.79e-03	3.84e-01	6.09e-01	5.60e-06	0.00e+00	0.00e+00	0.00e+00	0.00e+00	0.00e+00	4.53e-03	2.40e-03	8.18e-04
 2.73500e+16	9.66e-03	4.19e-01	5.71e-01	4.65e-06	0.00e+00	0.00e+00	0.00e+00	0.00e+00	0.00e+00	5.62e-03	2.98e-03	1.01e-03
 2.73885e+16	1.18e-02	4.55e-01	5.34e-01	3.85e-06	0.00e+00	0.00e+00	0.00e+00	0.00e+00	0.00e+00	6.87e-03	3.64e-03	1.24e-03
 2.74217e+16	1.42e-02	4.88e-01	4.98e-01	3.20e-06	0.00e+00	0.00e+00	0.00e+00	0.00e+00	0.00e+00	8.26e-03	4.37e-03	1.49e-03
 2.74530e+16	1.70e-02	5.22e-01	4.61e-01	2.62e-06	0.00e+00	0.00e+00	0.00e+00	0.00e+00	0.00e+00	9.93e-03	5.25e-03	1.78e-03
 2.74833e+16	2.05e-02	5.58e-01	4.22e-01	2.12e-06	0.00e+00	0.00e+00	0.00e+00	0.00e+00	0.00e+00	1.20e-02	6.32e-03	2.15e-03
 2.75122e+16	2.48e-02	5.93e-01	3.82e-01	1.67e-06	0.00e+00	0.00e+00	0.00e+00	0.00e+00	0.00e+00	1.44e-02	7.64e-03	2.59e-03
 2.75401e+16	3.00e-02	6.29e-01	3.41e-01	1.29e-06	0.00e+00	0.00e+00	0.00e+00	0.00e+00	0.00e+00	1.75e-02	9.25e-03	3.14e-03
 2.75667e+16	3.64e-02	6.64e-01	3.00e-01	9.69e-07	0.00e+00	0.00e+00	0.00e+00	0.00e+00	0.00e+00	2.12e-02	1.12e-02	3.81e-03
 2.75918e+16	4.42e-02	6.96e-01	2.60e-01	0.00e+00	0.00e+00	0.00e+00	0.00e+00	0.00e+00	0.00e+00	2.57e-02	1.36e-02	4.62e-03
 2.76154e+16	5.34e-02	7.24e-01	2.23e-01	0.00e+00	0.00e+00	0.00e+00	0.00e+00	0.00e+00	0.00e+00	3.11e-02	1.64e-02	5.59e-03
 2.76378e+16	6.47e-02	7.48e-01	1.87e-01	0.00e+00	0.00e+00	0.00e+00	0.00e+00	0.00e+00	0.00e+00	3.77e-02	1.99e-02	6.77e-03
 2.76590e+16	7.83e-02	7.68e-01	1.54e-01	0.00e+00	0.00e+00	0.00e+00	0.00e+00	0.00e+00	0.00e+00	4.57e-02	2.41e-02	8.19e-03
 2.76791e+16	9.50e-02	7.81e-01	1.24e-01	0.00e+00	0.00e+00	0.00e+00	0.00e+00	0.00e+00	0.00e+00	5.54e-02	2.92e-02	9.94e-03
 2.76951e+16	1.11e-01	7.86e-01	1.03e-01	0.00e+00	0.00e+00	0.00e+00	0.00e+00	0.00e+00	0.00e+00	6.51e-02	3.42e-02	1.17e-02
 2.77058e+16	1.24e-01	7.87e-01	8.90e-02	0.00e+00	0.00e+00	0.00e+00	0.00e+00	0.00e+00	0.00e+00	7.26e-02	3.81e-02	1.30e-02
