#depth	N	N+	N+2	N+3	N+4	N+5	N+6	N+7
 1.49634e+10	0.00e+00	0.00e+00	8.17e-27	1.16e-17	1.90e-09	9.74e-01	2.60e-02	0.00e+00
 4.54887e+10	0.00e+00	1.86e-36	1.04e-26	1.37e-17	2.06e-09	9.76e-01	2.40e-02	2.84e-07
 7.72350e+10	5.71e-47	2.57e-36	1.33e-26	1.61e-17	2.24e-09	9.78e-01	2.21e-02	0.00e+00
 1.10251e+11	0.00e+00	3.56e-36	1.70e-26	1.90e-17	2.43e-09	9.80e-01	2.03e-02	0.00e+00
 1.44588e+11	1.29e-46	4.94e-36	2.18e-26	2.24e-17	2.65e-09	9.81e-01	1.87e-02	0.00e+00
 1.80298e+11	0.00e+00	6.85e-36	2.79e-26	2.64e-17	2.88e-09	9.83e-01	1.72e-02	0.00e+00
 2.17437e+11	2.92e-46	9.50e-36	3.56e-26	3.12e-17	3.13e-09	9.84e-01	1.58e-02	0.00e+00
 2.56061e+11	0.00e+00	1.32e-35	4.56e-26	3.68e-17	3.40e-09	9.85e-01	1.46e-02	0.00e+00
 2.96231e+11	6.62e-46	1.83e-35	5.85e-26	4.34e-17	3.70e-09	9.87e-01	1.34e-02	0.00e+00
 3.34064e+11	0.00e+00	0.00e+00	7.32e-26	5.05e-17	3.99e-09	9.88e-01	1.24e-02	0.00e+00
 3.68004e+11	0.00e+00	3.20e-35	8.91e-26	5.76e-17	4.27e-09	9.88e-01	1.16e-02	0.00e+00
 4.06148e+11	1.89e-45	4.26e-35	1.10e-25	6.65e-17	4.59e-09	9.89e-01	1.08e-02	0.00e+00
 4.51225e+11	0.00e+00	0.00e+00	1.41e-25	7.83e-17	4.98e-09	9.90e-01	9.96e-03	0.00e+00
 4.96467e+11	0.00e+00	8.05e-35	1.79e-25	9.18e-17	5.40e-09	9.91e-01	9.19e-03	0.00e+00
 5.39074e+11	5.99e-45	1.07e-34	2.21e-25	1.06e-16	5.81e-09	9.91e-01	8.55e-03	0.00e+00
 5.86120e+11	0.00e+00	0.00e+00	2.79e-25	1.24e-16	6.28e-09	9.92e-01	7.90e-03	0.00e+00
 6.39492e+11	0.00e+00	2.03e-34	3.59e-25	1.47e-16	6.85e-09	9.93e-01	7.25e-03	0.00e+00
 6.92954e+11	1.99e-44	2.81e-34	4.59e-25	1.73e-16	7.44e-09	9.93e-01	6.68e-03	0.00e+00
 7.48554e+11	0.00e+00	3.89e-34	5.86e-25	2.04e-16	8.08e-09	9.94e-01	6.14e-03	0.00e+00
 8.08423e+11	4.56e-44	5.45e-34	7.57e-25	2.42e-16	8.82e-09	9.94e-01	5.63e-03	0.00e+00
 8.64588e+11	0.00e+00	7.39e-34	9.53e-25	2.83e-16	9.54e-09	9.95e-01	5.21e-03	0.00e+00
 9.14764e+11	9.27e-44	9.63e-34	1.16e-24	3.23e-16	1.02e-08	9.95e-01	4.86e-03	0.00e+00
 9.71187e+11	0.00e+00	1.29e-33	1.45e-24	3.75e-16	1.10e-08	9.95e-01	4.51e-03	0.00e+00
 1.03810e+12	2.01e-43	1.79e-33	1.87e-24	4.44e-16	1.20e-08	9.96e-01	4.14e-03	0.00e+00
 1.10529e+12	0.00e+00	2.47e-33	2.38e-24	5.23e-16	1.30e-08	9.96e-01	3.81e-03	0.00e+00
 1.16822e+12	4.32e-43	3.31e-33	2.97e-24	6.08e-16	1.41e-08	9.96e-01	3.53e-03	0.00e+00
 1.23792e+12	0.00e+00	4.53e-33	3.77e-24	7.13e-16	1.53e-08	9.97e-01	3.25e-03	0.00e+00
 1.31736e+12	9.76e-43	6.38e-33	4.89e-24	8.51e-16	1.67e-08	9.97e-01	2.97e-03	0.00e+00
 1.39551e+12	0.00e+00	8.85e-33	6.27e-24	1.01e-15	1.82e-08	9.97e-01	2.73e-03	0.00e+00
 1.47679e+12	2.20e-42	1.23e-32	8.05e-24	1.19e-15	1.98e-08	9.97e-01	2.50e-03	0.00e+00
 1.56579e+12	0.00e+00	1.74e-32	1.05e-23	1.43e-15	2.17e-08	9.98e-01	2.29e-03	0.00e+00
 1.65517e+12	5.12e-42	2.43e-32	1.35e-23	1.70e-15	2.38e-08	9.98e-01	2.09e-03	0.00e+00
 1.74811e+12	0.00e+00	3.39e-32	1.75e-23	2.02e-15	2.60e-08	9.98e-01	1.91e-03	0.00e+00
 1.84797e+12	1.19e-41	4.80e-32	2.28e-23	2.42e-15	2.85e-08	9.98e-01	1.74e-03	0.00e+00
 1.94691e+12	0.00e+00	6.69e-32	2.94e-23	2.88e-15	3.12e-08	9.98e-01	1.59e-03	0.00e+00
 2.04982e+12	2.72e-41	9.32e-32	3.80e-23	3.44e-15	3.42e-08	9.99e-01	1.46e-03	0.00e+00
 2.16174e+12	0.00e+00	1.32e-31	4.96e-23	4.13e-15	3.76e-08	9.99e-01	1.33e-03	0.00e+00
 2.27813e+12	6.41e-41	1.87e-31	6.48e-23	4.97e-15	4.13e-08	9.99e-01	1.21e-03	0.00e+00
 2.39919e+12	0.00e+00	2.64e-31	8.48e-23	5.98e-15	4.55e-08	9.99e-01	1.10e-03	0.00e+00
 2.52508e+12	1.51e-40	3.74e-31	1.11e-22	7.20e-15	5.01e-08	9.99e-01	9.95e-04	0.00e+00
 2.65601e+12	0.00e+00	5.28e-31	1.45e-22	8.67e-15	5.53e-08	9.99e-01	9.03e-04	0.00e+00
 2.77459e+12	3.33e-40	7.13e-31	1.83e-22	1.02e-14	6.02e-08	9.99e-01	8.29e-04	0.00e+00
 2.87365e+12	0.00e+00	9.08e-31	2.21e-22	1.16e-14	6.45e-08	9.99e-01	7.74e-04	0.00e+00
 2.98228e+12	6.15e-40	1.18e-30	2.70e-22	1.34e-14	6.95e-08	9.99e-01	7.19e-04	0.00e+00
 3.11951e+12	0.00e+00	1.61e-30	3.45e-22	1.59e-14	7.61e-08	9.99e-01	6.57e-04	0.00e+00
 3.26254e+12	1.32e-39	2.20e-30	4.42e-22	1.90e-14	8.34e-08	9.99e-01	5.99e-04	0.00e+00
 3.38426e+12	0.00e+00	2.84e-30	5.41e-22	2.19e-14	9.00e-08	9.99e-01	5.56e-04	0.00e+00
 3.50966e+12	2.47e-39	3.67e-30	6.61e-22	2.52e-14	9.71e-08	9.99e-01	5.16e-04	0.00e+00
 3.66711e+12	0.00e+00	5.00e-30	8.43e-22	3.00e-14	1.06e-07	1.00e+00	4.71e-04	0.00e+00
 3.82693e+12	5.16e-39	6.74e-30	1.07e-21	3.55e-14	1.17e-07	1.00e+00	4.30e-04	0.00e+00
 3.96450e+12	0.00e+00	8.63e-30	1.30e-21	4.09e-14	1.26e-07	1.00e+00	3.99e-04	0.00e+00
 4.11247e+12	9.48e-39	1.12e-29	1.59e-21	4.73e-14	1.36e-07	1.00e+00	3.69e-04	0.00e+00
 4.29498e+12	0.00e+00	1.51e-29	2.03e-21	5.63e-14	1.49e-07	1.00e+00	3.36e-04	0.00e+00
 4.48187e+12	1.96e-38	2.03e-29	2.57e-21	6.68e-14	1.64e-07	1.00e+00	3.07e-04	0.00e+00
 4.65087e+12	0.00e+00	2.63e-29	3.16e-21	7.75e-14	1.78e-07	1.00e+00	2.83e-04	0.00e+00
 4.83716e+12	3.70e-38	3.46e-29	3.92e-21	9.08e-14	1.93e-07	1.00e+00	2.60e-04	0.00e+00
 5.05626e+12	0.00e+00	4.70e-29	5.01e-21	1.09e-13	2.13e-07	1.00e+00	2.36e-04	0.00e+00
 5.27531e+12	7.59e-38	6.29e-29	6.34e-21	1.29e-13	2.34e-07	1.00e+00	2.16e-04	0.00e+00
 5.48385e+12	0.00e+00	8.21e-29	7.85e-21	1.50e-13	2.55e-07	1.00e+00	1.98e-04	0.00e+00
 5.71387e+12	1.47e-37	1.09e-28	9.85e-21	1.78e-13	2.79e-07	1.00e+00	1.81e-04	0.00e+00
 5.97236e+12	0.00e+00	1.47e-28	1.26e-20	2.12e-13	3.07e-07	1.00e+00	1.64e-04	0.00e+00
 6.20501e+12	2.88e-37	1.91e-28	1.55e-20	2.47e-13	3.34e-07	1.00e+00	1.51e-04	0.00e+00
 6.39714e+12	0.00e+00	2.36e-28	1.83e-20	2.80e-13	3.58e-07	1.00e+00	1.42e-04	0.00e+00
 6.60699e+12	4.81e-37	2.94e-28	2.19e-20	3.18e-13	3.84e-07	1.00e+00	1.32e-04	0.00e+00
 6.87507e+12	0.00e+00	3.85e-28	2.72e-20	3.73e-13	4.19e-07	1.00e+00	1.21e-04	0.00e+00
 7.14570e+12	9.11e-37	5.00e-28	3.36e-20	4.36e-13	4.56e-07	1.00e+00	1.11e-04	0.00e+00
 7.36965e+12	0.00e+00	6.17e-28	3.97e-20	4.93e-13	4.88e-07	1.00e+00	1.04e-04	0.00e+00
 7.60609e+12	1.51e-36	7.64e-28	4.72e-20	5.59e-13	5.23e-07	1.00e+00	9.70e-05	0.00e+00
 7.90948e+12	0.00e+00	9.96e-28	5.84e-20	6.54e-13	5.71e-07	1.00e+00	8.91e-05	0.00e+00
 8.22759e+12	2.86e-36	1.30e-27	7.25e-20	7.65e-13	6.22e-07	1.00e+00	8.17e-05	0.00e+00
 8.50630e+12	0.00e+00	1.63e-27	8.69e-20	8.74e-13	6.70e-07	1.00e+00	7.60e-05	0.00e+00
 8.80612e+12	4.97e-36	2.06e-27	1.05e-19	1.00e-12	7.23e-07	1.00e+00	7.05e-05	0.00e+00
 9.17005e+12	0.00e+00	2.71e-27	1.31e-19	1.18e-12	7.90e-07	1.00e+00	6.45e-05	0.00e+00
 9.52210e+12	9.36e-36	3.50e-27	1.61e-19	1.37e-12	8.58e-07	1.00e+00	5.94e-05	0.00e+00
 9.81832e+12	0.00e+00	4.31e-27	1.90e-19	1.55e-12	9.18e-07	1.00e+00	5.56e-05	0.00e+00
 1.01372e+13	1.56e-35	5.35e-27	2.26e-19	1.76e-12	9.84e-07	1.00e+00	5.19e-05	0.00e+00
 1.05387e+13	0.00e+00	6.96e-27	2.80e-19	2.05e-12	1.07e-06	1.00e+00	4.76e-05	0.00e+00
 1.09510e+13	2.91e-35	9.03e-27	3.45e-19	2.39e-12	1.17e-06	1.00e+00	4.38e-05	0.00e+00
 1.13097e+13	0.00e+00	1.12e-26	4.12e-19	2.71e-12	1.25e-06	1.00e+00	4.09e-05	0.00e+00
 1.16959e+13	5.00e-35	1.41e-26	4.95e-19	3.10e-12	1.35e-06	1.00e+00	3.80e-05	0.00e+00
 1.21674e+13	0.00e+00	1.85e-26	6.14e-19	3.62e-12	1.47e-06	1.00e+00	3.49e-05	0.00e+00
 1.26417e+13	9.42e-35	2.40e-26	7.58e-19	4.22e-12	1.60e-06	1.00e+00	3.21e-05	0.00e+00
 1.30649e+13	0.00e+00	3.01e-26	9.08e-19	4.80e-12	1.71e-06	1.00e+00	2.99e-05	0.00e+00
 1.35300e+13	1.65e-34	3.83e-26	1.10e-18	5.51e-12	1.85e-06	1.00e+00	2.77e-05	0.00e+00
 1.40838e+13	2.30e-34	5.05e-26	1.37e-18	6.46e-12	2.02e-06	1.00e+00	2.54e-05	0.00e+00
 1.46368e+13	3.17e-34	6.59e-26	1.70e-18	7.52e-12	2.19e-06	1.00e+00	2.34e-05	0.00e+00
 1.51509e+13	4.22e-34	8.36e-26	2.06e-18	8.62e-12	2.36e-06	1.00e+00	2.17e-05	0.00e+00
 1.57258e+13	5.78e-34	1.08e-25	2.53e-18	9.98e-12	2.56e-06	1.00e+00	2.01e-05	0.00e+00
 1.63848e+13	8.15e-34	1.44e-25	3.18e-18	1.17e-11	2.80e-06	1.00e+00	1.84e-05	0.00e+00
 1.70386e+13	1.14e-33	1.90e-25	3.95e-18	1.37e-11	3.04e-06	1.00e+00	1.69e-05	0.00e+00
 1.77186e+13	1.58e-33	2.50e-25	4.92e-18	1.60e-11	3.30e-06	1.00e+00	1.56e-05	0.00e+00
 1.84573e+13	2.25e-33	3.34e-25	6.18e-18	1.87e-11	3.61e-06	1.00e+00	1.43e-05	0.00e+00
 1.92255e+13	3.21e-33	4.48e-25	7.77e-18	2.20e-11	3.93e-06	1.00e+00	1.31e-05	0.00e+00
 1.99546e+13	4.42e-33	5.83e-25	9.58e-18	2.55e-11	4.25e-06	1.00e+00	1.21e-05	0.00e+00
 2.06112e+13	5.86e-33	7.36e-25	1.15e-17	2.89e-11	4.55e-06	1.00e+00	1.13e-05	0.00e+00
 2.12249e+13	7.56e-33	9.08e-25	1.36e-17	3.25e-11	4.84e-06	1.00e+00	1.07e-05	0.00e+00
 2.19026e+13	9.99e-33	1.14e-24	1.62e-17	3.67e-11	5.17e-06	1.00e+00	9.98e-06	0.00e+00
 2.26649e+13	1.36e-32	1.46e-24	1.97e-17	4.20e-11	5.55e-06	1.00e+00	9.30e-06	0.00e+00
 2.33931e+13	1.79e-32	1.84e-24	2.36e-17	4.76e-11	5.93e-06	1.00e+00	8.70e-06	0.00e+00
 2.41960e+13	2.43e-32	2.36e-24	2.86e-17	5.43e-11	6.36e-06	1.00e+00	8.12e-06	0.00e+00
 2.50909e+13	3.37e-32	3.08e-24	3.52e-17	6.26e-11	6.85e-06	1.00e+00	7.53e-06	0.00e+00
 2.59149e+13	4.50e-32	3.91e-24	4.23e-17	7.11e-11	7.33e-06	1.00e+00	7.05e-06	0.00e+00
 2.66780e+13	5.86e-32	4.85e-24	5.00e-17	7.97e-11	7.78e-06	1.00e+00	6.64e-06	0.00e+00
 2.75523e+13	7.89e-32	6.17e-24	6.02e-17	9.04e-11	8.31e-06	1.00e+00	6.22e-06	0.00e+00
 2.86224e+13	1.12e-31	8.22e-24	7.50e-17	1.05e-10	8.98e-06	1.00e+00	5.76e-06	0.00e+00
 2.96909e+13	1.57e-31	1.08e-23	9.26e-17	1.21e-10	9.68e-06	1.00e+00	5.34e-06	0.00e+00
 3.06211e+13	2.09e-31	1.36e-23	1.11e-16	1.37e-10	1.03e-05	1.00e+00	5.02e-06	0.00e+00
 3.16275e+13	2.83e-31	1.74e-23	1.34e-16	1.55e-10	1.10e-05	1.00e+00	4.70e-06	0.00e+00
 3.28552e+13	4.08e-31	2.34e-23	1.67e-16	1.80e-10	1.19e-05	1.00e+00	4.36e-06	0.00e+00
 3.41061e+13	5.75e-31	3.09e-23	2.07e-16	2.09e-10	1.28e-05	1.00e+00	4.04e-06	0.00e+00
 3.52377e+13	7.87e-31	3.97e-23	2.51e-16	2.38e-10	1.37e-05	1.00e+00	3.78e-06	0.00e+00
 3.64787e+13	1.10e-30	5.19e-23	3.07e-16	2.72e-10	1.46e-05	1.00e+00	3.53e-06	0.00e+00
 3.79386e+13	1.61e-30	7.05e-23	3.86e-16	3.17e-10	1.58e-05	1.00e+00	3.27e-06	0.00e+00
 3.93947e+13	2.29e-30	9.39e-23	4.81e-16	3.68e-10	1.71e-05	1.00e+00	3.03e-06	0.00e+00
 4.07646e+13	3.19e-30	1.23e-22	5.89e-16	4.21e-10	1.83e-05	1.00e+00	2.83e-06	0.00e+00
 4.22807e+13	4.56e-30	1.63e-22	7.30e-16	4.86e-10	1.96e-05	1.00e+00	2.64e-06	0.00e+00
 4.40019e+13	6.75e-30	2.23e-22	9.23e-16	5.69e-10	2.12e-05	1.00e+00	2.44e-06	0.00e+00
 4.57350e+13	9.78e-30	3.01e-22	1.16e-15	6.62e-10	2.29e-05	1.00e+00	2.26e-06	0.00e+00
 4.75375e+13	1.43e-29	4.08e-22	1.46e-15	7.71e-10	2.47e-05	1.00e+00	2.09e-06	0.00e+00
 4.94689e+13	2.13e-29	5.60e-22	1.84e-15	9.01e-10	2.67e-05	1.00e+00	1.94e-06	0.00e+00
 5.14776e+13	3.14e-29	7.65e-22	2.33e-15	1.05e-09	2.89e-05	1.00e+00	1.79e-06	0.00e+00
 5.34183e+13	4.49e-29	1.02e-21	2.90e-15	1.22e-09	3.11e-05	1.00e+00	1.66e-06	0.00e+00
 5.52376e+13	6.26e-29	1.33e-21	3.54e-15	1.39e-09	3.31e-05	1.00e+00	1.56e-06	0.00e+00
 5.69569e+13	8.51e-29	1.70e-21	4.25e-15	1.57e-09	3.52e-05	1.00e+00	1.47e-06	0.00e+00
 5.88354e+13	1.17e-28	2.19e-21	5.15e-15	1.79e-09	3.75e-05	1.00e+00	1.38e-06	0.00e+00
 6.09210e+13	1.64e-28	2.87e-21	6.32e-15	2.05e-09	4.02e-05	1.00e+00	1.29e-06	0.00e+00
 6.28693e+13	2.24e-28	3.69e-21	7.62e-15	2.32e-09	4.27e-05	1.00e+00	1.21e-06	0.00e+00
 6.49956e+13	3.13e-28	4.81e-21	9.29e-15	2.64e-09	4.56e-05	1.00e+00	1.13e-06	0.00e+00
 6.75362e+13	4.56e-28	6.51e-21	1.17e-14	3.08e-09	4.91e-05	1.00e+00	1.05e-06	0.00e+00
 7.00420e+13	6.44e-28	8.61e-21	1.45e-14	3.55e-09	5.29e-05	1.00e+00	9.77e-07	0.00e+00
 7.22983e+13	8.83e-28	1.11e-20	1.75e-14	4.03e-09	5.62e-05	1.00e+00	0.00e+00	0.00e+00
 7.48037e+13	1.24e-27	1.45e-20	2.14e-14	4.61e-09	6.01e-05	1.00e+00	0.00e+00	0.00e+00
 7.77592e+13	1.79e-27	1.96e-20	2.69e-14	5.37e-09	6.49e-05	1.00e+00	0.00e+00	0.00e+00
 8.07500e+13	2.62e-27	2.65e-20	3.37e-14	6.24e-09	6.99e-05	1.00e+00	0.00e+00	0.00e+00
 8.38603e+13	3.73e-27	3.53e-20	4.22e-14	7.25e-09	7.55e-05	1.00e+00	0.00e+00	0.00e+00
 8.69386e+13	5.35e-27	4.71e-20	5.23e-14	8.36e-09	8.10e-05	1.00e+00	0.00e+00	0.00e+00
 8.96465e+13	7.12e-27	5.94e-20	6.27e-14	9.45e-09	8.62e-05	1.00e+00	0.00e+00	0.00e+00
 9.26103e+13	9.84e-27	7.69e-20	7.60e-14	1.07e-08	9.19e-05	1.00e+00	0.00e+00	0.00e+00
 9.61861e+13	1.40e-26	1.03e-19	9.52e-14	1.25e-08	9.92e-05	1.00e+00	0.00e+00	0.00e+00
 9.97458e+13	2.01e-26	1.37e-19	1.18e-13	1.44e-08	1.07e-04	1.00e+00	0.00e+00	0.00e+00
 1.02935e+14	2.67e-26	1.73e-19	1.42e-13	1.64e-08	1.14e-04	1.00e+00	0.00e+00	0.00e+00
 1.06454e+14	3.74e-26	2.26e-19	1.74e-13	1.87e-08	1.21e-04	1.00e+00	0.00e+00	0.00e+00
 1.10626e+14	5.33e-26	3.03e-19	2.18e-13	2.18e-08	1.31e-04	1.00e+00	0.00e+00	0.00e+00
 1.14741e+14	7.51e-26	4.00e-19	2.71e-13	2.52e-08	1.41e-04	1.00e+00	0.00e+00	0.00e+00
 1.18500e+14	1.03e-25	5.16e-19	3.29e-13	2.86e-08	1.51e-04	1.00e+00	0.00e+00	0.00e+00
 1.22704e+14	1.42e-25	6.69e-19	4.04e-13	3.29e-08	1.62e-04	1.00e+00	0.00e+00	0.00e+00
 1.27597e+14	2.05e-25	9.03e-19	5.09e-13	3.85e-08	1.75e-04	1.00e+00	0.00e+00	0.00e+00
 1.32405e+14	2.90e-25	1.20e-18	6.34e-13	4.46e-08	1.89e-04	1.00e+00	0.00e+00	0.00e+00
 1.36953e+14	4.04e-25	1.56e-18	7.76e-13	5.10e-08	2.02e-04	1.00e+00	0.00e+00	0.00e+00
 1.42009e+14	5.58e-25	2.05e-18	9.61e-13	5.89e-08	2.17e-04	1.00e+00	0.00e+00	0.00e+00
 1.47719e+14	8.20e-25	2.79e-18	1.22e-12	6.89e-08	2.35e-04	1.00e+00	0.00e+00	0.00e+00
 1.53441e+14	1.14e-24	3.68e-18	1.52e-12	8.02e-08	2.54e-04	1.00e+00	0.00e+00	0.00e+00
 1.58803e+14	1.58e-24	4.78e-18	1.87e-12	9.20e-08	2.73e-04	1.00e+00	0.00e+00	0.00e+00
 1.64596e+14	2.24e-24	6.33e-18	2.31e-12	1.06e-07	2.93e-04	1.00e+00	0.00e+00	0.00e+00
 1.71209e+14	3.16e-24	8.44e-18	2.92e-12	1.24e-07	3.18e-04	1.00e+00	0.00e+00	0.00e+00
 1.77454e+14	4.49e-24	1.12e-17	3.61e-12	1.43e-07	3.41e-04	1.00e+00	0.00e+00	0.00e+00
 1.83096e+14	5.85e-24	1.40e-17	4.34e-12	1.62e-07	3.64e-04	1.00e+00	0.00e+00	0.00e+00
 1.88431e+14	7.67e-24	1.74e-17	5.15e-12	1.82e-07	3.85e-04	1.00e+00	0.00e+00	0.00e+00
 1.94334e+14	1.03e-23	2.21e-17	6.19e-12	2.06e-07	4.10e-04	1.00e+00	0.00e+00	0.00e+00
 2.00934e+14	1.38e-23	2.82e-17	7.55e-12	2.35e-07	4.39e-04	1.00e+00	0.00e+00	0.00e+00
 2.07158e+14	1.85e-23	3.58e-17	9.05e-12	2.65e-07	4.67e-04	1.00e+00	0.00e+00	0.00e+00
 2.13967e+14	2.44e-23	4.51e-17	1.10e-11	3.02e-07	4.98e-04	1.00e+00	0.00e+00	0.00e+00
 2.21576e+14	3.43e-23	5.94e-17	1.35e-11	3.47e-07	5.34e-04	9.99e-01	0.00e+00	0.00e+00
 2.28788e+14	4.50e-23	7.46e-17	1.63e-11	3.94e-07	5.71e-04	9.99e-01	0.00e+00	0.00e+00
 2.36729e+14	6.15e-23	9.65e-17	2.00e-11	4.52e-07	6.11e-04	9.99e-01	0.00e+00	0.00e+00
 2.45503e+14	8.50e-23	1.26e-16	2.48e-11	5.22e-07	6.58e-04	9.99e-01	0.00e+00	0.00e+00
 2.53594e+14	1.16e-22	1.62e-16	3.01e-11	5.95e-07	7.03e-04	9.99e-01	0.00e+00	0.00e+00
 2.62349e+14	1.55e-22	2.07e-16	3.68e-11	6.81e-07	7.54e-04	9.99e-01	0.00e+00	0.00e+00
 2.72123e+14	2.18e-22	2.74e-16	4.57e-11	7.88e-07	8.11e-04	9.99e-01	0.00e+00	0.00e+00
 2.81321e+14	2.88e-22	3.46e-16	5.56e-11	9.00e-07	8.69e-04	9.99e-01	0.00e+00	0.00e+00
 2.91375e+14	4.00e-22	4.53e-16	6.85e-11	1.03e-06	9.32e-04	9.99e-01	0.00e+00	0.00e+00
 3.02547e+14	5.46e-22	5.89e-16	8.56e-11	1.20e-06	1.01e-03	9.99e-01	0.00e+00	0.00e+00
 3.12949e+14	7.50e-22	7.63e-16	1.05e-10	1.38e-06	1.08e-03	9.99e-01	0.00e+00	0.00e+00
 3.24233e+14	1.01e-21	9.80e-16	1.29e-10	1.59e-06	1.16e-03	9.99e-01	0.00e+00	0.00e+00
 3.36850e+14	1.43e-21	1.31e-15	1.62e-10	1.85e-06	1.26e-03	9.99e-01	0.00e+00	0.00e+00
 3.48839e+14	1.89e-21	1.66e-15	1.99e-10	2.12e-06	1.35e-03	9.99e-01	0.00e+00	0.00e+00
 3.61690e+14	2.63e-21	2.18e-15	2.46e-10	2.45e-06	1.45e-03	9.99e-01	0.00e+00	0.00e+00
 3.76187e+14	3.61e-21	2.86e-15	3.10e-10	2.87e-06	1.58e-03	9.98e-01	0.00e+00	0.00e+00
 3.90411e+14	5.04e-21	3.77e-15	3.86e-10	3.33e-06	1.71e-03	9.98e-01	0.00e+00	0.00e+00
 4.05204e+14	6.73e-21	4.85e-15	4.79e-10	3.87e-06	1.85e-03	9.98e-01	0.00e+00	0.00e+00
 4.21442e+14	9.52e-21	6.48e-15	6.05e-10	4.52e-06	2.00e-03	9.98e-01	0.00e+00	0.00e+00
 4.37461e+14	1.28e-20	8.37e-15	7.52e-10	5.25e-06	2.17e-03	9.98e-01	0.00e+00	0.00e+00
 4.50682e+14	1.65e-20	1.03e-14	8.96e-10	5.92e-06	2.31e-03	9.98e-01	0.00e+00	0.00e+00
 4.61266e+14	2.00e-20	1.22e-14	1.03e-09	6.49e-06	2.43e-03	9.98e-01	0.00e+00	0.00e+00
 4.73000e+14	2.47e-20	1.46e-14	1.19e-09	7.18e-06	2.56e-03	9.97e-01	0.00e+00	0.00e+00
 4.88254e+14	3.18e-20	1.81e-14	1.43e-09	8.15e-06	2.74e-03	9.97e-01	0.00e+00	0.00e+00
 5.04608e+14	4.14e-20	2.28e-14	1.74e-09	9.30e-06	2.95e-03	9.97e-01	0.00e+00	0.00e+00
 5.19128e+14	5.26e-20	2.79e-14	2.05e-09	1.04e-05	3.13e-03	9.97e-01	0.00e+00	0.00e+00
 5.34744e+14	6.61e-20	3.40e-14	2.44e-09	1.17e-05	3.34e-03	9.97e-01	0.00e+00	0.00e+00
 5.54456e+14	8.84e-20	4.37e-14	3.01e-09	1.36e-05	3.61e-03	9.96e-01	0.00e+00	0.00e+00
 5.74472e+14	1.18e-19	5.60e-14	3.71e-09	1.56e-05	3.90e-03	9.96e-01	0.00e+00	0.00e+00
 5.91607e+14	1.50e-19	6.87e-14	4.41e-09	1.76e-05	4.16e-03	9.96e-01	0.00e+00	0.00e+00
 6.10020e+14	1.90e-19	8.46e-14	5.27e-09	1.99e-05	4.45e-03	9.96e-01	0.00e+00	0.00e+00
 6.32851e+14	2.54e-19	1.09e-13	6.54e-09	2.30e-05	4.83e-03	9.95e-01	0.00e+00	0.00e+00
 6.56097e+14	3.40e-19	1.40e-13	8.07e-09	2.66e-05	5.23e-03	9.95e-01	0.00e+00	0.00e+00
 6.76575e+14	4.33e-19	1.73e-13	9.67e-09	3.01e-05	5.60e-03	9.94e-01	0.00e+00	0.00e+00
 6.98780e+14	5.55e-19	2.15e-13	1.17e-08	3.42e-05	6.01e-03	9.94e-01	0.00e+00	0.00e+00
 7.25572e+14	7.51e-19	2.79e-13	1.46e-08	3.98e-05	6.54e-03	9.93e-01	0.00e+00	0.00e+00
 7.52158e+14	1.00e-18	3.58e-13	1.80e-08	4.59e-05	7.08e-03	9.93e-01	0.00e+00	0.00e+00
 7.75864e+14	1.27e-18	4.41e-13	2.16e-08	5.20e-05	7.58e-03	9.92e-01	0.00e+00	0.00e+00
 8.01997e+14	1.66e-18	5.57e-13	2.63e-08	5.93e-05	8.17e-03	9.92e-01	0.00e+00	0.00e+00
 8.33118e+14	2.25e-18	7.24e-13	3.29e-08	6.91e-05	8.90e-03	9.91e-01	0.00e+00	0.00e+00
 8.64042e+14	3.03e-18	9.36e-13	4.08e-08	7.99e-05	9.65e-03	9.90e-01	0.00e+00	0.00e+00
 8.92430e+14	3.88e-18	1.17e-12	4.94e-08	9.09e-05	1.04e-02	9.90e-01	0.00e+00	0.00e+00
 9.24204e+14	5.24e-18	1.50e-12	6.09e-08	1.04e-04	1.12e-02	9.89e-01	0.00e+00	0.00e+00
 9.61022e+14	7.18e-18	1.98e-12	7.68e-08	1.22e-04	1.22e-02	9.88e-01	0.00e+00	0.00e+00
 9.97208e+14	9.73e-18	2.57e-12	9.57e-08	1.42e-04	1.33e-02	9.87e-01	0.00e+00	0.00e+00
 1.03182e+15	1.29e-17	3.27e-12	1.17e-07	1.62e-04	1.43e-02	9.86e-01	0.00e+00	0.00e+00
 1.06215e+15	1.64e-17	4.03e-12	1.39e-07	1.82e-04	1.53e-02	9.85e-01	0.00e+00	0.00e+00
 1.08716e+15	1.99e-17	4.76e-12	1.60e-07	2.00e-04	1.61e-02	9.84e-01	0.00e+00	0.00e+00
 1.11469e+15	2.46e-17	5.70e-12	1.86e-07	2.21e-04	1.70e-02	9.83e-01	0.00e+00	0.00e+00
 1.15048e+15	3.19e-17	7.14e-12	2.25e-07	2.50e-04	1.82e-02	9.82e-01	0.00e+00	0.00e+00
 1.18819e+15	4.22e-17	9.05e-12	2.73e-07	2.85e-04	1.96e-02	9.80e-01	0.00e+00	0.00e+00
 1.22069e+15	5.31e-17	1.10e-11	3.21e-07	3.17e-04	2.07e-02	9.79e-01	0.00e+00	0.00e+00
 1.25523e+15	6.72e-17	1.35e-11	3.80e-07	3.54e-04	2.20e-02	9.78e-01	0.00e+00	0.00e+00
 1.30013e+15	9.16e-17	1.75e-11	4.70e-07	4.07e-04	2.38e-02	9.76e-01	0.00e+00	0.00e+00
 1.34649e+15	1.23e-16	2.25e-11	5.81e-07	4.68e-04	2.57e-02	9.74e-01	0.00e+00	0.00e+00
 1.38525e+15	1.72e-16	2.79e-11	6.90e-07	5.24e-04	2.73e-02	9.72e-01	0.00e+00	0.00e+00
 1.42613e+15	2.23e-16	3.47e-11	8.23e-07	5.89e-04	2.91e-02	9.70e-01	0.00e+00	0.00e+00
 1.47823e+15	3.07e-16	4.53e-11	1.02e-06	6.79e-04	3.15e-02	9.68e-01	0.00e+00	0.00e+00
 1.53312e+15	4.26e-16	5.96e-11	1.28e-06	7.85e-04	3.41e-02	9.65e-01	0.00e+00	0.00e+00
 1.58214e+15	5.67e-16	7.55e-11	1.54e-06	8.90e-04	3.64e-02	9.63e-01	0.00e+00	0.00e+00
 1.63535e+15	7.59e-16	9.65e-11	1.89e-06	1.01e-03	3.91e-02	9.60e-01	0.00e+00	0.00e+00
 1.69875e+15	1.08e-15	1.29e-10	2.38e-06	1.18e-03	4.25e-02	9.56e-01	0.00e+00	0.00e+00
 1.76135e+15	1.49e-15	1.69e-10	2.96e-06	1.36e-03	4.58e-02	9.53e-01	0.00e+00	0.00e+00
 1.81811e+15	2.00e-15	2.16e-10	3.59e-06	1.55e-03	4.90e-02	9.49e-01	0.00e+00	0.00e+00
 1.88135e+15	2.67e-15	2.76e-10	4.42e-06	1.77e-03	5.26e-02	9.46e-01	0.00e+00	0.00e+00
 1.95545e+15	3.92e-15	3.76e-10	5.60e-06	2.06e-03	5.71e-02	9.41e-01	0.00e+00	0.00e+00
 2.02857e+15	5.54e-15	4.99e-10	7.00e-06	2.39e-03	6.16e-02	9.36e-01	0.00e+00	0.00e+00
 2.09735e+15	7.58e-15	6.46e-10	8.57e-06	2.72e-03	6.60e-02	9.31e-01	0.00e+00	0.00e+00
 2.17401e+15	1.03e-14	8.38e-10	1.07e-05	3.14e-03	7.11e-02	9.26e-01	0.00e+00	0.00e+00
 2.26100e+15	1.55e-14	1.16e-09	1.36e-05	3.66e-03	7.71e-02	9.19e-01	0.00e+00	0.00e+00
 2.33375e+15	2.10e-14	1.48e-09	1.64e-05	4.15e-03	8.22e-02	9.14e-01	0.00e+00	0.00e+00
 2.38575e+15	2.59e-14	1.76e-09	1.88e-05	4.52e-03	8.59e-02	9.10e-01	0.00e+00	0.00e+00
 2.44006e+15	3.21e-14	2.10e-09	2.15e-05	4.94e-03	8.99e-02	9.05e-01	0.00e+00	0.00e+00
 2.51067e+15	4.06e-14	2.57e-09	2.55e-05	5.52e-03	9.51e-02	8.99e-01	0.00e+00	0.00e+00
 2.58958e+15	5.66e-14	3.33e-09	3.08e-05	6.23e-03	1.01e-01	8.93e-01	0.00e+00	0.00e+00
 2.66342e+15	7.34e-14	4.13e-09	3.65e-05	6.95e-03	1.07e-01	8.86e-01	0.00e+00	0.00e+00
 2.74354e+15	9.49e-14	5.13e-09	4.36e-05	7.80e-03	1.13e-01	8.79e-01	0.00e+00	0.00e+00
 2.83348e+15	1.34e-13	6.73e-09	5.31e-05	8.84e-03	1.21e-01	8.70e-01	0.00e+00	0.00e+00
 2.91839e+15	1.76e-13	8.43e-09	6.33e-05	9.90e-03	1.28e-01	8.62e-01	0.00e+00	0.00e+00
 3.01096e+15	2.31e-13	1.06e-08	7.63e-05	1.12e-02	1.35e-01	8.53e-01	0.00e+00	0.00e+00
 3.11496e+15	3.33e-13	1.41e-08	9.38e-05	1.27e-02	1.44e-01	8.43e-01	0.00e+00	0.00e+00
 3.21349e+15	4.45e-13	1.79e-08	1.13e-04	1.43e-02	1.53e-01	8.33e-01	0.00e+00	0.00e+00
 3.32125e+15	5.93e-13	2.28e-08	1.37e-04	1.62e-02	1.62e-01	8.21e-01	0.00e+00	0.00e+00
 3.44107e+15	8.69e-13	3.07e-08	1.70e-04	1.86e-02	1.73e-01	8.08e-01	0.00e+00	0.00e+00
 3.55221e+15	1.18e-12	3.93e-08	2.05e-04	2.10e-02	1.83e-01	7.96e-01	0.00e+00	0.00e+00
 3.67233e+15	1.61e-12	5.06e-08	2.50e-04	2.37e-02	1.94e-01	7.82e-01	0.00e+00	0.00e+00
 3.80601e+15	2.19e-12	6.57e-08	3.08e-04	2.71e-02	2.06e-01	7.66e-01	0.00e+00	0.00e+00
 3.93152e+15	3.13e-12	8.66e-08	3.74e-04	3.06e-02	2.18e-01	7.51e-01	0.00e+00	0.00e+00
 4.06890e+15	4.30e-12	1.12e-07	4.57e-04	3.47e-02	2.31e-01	7.34e-01	0.00e+00	0.00e+00
 4.22066e+15	5.89e-12	1.46e-07	5.66e-04	3.96e-02	2.45e-01	7.15e-01	0.00e+00	0.00e+00
 4.36250e+15	8.09e-12	1.89e-07	6.86e-04	4.46e-02	2.58e-01	6.97e-01	0.00e+00	0.00e+00
 4.49380e+15	1.08e-11	2.39e-07	8.16e-04	4.96e-02	2.70e-01	6.80e-01	0.00e+00	0.00e+00
 4.64002e+15	1.46e-11	3.05e-07	9.82e-04	5.56e-02	2.83e-01	6.61e-01	0.00e+00	0.00e+00
 4.80350e+15	2.02e-11	3.97e-07	1.20e-03	6.28e-02	2.97e-01	6.39e-01	0.00e+00	0.00e+00
 4.95758e+15	2.74e-11	5.08e-07	1.44e-03	7.01e-02	3.10e-01	6.18e-01	0.00e+00	0.00e+00
 5.08933e+15	3.66e-11	6.35e-07	1.68e-03	7.68e-02	3.21e-01	6.00e-01	0.00e+00	0.00e+00
 5.20142e+15	4.50e-11	7.50e-07	1.90e-03	8.28e-02	3.30e-01	5.85e-01	0.00e+00	0.00e+00
 5.32471e+15	5.58e-11	8.94e-07	2.17e-03	8.96e-02	3.40e-01	5.68e-01	0.00e+00	0.00e+00
 5.48499e+15	7.49e-11	1.13e-06	2.57e-03	9.90e-02	3.52e-01	5.46e-01	0.00e+00	0.00e+00
 5.65169e+15	9.50e-11	1.38e-06	3.03e-03	1.09e-01	3.63e-01	5.25e-01	0.00e+00	0.00e+00
 5.80388e+15	1.27e-10	1.73e-06	3.54e-03	1.19e-01	3.74e-01	5.03e-01	0.00e+00	0.00e+00
 5.95121e+15	1.61e-10	2.10e-06	4.07e-03	1.29e-01	3.83e-01	4.83e-01	0.00e+00	0.00e+00
 6.11509e+15	2.01e-10	2.52e-06	4.72e-03	1.40e-01	3.93e-01	4.62e-01	0.00e+00	0.00e+00
 6.32815e+15	2.91e-10	3.37e-06	5.74e-03	1.57e-01	4.04e-01	4.33e-01	0.00e+00	0.00e+00
 6.53524e+15	3.74e-10	4.16e-06	6.82e-03	1.72e-01	4.13e-01	4.08e-01	0.00e+00	0.00e+00
 6.69396e+15	4.90e-10	5.13e-06	7.82e-03	1.85e-01	4.20e-01	3.87e-01	0.00e+00	0.00e+00
 6.85968e+15	6.22e-10	6.19e-06	8.96e-03	1.99e-01	4.25e-01	3.66e-01	0.00e+00	0.00e+00
 7.07512e+15	7.96e-10	7.62e-06	1.06e-02	2.18e-01	4.31e-01	3.41e-01	0.00e+00	0.00e+00
 7.30037e+15	1.13e-09	9.96e-06	1.26e-02	2.38e-01	4.35e-01	3.14e-01	0.00e+00	0.00e+00
 7.48825e+15	1.44e-09	1.21e-05	1.45e-02	2.55e-01	4.37e-01	2.93e-01	0.00e+00	0.00e+00
 7.65488e+15	1.78e-09	1.43e-05	1.64e-02	2.71e-01	4.38e-01	2.75e-01	0.00e+00	0.00e+00
 7.84402e+15	2.27e-09	1.74e-05	1.88e-02	2.89e-01	4.38e-01	2.55e-01	0.00e+00	0.00e+00
 8.05432e+15	2.81e-09	2.07e-05	2.16e-02	3.09e-01	4.35e-01	2.34e-01	0.00e+00	0.00e+00
 8.25246e+15	3.78e-09	2.59e-05	2.48e-02	3.29e-01	4.32e-01	2.14e-01	0.00e+00	0.00e+00
 8.43089e+15	4.61e-09	3.04e-05	2.79e-02	3.46e-01	4.28e-01	1.98e-01	0.00e+00	0.00e+00
 8.62340e+15	5.64e-09	3.58e-05	3.16e-02	3.65e-01	4.22e-01	1.82e-01	0.00e+00	0.00e+00
 8.83775e+15	7.71e-09	4.52e-05	3.65e-02	3.86e-01	4.14e-01	1.63e-01	0.00e+00	0.00e+00
 9.02889e+15	9.48e-09	5.33e-05	4.10e-02	4.05e-01	4.06e-01	1.49e-01	0.00e+00	0.00e+00
 9.19958e+15	1.13e-08	6.14e-05	4.56e-02	4.21e-01	3.97e-01	1.36e-01	0.00e+00	0.00e+00
 9.39529e+15	1.51e-08	7.63e-05	5.19e-02	4.41e-01	3.86e-01	1.21e-01	0.00e+00	0.00e+00
 9.60061e+15	1.81e-08	8.88e-05	5.85e-02	4.60e-01	3.73e-01	1.09e-01	0.00e+00	0.00e+00
 9.78321e+15	2.41e-08	1.09e-04	6.58e-02	4.77e-01	3.60e-01	9.67e-02	0.00e+00	0.00e+00
 9.93067e+15	2.87e-08	1.25e-04	7.19e-02	4.90e-01	3.50e-01	8.84e-02	0.00e+00	0.00e+00
 1.00677e+16	3.44e-08	1.43e-04	7.84e-02	5.02e-01	3.39e-01	8.05e-02	0.00e+00	0.00e+00
 1.02458e+16	4.25e-08	1.69e-04	8.75e-02	5.17e-01	3.24e-01	7.14e-02	0.00e+00	0.00e+00
 1.04407e+16	5.45e-08	2.04e-04	9.86e-02	5.32e-01	3.07e-01	6.20e-02	0.00e+00	0.00e+00
 1.06122e+16	6.54e-08	2.36e-04	1.09e-01	5.45e-01	2.91e-01	5.46e-02	0.00e+00	0.00e+00
 1.07634e+16	8.01e-08	2.75e-04	1.20e-01	5.55e-01	2.77e-01	4.82e-02	0.00e+00	0.00e+00
 1.09038e+16	1.05e-07	3.33e-04	1.32e-01	5.63e-01	2.62e-01	4.21e-02	0.00e+00	0.00e+00
 1.10332e+16	1.26e-07	3.81e-04	1.43e-01	5.70e-01	2.49e-01	3.74e-02	0.00e+00	0.00e+00
 1.11776e+16	1.46e-07	4.29e-04	1.56e-01	5.77e-01	2.33e-01	3.27e-02	0.00e+00	0.00e+00
 1.13654e+16	2.04e-07	5.47e-04	1.77e-01	5.84e-01	2.12e-01	2.65e-02	0.00e+00	0.00e+00
 1.15343e+16	2.66e-07	6.64e-04	1.97e-01	5.87e-01	1.93e-01	2.18e-02	0.00e+00	0.00e+00
 1.16367e+16	3.17e-07	7.55e-04	2.11e-01	5.88e-01	1.81e-01	1.92e-02	0.00e+00	0.00e+00
 1.17131e+16	3.68e-07	8.40e-04	2.22e-01	5.88e-01	1.72e-01	1.72e-02	0.00e+00	0.00e+00
 1.17977e+16	4.30e-07	9.41e-04	2.35e-01	5.88e-01	1.61e-01	1.51e-02	0.00e+00	0.00e+00
 1.19076e+16	4.88e-07	1.04e-03	2.52e-01	5.86e-01	1.48e-01	1.29e-02	0.00e+00	0.00e+00
 1.20506e+16	6.75e-07	1.31e-03	2.78e-01	5.81e-01	1.30e-01	1.00e-02	0.00e+00	0.00e+00
 1.21584e+16	7.85e-07	1.46e-03	2.97e-01	5.76e-01	1.17e-01	8.34e-03	0.00e+00	0.00e+00
 1.22033e+16	9.21e-07	1.63e-03	3.07e-01	5.72e-01	1.11e-01	7.49e-03	0.00e+00	0.00e+00
 1.22356e+16	9.82e-07	1.71e-03	3.14e-01	5.70e-01	1.08e-01	7.01e-03	0.00e+00	0.00e+00
 1.22694e+16	1.06e-06	1.80e-03	3.21e-01	5.67e-01	1.03e-01	6.50e-03	0.00e+00	0.00e+00
 1.23133e+16	1.12e-06	1.88e-03	3.30e-01	5.64e-01	9.81e-02	5.92e-03	0.00e+00	0.00e+00
 1.23703e+16	1.31e-06	2.09e-03	3.43e-01	5.59e-01	9.09e-02	5.13e-03	0.00e+00	0.00e+00
 1.24275e+16	1.48e-06	2.28e-03	3.55e-01	5.54e-01	8.42e-02	4.45e-03	0.00e+00	0.00e+00
 1.24750e+16	1.60e-06	2.42e-03	3.66e-01	5.49e-01	7.88e-02	3.95e-03	0.00e+00	0.00e+00
 1.25269e+16	1.79e-06	2.62e-03	3.78e-01	5.43e-01	7.27e-02	3.41e-03	0.00e+00	0.00e+00
 1.25838e+16	2.04e-06	2.87e-03	3.91e-01	5.37e-01	6.63e-02	2.89e-03	0.00e+00	0.00e+00
 1.26348e+16	2.30e-06	3.13e-03	4.04e-01	5.30e-01	6.08e-02	2.46e-03	0.00e+00	0.00e+00
 1.26796e+16	2.64e-06	3.43e-03	4.15e-01	5.23e-01	5.59e-02	2.10e-03	0.00e+00	0.00e+00
 1.27203e+16	2.90e-06	3.66e-03	4.25e-01	5.18e-01	5.19e-02	1.83e-03	0.00e+00	0.00e+00
 1.27645e+16	3.24e-06	3.95e-03	4.36e-01	5.11e-01	4.74e-02	1.55e-03	0.00e+00	0.00e+00
 1.28220e+16	3.73e-06	4.35e-03	4.50e-01	5.02e-01	4.19e-02	1.24e-03	0.00e+00	0.00e+00
 1.28811e+16	4.28e-06	4.79e-03	4.64e-01	4.93e-01	3.69e-02	9.83e-04	0.00e+00	0.00e+00
 1.29300e+16	4.79e-06	5.19e-03	4.76e-01	4.85e-01	3.30e-02	8.01e-04	0.00e+00	0.00e+00
 1.29814e+16	5.44e-06	5.66e-03	4.88e-01	4.76e-01	2.90e-02	6.35e-04	0.00e+00	0.00e+00
 1.30389e+16	6.23e-06	6.21e-03	5.02e-01	4.67e-01	2.51e-02	4.87e-04	0.00e+00	0.00e+00
 1.30940e+16	7.08e-06	6.77e-03	5.14e-01	4.57e-01	2.17e-02	3.75e-04	0.00e+00	0.00e+00
 1.31553e+16	8.16e-06	7.45e-03	5.27e-01	4.47e-01	1.83e-02	2.75e-04	0.00e+00	0.00e+00
 1.32234e+16	9.48e-06	8.25e-03	5.41e-01	4.35e-01	1.52e-02	1.95e-04	0.00e+00	0.00e+00
 1.32892e+16	1.10e-05	9.09e-03	5.55e-01	4.24e-01	1.26e-02	1.38e-04	0.00e+00	0.00e+00
 1.33634e+16	1.29e-05	1.01e-02	5.69e-01	4.11e-01	1.01e-02	9.26e-05	0.00e+00	0.00e+00
 1.34599e+16	1.57e-05	1.16e-02	5.87e-01	3.94e-01	7.61e-03	5.46e-05	0.00e+00	0.00e+00
 1.35420e+16	1.86e-05	1.29e-02	6.01e-01	3.80e-01	6.05e-03	3.58e-05	0.00e+00	0.00e+00
 1.35879e+16	2.04e-05	1.37e-02	6.08e-01	3.72e-01	5.31e-03	2.81e-05	0.00e+00	0.00e+00
 1.36303e+16	2.22e-05	1.45e-02	6.16e-01	3.65e-01	4.68e-03	2.23e-05	0.00e+00	0.00e+00
 1.36854e+16	2.47e-05	1.56e-02	6.25e-01	3.56e-01	3.98e-03	1.65e-05	0.00e+00	0.00e+00
 1.37570e+16	2.85e-05	1.71e-02	6.36e-01	3.44e-01	3.23e-03	1.11e-05	0.00e+00	0.00e+00
 1.38328e+16	3.31e-05	1.89e-02	6.48e-01	3.31e-01	2.60e-03	7.46e-06	0.00e+00	0.00e+00
 1.38990e+16	3.77e-05	2.06e-02	6.58e-01	3.19e-01	2.16e-03	5.27e-06	0.00e+00	0.00e+00
 1.39590e+16	4.24e-05	2.22e-02	6.67e-01	3.09e-01	1.83e-03	3.85e-06	0.00e+00	0.00e+00
 1.40174e+16	4.78e-05	2.40e-02	6.76e-01	2.99e-01	1.55e-03	2.83e-06	0.00e+00	0.00e+00
 1.40845e+16	5.48e-05	2.63e-02	6.85e-01	2.87e-01	1.28e-03	1.97e-06	0.00e+00	0.00e+00
 1.41564e+16	6.36e-05	2.89e-02	6.96e-01	2.74e-01	1.04e-03	1.36e-06	0.00e+00	0.00e+00
 1.42183e+16	7.23e-05	3.15e-02	7.04e-01	2.63e-01	8.80e-04	9.89e-07	0.00e+00	0.00e+00
 1.42726e+16	8.13e-05	3.40e-02	7.12e-01	2.54e-01	7.55e-04	0.00e+00	0.00e+00	0.00e+00
 1.43333e+16	9.25e-05	3.70e-02	7.20e-01	2.43e-01	6.33e-04	0.00e+00	0.00e+00	0.00e+00
 1.43996e+16	1.07e-04	4.07e-02	7.28e-01	2.30e-01	5.24e-04	0.00e+00	0.00e+00	0.00e+00
 1.44586e+16	1.22e-04	4.44e-02	7.35e-01	2.20e-01	4.42e-04	0.00e+00	0.00e+00	0.00e+00
 1.45109e+16	1.38e-04	4.81e-02	7.41e-01	2.10e-01	3.80e-04	0.00e+00	0.00e+00	0.00e+00
 1.45689e+16	1.58e-04	5.25e-02	7.48e-01	2.00e-01	3.19e-04	0.00e+00	0.00e+00	0.00e+00
 1.46317e+16	1.84e-04	5.80e-02	7.54e-01	1.88e-01	2.64e-04	0.00e+00	0.00e+00	0.00e+00
 1.46865e+16	2.10e-04	6.33e-02	7.58e-01	1.78e-01	2.24e-04	0.00e+00	0.00e+00	0.00e+00
 1.47348e+16	2.37e-04	6.85e-02	7.62e-01	1.69e-01	1.93e-04	0.00e+00	0.00e+00	0.00e+00
 1.47885e+16	2.72e-04	7.48e-02	7.66e-01	1.59e-01	1.62e-04	0.00e+00	0.00e+00	0.00e+00
 1.48469e+16	3.17e-04	8.27e-02	7.68e-01	1.49e-01	1.34e-04	0.00e+00	0.00e+00	0.00e+00
 1.48982e+16	3.64e-04	9.04e-02	7.70e-01	1.39e-01	1.13e-04	0.00e+00	0.00e+00	0.00e+00
 1.49434e+16	4.12e-04	9.80e-02	7.70e-01	1.31e-01	9.71e-05	0.00e+00	0.00e+00	0.00e+00
 1.49936e+16	4.74e-04	1.07e-01	7.70e-01	1.22e-01	8.12e-05	0.00e+00	0.00e+00	0.00e+00
 1.50482e+16	5.55e-04	1.19e-01	7.68e-01	1.13e-01	6.67e-05	0.00e+00	0.00e+00	0.00e+00
 1.50963e+16	6.41e-04	1.30e-01	7.65e-01	1.05e-01	5.59e-05	0.00e+00	0.00e+00	0.00e+00
 1.51390e+16	7.29e-04	1.41e-01	7.61e-01	9.72e-02	4.75e-05	0.00e+00	0.00e+00	0.00e+00
 1.51869e+16	8.44e-04	1.55e-01	7.55e-01	8.91e-02	3.91e-05	0.00e+00	0.00e+00	0.00e+00
 1.52389e+16	9.96e-04	1.73e-01	7.46e-01	8.06e-02	3.16e-05	0.00e+00	0.00e+00	0.00e+00
 1.52846e+16	1.16e-03	1.89e-01	7.36e-01	7.34e-02	2.60e-05	0.00e+00	0.00e+00	0.00e+00
 1.53255e+16	1.33e-03	2.06e-01	7.25e-01	6.70e-02	2.16e-05	0.00e+00	0.00e+00	0.00e+00
 1.53716e+16	1.55e-03	2.27e-01	7.11e-01	6.00e-02	1.74e-05	0.00e+00	0.00e+00	0.00e+00
 1.54224e+16	1.86e-03	2.54e-01	6.92e-01	5.26e-02	1.35e-05	0.00e+00	0.00e+00	0.00e+00
 1.54682e+16	2.19e-03	2.80e-01	6.71e-01	4.62e-02	1.06e-05	0.00e+00	0.00e+00	0.00e+00
 1.55097e+16	2.55e-03	3.07e-01	6.49e-01	4.07e-02	8.44e-06	0.00e+00	0.00e+00	0.00e+00
 1.55564e+16	3.05e-03	3.41e-01	6.22e-01	3.47e-02	6.39e-06	0.00e+00	0.00e+00	0.00e+00
 1.56085e+16	3.73e-03	3.82e-01	5.85e-01	2.86e-02	4.59e-06	0.00e+00	0.00e+00	0.00e+00
 1.56553e+16	4.50e-03	4.25e-01	5.47e-01	2.35e-02	3.32e-06	0.00e+00	0.00e+00	0.00e+00
 1.56949e+16	5.27e-03	4.63e-01	5.12e-01	1.95e-02	2.46e-06	0.00e+00	0.00e+00	0.00e+00
 1.57373e+16	6.29e-03	5.08e-01	4.70e-01	1.56e-02	1.74e-06	0.00e+00	0.00e+00	0.00e+00
 1.57835e+16	7.65e-03	5.60e-01	4.21e-01	1.19e-02	1.15e-06	0.00e+00	0.00e+00	0.00e+00
 1.58234e+16	9.11e-03	6.07e-01	3.75e-01	9.11e-03	7.71e-07	0.00e+00	0.00e+00	0.00e+00
 1.58543e+16	1.04e-02	6.44e-01	3.38e-01	7.26e-03	0.00e+00	0.00e+00	0.00e+00	0.00e+00
 1.58798e+16	1.17e-02	6.75e-01	3.07e-01	5.91e-03	0.00e+00	0.00e+00	0.00e+00	0.00e+00
 1.59082e+16	1.33e-02	7.09e-01	2.73e-01	4.60e-03	0.00e+00	0.00e+00	0.00e+00	0.00e+00
 1.59391e+16	1.53e-02	7.45e-01	2.36e-01	3.43e-03	0.00e+00	0.00e+00	0.00e+00	0.00e+00
 1.59663e+16	1.73e-02	7.76e-01	2.04e-01	2.56e-03	0.00e+00	0.00e+00	0.00e+00	0.00e+00
 1.59892e+16	1.93e-02	8.00e-01	1.78e-01	1.98e-03	0.00e+00	0.00e+00	0.00e+00	0.00e+00
 1.60135e+16	2.17e-02	8.24e-01	1.53e-01	1.46e-03	0.00e+00	0.00e+00	0.00e+00	0.00e+00
 1.60399e+16	2.47e-02	8.47e-01	1.27e-01	1.03e-03	0.00e+00	0.00e+00	0.00e+00	0.00e+00
 1.60630e+16	2.77e-02	8.66e-01	1.06e-01	7.35e-04	0.00e+00	0.00e+00	0.00e+00	0.00e+00
 1.60825e+16	3.05e-02	8.79e-01	8.99e-02	5.44e-04	0.00e+00	0.00e+00	0.00e+00	0.00e+00
 1.61034e+16	3.40e-02	8.91e-01	7.46e-02	3.85e-04	0.00e+00	0.00e+00	0.00e+00	0.00e+00
 1.61264e+16	3.84e-02	9.02e-01	5.97e-02	2.57e-04	0.00e+00	0.00e+00	0.00e+00	0.00e+00
 1.61470e+16	4.29e-02	9.09e-01	4.81e-02	1.74e-04	0.00e+00	0.00e+00	0.00e+00	0.00e+00
 1.61646e+16	4.73e-02	9.13e-01	3.95e-02	1.22e-04	0.00e+00	0.00e+00	0.00e+00	0.00e+00
 1.61837e+16	5.28e-02	9.16e-01	3.16e-02	8.16e-05	0.00e+00	0.00e+00	0.00e+00	0.00e+00
 1.62042e+16	5.94e-02	9.16e-01	2.44e-02	5.16e-05	0.00e+00	0.00e+00	0.00e+00	0.00e+00
 1.62219e+16	6.60e-02	9.15e-01	1.93e-02	3.39e-05	0.00e+00	0.00e+00	0.00e+00	0.00e+00
 1.62366e+16	7.21e-02	9.12e-01	1.57e-02	2.35e-05	0.00e+00	0.00e+00	0.00e+00	0.00e+00
 1.62516e+16	7.91e-02	9.08e-01	1.26e-02	1.60e-05	0.00e+00	0.00e+00	0.00e+00	0.00e+00
 1.62674e+16	8.69e-02	9.03e-01	9.95e-03	1.04e-05	0.00e+00	0.00e+00	0.00e+00	0.00e+00
 1.62821e+16	9.51e-02	8.97e-01	7.90e-03	6.93e-06	0.00e+00	0.00e+00	0.00e+00	0.00e+00
 1.62948e+16	1.03e-01	8.90e-01	6.40e-03	4.78e-06	0.00e+00	0.00e+00	0.00e+00	0.00e+00
 1.63063e+16	1.11e-01	8.84e-01	5.28e-03	3.39e-06	0.00e+00	0.00e+00	0.00e+00	0.00e+00
 1.63169e+16	1.18e-01	8.77e-01	4.40e-03	2.46e-06	0.00e+00	0.00e+00	0.00e+00	0.00e+00
 1.63267e+16	1.26e-01	8.71e-01	3.69e-03	1.80e-06	0.00e+00	0.00e+00	0.00e+00	0.00e+00
 1.63345e+16	1.32e-01	8.65e-01	3.22e-03	1.42e-06	0.00e+00	0.00e+00	0.00e+00	0.00e+00
 1.63395e+16	1.36e-01	8.61e-01	2.94e-03	1.21e-06	0.00e+00	0.00e+00	0.00e+00	0.00e+00
 1.63439e+16	1.40e-01	8.58e-01	2.71e-03	1.04e-06	0.00e+00	0.00e+00	0.00e+00	0.00e+00
 1.63492e+16	1.44e-01	8.53e-01	2.45e-03	8.71e-07	0.00e+00	0.00e+00	0.00e+00	0.00e+00
 1.63549e+16	1.49e-01	8.48e-01	2.20e-03	0.00e+00	0.00e+00	0.00e+00	0.00e+00	0.00e+00
 1.63604e+16	1.55e-01	8.43e-01	1.98e-03	0.00e+00	0.00e+00	0.00e+00	0.00e+00	0.00e+00
 1.63657e+16	1.59e-01	8.39e-01	1.79e-03	0.00e+00	0.00e+00	0.00e+00	0.00e+00	0.00e+00
 1.63708e+16	1.64e-01	8.34e-01	1.61e-03	0.00e+00	0.00e+00	0.00e+00	0.00e+00	0.00e+00
 1.63760e+16	1.70e-01	8.29e-01	1.46e-03	0.00e+00	0.00e+00	0.00e+00	0.00e+00	0.00e+00
 1.63811e+16	1.75e-01	8.23e-01	1.31e-03	0.00e+00	0.00e+00	0.00e+00	0.00e+00	0.00e+00
 1.63862e+16	1.81e-01	8.18e-01	1.18e-03	0.00e+00	0.00e+00	0.00e+00	0.00e+00	0.00e+00
 1.63912e+16	1.86e-01	8.13e-01	1.07e-03	0.00e+00	0.00e+00	0.00e+00	0.00e+00	0.00e+00
 1.63961e+16	1.92e-01	8.07e-01	9.63e-04	0.00e+00	0.00e+00	0.00e+00	0.00e+00	0.00e+00
 1.64011e+16	1.98e-01	8.02e-01	8.67e-04	0.00e+00	0.00e+00	0.00e+00	0.00e+00	0.00e+00
 1.64060e+16	2.04e-01	7.96e-01	7.81e-04	0.00e+00	0.00e+00	0.00e+00	0.00e+00	0.00e+00
 1.64108e+16	2.10e-01	7.89e-01	7.03e-04	0.00e+00	0.00e+00	0.00e+00	0.00e+00	0.00e+00
 1.64156e+16	2.16e-01	7.83e-01	6.32e-04	0.00e+00	0.00e+00	0.00e+00	0.00e+00	0.00e+00
 1.64203e+16	2.23e-01	7.77e-01	5.69e-04	0.00e+00	0.00e+00	0.00e+00	0.00e+00	0.00e+00
 1.64250e+16	2.29e-01	7.70e-01	5.13e-04	0.00e+00	0.00e+00	0.00e+00	0.00e+00	0.00e+00
 1.64296e+16	2.36e-01	7.64e-01	4.61e-04	0.00e+00	0.00e+00	0.00e+00	0.00e+00	0.00e+00
 1.64343e+16	2.43e-01	7.57e-01	4.14e-04	0.00e+00	0.00e+00	0.00e+00	0.00e+00	0.00e+00
 1.64388e+16	2.50e-01	7.50e-01	3.72e-04	0.00e+00	0.00e+00	0.00e+00	0.00e+00	0.00e+00
 1.64433e+16	2.58e-01	7.42e-01	3.34e-04	0.00e+00	0.00e+00	0.00e+00	0.00e+00	0.00e+00
 1.64478e+16	2.66e-01	7.34e-01	3.00e-04	0.00e+00	0.00e+00	0.00e+00	0.00e+00	0.00e+00
 1.64523e+16	2.74e-01	7.26e-01	2.69e-04	0.00e+00	0.00e+00	0.00e+00	0.00e+00	0.00e+00
 1.64567e+16	2.82e-01	7.18e-01	2.41e-04	0.00e+00	0.00e+00	0.00e+00	0.00e+00	0.00e+00
 1.64610e+16	2.91e-01	7.09e-01	2.16e-04	0.00e+00	0.00e+00	0.00e+00	0.00e+00	0.00e+00
 1.64653e+16	3.00e-01	7.00e-01	1.94e-04	0.00e+00	0.00e+00	0.00e+00	0.00e+00	0.00e+00
 1.64697e+16	3.09e-01	6.90e-01	1.73e-04	0.00e+00	0.00e+00	0.00e+00	0.00e+00	0.00e+00
 1.64739e+16	3.19e-01	6.80e-01	1.55e-04	0.00e+00	0.00e+00	0.00e+00	0.00e+00	0.00e+00
 1.64781e+16	3.30e-01	6.69e-01	1.38e-04	0.00e+00	0.00e+00	0.00e+00	0.00e+00	0.00e+00
 1.64822e+16	3.41e-01	6.59e-01	1.24e-04	0.00e+00	0.00e+00	0.00e+00	0.00e+00	0.00e+00
 1.64862e+16	3.52e-01	6.48e-01	1.11e-04	0.00e+00	0.00e+00	0.00e+00	0.00e+00	0.00e+00
 1.64902e+16	3.64e-01	6.36e-01	9.90e-05	0.00e+00	0.00e+00	0.00e+00	0.00e+00	0.00e+00
 1.64941e+16	3.76e-01	6.24e-01	8.85e-05	0.00e+00	0.00e+00	0.00e+00	0.00e+00	0.00e+00
 1.64980e+16	3.90e-01	6.10e-01	7.90e-05	0.00e+00	0.00e+00	0.00e+00	0.00e+00	0.00e+00
 1.65018e+16	4.02e-01	5.98e-01	7.08e-05	0.00e+00	0.00e+00	0.00e+00	0.00e+00	0.00e+00
 1.65055e+16	4.17e-01	5.83e-01	6.31e-05	0.00e+00	0.00e+00	0.00e+00	0.00e+00	0.00e+00
 1.65092e+16	4.31e-01	5.69e-01	5.65e-05	0.00e+00	0.00e+00	0.00e+00	0.00e+00	0.00e+00
 1.65128e+16	4.46e-01	5.54e-01	5.03e-05	0.00e+00	0.00e+00	0.00e+00	0.00e+00	0.00e+00
 1.65165e+16	4.62e-01	5.38e-01	4.48e-05	0.00e+00	0.00e+00	0.00e+00	0.00e+00	0.00e+00
 1.65201e+16	4.78e-01	5.22e-01	3.99e-05	0.00e+00	0.00e+00	0.00e+00	0.00e+00	0.00e+00
 1.65236e+16	4.96e-01	5.04e-01	3.54e-05	0.00e+00	0.00e+00	0.00e+00	0.00e+00	0.00e+00
 1.65272e+16	5.13e-01	4.87e-01	3.15e-05	0.00e+00	0.00e+00	0.00e+00	0.00e+00	0.00e+00
 1.65307e+16	5.34e-01	4.66e-01	2.77e-05	0.00e+00	0.00e+00	0.00e+00	0.00e+00	0.00e+00
 1.65342e+16	5.54e-01	4.46e-01	2.45e-05	0.00e+00	0.00e+00	0.00e+00	0.00e+00	0.00e+00
 1.65376e+16	5.74e-01	4.26e-01	2.16e-05	0.00e+00	0.00e+00	0.00e+00	0.00e+00	0.00e+00
 1.65412e+16	5.94e-01	4.06e-01	1.90e-05	0.00e+00	0.00e+00	0.00e+00	0.00e+00	0.00e+00
 1.65447e+16	6.16e-01	3.84e-01	1.66e-05	0.00e+00	0.00e+00	0.00e+00	0.00e+00	0.00e+00
 1.65482e+16	6.37e-01	3.63e-01	1.45e-05	0.00e+00	0.00e+00	0.00e+00	0.00e+00	0.00e+00
 1.65518e+16	6.59e-01	3.41e-01	1.26e-05	0.00e+00	0.00e+00	0.00e+00	0.00e+00	0.00e+00
 1.65550e+16	6.79e-01	3.21e-01	1.11e-05	0.00e+00	0.00e+00	0.00e+00	0.00e+00	0.00e+00
 1.65577e+16	6.95e-01	3.05e-01	1.00e-05	0.00e+00	0.00e+00	0.00e+00	0.00e+00	0.00e+00
 1.65602e+16	7.10e-01	2.90e-01	9.09e-06	0.00e+00	0.00e+00	0.00e+00	0.00e+00	0.00e+00
 1.65628e+16	7.26e-01	2.74e-01	8.14e-06	0.00e+00	0.00e+00	0.00e+00	0.00e+00	0.00e+00
 1.65654e+16	7.40e-01	2.60e-01	7.34e-06	0.00e+00	0.00e+00	0.00e+00	0.00e+00	0.00e+00
 1.65680e+16	7.56e-01	2.44e-01	6.57e-06	0.00e+00	0.00e+00	0.00e+00	0.00e+00	0.00e+00
 1.65704e+16	7.69e-01	2.31e-01	5.96e-06	0.00e+00	0.00e+00	0.00e+00	0.00e+00	0.00e+00
 1.65728e+16	7.82e-01	2.18e-01	5.40e-06	0.00e+00	0.00e+00	0.00e+00	0.00e+00	0.00e+00
 1.65752e+16	7.95e-01	2.05e-01	4.87e-06	0.00e+00	0.00e+00	0.00e+00	0.00e+00	0.00e+00
 1.65776e+16	8.07e-01	1.93e-01	4.41e-06	0.00e+00	0.00e+00	0.00e+00	0.00e+00	0.00e+00
 1.65799e+16	8.18e-01	1.82e-01	4.00e-06	0.00e+00	0.00e+00	0.00e+00	0.00e+00	0.00e+00
 1.65821e+16	8.29e-01	1.71e-01	3.64e-06	0.00e+00	0.00e+00	0.00e+00	0.00e+00	0.00e+00
 1.65844e+16	8.39e-01	1.61e-01	3.31e-06	0.00e+00	0.00e+00	0.00e+00	0.00e+00	0.00e+00
 1.65866e+16	8.49e-01	1.51e-01	3.01e-06	0.00e+00	0.00e+00	0.00e+00	0.00e+00	0.00e+00
 1.65889e+16	8.58e-01	1.42e-01	2.74e-06	0.00e+00	0.00e+00	0.00e+00	0.00e+00	0.00e+00
 1.65911e+16	8.66e-01	1.34e-01	2.50e-06	0.00e+00	0.00e+00	0.00e+00	0.00e+00	0.00e+00
 1.65933e+16	8.75e-01	1.25e-01	2.27e-06	0.00e+00	0.00e+00	0.00e+00	0.00e+00	0.00e+00
 1.65956e+16	8.82e-01	1.18e-01	2.08e-06	0.00e+00	0.00e+00	0.00e+00	0.00e+00	0.00e+00
 1.65979e+16	8.89e-01	1.11e-01	1.90e-06	0.00e+00	0.00e+00	0.00e+00	0.00e+00	0.00e+00
 1.66001e+16	8.95e-01	1.05e-01	1.75e-06	0.00e+00	0.00e+00	0.00e+00	0.00e+00	0.00e+00
 1.66024e+16	9.02e-01	9.84e-02	1.60e-06	0.00e+00	0.00e+00	0.00e+00	0.00e+00	0.00e+00
 1.66047e+16	9.07e-01	9.27e-02	1.47e-06	0.00e+00	0.00e+00	0.00e+00	0.00e+00	0.00e+00
 1.66071e+16	9.13e-01	8.72e-02	1.35e-06	0.00e+00	0.00e+00	0.00e+00	0.00e+00	0.00e+00
 1.66096e+16	9.18e-01	8.22e-02	1.24e-06	0.00e+00	0.00e+00	0.00e+00	0.00e+00	0.00e+00
 1.66120e+16	9.22e-01	7.76e-02	1.14e-06	0.00e+00	0.00e+00	0.00e+00	0.00e+00	0.00e+00
