#depth	O	O+	O+2	O+3	O+4	O+5	O+6	O+7	O+8	O[1]	O[2]	O[3]
 1.49634e+10	0.00e+00	0.00e+00	4.40e-33	5.29e-24	9.35e-16	2.21e-08	1.00e+00	0.00e+00	0.00e+00	0.00e+00	0.00e+00	0.00e+00
 4.54887e+10	0.00e+00	5.15e-43	6.06e-33	6.74e-24	1.10e-15	2.40e-08	1.00e+00	4.11e-07	0.00e+00	0.00e+00	0.00e+00	0.00e+00
 7.72350e+10	0.00e+00	0.00e+00	8.36e-33	8.58e-24	1.29e-15	2.60e-08	1.00e+00	0.00e+00	0.00e+00	0.00e+00	0.00e+00	0.00e+00
 1.10251e+11	0.00e+00	1.15e-42	1.15e-32	1.09e-23	1.52e-15	2.82e-08	1.00e+00	0.00e+00	0.00e+00	0.00e+00	0.00e+00	0.00e+00
 1.44588e+11	0.00e+00	0.00e+00	1.59e-32	1.39e-23	1.79e-15	3.06e-08	1.00e+00	0.00e+00	0.00e+00	0.00e+00	0.00e+00	0.00e+00
 1.80298e+11	0.00e+00	2.57e-42	2.20e-32	1.78e-23	2.11e-15	3.32e-08	1.00e+00	0.00e+00	0.00e+00	0.00e+00	0.00e+00	0.00e+00
 2.17437e+11	0.00e+00	0.00e+00	3.03e-32	2.27e-23	2.48e-15	3.61e-08	1.00e+00	0.00e+00	0.00e+00	0.00e+00	0.00e+00	0.00e+00
 2.56061e+11	0.00e+00	5.75e-42	4.19e-32	2.89e-23	2.92e-15	3.92e-08	1.00e+00	0.00e+00	0.00e+00	0.00e+00	0.00e+00	0.00e+00
 2.96231e+11	0.00e+00	0.00e+00	5.79e-32	3.69e-23	3.44e-15	4.26e-08	1.00e+00	0.00e+00	0.00e+00	0.00e+00	0.00e+00	0.00e+00
 3.34064e+11	0.00e+00	1.24e-41	7.77e-32	4.61e-23	4.00e-15	4.59e-08	1.00e+00	0.00e+00	0.00e+00	0.00e+00	0.00e+00	0.00e+00
 3.68004e+11	0.00e+00	0.00e+00	1.00e-31	5.59e-23	4.55e-15	4.90e-08	1.00e+00	0.00e+00	0.00e+00	0.00e+00	0.00e+00	0.00e+00
 4.06148e+11	0.00e+00	2.42e-41	1.33e-31	6.91e-23	5.25e-15	5.26e-08	1.00e+00	0.00e+00	0.00e+00	0.00e+00	0.00e+00	0.00e+00
 4.51225e+11	0.00e+00	0.00e+00	1.82e-31	8.78e-23	6.17e-15	5.71e-08	1.00e+00	0.00e+00	0.00e+00	0.00e+00	0.00e+00	0.00e+00
 4.96467e+11	0.00e+00	5.30e-41	2.48e-31	1.11e-22	7.22e-15	6.18e-08	1.00e+00	0.00e+00	0.00e+00	0.00e+00	0.00e+00	0.00e+00
 5.39074e+11	0.00e+00	0.00e+00	3.29e-31	1.37e-22	8.33e-15	6.65e-08	1.00e+00	0.00e+00	0.00e+00	0.00e+00	0.00e+00	0.00e+00
 5.86120e+11	0.00e+00	1.09e-40	4.44e-31	1.72e-22	9.72e-15	7.18e-08	1.00e+00	0.00e+00	0.00e+00	0.00e+00	0.00e+00	0.00e+00
 6.39492e+11	0.00e+00	0.00e+00	6.16e-31	2.21e-22	1.15e-14	7.82e-08	1.00e+00	0.00e+00	0.00e+00	0.00e+00	0.00e+00	0.00e+00
 6.92954e+11	0.00e+00	2.44e-40	8.46e-31	2.81e-22	1.35e-14	8.49e-08	1.00e+00	0.00e+00	0.00e+00	0.00e+00	0.00e+00	0.00e+00
 7.48554e+11	0.00e+00	0.00e+00	1.16e-30	3.57e-22	1.59e-14	9.22e-08	1.00e+00	0.00e+00	0.00e+00	0.00e+00	0.00e+00	0.00e+00
 8.08423e+11	0.00e+00	5.48e-40	1.62e-30	4.59e-22	1.89e-14	1.01e-07	1.00e+00	0.00e+00	0.00e+00	0.00e+00	0.00e+00	0.00e+00
 8.64588e+11	0.00e+00	0.00e+00	2.18e-30	5.76e-22	2.20e-14	1.09e-07	1.00e+00	0.00e+00	0.00e+00	0.00e+00	0.00e+00	0.00e+00
 9.14764e+11	0.00e+00	1.10e-39	2.82e-30	7.01e-22	2.52e-14	1.16e-07	1.00e+00	0.00e+00	0.00e+00	0.00e+00	0.00e+00	0.00e+00
 9.71187e+11	0.00e+00	0.00e+00	3.75e-30	8.69e-22	2.92e-14	1.25e-07	1.00e+00	0.00e+00	0.00e+00	0.00e+00	0.00e+00	0.00e+00
 1.03810e+12	0.00e+00	2.33e-39	5.18e-30	1.11e-21	3.45e-14	1.37e-07	1.00e+00	0.00e+00	0.00e+00	0.00e+00	0.00e+00	0.00e+00
 1.10529e+12	0.00e+00	0.00e+00	7.08e-30	1.41e-21	4.06e-14	1.48e-07	1.00e+00	0.00e+00	0.00e+00	0.00e+00	0.00e+00	0.00e+00
 1.16822e+12	0.00e+00	4.90e-39	9.41e-30	1.75e-21	4.71e-14	1.60e-07	1.00e+00	0.00e+00	0.00e+00	0.00e+00	0.00e+00	0.00e+00
 1.23792e+12	0.00e+00	0.00e+00	1.27e-29	2.21e-21	5.52e-14	1.73e-07	1.00e+00	0.00e+00	0.00e+00	0.00e+00	0.00e+00	0.00e+00
 1.31736e+12	0.00e+00	1.08e-38	1.78e-29	2.85e-21	6.57e-14	1.90e-07	1.00e+00	0.00e+00	0.00e+00	0.00e+00	0.00e+00	0.00e+00
 1.39551e+12	0.00e+00	0.00e+00	2.44e-29	3.64e-21	7.77e-14	2.07e-07	1.00e+00	0.00e+00	0.00e+00	0.00e+00	0.00e+00	0.00e+00
 1.47679e+12	0.00e+00	2.37e-38	3.36e-29	4.64e-21	9.18e-14	2.25e-07	1.00e+00	0.00e+00	0.00e+00	0.00e+00	0.00e+00	0.00e+00
 1.56579e+12	0.00e+00	0.00e+00	4.70e-29	6.00e-21	1.10e-13	2.47e-07	1.00e+00	0.00e+00	0.00e+00	0.00e+00	0.00e+00	0.00e+00
 1.65517e+12	0.00e+00	5.37e-38	6.49e-29	7.69e-21	1.30e-13	2.70e-07	1.00e+00	0.00e+00	0.00e+00	0.00e+00	0.00e+00	0.00e+00
 1.74811e+12	0.00e+00	0.00e+00	8.98e-29	9.87e-21	1.55e-13	2.95e-07	1.00e+00	0.00e+00	0.00e+00	0.00e+00	0.00e+00	0.00e+00
 1.84797e+12	0.00e+00	1.21e-37	1.26e-28	1.28e-20	1.85e-13	3.23e-07	1.00e+00	0.00e+00	0.00e+00	0.00e+00	0.00e+00	0.00e+00
 1.94691e+12	0.00e+00	0.00e+00	1.73e-28	1.64e-20	2.20e-13	3.54e-07	1.00e+00	0.00e+00	0.00e+00	0.00e+00	0.00e+00	0.00e+00
 2.04982e+12	0.00e+00	2.67e-37	2.38e-28	2.10e-20	2.62e-13	3.87e-07	1.00e+00	0.00e+00	0.00e+00	0.00e+00	0.00e+00	0.00e+00
 2.16174e+12	0.00e+00	0.00e+00	3.33e-28	2.72e-20	3.14e-13	4.25e-07	1.00e+00	0.00e+00	0.00e+00	0.00e+00	0.00e+00	0.00e+00
 2.27813e+12	0.00e+00	6.08e-37	4.64e-28	3.52e-20	3.77e-13	4.68e-07	1.00e+00	0.00e+00	0.00e+00	0.00e+00	0.00e+00	0.00e+00
 2.39919e+12	0.00e+00	0.00e+00	6.48e-28	4.56e-20	4.53e-13	5.15e-07	1.00e+00	0.00e+00	0.00e+00	0.00e+00	0.00e+00	0.00e+00
 2.52508e+12	0.00e+00	1.37e-36	9.04e-28	5.91e-20	5.44e-13	5.67e-07	1.00e+00	0.00e+00	0.00e+00	0.00e+00	0.00e+00	0.00e+00
 2.65601e+12	6.10e-46	2.06e-36	1.26e-27	7.66e-20	6.54e-13	6.24e-07	1.00e+00	0.00e+00	0.00e+00	0.00e+00	0.00e+00	0.00e+00
 2.77459e+12	0.00e+00	0.00e+00	1.68e-27	9.59e-20	7.68e-13	6.80e-07	1.00e+00	0.00e+00	0.00e+00	0.00e+00	0.00e+00	0.00e+00
 2.87365e+12	0.00e+00	3.88e-36	2.12e-27	1.15e-19	8.75e-13	7.29e-07	1.00e+00	0.00e+00	0.00e+00	0.00e+00	0.00e+00	0.00e+00
 2.98228e+12	1.86e-45	5.24e-36	2.71e-27	1.40e-19	1.01e-12	7.84e-07	1.00e+00	0.00e+00	0.00e+00	0.00e+00	0.00e+00	0.00e+00
 3.11951e+12	0.00e+00	0.00e+00	3.66e-27	1.77e-19	1.19e-12	8.59e-07	1.00e+00	0.00e+00	0.00e+00	0.00e+00	0.00e+00	0.00e+00
 3.26254e+12	0.00e+00	1.09e-35	4.94e-27	2.25e-19	1.41e-12	9.41e-07	1.00e+00	0.00e+00	0.00e+00	0.00e+00	0.00e+00	0.00e+00
 3.38426e+12	6.31e-45	1.46e-35	6.31e-27	2.73e-19	1.63e-12	1.02e-06	1.00e+00	0.00e+00	0.00e+00	0.00e+00	0.00e+00	0.00e+00
 3.50966e+12	0.00e+00	0.00e+00	8.06e-27	3.31e-19	1.87e-12	1.09e-06	1.00e+00	0.00e+00	0.00e+00	0.00e+00	0.00e+00	0.00e+00
 3.66711e+12	0.00e+00	2.80e-35	1.08e-26	4.19e-19	2.22e-12	1.20e-06	1.00e+00	0.00e+00	0.00e+00	0.00e+00	0.00e+00	0.00e+00
 3.82693e+12	2.05e-44	3.95e-35	1.44e-26	5.27e-19	2.63e-12	1.31e-06	1.00e+00	0.00e+00	0.00e+00	0.00e+00	0.00e+00	0.00e+00
 3.96450e+12	0.00e+00	5.25e-35	1.83e-26	6.36e-19	3.01e-12	1.42e-06	1.00e+00	0.00e+00	0.00e+00	0.00e+00	0.00e+00	0.00e+00
 4.11247e+12	4.08e-44	7.06e-35	2.34e-26	7.75e-19	3.48e-12	1.53e-06	1.00e+00	0.00e+00	0.00e+00	0.00e+00	0.00e+00	0.00e+00
 4.29498e+12	0.00e+00	1.00e-34	3.13e-26	9.79e-19	4.13e-12	1.68e-06	1.00e+00	0.00e+00	0.00e+00	0.00e+00	0.00e+00	0.00e+00
 4.48187e+12	9.21e-44	1.41e-34	4.16e-26	1.23e-18	4.89e-12	1.84e-06	1.00e+00	0.00e+00	0.00e+00	0.00e+00	0.00e+00	0.00e+00
 4.65087e+12	0.00e+00	1.89e-34	5.33e-26	1.50e-18	5.65e-12	2.00e-06	1.00e+00	0.00e+00	0.00e+00	0.00e+00	0.00e+00	0.00e+00
 4.83716e+12	1.89e-43	2.58e-34	6.94e-26	1.86e-18	6.60e-12	2.18e-06	1.00e+00	0.00e+00	0.00e+00	0.00e+00	0.00e+00	0.00e+00
 5.05626e+12	0.00e+00	3.67e-34	9.33e-26	2.36e-18	7.86e-12	2.40e-06	1.00e+00	0.00e+00	0.00e+00	0.00e+00	0.00e+00	0.00e+00
 5.27531e+12	4.23e-43	5.14e-34	1.24e-25	2.97e-18	9.30e-12	2.63e-06	1.00e+00	0.00e+00	0.00e+00	0.00e+00	0.00e+00	0.00e+00
 5.48385e+12	0.00e+00	6.98e-34	1.60e-25	3.66e-18	1.08e-11	2.86e-06	1.00e+00	0.00e+00	0.00e+00	0.00e+00	0.00e+00	0.00e+00
 5.71387e+12	8.86e-43	9.65e-34	2.11e-25	4.57e-18	1.27e-11	3.13e-06	1.00e+00	0.00e+00	0.00e+00	0.00e+00	0.00e+00	0.00e+00
 5.97236e+12	0.00e+00	1.37e-33	2.83e-25	5.81e-18	1.52e-11	3.45e-06	1.00e+00	0.00e+00	0.00e+00	0.00e+00	0.00e+00	0.00e+00
 6.20501e+12	1.89e-42	1.85e-33	3.65e-25	7.14e-18	1.76e-11	3.75e-06	1.00e+00	0.00e+00	0.00e+00	0.00e+00	0.00e+00	0.00e+00
 6.39714e+12	0.00e+00	2.35e-33	4.47e-25	8.43e-18	1.99e-11	4.01e-06	1.00e+00	0.00e+00	0.00e+00	0.00e+00	0.00e+00	0.00e+00
 6.60699e+12	3.37e-42	3.03e-33	5.55e-25	1.00e-17	2.26e-11	4.31e-06	1.00e+00	0.00e+00	0.00e+00	0.00e+00	0.00e+00	0.00e+00
 6.87507e+12	0.00e+00	4.14e-33	7.23e-25	1.25e-17	2.64e-11	4.70e-06	1.00e+00	0.00e+00	0.00e+00	0.00e+00	0.00e+00	0.00e+00
 7.14570e+12	6.89e-42	5.60e-33	9.36e-25	1.54e-17	3.07e-11	5.12e-06	1.00e+00	0.00e+00	0.00e+00	0.00e+00	0.00e+00	0.00e+00
 7.36965e+12	0.00e+00	7.13e-33	1.15e-24	1.82e-17	3.46e-11	5.48e-06	1.00e+00	0.00e+00	0.00e+00	0.00e+00	0.00e+00	0.00e+00
 7.60609e+12	1.22e-41	9.15e-33	1.42e-24	2.16e-17	3.92e-11	5.87e-06	1.00e+00	0.00e+00	0.00e+00	0.00e+00	0.00e+00	0.00e+00
 7.90948e+12	0.00e+00	1.24e-32	1.85e-24	2.67e-17	4.56e-11	6.39e-06	1.00e+00	0.00e+00	0.00e+00	0.00e+00	0.00e+00	0.00e+00
 8.22759e+12	2.50e-41	1.70e-32	2.40e-24	3.31e-17	5.32e-11	6.97e-06	1.00e+00	0.00e+00	0.00e+00	0.00e+00	0.00e+00	0.00e+00
 8.50630e+12	0.00e+00	2.21e-32	3.01e-24	3.97e-17	6.06e-11	7.50e-06	1.00e+00	0.00e+00	0.00e+00	0.00e+00	0.00e+00	0.00e+00
 8.80612e+12	4.66e-41	2.90e-32	3.80e-24	4.80e-17	6.94e-11	8.09e-06	1.00e+00	0.00e+00	0.00e+00	0.00e+00	0.00e+00	0.00e+00
 9.17005e+12	0.00e+00	4.00e-32	4.99e-24	5.99e-17	8.12e-11	8.85e-06	1.00e+00	0.00e+00	0.00e+00	0.00e+00	0.00e+00	0.00e+00
 9.52210e+12	9.51e-41	5.38e-32	6.43e-24	7.37e-17	9.40e-11	9.61e-06	1.00e+00	0.00e+00	0.00e+00	0.00e+00	0.00e+00	0.00e+00
 9.81832e+12	0.00e+00	6.87e-32	7.92e-24	8.72e-17	1.06e-10	1.03e-05	1.00e+00	0.00e+00	0.00e+00	0.00e+00	0.00e+00	0.00e+00
 1.01372e+13	1.70e-40	8.86e-32	9.84e-24	1.04e-16	1.20e-10	1.10e-05	1.00e+00	0.00e+00	0.00e+00	0.00e+00	0.00e+00	0.00e+00
 1.05387e+13	0.00e+00	1.21e-31	1.28e-23	1.29e-16	1.39e-10	1.20e-05	1.00e+00	0.00e+00	0.00e+00	0.00e+00	0.00e+00	0.00e+00
 1.09510e+13	3.45e-40	1.64e-31	1.66e-23	1.59e-16	1.62e-10	1.30e-05	1.00e+00	0.00e+00	0.00e+00	0.00e+00	0.00e+00	0.00e+00
 1.13097e+13	0.00e+00	2.12e-31	2.08e-23	1.91e-16	1.83e-10	1.40e-05	1.00e+00	0.00e+00	0.00e+00	0.00e+00	0.00e+00	0.00e+00
 1.16959e+13	6.37e-40	2.79e-31	2.62e-23	2.30e-16	2.09e-10	1.51e-05	1.00e+00	0.00e+00	0.00e+00	0.00e+00	0.00e+00	0.00e+00
 1.21674e+13	0.00e+00	3.83e-31	3.43e-23	2.86e-16	2.43e-10	1.64e-05	1.00e+00	0.00e+00	0.00e+00	0.00e+00	0.00e+00	0.00e+00
 1.26417e+13	1.31e-39	5.22e-31	4.47e-23	3.54e-16	2.82e-10	1.78e-05	1.00e+00	0.00e+00	0.00e+00	0.00e+00	0.00e+00	0.00e+00
 1.30649e+13	0.00e+00	6.84e-31	5.62e-23	4.26e-16	3.21e-10	1.92e-05	1.00e+00	0.00e+00	0.00e+00	0.00e+00	0.00e+00	0.00e+00
 1.35300e+13	2.50e-39	9.12e-31	7.17e-23	5.18e-16	3.67e-10	2.07e-05	1.00e+00	0.00e+00	0.00e+00	0.00e+00	0.00e+00	0.00e+00
 1.40838e+13	0.00e+00	1.27e-30	9.49e-23	6.49e-16	4.29e-10	2.25e-05	1.00e+00	0.00e+00	0.00e+00	0.00e+00	0.00e+00	0.00e+00
 1.46368e+13	5.28e-39	1.74e-30	1.24e-22	8.06e-16	4.98e-10	2.45e-05	1.00e+00	0.00e+00	0.00e+00	0.00e+00	0.00e+00	0.00e+00
 1.51509e+13	0.00e+00	2.32e-30	1.59e-22	9.80e-16	5.69e-10	2.64e-05	1.00e+00	0.00e+00	0.00e+00	0.00e+00	0.00e+00	0.00e+00
 1.57258e+13	1.06e-38	3.18e-30	2.07e-22	1.21e-15	6.57e-10	2.86e-05	1.00e+00	0.00e+00	0.00e+00	0.00e+00	0.00e+00	0.00e+00
 1.63848e+13	0.00e+00	4.49e-30	2.77e-22	1.53e-15	7.70e-10	3.12e-05	1.00e+00	0.00e+00	0.00e+00	0.00e+00	0.00e+00	0.00e+00
 1.70386e+13	2.31e-38	6.26e-30	3.66e-22	1.91e-15	8.96e-10	3.39e-05	1.00e+00	0.00e+00	0.00e+00	0.00e+00	0.00e+00	0.00e+00
 1.77186e+13	0.00e+00	8.75e-30	4.85e-22	2.38e-15	1.04e-09	3.69e-05	1.00e+00	0.00e+00	0.00e+00	0.00e+00	0.00e+00	0.00e+00
 1.84573e+13	5.11e-38	1.24e-29	6.52e-22	3.01e-15	1.22e-09	4.02e-05	1.00e+00	0.00e+00	0.00e+00	0.00e+00	0.00e+00	0.00e+00
 1.92255e+13	0.00e+00	1.78e-29	8.79e-22	3.80e-15	1.43e-09	4.38e-05	1.00e+00	0.00e+00	0.00e+00	0.00e+00	0.00e+00	0.00e+00
 1.99546e+13	1.13e-37	2.46e-29	1.15e-21	4.70e-15	1.65e-09	4.74e-05	1.00e+00	0.00e+00	0.00e+00	0.00e+00	0.00e+00	0.00e+00
 2.06112e+13	0.00e+00	3.27e-29	1.46e-21	5.66e-15	1.87e-09	5.07e-05	1.00e+00	0.00e+00	0.00e+00	0.00e+00	0.00e+00	0.00e+00
 2.12249e+13	2.12e-37	4.23e-29	1.81e-21	6.69e-15	2.10e-09	5.40e-05	1.00e+00	0.00e+00	0.00e+00	0.00e+00	0.00e+00	0.00e+00
 2.19026e+13	0.00e+00	5.59e-29	2.28e-21	8.02e-15	2.37e-09	5.77e-05	1.00e+00	0.00e+00	0.00e+00	0.00e+00	0.00e+00	0.00e+00
 2.26649e+13	4.22e-37	7.61e-29	2.95e-21	9.77e-15	2.70e-09	6.19e-05	1.00e+00	0.00e+00	0.00e+00	0.00e+00	0.00e+00	0.00e+00
 2.33931e+13	0.00e+00	1.01e-28	3.72e-21	1.17e-14	3.06e-09	6.61e-05	1.00e+00	0.00e+00	0.00e+00	0.00e+00	0.00e+00	0.00e+00
 2.41960e+13	8.40e-37	1.37e-28	4.79e-21	1.43e-14	3.49e-09	7.09e-05	1.00e+00	0.00e+00	0.00e+00	0.00e+00	0.00e+00	0.00e+00
 2.50909e+13	0.00e+00	1.91e-28	6.29e-21	1.76e-14	4.01e-09	7.64e-05	1.00e+00	0.00e+00	0.00e+00	0.00e+00	0.00e+00	0.00e+00
 2.59149e+13	1.74e-36	2.56e-28	8.02e-21	2.12e-14	4.55e-09	8.17e-05	1.00e+00	0.00e+00	0.00e+00	0.00e+00	0.00e+00	0.00e+00
 2.66780e+13	0.00e+00	3.34e-28	9.98e-21	2.51e-14	5.09e-09	8.67e-05	1.00e+00	0.00e+00	0.00e+00	0.00e+00	0.00e+00	0.00e+00
 2.75523e+13	3.39e-36	4.50e-28	1.27e-20	3.03e-14	5.78e-09	9.26e-05	1.00e+00	0.00e+00	0.00e+00	0.00e+00	0.00e+00	0.00e+00
 2.86224e+13	0.00e+00	6.43e-28	1.70e-20	3.78e-14	6.70e-09	1.00e-04	1.00e+00	0.00e+00	0.00e+00	0.00e+00	0.00e+00	0.00e+00
 2.96909e+13	7.66e-36	9.00e-28	2.25e-20	4.68e-14	7.73e-09	1.08e-04	1.00e+00	0.00e+00	0.00e+00	0.00e+00	0.00e+00	0.00e+00
 3.06211e+13	0.00e+00	1.20e-27	2.85e-20	5.60e-14	8.72e-09	1.15e-04	1.00e+00	0.00e+00	0.00e+00	0.00e+00	0.00e+00	0.00e+00
 3.16275e+13	1.55e-35	1.63e-27	3.65e-20	6.77e-14	9.89e-09	1.23e-04	1.00e+00	0.00e+00	0.00e+00	0.00e+00	0.00e+00	0.00e+00
 3.28552e+13	0.00e+00	2.35e-27	4.90e-20	8.46e-14	1.15e-08	1.32e-04	1.00e+00	0.00e+00	0.00e+00	0.00e+00	0.00e+00	0.00e+00
 3.41061e+13	3.62e-35	3.33e-27	6.52e-20	1.05e-13	1.33e-08	1.43e-04	1.00e+00	0.00e+00	0.00e+00	0.00e+00	0.00e+00	0.00e+00
 3.52377e+13	5.26e-35	4.56e-27	8.40e-20	1.27e-13	1.51e-08	1.52e-04	1.00e+00	0.00e+00	0.00e+00	0.00e+00	0.00e+00	0.00e+00
 3.64787e+13	7.83e-35	6.37e-27	1.10e-19	1.56e-13	1.73e-08	1.63e-04	1.00e+00	0.00e+00	0.00e+00	0.00e+00	0.00e+00	0.00e+00
 3.79386e+13	1.24e-34	9.32e-27	1.49e-19	1.97e-13	2.02e-08	1.76e-04	1.00e+00	0.00e+00	0.00e+00	0.00e+00	0.00e+00	0.00e+00
 3.93947e+13	1.89e-34	1.33e-26	2.00e-19	2.45e-13	2.34e-08	1.90e-04	1.00e+00	0.00e+00	0.00e+00	0.00e+00	0.00e+00	0.00e+00
 4.07646e+13	2.81e-34	1.86e-26	2.61e-19	3.00e-13	2.67e-08	2.03e-04	1.00e+00	0.00e+00	0.00e+00	0.00e+00	0.00e+00	0.00e+00
 4.22807e+13	4.31e-34	2.66e-26	3.48e-19	3.72e-13	3.08e-08	2.18e-04	1.00e+00	0.00e+00	0.00e+00	0.00e+00	0.00e+00	0.00e+00
 4.40019e+13	6.91e-34	3.94e-26	4.76e-19	4.71e-13	3.61e-08	2.36e-04	1.00e+00	0.00e+00	0.00e+00	0.00e+00	0.00e+00	0.00e+00
 4.57350e+13	1.08e-33	5.71e-26	6.44e-19	5.91e-13	4.20e-08	2.55e-04	1.00e+00	0.00e+00	0.00e+00	0.00e+00	0.00e+00	0.00e+00
 4.75375e+13	1.70e-33	8.37e-26	8.74e-19	7.42e-13	4.89e-08	2.75e-04	1.00e+00	0.00e+00	0.00e+00	0.00e+00	0.00e+00	0.00e+00
 4.94689e+13	2.74e-33	1.24e-25	1.20e-18	9.39e-13	5.72e-08	2.97e-04	1.00e+00	0.00e+00	0.00e+00	0.00e+00	0.00e+00	0.00e+00
 5.14776e+13	4.38e-33	1.84e-25	1.64e-18	1.19e-12	6.68e-08	3.21e-04	1.00e+00	0.00e+00	0.00e+00	0.00e+00	0.00e+00	0.00e+00
 5.34183e+13	6.72e-33	2.63e-25	2.19e-18	1.48e-12	7.73e-08	3.46e-04	1.00e+00	0.00e+00	0.00e+00	0.00e+00	0.00e+00	0.00e+00
 5.52376e+13	1.00e-32	3.66e-25	2.86e-18	1.80e-12	8.82e-08	3.69e-04	1.00e+00	0.00e+00	0.00e+00	0.00e+00	0.00e+00	0.00e+00
 5.69569e+13	1.45e-32	4.97e-25	3.65e-18	2.16e-12	9.96e-08	3.91e-04	1.00e+00	0.00e+00	0.00e+00	0.00e+00	0.00e+00	0.00e+00
 5.88354e+13	2.13e-32	6.85e-25	4.72e-18	2.62e-12	1.13e-07	4.17e-04	1.00e+00	0.00e+00	0.00e+00	0.00e+00	0.00e+00	0.00e+00
 6.09210e+13	3.18e-32	9.60e-25	6.21e-18	3.22e-12	1.30e-07	4.47e-04	1.00e+00	0.00e+00	0.00e+00	0.00e+00	0.00e+00	0.00e+00
 6.28693e+13	4.64e-32	1.31e-24	7.97e-18	3.88e-12	1.47e-07	4.75e-04	1.00e+00	0.00e+00	0.00e+00	0.00e+00	0.00e+00	0.00e+00
 6.49956e+13	6.93e-32	1.83e-24	1.04e-17	4.72e-12	1.68e-07	5.07e-04	9.99e-01	0.00e+00	0.00e+00	0.00e+00	0.00e+00	0.00e+00
 6.75362e+13	1.09e-31	2.67e-24	1.41e-17	5.93e-12	1.95e-07	5.46e-04	9.99e-01	0.00e+00	0.00e+00	0.00e+00	0.00e+00	0.00e+00
 7.00420e+13	1.65e-31	3.79e-24	1.87e-17	7.35e-12	2.25e-07	5.87e-04	9.99e-01	0.00e+00	0.00e+00	0.00e+00	0.00e+00	0.00e+00
 7.22983e+13	2.41e-31	5.19e-24	2.41e-17	8.88e-12	2.55e-07	6.25e-04	9.99e-01	0.00e+00	0.00e+00	0.00e+00	0.00e+00	0.00e+00
 7.48037e+13	3.63e-31	7.29e-24	3.16e-17	1.09e-11	2.92e-07	6.68e-04	9.99e-01	0.00e+00	0.00e+00	0.00e+00	0.00e+00	0.00e+00
 7.77592e+13	5.65e-31	1.06e-23	4.29e-17	1.37e-11	3.40e-07	7.21e-04	9.99e-01	0.00e+00	0.00e+00	0.00e+00	0.00e+00	0.00e+00
 8.07500e+13	8.89e-31	1.54e-23	5.79e-17	1.71e-11	3.95e-07	7.77e-04	9.99e-01	0.00e+00	0.00e+00	0.00e+00	0.00e+00	0.00e+00
 8.38603e+13	1.36e-30	2.21e-23	7.79e-17	2.14e-11	4.59e-07	8.38e-04	9.99e-01	0.00e+00	0.00e+00	0.00e+00	0.00e+00	0.00e+00
 8.69386e+13	2.10e-30	3.17e-23	1.04e-16	2.65e-11	5.29e-07	8.99e-04	9.99e-01	0.00e+00	0.00e+00	0.00e+00	0.00e+00	0.00e+00
 8.96465e+13	2.95e-30	4.23e-23	1.32e-16	3.18e-11	5.97e-07	9.56e-04	9.99e-01	0.00e+00	0.00e+00	0.00e+00	0.00e+00	0.00e+00
 9.26103e+13	4.35e-30	5.84e-23	1.71e-16	3.86e-11	6.79e-07	1.02e-03	9.99e-01	0.00e+00	0.00e+00	0.00e+00	0.00e+00	0.00e+00
 9.61861e+13	6.63e-30	8.36e-23	2.30e-16	4.83e-11	7.89e-07	1.10e-03	9.99e-01	0.00e+00	0.00e+00	0.00e+00	0.00e+00	0.00e+00
 9.97458e+13	1.02e-29	1.20e-22	3.07e-16	5.99e-11	9.11e-07	1.18e-03	9.99e-01	0.00e+00	0.00e+00	0.00e+00	0.00e+00	0.00e+00
 1.02935e+14	1.44e-29	1.61e-22	3.92e-16	7.22e-11	1.03e-06	1.26e-03	9.99e-01	0.00e+00	0.00e+00	0.00e+00	0.00e+00	0.00e+00
 1.06454e+14	2.15e-29	2.24e-22	5.13e-16	8.82e-11	1.18e-06	1.35e-03	9.99e-01	0.00e+00	0.00e+00	0.00e+00	0.00e+00	0.00e+00
 1.10626e+14	3.29e-29	3.22e-22	6.93e-16	1.11e-10	1.37e-06	1.46e-03	9.99e-01	0.00e+00	0.00e+00	0.00e+00	0.00e+00	0.00e+00
 1.14741e+14	4.97e-29	4.56e-22	9.23e-16	1.38e-10	1.59e-06	1.57e-03	9.98e-01	0.00e+00	0.00e+00	0.00e+00	0.00e+00	0.00e+00
 1.18500e+14	7.27e-29	6.27e-22	1.19e-15	1.67e-10	1.80e-06	1.67e-03	9.98e-01	0.00e+00	0.00e+00	0.00e+00	0.00e+00	0.00e+00
 1.22704e+14	1.06e-28	8.67e-22	1.57e-15	2.05e-10	2.07e-06	1.79e-03	9.98e-01	0.00e+00	0.00e+00	0.00e+00	0.00e+00	0.00e+00
 1.27597e+14	1.65e-28	1.26e-21	2.13e-15	2.59e-10	2.42e-06	1.94e-03	9.98e-01	0.00e+00	0.00e+00	0.00e+00	0.00e+00	0.00e+00
 1.32405e+14	2.51e-28	1.79e-21	2.86e-15	3.23e-10	2.80e-06	2.09e-03	9.98e-01	0.00e+00	0.00e+00	0.00e+00	0.00e+00	0.00e+00
 1.36953e+14	3.73e-28	2.50e-21	3.73e-15	3.94e-10	3.20e-06	2.23e-03	9.98e-01	0.00e+00	0.00e+00	0.00e+00	0.00e+00	0.00e+00
 1.42009e+14	5.50e-28	3.49e-21	4.95e-15	4.89e-10	3.69e-06	2.40e-03	9.98e-01	0.00e+00	0.00e+00	0.00e+00	0.00e+00	0.00e+00
 1.47719e+14	8.71e-28	5.13e-21	6.77e-15	6.18e-10	4.32e-06	2.60e-03	9.97e-01	0.00e+00	0.00e+00	0.00e+00	0.00e+00	0.00e+00
 1.53441e+14	1.30e-27	7.25e-21	9.11e-15	7.75e-10	5.02e-06	2.81e-03	9.97e-01	0.00e+00	0.00e+00	0.00e+00	0.00e+00	0.00e+00
 1.58803e+14	1.92e-27	1.01e-20	1.20e-14	9.51e-10	5.75e-06	3.01e-03	9.97e-01	0.00e+00	0.00e+00	0.00e+00	0.00e+00	0.00e+00
 1.64596e+14	2.90e-27	1.43e-20	1.59e-14	1.18e-09	6.63e-06	3.23e-03	9.97e-01	0.00e+00	0.00e+00	0.00e+00	0.00e+00	0.00e+00
 1.71209e+14	4.40e-27	2.04e-20	2.16e-14	1.49e-09	7.75e-06	3.50e-03	9.96e-01	0.00e+00	0.00e+00	0.00e+00	0.00e+00	0.00e+00
 1.77454e+14	6.70e-27	2.91e-20	2.87e-14	1.84e-09	8.93e-06	3.76e-03	9.96e-01	0.00e+00	0.00e+00	0.00e+00	0.00e+00	0.00e+00
 1.83096e+14	9.21e-27	3.84e-20	3.66e-14	2.22e-09	1.01e-05	4.01e-03	9.96e-01	0.00e+00	0.00e+00	0.00e+00	0.00e+00	0.00e+00
 1.88431e+14	1.27e-26	5.05e-20	4.60e-14	2.63e-09	1.13e-05	4.25e-03	9.96e-01	0.00e+00	0.00e+00	0.00e+00	0.00e+00	0.00e+00
 1.94334e+14	1.82e-26	6.82e-20	5.87e-14	3.16e-09	1.28e-05	4.52e-03	9.95e-01	0.00e+00	0.00e+00	0.00e+00	0.00e+00	0.00e+00
 2.00934e+14	2.58e-26	9.22e-20	7.63e-14	3.85e-09	1.46e-05	4.83e-03	9.95e-01	0.00e+00	0.00e+00	0.00e+00	0.00e+00	0.00e+00
 2.07158e+14	3.68e-26	1.24e-19	9.71e-14	4.62e-09	1.65e-05	5.14e-03	9.95e-01	0.00e+00	0.00e+00	0.00e+00	0.00e+00	0.00e+00
 2.13967e+14	5.13e-26	1.66e-19	1.25e-13	5.60e-09	1.87e-05	5.48e-03	9.94e-01	0.00e+00	0.00e+00	0.00e+00	0.00e+00	0.00e+00
 2.21576e+14	7.72e-26	2.34e-19	1.65e-13	6.90e-09	2.15e-05	5.88e-03	9.94e-01	0.00e+00	0.00e+00	0.00e+00	0.00e+00	0.00e+00
 2.28788e+14	1.07e-25	3.11e-19	2.12e-13	8.34e-09	2.45e-05	6.28e-03	9.94e-01	0.00e+00	0.00e+00	0.00e+00	0.00e+00	0.00e+00
 2.36729e+14	1.56e-25	4.29e-19	2.78e-13	1.02e-08	2.80e-05	6.72e-03	9.93e-01	0.00e+00	0.00e+00	0.00e+00	0.00e+00	0.00e+00
 2.45503e+14	2.30e-25	6.00e-19	3.70e-13	1.27e-08	3.23e-05	7.23e-03	9.93e-01	0.00e+00	0.00e+00	0.00e+00	0.00e+00	0.00e+00
 2.53594e+14	3.34e-25	8.22e-19	4.78e-13	1.54e-08	3.68e-05	7.71e-03	9.92e-01	0.00e+00	0.00e+00	0.00e+00	0.00e+00	0.00e+00
 2.62349e+14	4.73e-25	1.11e-18	6.23e-13	1.88e-08	4.20e-05	8.27e-03	9.92e-01	0.00e+00	0.00e+00	0.00e+00	0.00e+00	0.00e+00
 2.72123e+14	7.15e-25	1.58e-18	8.32e-13	2.34e-08	4.86e-05	8.89e-03	9.91e-01	0.00e+00	0.00e+00	0.00e+00	0.00e+00	0.00e+00
 2.81321e+14	1.00e-24	2.12e-18	1.08e-12	2.85e-08	5.54e-05	9.52e-03	9.90e-01	0.00e+00	0.00e+00	0.00e+00	0.00e+00	0.00e+00
 2.91375e+14	1.48e-24	2.96e-18	1.42e-12	3.51e-08	6.37e-05	1.02e-02	9.90e-01	0.00e+00	0.00e+00	0.00e+00	0.00e+00	0.00e+00
 3.02547e+14	2.16e-24	4.12e-18	1.91e-12	4.39e-08	7.39e-05	1.10e-02	9.89e-01	0.00e+00	0.00e+00	0.00e+00	0.00e+00	0.00e+00
 3.12949e+14	3.16e-24	5.70e-18	2.49e-12	5.37e-08	8.45e-05	1.18e-02	9.88e-01	0.00e+00	0.00e+00	0.00e+00	0.00e+00	0.00e+00
 3.24233e+14	4.50e-24	7.79e-18	3.28e-12	6.63e-08	9.72e-05	1.27e-02	9.87e-01	0.00e+00	0.00e+00	0.00e+00	0.00e+00	0.00e+00
 3.36850e+14	6.84e-24	1.11e-17	4.43e-12	8.31e-08	1.13e-04	1.37e-02	9.86e-01	0.00e+00	0.00e+00	0.00e+00	0.00e+00	0.00e+00
 3.48839e+14	9.61e-24	1.51e-17	5.81e-12	1.02e-07	1.30e-04	1.47e-02	9.85e-01	0.00e+00	0.00e+00	0.00e+00	0.00e+00	0.00e+00
 3.61690e+14	1.43e-23	2.12e-17	7.70e-12	1.27e-07	1.50e-04	1.59e-02	9.84e-01	0.00e+00	0.00e+00	0.00e+00	0.00e+00	0.00e+00
 3.76187e+14	2.09e-23	2.98e-17	1.04e-11	1.60e-07	1.75e-04	1.72e-02	9.83e-01	0.00e+00	0.00e+00	0.00e+00	0.00e+00	0.00e+00
 3.90411e+14	3.12e-23	4.20e-17	1.39e-11	1.99e-07	2.02e-04	1.86e-02	9.81e-01	0.00e+00	0.00e+00	0.00e+00	0.00e+00	0.00e+00
 4.05204e+14	4.43e-23	5.76e-17	1.85e-11	2.48e-07	2.34e-04	2.01e-02	9.80e-01	0.00e+00	0.00e+00	0.00e+00	0.00e+00	0.00e+00
 4.21442e+14	6.71e-23	8.26e-17	2.52e-11	3.14e-07	2.73e-04	2.17e-02	9.78e-01	0.00e+00	0.00e+00	0.00e+00	0.00e+00	0.00e+00
 4.37461e+14	9.59e-23	1.14e-16	3.35e-11	3.91e-07	3.16e-04	2.35e-02	9.76e-01	0.00e+00	0.00e+00	0.00e+00	0.00e+00	0.00e+00
 4.50682e+14	1.30e-22	1.49e-16	4.22e-11	4.66e-07	3.55e-04	2.50e-02	9.75e-01	0.00e+00	0.00e+00	0.00e+00	0.00e+00	0.00e+00
 4.61266e+14	1.64e-22	1.83e-16	5.05e-11	5.35e-07	3.89e-04	2.62e-02	9.73e-01	0.00e+00	0.00e+00	0.00e+00	0.00e+00	0.00e+00
 4.73000e+14	2.11e-22	2.28e-16	6.12e-11	6.20e-07	4.29e-04	2.76e-02	9.72e-01	0.00e+00	0.00e+00	0.00e+00	0.00e+00	0.00e+00
 4.88254e+14	2.85e-22	3.00e-16	7.81e-11	7.48e-07	4.86e-04	2.95e-02	9.70e-01	0.00e+00	0.00e+00	0.00e+00	0.00e+00	0.00e+00
 5.04608e+14	3.92e-22	4.00e-16	1.01e-10	9.09e-07	5.53e-04	3.17e-02	9.68e-01	0.00e+00	0.00e+00	0.00e+00	0.00e+00	0.00e+00
 5.19128e+14	5.23e-22	5.15e-16	1.25e-10	1.07e-06	6.17e-04	3.36e-02	9.66e-01	0.00e+00	0.00e+00	0.00e+00	0.00e+00	0.00e+00
 5.34744e+14	6.87e-22	6.62e-16	1.57e-10	1.28e-06	6.92e-04	3.58e-02	9.64e-01	0.00e+00	0.00e+00	0.00e+00	0.00e+00	0.00e+00
 5.54456e+14	9.75e-22	9.07e-16	2.07e-10	1.58e-06	7.97e-04	3.86e-02	9.61e-01	0.00e+00	0.00e+00	0.00e+00	0.00e+00	0.00e+00
 5.74472e+14	1.38e-21	1.24e-15	2.71e-10	1.95e-06	9.15e-04	4.16e-02	9.57e-01	0.00e+00	0.00e+00	0.00e+00	0.00e+00	0.00e+00
 5.91607e+14	1.84e-21	1.60e-15	3.39e-10	2.32e-06	1.02e-03	4.42e-02	9.55e-01	0.00e+00	0.00e+00	0.00e+00	0.00e+00	0.00e+00
 6.10020e+14	2.45e-21	2.09e-15	4.29e-10	2.78e-06	1.15e-03	4.72e-02	9.52e-01	0.00e+00	0.00e+00	0.00e+00	0.00e+00	0.00e+00
 6.32851e+14	3.47e-21	2.87e-15	5.68e-10	3.45e-06	1.33e-03	5.10e-02	9.48e-01	0.00e+00	0.00e+00	0.00e+00	0.00e+00	0.00e+00
 6.56097e+14	4.94e-21	3.95e-15	7.49e-10	4.27e-06	1.53e-03	5.50e-02	9.43e-01	0.00e+00	0.00e+00	0.00e+00	0.00e+00	0.00e+00
 6.76575e+14	6.63e-21	5.17e-15	9.48e-10	5.11e-06	1.72e-03	5.87e-02	9.40e-01	0.00e+00	0.00e+00	0.00e+00	0.00e+00	0.00e+00
 6.98780e+14	8.96e-21	6.82e-15	1.21e-09	6.18e-06	1.95e-03	6.28e-02	9.35e-01	0.00e+00	0.00e+00	0.00e+00	0.00e+00	0.00e+00
 7.25572e+14	1.29e-20	9.53e-15	1.62e-09	7.71e-06	2.25e-03	6.80e-02	9.30e-01	0.00e+00	0.00e+00	0.00e+00	0.00e+00	0.00e+00
 7.52158e+14	1.83e-20	1.31e-14	2.13e-09	9.52e-06	2.58e-03	7.33e-02	9.24e-01	0.00e+00	0.00e+00	0.00e+00	0.00e+00	0.00e+00
 7.75864e+14	2.45e-20	1.72e-14	2.71e-09	1.14e-05	2.90e-03	7.81e-02	9.19e-01	0.00e+00	0.00e+00	0.00e+00	0.00e+00	0.00e+00
 8.01997e+14	3.40e-20	2.31e-14	3.49e-09	1.39e-05	3.29e-03	8.37e-02	9.13e-01	0.00e+00	0.00e+00	0.00e+00	0.00e+00	0.00e+00
 8.33118e+14	4.91e-20	3.25e-14	4.68e-09	1.73e-05	3.79e-03	9.05e-02	9.06e-01	0.00e+00	0.00e+00	0.00e+00	0.00e+00	0.00e+00
 8.64042e+14	7.04e-20	4.51e-14	6.19e-09	2.14e-05	4.35e-03	9.75e-02	8.98e-01	0.00e+00	0.00e+00	0.00e+00	0.00e+00	0.00e+00
 8.92430e+14	9.56e-20	5.98e-14	7.94e-09	2.58e-05	4.91e-03	1.04e-01	8.91e-01	0.00e+00	0.00e+00	0.00e+00	0.00e+00	0.00e+00
 9.24204e+14	1.37e-19	8.29e-14	1.04e-08	3.17e-05	5.60e-03	1.12e-01	8.83e-01	0.00e+00	0.00e+00	0.00e+00	0.00e+00	0.00e+00
 9.61022e+14	2.02e-19	1.18e-13	1.41e-08	3.97e-05	6.47e-03	1.20e-01	8.73e-01	0.00e+00	0.00e+00	0.00e+00	0.00e+00	0.00e+00
 9.97208e+14	2.94e-19	1.66e-13	1.87e-08	4.92e-05	7.42e-03	1.29e-01	8.63e-01	0.00e+00	0.00e+00	0.00e+00	0.00e+00	0.00e+00
 1.03182e+15	4.14e-19	2.27e-13	2.43e-08	5.99e-05	8.41e-03	1.38e-01	8.53e-01	0.00e+00	0.00e+00	0.00e+00	0.00e+00	0.00e+00
 1.06215e+15	5.57e-19	2.96e-13	3.04e-08	7.08e-05	9.35e-03	1.46e-01	8.44e-01	0.00e+00	0.00e+00	0.00e+00	0.00e+00	0.00e+00
 1.08716e+15	7.07e-19	3.67e-13	3.64e-08	8.09e-05	1.02e-02	1.53e-01	8.37e-01	0.00e+00	0.00e+00	0.00e+00	0.00e+00	0.00e+00
 1.11469e+15	9.14e-19	4.63e-13	4.41e-08	9.34e-05	1.11e-02	1.60e-01	8.29e-01	0.00e+00	0.00e+00	0.00e+00	0.00e+00	0.00e+00
 1.15048e+15	1.26e-18	6.19e-13	5.63e-08	1.12e-04	1.25e-02	1.70e-01	8.18e-01	0.00e+00	0.00e+00	0.00e+00	0.00e+00	0.00e+00
 1.18819e+15	1.77e-18	8.39e-13	7.22e-08	1.35e-04	1.40e-02	1.80e-01	8.06e-01	0.00e+00	0.00e+00	0.00e+00	0.00e+00	0.00e+00
 1.22069e+15	2.34e-18	1.08e-12	8.88e-08	1.57e-04	1.54e-02	1.89e-01	7.96e-01	0.00e+00	0.00e+00	0.00e+00	0.00e+00	0.00e+00
 1.25523e+15	3.12e-18	1.40e-12	1.10e-07	1.83e-04	1.71e-02	1.98e-01	7.85e-01	0.00e+00	0.00e+00	0.00e+00	0.00e+00	0.00e+00
 1.30013e+15	4.55e-18	1.95e-12	1.44e-07	2.24e-04	1.93e-02	2.11e-01	7.70e-01	0.00e+00	0.00e+00	0.00e+00	0.00e+00	0.00e+00
 1.34649e+15	6.51e-18	2.70e-12	1.88e-07	2.72e-04	2.18e-02	2.24e-01	7.54e-01	0.00e+00	0.00e+00	0.00e+00	0.00e+00	0.00e+00
 1.38525e+15	8.89e-18	3.53e-12	2.34e-07	3.19e-04	2.41e-02	2.34e-01	7.41e-01	0.00e+00	0.00e+00	0.00e+00	0.00e+00	0.00e+00
 1.42613e+15	1.21e-17	4.64e-12	2.91e-07	3.75e-04	2.66e-02	2.45e-01	7.28e-01	0.00e+00	0.00e+00	0.00e+00	0.00e+00	0.00e+00
 1.47823e+15	1.77e-17	6.50e-12	3.83e-07	4.57e-04	3.00e-02	2.60e-01	7.10e-01	0.00e+00	0.00e+00	0.00e+00	0.00e+00	0.00e+00
 1.53312e+15	2.66e-17	9.16e-12	5.04e-07	5.57e-04	3.40e-02	2.74e-01	6.91e-01	0.00e+00	0.00e+00	1.52e-17	8.07e-18	2.85e-18
 1.58214e+15	3.73e-17	1.23e-11	6.38e-07	6.61e-04	3.77e-02	2.87e-01	6.74e-01	0.00e+00	0.00e+00	2.13e-17	1.14e-17	3.98e-18
 1.63535e+15	5.28e-17	1.67e-11	8.16e-07	7.90e-04	4.20e-02	3.01e-01	6.56e-01	0.00e+00	0.00e+00	3.03e-17	1.61e-17	5.61e-18
 1.69875e+15	8.02e-17	2.39e-11	1.08e-06	9.68e-04	4.75e-02	3.17e-01	6.34e-01	0.00e+00	0.00e+00	4.60e-17	2.44e-17	8.47e-18
 1.76135e+15	1.18e-16	3.33e-11	1.42e-06	1.17e-03	5.32e-02	3.32e-01	6.13e-01	0.00e+00	0.00e+00	6.75e-17	3.57e-17	1.24e-17
 1.81811e+15	1.66e-16	4.47e-11	1.79e-06	1.38e-03	5.88e-02	3.46e-01	5.94e-01	0.00e+00	0.00e+00	9.54e-17	5.04e-17	1.74e-17
 1.88135e+15	2.33e-16	6.03e-11	2.29e-06	1.65e-03	6.53e-02	3.60e-01	5.73e-01	0.00e+00	0.00e+00	1.34e-16	7.07e-17	2.43e-17
 1.95545e+15	3.65e-16	8.76e-11	3.04e-06	2.01e-03	7.34e-02	3.76e-01	5.48e-01	0.00e+00	0.00e+00	2.10e-16	1.11e-16	3.78e-17
 2.02857e+15	5.43e-16	1.23e-10	3.95e-06	2.42e-03	8.18e-02	3.91e-01	5.25e-01	0.00e+00	0.00e+00	3.13e-16	1.65e-16	5.62e-17
 2.09735e+15	7.81e-16	1.66e-10	5.01e-06	2.86e-03	9.01e-02	4.04e-01	5.03e-01	0.00e+00	0.00e+00	4.50e-16	2.37e-16	8.04e-17
 2.17401e+15	1.11e-15	2.26e-10	6.46e-06	3.42e-03	9.97e-02	4.17e-01	4.80e-01	0.00e+00	0.00e+00	6.42e-16	3.38e-16	1.14e-16
 2.26100e+15	1.78e-15	3.31e-10	8.52e-06	4.15e-03	1.11e-01	4.31e-01	4.53e-01	0.00e+00	0.00e+00	1.03e-15	5.40e-16	1.82e-16
 2.33375e+15	2.51e-15	4.39e-10	1.06e-05	4.82e-03	1.21e-01	4.41e-01	4.33e-01	0.00e+00	0.00e+00	1.45e-15	7.61e-16	2.56e-16
 2.38575e+15	3.18e-15	5.35e-10	1.23e-05	5.35e-03	1.28e-01	4.48e-01	4.18e-01	0.00e+00	0.00e+00	1.84e-15	9.65e-16	3.24e-16
 2.44006e+15	4.06e-15	6.53e-10	1.44e-05	5.95e-03	1.36e-01	4.55e-01	4.03e-01	0.00e+00	0.00e+00	2.35e-15	1.23e-15	4.12e-16
 2.51067e+15	5.31e-15	8.23e-10	1.75e-05	6.79e-03	1.46e-01	4.62e-01	3.85e-01	0.00e+00	0.00e+00	3.07e-15	1.61e-15	5.39e-16
 2.58958e+15	7.71e-15	1.10e-09	2.15e-05	7.84e-03	1.58e-01	4.70e-01	3.64e-01	0.00e+00	0.00e+00	4.46e-15	2.34e-15	7.80e-16
 2.66342e+15	1.03e-14	1.40e-09	2.60e-05	8.90e-03	1.69e-01	4.76e-01	3.46e-01	0.00e+00	0.00e+00	5.96e-15	3.13e-15	1.04e-15
 2.74354e+15	1.38e-14	1.78e-09	3.16e-05	1.02e-02	1.81e-01	4.81e-01	3.28e-01	0.00e+00	0.00e+00	7.96e-15	4.17e-15	1.39e-15
 2.83348e+15	2.02e-14	2.41e-09	3.91e-05	1.17e-02	1.95e-01	4.86e-01	3.07e-01	0.00e+00	0.00e+00	1.17e-14	6.13e-15	2.03e-15
 2.91839e+15	2.74e-14	3.08e-09	4.73e-05	1.33e-02	2.09e-01	4.89e-01	2.89e-01	0.00e+00	0.00e+00	1.58e-14	8.30e-15	2.75e-15
 3.01096e+15	3.70e-14	3.95e-09	5.77e-05	1.52e-02	2.23e-01	4.91e-01	2.71e-01	0.00e+00	0.00e+00	2.14e-14	1.12e-14	3.71e-15
 3.11496e+15	5.53e-14	5.39e-09	7.18e-05	1.75e-02	2.39e-01	4.92e-01	2.51e-01	0.00e+00	0.00e+00	3.21e-14	1.68e-14	5.54e-15
 3.21349e+15	7.59e-14	6.94e-09	8.72e-05	1.99e-02	2.55e-01	4.91e-01	2.34e-01	0.00e+00	0.00e+00	4.40e-14	2.30e-14	7.60e-15
 3.32125e+15	1.04e-13	8.97e-09	1.07e-04	2.27e-02	2.72e-01	4.90e-01	2.16e-01	0.00e+00	0.00e+00	6.02e-14	3.15e-14	1.04e-14
 3.44107e+15	1.58e-13	1.23e-08	1.33e-04	2.62e-02	2.90e-01	4.86e-01	1.97e-01	0.00e+00	0.00e+00	9.16e-14	4.80e-14	1.58e-14
 3.55221e+15	2.20e-13	1.60e-08	1.61e-04	2.96e-02	3.07e-01	4.82e-01	1.82e-01	0.00e+00	0.00e+00	1.28e-13	6.68e-14	2.19e-14
 3.67233e+15	3.07e-13	2.08e-08	1.97e-04	3.36e-02	3.25e-01	4.75e-01	1.66e-01	0.00e+00	0.00e+00	1.78e-13	9.34e-14	3.06e-14
 3.80601e+15	4.29e-13	2.71e-08	2.43e-04	3.84e-02	3.44e-01	4.67e-01	1.50e-01	0.00e+00	0.00e+00	2.49e-13	1.30e-13	4.27e-14
 3.93152e+15	6.32e-13	3.61e-08	2.95e-04	4.33e-02	3.61e-01	4.58e-01	1.37e-01	0.00e+00	0.00e+00	3.67e-13	1.92e-13	6.29e-14
 4.06890e+15	8.89e-13	4.70e-08	3.60e-04	4.89e-02	3.80e-01	4.48e-01	1.23e-01	0.00e+00	0.00e+00	5.16e-13	2.70e-13	8.82e-14
 4.22066e+15	1.24e-12	6.13e-08	4.43e-04	5.56e-02	3.99e-01	4.35e-01	1.10e-01	0.00e+00	0.00e+00	7.22e-13	3.78e-13	1.23e-13
 4.36250e+15	1.75e-12	7.95e-08	5.34e-04	6.22e-02	4.16e-01	4.23e-01	9.85e-02	0.00e+00	0.00e+00	1.01e-12	5.31e-13	1.73e-13
 4.49380e+15	2.38e-12	1.00e-07	6.31e-04	6.88e-02	4.31e-01	4.11e-01	8.91e-02	0.00e+00	0.00e+00	1.38e-12	7.23e-13	2.36e-13
 4.64002e+15	3.29e-12	1.28e-07	7.55e-04	7.64e-02	4.47e-01	3.97e-01	7.96e-02	0.00e+00	0.00e+00	1.91e-12	1.00e-12	3.26e-13
 4.80350e+15	4.66e-12	1.66e-07	9.13e-04	8.54e-02	4.63e-01	3.81e-01	7.03e-02	0.00e+00	0.00e+00	2.70e-12	1.42e-12	4.61e-13
 4.95758e+15	6.44e-12	2.12e-07	1.08e-03	9.43e-02	4.77e-01	3.66e-01	6.24e-02	0.00e+00	0.00e+00	3.74e-12	1.96e-12	6.37e-13
 5.08933e+15	8.82e-12	2.65e-07	1.25e-03	1.02e-01	4.88e-01	3.53e-01	5.63e-02	0.00e+00	0.00e+00	5.13e-12	2.68e-12	8.73e-13
 5.20142e+15	1.10e-11	3.12e-07	1.41e-03	1.09e-01	4.96e-01	3.42e-01	5.17e-02	0.00e+00	0.00e+00	6.38e-12	3.34e-12	1.09e-12
 5.32471e+15	1.38e-11	3.71e-07	1.59e-03	1.17e-01	5.05e-01	3.30e-01	4.70e-02	0.00e+00	0.00e+00	8.01e-12	4.19e-12	1.36e-12
 5.48499e+15	1.89e-11	4.67e-07	1.87e-03	1.28e-01	5.15e-01	3.14e-01	4.15e-02	0.00e+00	0.00e+00	1.10e-11	5.76e-12	1.87e-12
 5.65169e+15	2.42e-11	5.67e-07	2.18e-03	1.39e-01	5.24e-01	2.98e-01	3.66e-02	0.00e+00	0.00e+00	1.41e-11	7.37e-12	2.39e-12
 5.80388e+15	3.34e-11	7.11e-07	2.52e-03	1.50e-01	5.31e-01	2.84e-01	3.24e-02	0.00e+00	0.00e+00	1.94e-11	1.02e-11	3.30e-12
 5.95121e+15	4.30e-11	8.55e-07	2.87e-03	1.61e-01	5.37e-01	2.71e-01	2.90e-02	0.00e+00	0.00e+00	2.50e-11	1.31e-11	4.25e-12
 6.11509e+15	5.39e-11	1.02e-06	3.30e-03	1.73e-01	5.42e-01	2.56e-01	2.56e-02	0.00e+00	0.00e+00	3.13e-11	1.64e-11	5.33e-12
 6.32815e+15	8.09e-11	1.36e-06	3.96e-03	1.89e-01	5.47e-01	2.38e-01	2.16e-02	0.00e+00	0.00e+00	4.70e-11	2.46e-11	8.00e-12
 6.53524e+15	1.05e-10	1.67e-06	4.65e-03	2.05e-01	5.50e-01	2.21e-01	1.85e-02	0.00e+00	0.00e+00	6.10e-11	3.19e-11	1.04e-11
 6.69396e+15	1.42e-10	2.05e-06	5.28e-03	2.19e-01	5.51e-01	2.09e-01	1.63e-02	0.00e+00	0.00e+00	8.25e-11	4.32e-11	1.40e-11
 6.85968e+15	1.83e-10	2.47e-06	6.00e-03	2.32e-01	5.51e-01	1.96e-01	1.43e-02	0.00e+00	0.00e+00	1.07e-10	5.58e-11	1.81e-11
 7.07512e+15	2.38e-10	3.03e-06	7.03e-03	2.50e-01	5.50e-01	1.81e-01	1.21e-02	0.00e+00	0.00e+00	1.38e-10	7.23e-11	2.35e-11
 7.30037e+15	3.50e-10	3.96e-06	8.31e-03	2.70e-01	5.46e-01	1.66e-01	1.01e-02	0.00e+00	0.00e+00	2.03e-10	1.07e-10	3.46e-11
 7.48825e+15	4.55e-10	4.80e-06	9.48e-03	2.86e-01	5.42e-01	1.54e-01	8.75e-03	0.00e+00	0.00e+00	2.65e-10	1.39e-10	4.51e-11
 7.65488e+15	5.76e-10	5.70e-06	1.06e-02	3.01e-01	5.37e-01	1.44e-01	7.67e-03	0.00e+00	0.00e+00	3.35e-10	1.76e-10	5.70e-11
 7.84402e+15	7.55e-10	6.93e-06	1.22e-02	3.18e-01	5.31e-01	1.33e-01	6.58e-03	0.00e+00	0.00e+00	4.39e-10	2.30e-10	7.47e-11
 8.05432e+15	9.47e-10	8.28e-06	1.40e-02	3.37e-01	5.22e-01	1.22e-01	5.60e-03	0.00e+00	0.00e+00	5.51e-10	2.89e-10	9.38e-11
 8.25246e+15	1.32e-09	1.04e-05	1.60e-02	3.55e-01	5.13e-01	1.11e-01	4.74e-03	0.00e+00	0.00e+00	7.70e-10	4.04e-10	1.31e-10
 8.43089e+15	1.65e-09	1.23e-05	1.80e-02	3.71e-01	5.04e-01	1.03e-01	4.11e-03	0.00e+00	0.00e+00	9.58e-10	5.02e-10	1.63e-10
 8.62340e+15	2.06e-09	1.45e-05	2.04e-02	3.89e-01	4.93e-01	9.43e-02	3.51e-03	0.00e+00	0.00e+00	1.20e-09	6.28e-10	2.04e-10
 8.83775e+15	2.95e-09	1.86e-05	2.36e-02	4.09e-01	4.80e-01	8.50e-02	2.92e-03	0.00e+00	0.00e+00	1.71e-09	8.99e-10	2.92e-10
 9.02889e+15	3.71e-09	2.21e-05	2.67e-02	4.26e-01	4.67e-01	7.77e-02	2.49e-03	0.00e+00	0.00e+00	2.16e-09	1.13e-09	3.68e-10
 9.19958e+15	4.52e-09	2.58e-05	2.98e-02	4.42e-01	4.55e-01	7.14e-02	2.16e-03	0.00e+00	0.00e+00	2.63e-09	1.38e-09	4.49e-10
 9.39529e+15	6.38e-09	3.26e-05	3.42e-02	4.60e-01	4.40e-01	6.43e-02	1.80e-03	0.00e+00	0.00e+00	3.71e-09	1.95e-09	6.34e-10
 9.60061e+15	7.83e-09	3.84e-05	3.90e-02	4.78e-01	4.24e-01	5.79e-02	1.51e-03	0.00e+00	0.00e+00	4.56e-09	2.39e-09	7.78e-10
 9.78321e+15	1.10e-08	4.84e-05	4.43e-02	4.94e-01	4.08e-01	5.22e-02	1.27e-03	0.00e+00	0.00e+00	6.39e-09	3.35e-09	1.09e-09
 9.93067e+15	1.35e-08	5.63e-05	4.90e-02	5.06e-01	3.96e-01	4.80e-02	1.10e-03	0.00e+00	0.00e+00	7.85e-09	4.12e-09	1.34e-09
 1.00677e+16	1.67e-08	6.57e-05	5.41e-02	5.18e-01	3.83e-01	4.42e-02	9.64e-04	0.00e+00	0.00e+00	9.72e-09	5.10e-09	1.66e-09
 1.02458e+16	2.15e-08	7.93e-05	6.14e-02	5.32e-01	3.66e-01	3.96e-02	8.10e-04	0.00e+00	0.00e+00	1.25e-08	6.57e-09	2.14e-09
 1.04407e+16	2.91e-08	9.88e-05	7.08e-02	5.47e-01	3.46e-01	3.49e-02	6.63e-04	0.00e+00	0.00e+00	1.69e-08	8.88e-09	2.90e-09
 1.06122e+16	3.64e-08	1.17e-04	8.03e-02	5.59e-01	3.29e-01	3.11e-02	5.56e-04	0.00e+00	0.00e+00	2.12e-08	1.11e-08	3.63e-09
 1.07634e+16	4.68e-08	1.41e-04	9.03e-02	5.69e-01	3.12e-01	2.79e-02	4.70e-04	0.00e+00	0.00e+00	2.72e-08	1.43e-08	4.67e-09
 1.09038e+16	6.57e-08	1.77e-04	1.02e-01	5.77e-01	2.96e-01	2.49e-02	3.93e-04	0.00e+00	0.00e+00	3.82e-08	2.01e-08	6.56e-09
 1.10332e+16	8.26e-08	2.10e-04	1.13e-01	5.83e-01	2.81e-01	2.24e-02	3.36e-04	0.00e+00	0.00e+00	4.81e-08	2.53e-08	8.25e-09
 1.11776e+16	1.00e-07	2.45e-04	1.28e-01	5.88e-01	2.64e-01	1.99e-02	2.81e-04	0.00e+00	0.00e+00	5.82e-08	3.06e-08	9.99e-09
 1.13654e+16	1.54e-07	3.32e-04	1.52e-01	5.92e-01	2.39e-01	1.66e-02	2.15e-04	0.00e+00	0.00e+00	8.97e-08	4.72e-08	1.54e-08
 1.15343e+16	2.19e-07	4.28e-04	1.77e-01	5.91e-01	2.17e-01	1.39e-02	1.67e-04	0.00e+00	0.00e+00	1.27e-07	6.69e-08	2.19e-08
 1.16367e+16	2.77e-07	5.07e-04	1.96e-01	5.88e-01	2.03e-01	1.24e-02	1.41e-04	0.00e+00	0.00e+00	1.61e-07	8.48e-08	2.78e-08
 1.17131e+16	3.39e-07	5.83e-04	2.12e-01	5.84e-01	1.92e-01	1.12e-02	1.23e-04	0.00e+00	0.00e+00	1.97e-07	1.04e-07	3.40e-08
 1.17977e+16	4.19e-07	6.79e-04	2.32e-01	5.78e-01	1.79e-01	1.00e-02	1.05e-04	0.00e+00	0.00e+00	2.44e-07	1.28e-07	4.21e-08
 1.19076e+16	5.03e-07	7.85e-04	2.59e-01	5.69e-01	1.63e-01	8.61e-03	8.56e-05	0.00e+00	0.00e+00	2.92e-07	1.54e-07	5.04e-08
 1.20506e+16	7.83e-07	1.07e-03	3.04e-01	5.48e-01	1.40e-01	6.78e-03	6.16e-05	0.00e+00	0.00e+00	4.55e-07	2.40e-07	7.86e-08
 1.21584e+16	9.78e-07	1.26e-03	3.40e-01	5.29e-01	1.24e-01	5.64e-03	4.83e-05	0.00e+00	0.00e+00	5.69e-07	3.00e-07	9.83e-08
 1.22033e+16	1.22e-06	1.46e-03	3.59e-01	5.17e-01	1.17e-01	5.11e-03	4.20e-05	0.00e+00	0.00e+00	7.07e-07	3.72e-07	1.22e-07
 1.22356e+16	1.33e-06	1.55e-03	3.73e-01	5.10e-01	1.11e-01	4.78e-03	3.85e-05	0.00e+00	0.00e+00	7.74e-07	4.08e-07	1.34e-07
 1.22694e+16	1.48e-06	1.67e-03	3.88e-01	5.00e-01	1.06e-01	4.42e-03	3.48e-05	0.00e+00	0.00e+00	8.59e-07	4.52e-07	1.49e-07
 1.23133e+16	1.62e-06	1.79e-03	4.07e-01	4.88e-01	9.88e-02	4.01e-03	3.07e-05	0.00e+00	0.00e+00	9.41e-07	4.96e-07	1.63e-07
 1.23703e+16	2.00e-06	2.07e-03	4.35e-01	4.70e-01	8.95e-02	3.46e-03	2.53e-05	0.00e+00	0.00e+00	1.16e-06	6.12e-07	2.01e-07
 1.24275e+16	2.38e-06	2.33e-03	4.64e-01	4.50e-01	8.07e-02	2.98e-03	2.08e-05	0.00e+00	0.00e+00	1.38e-06	7.29e-07	2.40e-07
 1.24750e+16	2.67e-06	2.54e-03	4.88e-01	4.33e-01	7.35e-02	2.61e-03	1.76e-05	0.00e+00	0.00e+00	1.55e-06	8.19e-07	2.70e-07
 1.25269e+16	3.15e-06	2.84e-03	5.17e-01	4.12e-01	6.55e-02	2.22e-03	1.44e-05	0.00e+00	0.00e+00	1.83e-06	9.67e-07	3.18e-07
 1.25838e+16	3.78e-06	3.22e-03	5.50e-01	3.88e-01	5.74e-02	1.85e-03	1.13e-05	0.00e+00	0.00e+00	2.20e-06	1.16e-06	3.82e-07
 1.26348e+16	4.49e-06	3.61e-03	5.80e-01	3.65e-01	5.04e-02	1.54e-03	9.01e-06	0.00e+00	0.00e+00	2.61e-06	1.38e-06	4.55e-07
 1.26796e+16	5.41e-06	4.07e-03	6.07e-01	3.43e-01	4.45e-02	1.29e-03	7.18e-06	0.00e+00	0.00e+00	3.15e-06	1.66e-06	5.48e-07
 1.27203e+16	6.17e-06	4.44e-03	6.31e-01	3.23e-01	3.95e-02	1.10e-03	5.87e-06	0.00e+00	0.00e+00	3.59e-06	1.89e-06	6.25e-07
 1.27645e+16	7.20e-06	4.91e-03	6.59e-01	3.01e-01	3.43e-02	9.05e-04	4.60e-06	0.00e+00	0.00e+00	4.19e-06	2.21e-06	7.30e-07
 1.28220e+16	8.73e-06	5.55e-03	6.93e-01	2.73e-01	2.82e-02	6.92e-04	3.29e-06	0.00e+00	0.00e+00	5.07e-06	2.68e-06	8.86e-07
 1.28811e+16	1.05e-05	6.25e-03	7.26e-01	2.44e-01	2.29e-02	5.21e-04	2.31e-06	0.00e+00	0.00e+00	6.12e-06	3.24e-06	1.07e-06
 1.29300e+16	1.23e-05	6.88e-03	7.52e-01	2.21e-01	1.90e-02	4.05e-04	1.69e-06	0.00e+00	0.00e+00	7.13e-06	3.77e-06	1.25e-06
 1.29814e+16	1.45e-05	7.62e-03	7.79e-01	1.98e-01	1.53e-02	3.03e-04	1.18e-06	0.00e+00	0.00e+00	8.42e-06	4.46e-06	1.48e-06
 1.30389e+16	1.73e-05	8.47e-03	8.06e-01	1.73e-01	1.20e-02	2.17e-04	7.86e-07	0.00e+00	0.00e+00	1.00e-05	5.32e-06	1.76e-06
 1.30940e+16	2.04e-05	9.32e-03	8.30e-01	1.51e-01	9.39e-03	1.56e-04	0.00e+00	0.00e+00	0.00e+00	1.18e-05	6.26e-06	2.08e-06
 1.31553e+16	2.43e-05	1.03e-02	8.53e-01	1.29e-01	7.03e-03	1.06e-04	0.00e+00	0.00e+00	0.00e+00	1.41e-05	7.49e-06	2.49e-06
 1.32234e+16	2.93e-05	1.15e-02	8.75e-01	1.08e-01	5.08e-03	6.81e-05	0.00e+00	0.00e+00	0.00e+00	1.70e-05	9.01e-06	3.00e-06
 1.32892e+16	3.48e-05	1.26e-02	8.93e-01	9.10e-02	3.68e-03	4.39e-05	0.00e+00	0.00e+00	0.00e+00	2.03e-05	1.07e-05	3.58e-06
 1.33634e+16	4.21e-05	1.39e-02	9.09e-01	7.41e-02	2.53e-03	2.63e-05	0.00e+00	0.00e+00	0.00e+00	2.45e-05	1.30e-05	4.33e-06
 1.34599e+16	5.30e-05	1.57e-02	9.26e-01	5.68e-02	1.55e-03	1.34e-05	0.00e+00	0.00e+00	0.00e+00	3.08e-05	1.63e-05	5.47e-06
 1.35420e+16	6.40e-05	1.73e-02	9.36e-01	4.59e-02	1.06e-03	7.85e-06	0.00e+00	0.00e+00	0.00e+00	3.72e-05	1.97e-05	6.60e-06
 1.35879e+16	7.09e-05	1.82e-02	9.40e-01	4.08e-02	8.50e-04	5.80e-06	0.00e+00	0.00e+00	0.00e+00	4.12e-05	2.18e-05	7.32e-06
 1.36303e+16	7.79e-05	1.91e-02	9.44e-01	3.64e-02	6.89e-04	4.31e-06	0.00e+00	0.00e+00	0.00e+00	4.53e-05	2.40e-05	8.04e-06
 1.36854e+16	8.75e-05	2.03e-02	9.48e-01	3.14e-02	5.26e-04	2.95e-06	0.00e+00	0.00e+00	0.00e+00	5.09e-05	2.70e-05	9.05e-06
 1.37570e+16	1.02e-04	2.19e-02	9.52e-01	2.60e-02	3.73e-04	1.81e-06	0.00e+00	0.00e+00	0.00e+00	5.94e-05	3.15e-05	1.06e-05
