#depth	He	He+	He+2
 1.49634e+10	2.61e-22	1.29e-11	1.00e+00
 4.54887e+10	2.98e-22	1.40e-11	1.00e+00
 7.72350e+10	3.39e-22	1.52e-11	1.00e+00
 1.10251e+11	3.87e-22	1.65e-11	1.00e+00
 1.44588e+11	4.42e-22	1.80e-11	1.00e+00
 1.80298e+11	5.05e-22	1.95e-11	1.00e+00
 2.17437e+11	5.78e-22	2.12e-11	1.00e+00
 2.56061e+11	6.63e-22	2.31e-11	1.00e+00
 2.96231e+11	7.61e-22	2.51e-11	1.00e+00
 3.34064e+11	8.65e-22	2.71e-11	1.00e+00
 3.68004e+11	9.65e-22	2.90e-11	1.00e+00
 4.06148e+11	1.09e-21	3.12e-11	1.00e+00
 4.51225e+11	1.25e-21	3.39e-11	1.00e+00
 4.96467e+11	1.43e-21	3.67e-11	1.00e+00
 5.39074e+11	1.62e-21	3.96e-11	1.00e+00
 5.86120e+11	1.85e-21	4.28e-11	1.00e+00
 6.39492e+11	2.14e-21	4.68e-11	1.00e+00
 6.92954e+11	2.47e-21	5.09e-11	1.00e+00
 7.48554e+11	2.84e-21	5.54e-11	1.00e+00
 8.08423e+11	3.30e-21	6.05e-11	1.00e+00
 8.64588e+11	3.78e-21	6.56e-11	1.00e+00
 9.14764e+11	4.24e-21	7.03e-11	1.00e+00
 9.71187e+11	4.81e-21	7.60e-11	1.00e+00
 1.03810e+12	5.57e-21	8.30e-11	1.00e+00
 1.10529e+12	6.42e-21	9.04e-11	1.00e+00
 1.16822e+12	7.29e-21	9.78e-11	1.00e+00
 1.23792e+12	8.35e-21	1.06e-10	1.00e+00
 1.31736e+12	9.71e-21	1.17e-10	1.00e+00
 1.39551e+12	1.12e-20	1.27e-10	1.00e+00
 1.47679e+12	1.29e-20	1.39e-10	1.00e+00
 1.56579e+12	1.50e-20	1.53e-10	1.00e+00
 1.65517e+12	1.73e-20	1.68e-10	1.00e+00
 1.74811e+12	1.99e-20	1.84e-10	1.00e+00
 1.84797e+12	2.31e-20	2.03e-10	1.00e+00
 1.94691e+12	2.66e-20	2.23e-10	1.00e+00
 2.04982e+12	3.05e-20	2.45e-10	1.00e+00
 2.16174e+12	3.53e-20	2.70e-10	1.00e+00
 2.27813e+12	4.07e-20	2.99e-10	1.00e+00
 2.39919e+12	4.68e-20	3.30e-10	1.00e+00
 2.52508e+12	5.38e-20	3.65e-10	1.00e+00
 2.65601e+12	6.18e-20	4.04e-10	1.00e+00
 2.77459e+12	6.96e-20	4.42e-10	1.00e+00
 2.87365e+12	7.65e-20	4.75e-10	1.00e+00
 2.98228e+12	8.45e-20	5.13e-10	1.00e+00
 3.11951e+12	9.54e-20	5.64e-10	1.00e+00
 3.26254e+12	1.08e-19	6.21e-10	1.00e+00
 3.38426e+12	1.19e-19	6.72e-10	1.00e+00
 3.50966e+12	1.31e-19	7.27e-10	1.00e+00
 3.66711e+12	1.47e-19	8.01e-10	1.00e+00
 3.82693e+12	1.65e-19	8.80e-10	1.00e+00
 3.96450e+12	1.82e-19	9.52e-10	1.00e+00
 4.11247e+12	2.00e-19	1.03e-09	1.00e+00
 4.29498e+12	2.25e-19	1.14e-09	1.00e+00
 4.48187e+12	2.52e-19	1.25e-09	1.00e+00
 4.65087e+12	2.78e-19	1.36e-09	1.00e+00
 4.83716e+12	3.10e-19	1.49e-09	1.00e+00
 5.05626e+12	3.51e-19	1.65e-09	1.00e+00
 5.27531e+12	3.96e-19	1.81e-09	1.00e+00
 5.48385e+12	4.44e-19	1.98e-09	1.00e+00
 5.71387e+12	5.01e-19	2.17e-09	1.00e+00
 5.97236e+12	5.74e-19	2.40e-09	1.00e+00
 6.20501e+12	6.48e-19	2.62e-09	1.00e+00
 6.39714e+12	7.15e-19	2.81e-09	1.00e+00
 6.60699e+12	7.95e-19	3.02e-09	1.00e+00
 6.87507e+12	9.08e-19	3.30e-09	1.00e+00
 7.14570e+12	1.04e-18	3.61e-09	1.00e+00
 7.36965e+12	1.16e-18	3.87e-09	1.00e+00
 7.60609e+12	1.29e-18	4.15e-09	1.00e+00
 7.90948e+12	1.49e-18	4.54e-09	1.00e+00
 8.22759e+12	1.73e-18	4.96e-09	1.00e+00
 8.50630e+12	1.96e-18	5.34e-09	1.00e+00
 8.80612e+12	2.24e-18	5.78e-09	1.00e+00
 9.17005e+12	2.62e-18	6.33e-09	1.00e+00
 9.52210e+12	3.04e-18	6.89e-09	1.00e+00
 9.81832e+12	3.43e-18	7.37e-09	1.00e+00
 1.01372e+13	3.90e-18	7.92e-09	1.00e+00
 1.05387e+13	4.57e-18	8.64e-09	1.00e+00
 1.09510e+13	5.35e-18	9.42e-09	1.00e+00
 1.13097e+13	6.12e-18	1.01e-08	1.00e+00
 1.16959e+13	7.03e-18	1.09e-08	1.00e+00
 1.21674e+13	8.29e-18	1.19e-08	1.00e+00
 1.26417e+13	9.74e-18	1.30e-08	1.00e+00
 1.30649e+13	1.12e-17	1.39e-08	1.00e+00
 1.35300e+13	1.30e-17	1.50e-08	1.00e+00
 1.40838e+13	1.54e-17	1.64e-08	1.00e+00
 1.46368e+13	1.81e-17	1.79e-08	1.00e+00
 1.51509e+13	2.09e-17	1.93e-08	1.00e+00
 1.57258e+13	2.45e-17	2.09e-08	1.00e+00
 1.63848e+13	2.92e-17	2.29e-08	1.00e+00
 1.70386e+13	3.44e-17	2.49e-08	1.00e+00
 1.77186e+13	4.07e-17	2.71e-08	1.00e+00
 1.84573e+13	4.83e-17	2.96e-08	1.00e+00
 1.92255e+13	5.73e-17	3.22e-08	1.00e+00
 1.99546e+13	6.70e-17	3.49e-08	1.00e+00
 2.06112e+13	7.68e-17	3.74e-08	1.00e+00
 2.12249e+13	8.70e-17	3.98e-08	1.00e+00
 2.19026e+13	9.91e-17	4.26e-08	1.00e+00
 2.26649e+13	1.14e-16	4.57e-08	1.00e+00
 2.33931e+13	1.30e-16	4.89e-08	1.00e+00
 2.41960e+13	1.50e-16	5.24e-08	1.00e+00
 2.50909e+13	1.74e-16	5.66e-08	1.00e+00
 2.59149e+13	1.99e-16	6.05e-08	1.00e+00
 2.66780e+13	2.24e-16	6.42e-08	1.00e+00
 2.75523e+13	2.56e-16	6.86e-08	1.00e+00
 2.86224e+13	2.98e-16	7.42e-08	1.00e+00
 2.96909e+13	3.47e-16	8.00e-08	1.00e+00
 3.06211e+13	3.93e-16	8.52e-08	1.00e+00
 3.16275e+13	4.47e-16	9.09e-08	1.00e+00
 3.28552e+13	5.20e-16	9.81e-08	1.00e+00
 3.41061e+13	6.05e-16	1.06e-07	1.00e+00
 3.52377e+13	6.89e-16	1.13e-07	1.00e+00
 3.64787e+13	7.89e-16	1.21e-07	1.00e+00
 3.79386e+13	9.20e-16	1.31e-07	1.00e+00
 3.93947e+13	1.07e-15	1.41e-07	1.00e+00
 4.07646e+13	1.22e-15	1.51e-07	1.00e+00
 4.22807e+13	1.41e-15	1.62e-07	1.00e+00
 4.40019e+13	1.64e-15	1.75e-07	1.00e+00
 4.57350e+13	1.91e-15	1.89e-07	1.00e+00
 4.75375e+13	2.22e-15	2.04e-07	1.00e+00
 4.94689e+13	2.59e-15	2.21e-07	1.00e+00
 5.14776e+13	3.02e-15	2.39e-07	1.00e+00
 5.34183e+13	3.49e-15	2.57e-07	1.00e+00
 5.52376e+13	3.97e-15	2.74e-07	1.00e+00
 5.69569e+13	4.46e-15	2.91e-07	1.00e+00
 5.88354e+13	5.05e-15	3.10e-07	1.00e+00
 6.09210e+13	5.79e-15	3.32e-07	1.00e+00
 6.28693e+13	6.53e-15	3.53e-07	1.00e+00
 6.49956e+13	7.41e-15	3.76e-07	1.00e+00
 6.75362e+13	8.59e-15	4.06e-07	1.00e+00
 7.00420e+13	9.91e-15	4.37e-07	1.00e+00
 7.22983e+13	1.12e-14	4.64e-07	1.00e+00
 7.48037e+13	1.27e-14	4.96e-07	1.00e+00
 7.77592e+13	1.48e-14	5.36e-07	1.00e+00
 8.07500e+13	1.71e-14	5.77e-07	1.00e+00
 8.38603e+13	1.98e-14	6.23e-07	1.00e+00
 8.69386e+13	2.27e-14	6.69e-07	1.00e+00
 8.96465e+13	2.56e-14	7.11e-07	1.00e+00
 9.26103e+13	2.90e-14	7.59e-07	1.00e+00
 9.61861e+13	3.37e-14	8.19e-07	1.00e+00
 9.97458e+13	3.87e-14	8.81e-07	1.00e+00
 1.02935e+14	4.38e-14	9.40e-07	1.00e+00
 1.06454e+14	4.97e-14	1.00e-06	1.00e+00
 1.10626e+14	5.78e-14	1.09e-06	1.00e+00
 1.14741e+14	6.66e-14	1.17e-06	1.00e+00
 1.18500e+14	7.52e-14	1.25e-06	1.00e+00
 1.22704e+14	8.61e-14	1.34e-06	1.00e+00
 1.27597e+14	1.00e-13	1.45e-06	1.00e+00
 1.32405e+14	1.15e-13	1.56e-06	1.00e+00
 1.36953e+14	1.31e-13	1.67e-06	1.00e+00
 1.42009e+14	1.50e-13	1.80e-06	1.00e+00
 1.47719e+14	1.74e-13	1.95e-06	1.00e+00
 1.53441e+14	2.01e-13	2.11e-06	1.00e+00
 1.58803e+14	2.29e-13	2.26e-06	1.00e+00
 1.64596e+14	2.62e-13	2.43e-06	1.00e+00
 1.71209e+14	3.03e-13	2.64e-06	1.00e+00
 1.77454e+14	3.46e-13	2.83e-06	1.00e+00
 1.83096e+14	3.88e-13	3.02e-06	1.00e+00
 1.88431e+14	4.31e-13	3.20e-06	1.00e+00
 1.94334e+14	4.83e-13	3.41e-06	1.00e+00
 2.00934e+14	5.44e-13	3.65e-06	1.00e+00
 2.07158e+14	6.09e-13	3.88e-06	1.00e+00
 2.13967e+14	6.83e-13	4.14e-06	1.00e+00
 2.21576e+14	7.76e-13	4.44e-06	1.00e+00
 2.28788e+14	8.71e-13	4.75e-06	1.00e+00
 2.36729e+14	9.82e-13	5.09e-06	1.00e+00
 2.45503e+14	1.12e-12	5.48e-06	1.00e+00
 2.53594e+14	1.25e-12	5.85e-06	1.00e+00
 2.62349e+14	1.42e-12	6.27e-06	1.00e+00
 2.72123e+14	1.61e-12	6.75e-06	1.00e+00
 2.81321e+14	1.81e-12	7.24e-06	1.00e+00
 2.91375e+14	2.04e-12	7.77e-06	1.00e+00
 3.02547e+14	2.33e-12	8.40e-06	1.00e+00
 3.12949e+14	2.62e-12	9.00e-06	1.00e+00
 3.24233e+14	2.97e-12	9.69e-06	1.00e+00
 3.36850e+14	3.39e-12	1.05e-05	1.00e+00
 3.48839e+14	3.83e-12	1.13e-05	1.00e+00
 3.61690e+14	4.34e-12	1.21e-05	1.00e+00
 3.76187e+14	4.98e-12	1.32e-05	1.00e+00
 3.90411e+14	5.67e-12	1.43e-05	1.00e+00
 4.05204e+14	6.48e-12	1.55e-05	1.00e+00
 4.21442e+14	7.43e-12	1.68e-05	1.00e+00
 4.37461e+14	8.47e-12	1.82e-05	1.00e+00
 4.50682e+14	9.40e-12	1.94e-05	1.00e+00
 4.61266e+14	1.02e-11	2.04e-05	1.00e+00
 4.73000e+14	1.11e-11	2.15e-05	1.00e+00
 4.88254e+14	1.25e-11	2.30e-05	1.00e+00
 5.04608e+14	1.41e-11	2.47e-05	1.00e+00
 5.19128e+14	1.56e-11	2.63e-05	1.00e+00
 5.34744e+14	1.74e-11	2.81e-05	1.00e+00
 5.54456e+14	1.98e-11	3.04e-05	1.00e+00
 5.74472e+14	2.26e-11	3.29e-05	1.00e+00
 5.91607e+14	2.52e-11	3.51e-05	1.00e+00
 6.10020e+14	2.81e-11	3.76e-05	1.00e+00
 6.32851e+14	3.23e-11	4.09e-05	1.00e+00
 6.56097e+14	3.71e-11	4.43e-05	1.00e+00
 6.76575e+14	4.16e-11	4.75e-05	1.00e+00
 6.98780e+14	4.67e-11	5.11e-05	1.00e+00
 7.25572e+14	5.43e-11	5.57e-05	1.00e+00
 7.52158e+14	6.23e-11	6.04e-05	1.00e+00
 7.75864e+14	6.95e-11	6.47e-05	1.00e+00
 8.01997e+14	7.96e-11	6.99e-05	1.00e+00
 8.33118e+14	9.23e-11	7.62e-05	1.00e+00
 8.64042e+14	1.06e-10	8.28e-05	1.00e+00
 8.92430e+14	1.19e-10	8.89e-05	1.00e+00
 9.24204e+14	1.38e-10	9.64e-05	1.00e+00
 9.61022e+14	1.60e-10	1.05e-04	1.00e+00
 9.97208e+14	1.85e-10	1.15e-04	1.00e+00
 1.03182e+15	2.12e-10	1.24e-04	1.00e+00
 1.06215e+15	2.37e-10	1.32e-04	1.00e+00
 1.08716e+15	2.61e-10	1.39e-04	1.00e+00
 1.11469e+15	2.88e-10	1.48e-04	1.00e+00
 1.15048e+15	3.26e-10	1.59e-04	1.00e+00
 1.18819e+15	3.71e-10	1.71e-04	1.00e+00
 1.22069e+15	4.13e-10	1.81e-04	1.00e+00
 1.25523e+15	4.60e-10	1.93e-04	1.00e+00
 1.30013e+15	5.31e-10	2.09e-04	1.00e+00
 1.34649e+15	6.11e-10	2.26e-04	1.00e+00
 1.38525e+15	6.85e-10	2.41e-04	1.00e+00
 1.42613e+15	7.70e-10	2.57e-04	1.00e+00
 1.47823e+15	8.90e-10	2.79e-04	1.00e+00
 1.53312e+15	1.03e-09	3.02e-04	1.00e+00
 1.58214e+15	1.17e-09	3.24e-04	1.00e+00
 1.63535e+15	1.33e-09	3.49e-04	1.00e+00
 1.69875e+15	1.57e-09	3.80e-04	1.00e+00
 1.76135e+15	1.80e-09	4.12e-04	1.00e+00
 1.81811e+15	2.06e-09	4.42e-04	1.00e+00
 1.88135e+15	2.34e-09	4.77e-04	1.00e+00
 1.95545e+15	2.77e-09	5.20e-04	9.99e-01
 2.02857e+15	3.22e-09	5.63e-04	9.99e-01
 2.09735e+15	3.69e-09	6.06e-04	9.99e-01
 2.17401e+15	4.23e-09	6.56e-04	9.99e-01
 2.26100e+15	5.07e-09	7.16e-04	9.99e-01
 2.33375e+15	5.77e-09	7.67e-04	9.99e-01
 2.38575e+15	6.31e-09	8.05e-04	9.99e-01
 2.44006e+15	6.93e-09	8.46e-04	9.99e-01
 2.51067e+15	7.68e-09	9.00e-04	9.99e-01
 2.58958e+15	8.87e-09	9.64e-04	9.99e-01
 2.66342e+15	9.91e-09	1.02e-03	9.99e-01
 2.74354e+15	1.11e-08	1.09e-03	9.99e-01
 2.83348e+15	1.29e-08	1.17e-03	9.99e-01
 2.91839e+15	1.45e-08	1.25e-03	9.99e-01
 3.01096e+15	1.63e-08	1.34e-03	9.99e-01
 3.11496e+15	1.91e-08	1.44e-03	9.99e-01
 3.21349e+15	2.16e-08	1.54e-03	9.98e-01
 3.32125e+15	2.45e-08	1.66e-03	9.98e-01
 3.44107e+15	2.89e-08	1.79e-03	9.98e-01
 3.55221e+15	3.30e-08	1.92e-03	9.98e-01
 3.67233e+15	3.77e-08	2.06e-03	9.98e-01
 3.80601e+15	4.32e-08	2.23e-03	9.98e-01
 3.93152e+15	5.05e-08	2.40e-03	9.98e-01
 4.06890e+15	5.80e-08	2.59e-03	9.97e-01
 4.22066e+15	6.67e-08	2.80e-03	9.97e-01
 4.36250e+15	7.69e-08	3.02e-03	9.97e-01
 4.49380e+15	8.74e-08	3.22e-03	9.97e-01
 4.64002e+15	1.00e-07	3.46e-03	9.97e-01
 4.80350e+15	1.16e-07	3.74e-03	9.96e-01
 4.95758e+15	1.33e-07	4.02e-03	9.96e-01
 5.08933e+15	1.52e-07	4.27e-03	9.96e-01
 5.20142e+15	1.67e-07	4.49e-03	9.96e-01
 5.32471e+15	1.84e-07	4.74e-03	9.95e-01
 5.48499e+15	2.11e-07	5.08e-03	9.95e-01
 5.65169e+15	2.36e-07	5.44e-03	9.95e-01
 5.80388e+15	2.71e-07	5.81e-03	9.94e-01
 5.95121e+15	3.03e-07	6.17e-03	9.94e-01
 6.11509e+15	3.36e-07	6.58e-03	9.93e-01
 6.32815e+15	4.02e-07	7.18e-03	9.93e-01
 6.53524e+15	4.55e-07	7.77e-03	9.92e-01
 6.69396e+15	5.20e-07	8.27e-03	9.92e-01
 6.85968e+15	5.85e-07	8.82e-03	9.91e-01
 7.07512e+15	6.65e-07	9.57e-03	9.90e-01
 7.30037e+15	7.92e-07	1.04e-02	9.90e-01
 7.48825e+15	8.97e-07	1.12e-02	9.89e-01
 7.65488e+15	1.00e-06	1.19e-02	9.88e-01
 7.84402e+15	1.14e-06	1.29e-02	9.87e-01
 8.05432e+15	1.29e-06	1.39e-02	9.86e-01
 8.25246e+15	1.51e-06	1.50e-02	9.85e-01
 8.43089e+15	1.69e-06	1.61e-02	9.84e-01
 8.62340e+15	1.90e-06	1.74e-02	9.83e-01
 8.83775e+15	2.26e-06	1.91e-02	9.81e-01
 9.02889e+15	2.55e-06	2.06e-02	9.79e-01
 9.19958e+15	2.85e-06	2.22e-02	9.78e-01
 9.39529e+15	3.37e-06	2.42e-02	9.76e-01
 9.60061e+15	3.83e-06	2.66e-02	9.73e-01
 9.78321e+15	4.52e-06	2.90e-02	9.71e-01
 9.93067e+15	5.05e-06	3.11e-02	9.69e-01
 1.00677e+16	5.68e-06	3.35e-02	9.67e-01
 1.02458e+16	6.57e-06	3.68e-02	9.63e-01
 1.04407e+16	7.78e-06	4.10e-02	9.59e-01
 1.06122e+16	8.97e-06	4.53e-02	9.55e-01
 1.07634e+16	1.04e-05	4.98e-02	9.50e-01
 1.09038e+16	1.23e-05	5.47e-02	9.45e-01
 1.10332e+16	1.41e-05	5.98e-02	9.40e-01
 1.11776e+16	1.62e-05	6.65e-02	9.34e-01
 1.13654e+16	2.06e-05	7.71e-02	9.23e-01
 1.15343e+16	2.54e-05	8.88e-02	9.11e-01
 1.16367e+16	2.93e-05	9.75e-02	9.02e-01
 1.17131e+16	3.29e-05	1.05e-01	8.95e-01
 1.17977e+16	3.75e-05	1.14e-01	8.85e-01
 1.19076e+16	4.34e-05	1.29e-01	8.71e-01
 1.20506e+16	5.62e-05	1.51e-01	8.49e-01
 1.21584e+16	6.65e-05	1.72e-01	8.28e-01
 1.22033e+16	7.38e-05	1.82e-01	8.18e-01
 1.22356e+16	7.83e-05	1.89e-01	8.10e-01
 1.22694e+16	8.38e-05	1.98e-01	8.02e-01
 1.23133e+16	9.05e-05	2.10e-01	7.89e-01
 1.23703e+16	1.03e-04	2.28e-01	7.72e-01
 1.24275e+16	1.15e-04	2.47e-01	7.53e-01
 1.24750e+16	1.26e-04	2.64e-01	7.36e-01
 1.25269e+16	1.42e-04	2.85e-01	7.14e-01
 1.25838e+16	1.60e-04	3.10e-01	6.89e-01
 1.26348e+16	1.79e-04	3.35e-01	6.65e-01
 1.26796e+16	2.00e-04	3.58e-01	6.42e-01
 1.27203e+16	2.18e-04	3.80e-01	6.20e-01
 1.27645e+16	2.42e-04	4.06e-01	5.94e-01
 1.28220e+16	2.75e-04	4.42e-01	5.58e-01
 1.28811e+16	3.12e-04	4.80e-01	5.20e-01
 1.29300e+16	3.45e-04	5.13e-01	4.87e-01
 1.29814e+16	3.84e-04	5.49e-01	4.51e-01
 1.30389e+16	4.30e-04	5.88e-01	4.11e-01
 1.30940e+16	4.76e-04	6.25e-01	3.74e-01
 1.31553e+16	5.30e-04	6.66e-01	3.33e-01
 1.32234e+16	5.90e-04	7.08e-01	2.92e-01
 1.32892e+16	6.49e-04	7.45e-01	2.54e-01
 1.33634e+16	7.16e-04	7.83e-01	2.16e-01
 1.34599e+16	8.02e-04	8.26e-01	1.74e-01
 1.35420e+16	8.69e-04	8.53e-01	1.46e-01
 1.35879e+16	9.06e-04	8.67e-01	1.32e-01
 1.36303e+16	9.41e-04	8.79e-01	1.20e-01
 1.36854e+16	9.88e-04	8.93e-01	1.06e-01
 1.37570e+16	1.04e-03	9.09e-01	9.03e-02
 1.38328e+16	1.10e-03	9.22e-01	7.71e-02
 1.38990e+16	1.16e-03	9.32e-01	6.72e-02
 1.39590e+16	1.20e-03	9.39e-01	5.96e-02
 1.40174e+16	1.25e-03	9.46e-01	5.30e-02
 1.40845e+16	1.31e-03	9.52e-01	4.63e-02
 1.41564e+16	1.37e-03	9.58e-01	4.04e-02
 1.42183e+16	1.43e-03	9.62e-01	3.62e-02
 1.42726e+16	1.48e-03	9.66e-01	3.28e-02
 1.43333e+16	1.54e-03	9.69e-01	2.94e-02
 1.43996e+16	1.61e-03	9.72e-01	2.62e-02
 1.44586e+16	1.67e-03	9.75e-01	2.37e-02
 1.45109e+16	1.74e-03	9.77e-01	2.17e-02
 1.45689e+16	1.81e-03	9.78e-01	1.97e-02
 1.46317e+16	1.90e-03	9.80e-01	1.78e-02
 1.46865e+16	1.98e-03	9.82e-01	1.64e-02
 1.47348e+16	2.06e-03	9.83e-01	1.52e-02
 1.47885e+16	2.15e-03	9.84e-01	1.40e-02
 1.48469e+16	2.26e-03	9.85e-01	1.28e-02
 1.48982e+16	2.37e-03	9.86e-01	1.19e-02
 1.49434e+16	2.47e-03	9.86e-01	1.12e-02
 1.49936e+16	2.59e-03	9.87e-01	1.04e-02
 1.50482e+16	2.74e-03	9.88e-01	9.59e-03
 1.50963e+16	2.88e-03	9.88e-01	8.98e-03
 1.51390e+16	3.01e-03	9.89e-01	8.47e-03
 1.51869e+16	3.18e-03	9.89e-01	7.93e-03
 1.52389e+16	3.38e-03	9.89e-01	7.39e-03
 1.52846e+16	3.58e-03	9.89e-01	6.96e-03
 1.53255e+16	3.78e-03	9.90e-01	6.60e-03
 1.53716e+16	4.02e-03	9.90e-01	6.20e-03
 1.54224e+16	4.32e-03	9.90e-01	5.81e-03
 1.54682e+16	4.63e-03	9.90e-01	5.49e-03
 1.55097e+16	4.95e-03	9.90e-01	5.21e-03
 1.55564e+16	5.35e-03	9.90e-01	4.90e-03
 1.56085e+16	5.88e-03	9.90e-01	4.60e-03
 1.56553e+16	6.44e-03	9.89e-01	4.35e-03
 1.56949e+16	6.97e-03	9.89e-01	4.16e-03
 1.57373e+16	7.66e-03	9.88e-01	3.95e-03
 1.57835e+16	8.54e-03	9.88e-01	3.74e-03
 1.58234e+16	9.47e-03	9.87e-01	3.58e-03
 1.58543e+16	1.03e-02	9.86e-01	3.47e-03
 1.58798e+16	1.11e-02	9.86e-01	3.37e-03
 1.59082e+16	1.21e-02	9.85e-01	3.26e-03
 1.59391e+16	1.33e-02	9.83e-01	3.16e-03
 1.59663e+16	1.47e-02	9.82e-01	3.07e-03
 1.59892e+16	1.60e-02	9.81e-01	3.01e-03
 1.60135e+16	1.75e-02	9.80e-01	2.94e-03
 1.60399e+16	1.95e-02	9.78e-01	2.87e-03
 1.60630e+16	2.16e-02	9.76e-01	2.82e-03
 1.60825e+16	2.37e-02	9.74e-01	2.78e-03
 1.61034e+16	2.62e-02	9.71e-01	2.74e-03
 1.61264e+16	2.95e-02	9.68e-01	2.70e-03
 1.61470e+16	3.30e-02	9.64e-01	2.68e-03
 1.61646e+16	3.65e-02	9.61e-01	2.67e-03
 1.61837e+16	4.10e-02	9.56e-01	2.65e-03
 1.62042e+16	4.67e-02	9.51e-01	2.65e-03
 1.62219e+16	5.27e-02	9.45e-01	2.66e-03
 1.62366e+16	5.84e-02	9.39e-01	2.68e-03
 1.62516e+16	6.51e-02	9.32e-01	2.69e-03
 1.62674e+16	7.34e-02	9.24e-01	2.72e-03
 1.62821e+16	8.23e-02	9.15e-01	2.76e-03
 1.62948e+16	9.14e-02	9.06e-01	2.79e-03
 1.63063e+16	1.00e-01	8.97e-01	2.84e-03
 1.63169e+16	1.10e-01	8.87e-01	2.88e-03
 1.63267e+16	1.20e-01	8.78e-01	2.92e-03
 1.63345e+16	1.28e-01	8.69e-01	2.96e-03
 1.63395e+16	1.34e-01	8.64e-01	2.98e-03
 1.63439e+16	1.39e-01	8.58e-01	3.00e-03
 1.63492e+16	1.46e-01	8.51e-01	3.03e-03
 1.63549e+16	1.54e-01	8.43e-01	3.06e-03
 1.63604e+16	1.62e-01	8.35e-01	3.09e-03
 1.63657e+16	1.69e-01	8.27e-01	3.12e-03
 1.63708e+16	1.78e-01	8.19e-01	3.15e-03
 1.63760e+16	1.87e-01	8.10e-01	3.18e-03
 1.63811e+16	1.96e-01	8.01e-01	3.21e-03
 1.63862e+16	2.06e-01	7.91e-01	3.24e-03
 1.63912e+16	2.16e-01	7.81e-01	3.27e-03
 1.63961e+16	2.26e-01	7.71e-01	3.30e-03
 1.64011e+16	2.37e-01	7.60e-01	3.33e-03
 1.64060e+16	2.48e-01	7.49e-01	3.36e-03
 1.64108e+16	2.59e-01	7.37e-01	3.39e-03
 1.64156e+16	2.72e-01	7.25e-01	3.41e-03
 1.64203e+16	2.84e-01	7.13e-01	3.44e-03
 1.64250e+16	2.97e-01	7.00e-01	3.46e-03
 1.64296e+16	3.10e-01	6.87e-01	3.49e-03
 1.64343e+16	3.24e-01	6.73e-01	3.51e-03
 1.64388e+16	3.38e-01	6.59e-01	3.53e-03
 1.64433e+16	3.52e-01	6.45e-01	3.55e-03
 1.64478e+16	3.67e-01	6.30e-01	3.57e-03
 1.64523e+16	3.82e-01	6.14e-01	3.57e-03
 1.64567e+16	3.97e-01	5.99e-01	3.59e-03
 1.64610e+16	4.13e-01	5.84e-01	3.59e-03
 1.64653e+16	4.28e-01	5.68e-01	3.60e-03
 1.64697e+16	4.44e-01	5.52e-01	3.60e-03
 1.64739e+16	4.61e-01	5.35e-01	3.60e-03
 1.64781e+16	4.77e-01	5.19e-01	3.59e-03
 1.64822e+16	4.93e-01	5.03e-01	3.59e-03
 1.64862e+16	5.09e-01	4.87e-01	3.57e-03
 1.64902e+16	5.25e-01	4.72e-01	3.56e-03
 1.64941e+16	5.41e-01	4.56e-01	3.54e-03
 1.64980e+16	5.56e-01	4.41e-01	3.52e-03
 1.65018e+16	5.71e-01	4.25e-01	3.50e-03
 1.65055e+16	5.86e-01	4.11e-01	3.47e-03
 1.65092e+16	6.01e-01	3.96e-01	3.43e-03
 1.65128e+16	6.15e-01	3.81e-01	3.40e-03
 1.65165e+16	6.30e-01	3.67e-01	3.36e-03
 1.65201e+16	6.44e-01	3.53e-01	3.32e-03
 1.65236e+16	6.58e-01	3.39e-01	3.27e-03
 1.65272e+16	6.71e-01	3.26e-01	3.23e-03
 1.65307e+16	6.84e-01	3.13e-01	3.18e-03
 1.65342e+16	6.97e-01	3.00e-01	3.12e-03
 1.65376e+16	7.09e-01	2.88e-01	3.07e-03
 1.65412e+16	7.21e-01	2.76e-01	3.01e-03
 1.65447e+16	7.33e-01	2.64e-01	2.95e-03
 1.65482e+16	7.44e-01	2.53e-01	2.88e-03
 1.65518e+16	7.56e-01	2.42e-01	2.82e-03
 1.65550e+16	7.65e-01	2.32e-01	2.76e-03
 1.65577e+16	7.73e-01	2.24e-01	2.70e-03
 1.65602e+16	7.80e-01	2.17e-01	2.65e-03
 1.65628e+16	7.88e-01	2.10e-01	2.59e-03
 1.65654e+16	7.95e-01	2.03e-01	2.54e-03
 1.65680e+16	8.01e-01	1.96e-01	2.49e-03
 1.65704e+16	8.07e-01	1.90e-01	2.44e-03
 1.65728e+16	8.13e-01	1.84e-01	2.39e-03
 1.65752e+16	8.19e-01	1.79e-01	2.34e-03
 1.65776e+16	8.24e-01	1.74e-01	2.29e-03
 1.65799e+16	8.29e-01	1.69e-01	2.25e-03
 1.65821e+16	8.34e-01	1.64e-01	2.20e-03
 1.65844e+16	8.38e-01	1.60e-01	2.16e-03
 1.65866e+16	8.43e-01	1.55e-01	2.11e-03
 1.65889e+16	8.47e-01	1.51e-01	2.07e-03
 1.65911e+16	8.51e-01	1.47e-01	2.03e-03
 1.65933e+16	8.54e-01	1.44e-01	1.99e-03
 1.65956e+16	8.58e-01	1.40e-01	1.95e-03
 1.65979e+16	8.62e-01	1.36e-01	1.91e-03
 1.66001e+16	8.65e-01	1.33e-01	1.87e-03
 1.66024e+16	8.68e-01	1.30e-01	1.83e-03
 1.66047e+16	8.72e-01	1.27e-01	1.80e-03
 1.66071e+16	8.75e-01	1.24e-01	1.76e-03
 1.66096e+16	8.78e-01	1.21e-01	1.72e-03
 1.66120e+16	8.81e-01	1.18e-01	1.69e-03
 1.66145e+16	8.83e-01	1.15e-01	1.65e-03
 1.66171e+16	8.86e-01	1.12e-01	1.62e-03
 1.66198e+16	8.89e-01	1.10e-01	1.58e-03
 1.66227e+16	8.91e-01	1.07e-01	1.55e-03
 1.66257e+16	8.94e-01	1.05e-01	1.52e-03
 1.66288e+16	8.96e-01	1.02e-01	1.48e-03
 1.66323e+16	8.99e-01	9.97e-02	1.45e-03
 1.66361e+16	9.01e-01	9.72e-02	1.41e-03
 1.66404e+16	9.04e-01	9.45e-02	1.37e-03
 1.66451e+16	9.07e-01	9.20e-02	1.33e-03
 1.66503e+16	9.09e-01	8.95e-02	1.30e-03
 1.66567e+16	9.12e-01	8.69e-02	1.26e-03
 1.66649e+16	9.15e-01	8.40e-02	1.21e-03
 1.66749e+16	9.18e-01	8.12e-02	1.16e-03
 1.66855e+16	9.20e-01	7.89e-02	1.12e-03
 1.66975e+16	9.22e-01	7.66e-02	1.08e-03
 1.67127e+16	9.25e-01	7.44e-02	1.03e-03
 1.67288e+16	9.26e-01	7.26e-02	9.90e-04
 1.67435e+16	9.28e-01	7.12e-02	9.56e-04
 1.67597e+16	9.29e-01	6.98e-02	9.23e-04
 1.67807e+16	9.31e-01	6.82e-02	8.82e-04
 1.68033e+16	9.32e-01	6.67e-02	8.43e-04
 1.68239e+16	9.34e-01	6.54e-02	8.10e-04
 1.68426e+16	9.35e-01	6.42e-02	7.80e-04
 1.68597e+16	9.36e-01	6.31e-02	7.54e-04
 1.68784e+16	9.37e-01	6.20e-02	7.26e-04
 1.68986e+16	9.38e-01	6.08e-02	6.98e-04
 1.69169e+16	9.40e-01	5.98e-02	6.72e-04
 1.69337e+16	9.41e-01	5.88e-02	6.50e-04
 1.69520e+16	9.42e-01	5.78e-02	6.27e-04
 1.69717e+16	9.43e-01	5.67e-02	6.03e-04
 1.69897e+16	9.44e-01	5.57e-02	5.80e-04
 1.70061e+16	9.45e-01	5.48e-02	5.61e-04
 1.70210e+16	9.45e-01	5.40e-02	5.44e-04
 1.70373e+16	9.46e-01	5.31e-02	5.25e-04
 1.70550e+16	9.47e-01	5.22e-02	5.07e-04
 1.70710e+16	9.48e-01	5.13e-02	4.90e-04
 1.70856e+16	9.49e-01	5.06e-02	4.75e-04
 1.70989e+16	9.50e-01	4.99e-02	4.62e-04
 1.71134e+16	9.50e-01	4.91e-02	4.47e-04
 1.71291e+16	9.51e-01	4.84e-02	4.33e-04
 1.71434e+16	9.52e-01	4.76e-02	4.20e-04
 1.71565e+16	9.53e-01	4.70e-02	4.08e-04
 1.71683e+16	9.53e-01	4.64e-02	3.97e-04
 1.71813e+16	9.54e-01	4.57e-02	3.85e-04
 1.71953e+16	9.55e-01	4.51e-02	3.74e-04
 1.72080e+16	9.55e-01	4.45e-02	3.64e-04
 1.72196e+16	9.56e-01	4.39e-02	3.55e-04
 1.72323e+16	9.56e-01	4.33e-02	3.44e-04
 1.72461e+16	9.57e-01	4.27e-02	3.34e-04
 1.72586e+16	9.58e-01	4.21e-02	3.25e-04
 1.72699e+16	9.58e-01	4.16e-02	3.17e-04
 1.72824e+16	9.59e-01	4.10e-02	3.08e-04
 1.72958e+16	9.59e-01	4.04e-02	2.99e-04
 1.73080e+16	9.60e-01	3.98e-02	2.91e-04
 1.73192e+16	9.60e-01	3.94e-02	2.84e-04
 1.73314e+16	9.61e-01	3.88e-02	2.76e-04
 1.73445e+16	9.61e-01	3.83e-02	2.68e-04
 1.73565e+16	9.62e-01	3.78e-02	2.61e-04
 1.73674e+16	9.62e-01	3.73e-02	2.55e-04
 1.73794e+16	9.63e-01	3.68e-02	2.48e-04
 1.73923e+16	9.63e-01	3.63e-02	2.41e-04
 1.74040e+16	9.64e-01	3.58e-02	2.35e-04
 1.74169e+16	9.64e-01	3.53e-02	2.28e-04
 1.74308e+16	9.65e-01	3.48e-02	2.21e-04
 1.74434e+16	9.65e-01	3.43e-02	2.15e-04
 1.74549e+16	9.66e-01	3.39e-02	2.10e-04
 1.74675e+16	9.66e-01	3.34e-02	2.04e-04
 1.74811e+16	9.67e-01	3.30e-02	1.99e-04
 1.74935e+16	9.67e-01	3.26e-02	1.94e-04
 1.75071e+16	9.68e-01	3.21e-02	1.88e-04
 1.75217e+16	9.68e-01	3.16e-02	1.82e-04
 1.75351e+16	9.69e-01	3.12e-02	1.78e-04
 1.75497e+16	9.69e-01	3.07e-02	1.72e-04
 1.75654e+16	9.70e-01	3.02e-02	1.67e-04
 1.75798e+16	9.70e-01	2.98e-02	1.62e-04
 1.75928e+16	9.70e-01	2.94e-02	1.58e-04
 1.76071e+16	9.71e-01	2.89e-02	1.53e-04
 1.76226e+16	9.71e-01	2.85e-02	1.49e-04
 1.76367e+16	9.72e-01	2.81e-02	1.44e-04
 1.76521e+16	9.72e-01	2.76e-02	1.40e-04
 1.76687e+16	9.73e-01	2.72e-02	1.35e-04
 1.76838e+16	9.73e-01	2.68e-02	1.32e-04
 1.76976e+16	9.73e-01	2.65e-02	1.28e-04
 1.77127e+16	9.74e-01	2.60e-02	1.24e-04
 1.77290e+16	9.74e-01	2.56e-02	1.21e-04
 1.77438e+16	9.75e-01	2.53e-02	1.17e-04
 1.77600e+16	9.75e-01	2.49e-02	1.13e-04
 1.77776e+16	9.75e-01	2.45e-02	1.10e-04
 1.77935e+16	9.76e-01	2.41e-02	1.07e-04
 1.78110e+16	9.76e-01	2.37e-02	1.03e-04
 1.78299e+16	9.77e-01	2.33e-02	9.97e-05
 1.78471e+16	9.77e-01	2.29e-02	9.66e-05
 1.78659e+16	9.77e-01	2.25e-02	9.32e-05
 1.78862e+16	9.78e-01	2.21e-02	8.99e-05
 1.79047e+16	9.78e-01	2.18e-02	8.70e-05
 1.79216e+16	9.78e-01	2.14e-02	8.45e-05
 1.79400e+16	9.79e-01	2.11e-02	8.16e-05
 1.79599e+16	9.79e-01	2.07e-02	7.89e-05
 1.79780e+16	9.80e-01	2.04e-02	7.65e-05
 1.79979e+16	9.80e-01	2.00e-02	7.38e-05
 1.80193e+16	9.80e-01	1.96e-02	7.12e-05
 1.80388e+16	9.81e-01	1.93e-02	6.88e-05
 1.80602e+16	9.81e-01	1.90e-02	6.63e-05
 1.80833e+16	9.81e-01	1.86e-02	6.38e-05
 1.81043e+16	9.82e-01	1.83e-02	6.16e-05
 1.81234e+16	9.82e-01	1.80e-02	5.98e-05
 1.81443e+16	9.82e-01	1.77e-02	5.76e-05
 1.81669e+16	9.83e-01	1.73e-02	5.56e-05
 1.81875e+16	9.83e-01	1.70e-02	5.38e-05
 1.82100e+16	9.83e-01	1.67e-02	5.18e-05
 1.82344e+16	9.84e-01	1.64e-02	4.99e-05
 1.82565e+16	9.84e-01	1.61e-02	4.82e-05
 1.82808e+16	9.84e-01	1.58e-02	4.63e-05
 1.83070e+16	9.84e-01	1.55e-02	4.45e-05
 1.83308e+16	9.85e-01	1.52e-02	4.29e-05
 1.83570e+16	9.85e-01	1.49e-02	4.12e-05
 1.83852e+16	9.85e-01	1.46e-02	3.95e-05
 1.84108e+16	9.86e-01	1.43e-02	3.80e-05
 1.84389e+16	9.86e-01	1.40e-02	3.64e-05
 1.84693e+16	9.86e-01	1.37e-02	3.48e-05
 1.84969e+16	9.87e-01	1.34e-02	3.35e-05
 1.85272e+16	9.87e-01	1.31e-02	3.20e-05
 1.85599e+16	9.87e-01	1.28e-02	3.05e-05
 1.85896e+16	9.87e-01	1.25e-02	2.93e-05
 1.86167e+16	9.88e-01	1.23e-02	2.82e-05
 1.86464e+16	9.88e-01	1.20e-02	2.70e-05
 1.86784e+16	9.88e-01	1.18e-02	2.59e-05
 1.87075e+16	9.88e-01	1.15e-02	2.49e-05
 1.87394e+16	9.89e-01	1.13e-02	2.38e-05
 1.87739e+16	9.89e-01	1.10e-02	2.27e-05
 1.88053e+16	9.89e-01	1.08e-02	2.18e-05
 1.88397e+16	9.89e-01	1.05e-02	2.08e-05
 1.88768e+16	9.90e-01	1.03e-02	1.98e-05
 1.89105e+16	9.90e-01	1.00e-02	1.90e-05
 1.89475e+16	9.90e-01	9.79e-03	1.80e-05
 1.89875e+16	9.90e-01	9.54e-03	1.71e-05
 1.90238e+16	9.91e-01	9.33e-03	1.64e-05
 1.90637e+16	9.91e-01	9.08e-03	1.56e-05
 1.91067e+16	9.91e-01	8.84e-03	1.48e-05
 1.91458e+16	9.91e-01	8.63e-03	1.41e-05
 1.91887e+16	9.92e-01	8.40e-03	1.33e-05
 1.92350e+16	9.92e-01	8.16e-03	1.26e-05
 1.92771e+16	9.92e-01	7.96e-03	1.20e-05
 1.93233e+16	9.92e-01	7.74e-03	1.13e-05
 1.93731e+16	9.92e-01	7.51e-03	1.07e-05
 1.94277e+16	9.93e-01	7.26e-03	1.00e-05
 1.94958e+16	9.93e-01	6.97e-03	9.22e-06
 1.95704e+16	9.93e-01	6.67e-03	8.46e-06
 1.96454e+16	9.94e-01	6.39e-03	7.78e-06
 1.97220e+16	9.94e-01	6.12e-03	7.14e-06
 1.98021e+16	9.94e-01	5.85e-03	6.54e-06
 1.98853e+16	9.94e-01	5.59e-03	5.97e-06
 1.99713e+16	9.95e-01	5.34e-03	5.44e-06
 2.00604e+16	9.95e-01	5.09e-03	4.95e-06
 2.01520e+16	9.95e-01	4.85e-03	4.50e-06
 2.02452e+16	9.95e-01	4.62e-03	4.09e-06
 2.03399e+16	9.96e-01	4.40e-03	3.71e-06
 2.04363e+16	9.96e-01	4.19e-03	3.37e-06
 2.05345e+16	9.96e-01	3.98e-03	3.05e-06
 2.06346e+16	9.96e-01	3.79e-03	2.77e-06
 2.07364e+16	9.96e-01	3.61e-03	2.51e-06
 2.08387e+16	9.97e-01	3.43e-03	2.28e-06
 2.09424e+16	9.97e-01	3.27e-03	2.06e-06
 2.10497e+16	9.97e-01	3.10e-03	1.86e-06
 2.11597e+16	9.97e-01	2.94e-03	1.68e-06
 2.12713e+16	9.97e-01	2.80e-03	1.51e-06
 2.13848e+16	9.97e-01	2.65e-03	1.36e-06
 2.15005e+16	9.97e-01	2.52e-03	1.23e-06
 2.16183e+16	9.98e-01	2.38e-03	1.10e-06
 2.17383e+16	9.98e-01	2.26e-03	9.93e-07
 2.18606e+16	9.98e-01	2.14e-03	8.91e-07
 2.19853e+16	9.98e-01	2.02e-03	7.99e-07
 2.21124e+16	9.98e-01	1.91e-03	7.15e-07
 2.22422e+16	9.98e-01	1.81e-03	6.39e-07
 2.23746e+16	9.98e-01	1.71e-03	5.71e-07
 2.25097e+16	9.98e-01	1.61e-03	5.09e-07
 2.26477e+16	9.98e-01	1.52e-03	4.53e-07
 2.27886e+16	9.99e-01	1.43e-03	4.03e-07
 2.29325e+16	9.99e-01	1.35e-03	3.57e-07
 2.30797e+16	9.99e-01	1.27e-03	3.16e-07
 2.32303e+16	9.99e-01	1.19e-03	2.80e-07
 2.33844e+16	9.99e-01	1.12e-03	2.47e-07
 2.35423e+16	9.99e-01	1.05e-03	2.17e-07
 2.37040e+16	9.99e-01	9.85e-04	1.91e-07
 2.38700e+16	9.99e-01	9.22e-04	1.67e-07
 2.40404e+16	9.99e-01	8.61e-04	1.46e-07
 2.42155e+16	9.99e-01	8.03e-04	1.27e-07
 2.43955e+16	9.99e-01	7.49e-04	1.10e-07
 2.45808e+16	9.99e-01	6.97e-04	9.57e-08
 2.47681e+16	9.99e-01	6.48e-04	8.29e-08
 2.49604e+16	9.99e-01	6.02e-04	7.15e-08
 2.51643e+16	9.99e-01	5.57e-04	6.11e-08
 2.53775e+16	9.99e-01	5.13e-04	5.20e-08
 2.55975e+16	1.00e+00	4.72e-04	4.40e-08
 2.58254e+16	1.00e+00	4.33e-04	3.71e-08
 2.60632e+16	1.00e+00	3.96e-04	3.10e-08
 2.63122e+16	1.00e+00	3.61e-04	2.58e-08
 2.65733e+16	1.00e+00	3.28e-04	2.12e-08
 2.68487e+16	1.00e+00	2.96e-04	1.73e-08
 2.71399e+16	1.00e+00	2.66e-04	1.40e-08
 2.74481e+16	1.00e+00	2.38e-04	1.12e-08
 2.77785e+16	1.00e+00	2.11e-04	8.79e-09
 2.81343e+16	1.00e+00	1.86e-04	6.80e-09
 2.85170e+16	1.00e+00	1.62e-04	5.17e-09
 2.89332e+16	1.00e+00	1.40e-04	3.84e-09
 2.93922e+16	1.00e+00	1.19e-04	2.77e-09
 2.99052e+16	1.00e+00	9.90e-05	1.93e-09
 3.05028e+16	1.00e+00	8.02e-05	1.27e-09
 3.11987e+16	1.00e+00	6.33e-05	7.90e-10
 3.19450e+16	1.00e+00	4.93e-05	4.79e-10
 3.26854e+16	1.00e+00	3.86e-05	2.95e-10
 3.34095e+16	1.00e+00	3.05e-05	1.85e-10
 3.41370e+16	1.00e+00	2.42e-05	1.16e-10
 3.48798e+16	1.00e+00	1.91e-05	7.28e-11
 3.56382e+16	1.00e+00	1.51e-05	4.55e-11
 3.64085e+16	1.00e+00	1.19e-05	2.85e-11
 3.71920e+16	1.00e+00	9.43e-06	1.79e-11
 3.79918e+16	1.00e+00	7.44e-06	1.12e-11
 3.88057e+16	1.00e+00	5.88e-06	7.01e-12
 3.96366e+16	1.00e+00	4.65e-06	4.39e-12
 4.04931e+16	1.00e+00	3.67e-06	2.73e-12
 4.13743e+16	1.00e+00	2.88e-06	1.70e-12
 4.22750e+16	1.00e+00	2.26e-06	1.05e-12
 4.31959e+16	1.00e+00	1.78e-06	6.48e-13
 4.41429e+16	1.00e+00	1.39e-06	3.98e-13
 4.51224e+16	1.00e+00	1.09e-06	2.43e-13
 4.61361e+16	1.00e+00	8.45e-07	1.47e-13
 4.71886e+16	1.00e+00	6.54e-07	8.84e-14
 4.82866e+16	1.00e+00	5.03e-07	5.24e-14
 4.94376e+16	1.00e+00	3.85e-07	3.07e-14
 5.06534e+16	1.00e+00	2.91e-07	1.76e-14
 5.19483e+16	1.00e+00	2.18e-07	9.87e-15
 5.33435e+16	1.00e+00	1.60e-07	5.35e-15
 5.48529e+16	1.00e+00	1.16e-07	2.81e-15
 5.64189e+16	1.00e+00	8.40e-08	1.47e-15
 5.79848e+16	1.00e+00	6.13e-08	7.85e-16
 5.95507e+16	1.00e+00	4.50e-08	4.25e-16
 6.11167e+16	1.00e+00	3.34e-08	2.33e-16
 6.26826e+16	1.00e+00	2.49e-08	1.30e-16
 6.42485e+16	1.00e+00	1.87e-08	7.34e-17
 6.59955e+16	1.00e+00	1.36e-08	3.88e-17
 6.80050e+16	1.00e+00	9.56e-09	1.92e-17
 7.00774e+16	1.00e+00	6.75e-09	9.60e-18
 7.21111e+16	1.00e+00	4.84e-09	4.94e-18
 7.41333e+16	1.00e+00	3.50e-09	2.59e-18
 7.61708e+16	1.00e+00	2.55e-09	1.38e-18
 7.82151e+16	1.00e+00	1.87e-09	7.42e-19
 8.02493e+16	1.00e+00	1.39e-09	4.07e-19
 8.22624e+16	1.00e+00	1.04e-09	2.28e-19
 8.42427e+16	1.00e+00	7.84e-10	1.31e-19
 8.61818e+16	1.00e+00	6.00e-10	7.66e-20
 8.80791e+16	1.00e+00	4.64e-10	4.59e-20
 8.99250e+16	1.00e+00	3.64e-10	2.82e-20
 9.17114e+16	1.00e+00	2.88e-10	1.77e-20
 9.34353e+16	1.00e+00	2.31e-10	1.14e-20
 9.50933e+16	1.00e+00	1.88e-10	7.53e-21
 9.66827e+16	1.00e+00	1.54e-10	0.00e+00
 9.82047e+16	1.00e+00	1.28e-10	0.00e+00
 9.96592e+16	1.00e+00	1.07e-10	0.00e+00
 1.01046e+17	1.00e+00	9.11e-11	0.00e+00
 1.02366e+17	1.00e+00	7.80e-11	0.00e+00
 1.03621e+17	1.00e+00	6.75e-11	0.00e+00
 1.04814e+17	1.00e+00	5.88e-11	0.00e+00
 1.05947e+17	1.00e+00	5.17e-11	0.00e+00
 1.07022e+17	1.00e+00	4.58e-11	0.00e+00
 1.08043e+17	1.00e+00	4.09e-11	0.00e+00
 1.09012e+17	1.00e+00	3.68e-11	0.00e+00
 1.09932e+17	1.00e+00	3.32e-11	0.00e+00
 1.10803e+17	1.00e+00	3.02e-11	0.00e+00
 1.11631e+17	1.00e+00	2.77e-11	0.00e+00
 1.12416e+17	1.00e+00	2.55e-11	0.00e+00
 1.13161e+17	1.00e+00	2.35e-11	0.00e+00
 1.13868e+17	1.00e+00	2.18e-11	0.00e+00
 1.14539e+17	1.00e+00	2.03e-11	0.00e+00
 1.15177e+17	1.00e+00	1.90e-11	0.00e+00
 1.15782e+17	1.00e+00	1.79e-11	0.00e+00
 1.16357e+17	1.00e+00	1.68e-11	0.00e+00
 1.16903e+17	1.00e+00	1.59e-11	0.00e+00
 1.17423e+17	1.00e+00	1.51e-11	0.00e+00
 1.17918e+17	1.00e+00	1.44e-11	0.00e+00
 1.18388e+17	1.00e+00	1.37e-11	0.00e+00
 1.18836e+17	1.00e+00	1.31e-11	0.00e+00
 1.19263e+17	1.00e+00	1.26e-11	0.00e+00
 1.19670e+17	1.00e+00	1.21e-11	0.00e+00
 1.20058e+17	1.00e+00	1.16e-11	0.00e+00
 1.20428e+17	1.00e+00	1.12e-11	0.00e+00
 1.20782e+17	1.00e+00	1.08e-11	0.00e+00
 1.21120e+17	1.00e+00	1.05e-11	0.00e+00
 1.21444e+17	1.00e+00	1.02e-11	0.00e+00
 1.21754e+17	1.00e+00	9.86e-12	0.00e+00
 1.22051e+17	1.00e+00	9.57e-12	0.00e+00
 1.22337e+17	1.00e+00	9.32e-12	0.00e+00
 1.22611e+17	1.00e+00	9.08e-12	0.00e+00
 1.22875e+17	1.00e+00	8.85e-12	0.00e+00
 1.23130e+17	1.00e+00	8.64e-12	0.00e+00
 1.23377e+17	1.00e+00	8.45e-12	0.00e+00
 1.23615e+17	1.00e+00	8.25e-12	0.00e+00
 1.23847e+17	1.00e+00	8.07e-12	0.00e+00
 1.24072e+17	1.00e+00	7.90e-12	0.00e+00
 1.24292e+17	1.00e+00	7.74e-12	0.00e+00
 1.24508e+17	1.00e+00	7.59e-12	0.00e+00
 1.24720e+17	1.00e+00	7.44e-12	0.00e+00
 1.24928e+17	1.00e+00	7.30e-12	0.00e+00
 1.25136e+17	1.00e+00	7.16e-12	0.00e+00
 1.25342e+17	1.00e+00	7.02e-12	0.00e+00
 1.25549e+17	1.00e+00	6.89e-12	0.00e+00
 1.25758e+17	1.00e+00	6.76e-12	0.00e+00
 1.25970e+17	1.00e+00	6.63e-12	0.00e+00
 1.26187e+17	1.00e+00	6.50e-12	0.00e+00
 1.26413e+17	1.00e+00	6.36e-12	0.00e+00
 1.26649e+17	1.00e+00	6.23e-12	0.00e+00
 1.26900e+17	1.00e+00	6.08e-12	0.00e+00
 1.27170e+17	1.00e+00	5.94e-12	0.00e+00
 1.27467e+17	1.00e+00	5.78e-12	0.00e+00
 1.27800e+17	1.00e+00	5.61e-12	0.00e+00
 1.28181e+17	1.00e+00	5.41e-12	0.00e+00
 1.28632e+17	1.00e+00	5.20e-12	0.00e+00
 1.29182e+17	1.00e+00	4.94e-12	0.00e+00
 1.29880e+17	1.00e+00	4.64e-12	0.00e+00
 1.30786e+17	1.00e+00	4.28e-12	0.00e+00
 1.31963e+17	1.00e+00	3.85e-12	0.00e+00
 1.33494e+17	1.00e+00	3.37e-12	0.00e+00
 1.35484e+17	1.00e+00	2.85e-12	0.00e+00
 1.38070e+17	1.00e+00	2.31e-12	0.00e+00
 1.41433e+17	1.00e+00	1.78e-12	0.00e+00
 1.45472e+17	1.00e+00	1.32e-12	0.00e+00
 1.49811e+17	1.00e+00	9.91e-13	0.00e+00
 1.54255e+17	1.00e+00	7.66e-13	0.00e+00
 1.58784e+17	1.00e+00	6.11e-13	0.00e+00
 1.64042e+17	1.00e+00	4.91e-13	0.00e+00
 1.70354e+17	1.00e+00	3.73e-13	0.00e+00
 1.77168e+17	1.00e+00	2.91e-13	0.00e+00
 1.84255e+17	1.00e+00	2.39e-13	0.00e+00
 1.91625e+17	1.00e+00	2.03e-13	0.00e+00
 1.99290e+17	1.00e+00	1.75e-13	0.00e+00
 2.07262e+17	1.00e+00	1.52e-13	0.00e+00
 2.15552e+17	1.00e+00	1.31e-13	0.00e+00
 2.24175e+17	1.00e+00	1.13e-13	0.00e+00
 2.32767e+17	1.00e+00	9.64e-14	0.00e+00
 2.40656e+17	1.00e+00	8.76e-14	0.00e+00
 2.47579e+17	1.00e+00	8.50e-14	0.00e+00
 2.53821e+17	1.00e+00	8.31e-14	0.00e+00
 2.59778e+17	1.00e+00	7.84e-14	0.00e+00
 2.65565e+17	1.00e+00	7.13e-14	0.00e+00
 2.70763e+17	1.00e+00	6.41e-14	0.00e+00
 2.74570e+17	1.00e+00	6.06e-14	0.00e+00
 2.76777e+17	1.00e+00	6.11e-14	0.00e+00
 2.77993e+17	1.00e+00	6.22e-14	0.00e+00
 2.78722e+17	1.00e+00	6.28e-14	0.00e+00
 2.79160e+17	1.00e+00	6.31e-14	0.00e+00
 2.79468e+17	1.00e+00	6.33e-14	0.00e+00
 2.79781e+17	1.00e+00	6.34e-14	0.00e+00
 2.80140e+17	1.00e+00	6.34e-14	0.00e+00
 2.80497e+17	1.00e+00	6.34e-14	0.00e+00
 2.80789e+17	1.00e+00	6.34e-14	0.00e+00
 2.81032e+17	1.00e+00	6.33e-14	0.00e+00
 2.81279e+17	1.00e+00	6.32e-14	0.00e+00
 2.81539e+17	1.00e+00	6.31e-14	0.00e+00
 2.81792e+17	1.00e+00	6.29e-14	0.00e+00
 2.82016e+17	1.00e+00	6.28e-14	0.00e+00
 2.82212e+17	1.00e+00	6.26e-14	0.00e+00
 2.82398e+17	1.00e+00	6.25e-14	0.00e+00
 2.82591e+17	1.00e+00	6.23e-14	0.00e+00
 2.82778e+17	1.00e+00	6.21e-14	0.00e+00
 2.82946e+17	1.00e+00	6.20e-14	0.00e+00
 2.83098e+17	1.00e+00	6.18e-14	0.00e+00
 2.83243e+17	1.00e+00	6.17e-14	0.00e+00
 2.83397e+17	1.00e+00	6.15e-14	0.00e+00
 2.83553e+17	1.00e+00	6.13e-14	0.00e+00
 2.83691e+17	1.00e+00	6.11e-14	0.00e+00
 2.83815e+17	1.00e+00	6.10e-14	0.00e+00
 2.83939e+17	1.00e+00	6.08e-14	0.00e+00
 2.84067e+17	1.00e+00	6.06e-14	0.00e+00
 2.84195e+17	1.00e+00	6.04e-14	0.00e+00
 2.84320e+17	1.00e+00	6.02e-14	0.00e+00
 2.84441e+17	1.00e+00	6.00e-14	0.00e+00
 2.84553e+17	1.00e+00	5.99e-14	0.00e+00
 2.84658e+17	1.00e+00	5.97e-14	0.00e+00
 2.84770e+17	1.00e+00	5.95e-14	0.00e+00
 2.84888e+17	1.00e+00	5.93e-14	0.00e+00
 2.85004e+17	1.00e+00	5.91e-14	0.00e+00
 2.85114e+17	1.00e+00	5.89e-14	0.00e+00
 2.85226e+17	1.00e+00	5.87e-14	0.00e+00
 2.85339e+17	1.00e+00	5.85e-14	0.00e+00
 2.85448e+17	1.00e+00	5.83e-14	0.00e+00
 2.85555e+17	1.00e+00	5.81e-14	0.00e+00
 2.85669e+17	1.00e+00	5.78e-14	0.00e+00
 2.85789e+17	1.00e+00	5.76e-14	0.00e+00
 2.85907e+17	1.00e+00	5.73e-14	0.00e+00
 2.86021e+17	1.00e+00	5.71e-14	0.00e+00
 2.86139e+17	1.00e+00	5.68e-14	0.00e+00
 2.86263e+17	1.00e+00	5.66e-14	0.00e+00
 2.86390e+17	1.00e+00	5.63e-14	0.00e+00
 2.86520e+17	1.00e+00	5.60e-14	0.00e+00
 2.86649e+17	1.00e+00	5.57e-14	0.00e+00
 2.86784e+17	1.00e+00	5.54e-14	0.00e+00
 2.86922e+17	1.00e+00	5.50e-14	0.00e+00
 2.87056e+17	1.00e+00	5.47e-14	0.00e+00
 2.87199e+17	1.00e+00	5.44e-14	0.00e+00
 2.87349e+17	1.00e+00	5.40e-14	0.00e+00
 2.87501e+17	1.00e+00	5.37e-14	0.00e+00
 2.87653e+17	1.00e+00	5.33e-14	0.00e+00
 2.87806e+17	1.00e+00	5.29e-14	0.00e+00
 2.87969e+17	1.00e+00	5.25e-14	0.00e+00
 2.88133e+17	1.00e+00	5.21e-14	0.00e+00
 2.88300e+17	1.00e+00	5.16e-14	0.00e+00
 2.88473e+17	1.00e+00	5.12e-14	0.00e+00
 2.88653e+17	1.00e+00	5.07e-14	0.00e+00
 2.88843e+17	1.00e+00	5.02e-14	0.00e+00
 2.89037e+17	1.00e+00	4.97e-14	0.00e+00
 2.89231e+17	1.00e+00	4.92e-14	0.00e+00
 2.89428e+17	1.00e+00	4.86e-14	0.00e+00
 2.89630e+17	1.00e+00	4.81e-14	0.00e+00
 2.89842e+17	1.00e+00	4.75e-14	0.00e+00
 2.90054e+17	1.00e+00	4.70e-14	0.00e+00
 2.90275e+17	1.00e+00	4.64e-14	0.00e+00
 2.90516e+17	1.00e+00	4.57e-14	0.00e+00
 2.90765e+17	1.00e+00	4.50e-14	0.00e+00
 2.91004e+17	1.00e+00	4.44e-14	0.00e+00
 2.91251e+17	1.00e+00	4.37e-14	0.00e+00
 2.91518e+17	1.00e+00	4.30e-14	0.00e+00
 2.91786e+17	1.00e+00	4.22e-14	0.00e+00
 2.92053e+17	1.00e+00	4.15e-14	0.00e+00
 2.92335e+17	1.00e+00	4.07e-14	0.00e+00
 2.92628e+17	1.00e+00	3.99e-14	0.00e+00
 2.92927e+17	1.00e+00	3.91e-14	0.00e+00
 2.93227e+17	1.00e+00	3.83e-14	0.00e+00
 2.93535e+17	1.00e+00	3.75e-14	0.00e+00
 2.93864e+17	1.00e+00	3.66e-14	0.00e+00
 2.94201e+17	1.00e+00	3.57e-14	0.00e+00
 2.94539e+17	1.00e+00	3.48e-14	0.00e+00
 2.94876e+17	1.00e+00	3.39e-14	0.00e+00
 2.95225e+17	1.00e+00	3.30e-14	0.00e+00
 2.95594e+17	1.00e+00	3.21e-14	0.00e+00
 2.95974e+17	1.00e+00	3.11e-14	0.00e+00
 2.96353e+17	1.00e+00	3.01e-14	0.00e+00
 2.96737e+17	1.00e+00	2.92e-14	0.00e+00
 2.97138e+17	1.00e+00	2.82e-14	0.00e+00
 2.97558e+17	1.00e+00	2.72e-14	0.00e+00
 2.97980e+17	1.00e+00	2.62e-14	0.00e+00
 2.98402e+17	1.00e+00	2.52e-14	0.00e+00
 2.98833e+17	1.00e+00	2.43e-14	0.00e+00
 2.99288e+17	1.00e+00	2.33e-14	0.00e+00
 2.99770e+17	1.00e+00	2.22e-14	0.00e+00
 3.00247e+17	1.00e+00	2.12e-14	0.00e+00
 3.00720e+17	1.00e+00	2.02e-14	0.00e+00
 3.01206e+17	1.00e+00	1.93e-14	0.00e+00
 3.01729e+17	1.00e+00	1.83e-14	0.00e+00
 3.02270e+17	1.00e+00	1.73e-14	0.00e+00
 3.02821e+17	1.00e+00	1.63e-14	0.00e+00
 3.03376e+17	1.00e+00	1.54e-14	0.00e+00
 3.03938e+17	1.00e+00	1.44e-14	0.00e+00
 3.04542e+17	1.00e+00	1.35e-14	0.00e+00
 3.05173e+17	1.00e+00	1.26e-14	0.00e+00
 3.05812e+17	1.00e+00	1.17e-14	0.00e+00
 3.06447e+17	1.00e+00	1.08e-14	0.00e+00
 3.07055e+17	1.00e+00	1.00e-14	0.00e+00
 3.07600e+17	1.00e+00	9.32e-15	0.00e+00
 3.08082e+17	1.00e+00	8.74e-15	0.00e+00
 3.08528e+17	1.00e+00	8.25e-15	0.00e+00
 3.08961e+17	1.00e+00	7.80e-15	0.00e+00
 3.09387e+17	1.00e+00	7.37e-15	0.00e+00
 3.09797e+17	1.00e+00	6.97e-15	0.00e+00
 3.10183e+17	1.00e+00	6.60e-15	0.00e+00
 3.10546e+17	1.00e+00	6.27e-15	0.00e+00
 3.10893e+17	1.00e+00	5.97e-15	0.00e+00
 3.11229e+17	1.00e+00	5.69e-15	0.00e+00
 3.11556e+17	1.00e+00	5.42e-15	0.00e+00
 3.11870e+17	1.00e+00	5.17e-15	0.00e+00
 3.12169e+17	1.00e+00	4.94e-15	0.00e+00
 3.12455e+17	1.00e+00	4.72e-15	0.00e+00
 3.12730e+17	1.00e+00	4.52e-15	0.00e+00
 3.12996e+17	1.00e+00	4.32e-15	0.00e+00
 3.13253e+17	1.00e+00	4.16e-15	0.00e+00
 3.13501e+17	1.00e+00	3.97e-15	0.00e+00
 3.13737e+17	1.00e+00	3.82e-15	0.00e+00
 3.13964e+17	1.00e+00	3.67e-15	0.00e+00
 3.14186e+17	1.00e+00	3.54e-15	0.00e+00
 3.14403e+17	1.00e+00	3.41e-15	0.00e+00
 3.14615e+17	1.00e+00	3.28e-15	0.00e+00
 3.14820e+17	1.00e+00	3.16e-15	0.00e+00
 3.15015e+17	1.00e+00	3.05e-15	0.00e+00
 3.15205e+17	1.00e+00	2.95e-15	0.00e+00
 3.15392e+17	1.00e+00	2.85e-15	0.00e+00
 3.15577e+17	1.00e+00	2.75e-15	0.00e+00
 3.15757e+17	1.00e+00	2.66e-15	0.00e+00
 3.15932e+17	1.00e+00	2.57e-15	0.00e+00
 3.16131e+17	1.00e+00	2.49e-15	0.00e+00
 3.16389e+17	1.00e+00	2.39e-15	0.00e+00
 3.16725e+17	1.00e+00	2.25e-15	0.00e+00
 3.17162e+17	1.00e+00	2.10e-15	0.00e+00
 3.17729e+17	1.00e+00	1.90e-15	0.00e+00
 3.18467e+17	1.00e+00	1.67e-15	0.00e+00
 3.19300e+17	1.00e+00	1.42e-15	0.00e+00
 3.20054e+17	1.00e+00	1.20e-15	0.00e+00
 3.20658e+17	1.00e+00	1.05e-15	0.00e+00
 3.21170e+17	1.00e+00	9.40e-16	0.00e+00
 3.21682e+17	1.00e+00	8.50e-16	0.00e+00
 3.22246e+17	1.00e+00	7.63e-16	0.00e+00
 3.22850e+17	1.00e+00	6.75e-16	0.00e+00
 3.23447e+17	1.00e+00	5.95e-16	0.00e+00
 3.24011e+17	1.00e+00	5.28e-16	0.00e+00
 3.24563e+17	1.00e+00	4.72e-16	0.00e+00
 3.25134e+17	1.00e+00	4.21e-16	0.00e+00
 3.25739e+17	1.00e+00	3.73e-16	0.00e+00
 3.26376e+17	1.00e+00	3.28e-16	0.00e+00
 3.27034e+17	1.00e+00	2.87e-16	0.00e+00
 3.27718e+17	1.00e+00	2.50e-16	0.00e+00
 3.28451e+17	1.00e+00	2.16e-16	0.00e+00
 3.29267e+17	1.00e+00	1.85e-16	0.00e+00
 3.30206e+17	1.00e+00	1.54e-16	0.00e+00
 3.31324e+17	1.00e+00	1.25e-16	0.00e+00
 3.32731e+17	1.00e+00	9.76e-17	0.00e+00
 3.34557e+17	1.00e+00	7.07e-17	0.00e+00
 3.36931e+17	1.00e+00	4.65e-17	0.00e+00
 3.40018e+17	1.00e+00	2.73e-17	0.00e+00
 3.44030e+17	1.00e+00	1.39e-17	0.00e+00
 3.49246e+17	1.00e+00	5.88e-18	0.00e+00
 3.56027e+17	1.00e+00	2.16e-18	0.00e+00
 3.64842e+17	1.00e+00	6.94e-19	0.00e+00
 3.76302e+17	1.00e+00	2.21e-19	0.00e+00
 3.90435e+17	1.00e+00	6.93e-20	0.00e+00
 4.06053e+17	1.00e+00	2.20e-20	0.00e+00
 4.21060e+17	1.00e+00	7.96e-21	0.00e+00
 4.33845e+17	1.00e+00	3.55e-21	0.00e+00
 4.44590e+17	1.00e+00	1.86e-21	0.00e+00
 4.54565e+17	1.00e+00	1.04e-21	0.00e+00
 4.65998e+17	1.00e+00	5.34e-22	0.00e+00
