#depth	O	O+	O+2	O+3	O+4	O+5	O+6	O+7	O+8	O[1]	O[2]	O[3]
 1.49634e+10	0.00e+00	5.61e-26	1.27e-15	1.27e-07	2.05e-02	6.90e-01	2.89e-01	0.00e+00	0.00e+00	0.00e+00	0.00e+00	0.00e+00
 4.54887e+10	4.95e-38	7.69e-26	1.62e-15	1.51e-07	2.26e-02	7.05e-01	2.72e-01	3.63e-08	0.00e+00	0.00e+00	0.00e+00	0.00e+00
 7.72350e+10	0.00e+00	1.04e-25	2.06e-15	1.79e-07	2.49e-02	7.20e-01	2.55e-01	0.00e+00	0.00e+00	0.00e+00	0.00e+00	0.00e+00
 1.10251e+11	1.02e-37	1.40e-25	2.61e-15	2.12e-07	2.73e-02	7.33e-01	2.39e-01	0.00e+00	0.00e+00	0.00e+00	0.00e+00	0.00e+00
 1.44588e+11	0.00e+00	1.89e-25	3.30e-15	2.50e-07	2.99e-02	7.46e-01	2.24e-01	0.00e+00	0.00e+00	0.00e+00	0.00e+00	0.00e+00
 1.80298e+11	2.11e-37	2.54e-25	4.17e-15	2.95e-07	3.26e-02	7.58e-01	2.09e-01	0.00e+00	0.00e+00	0.00e+00	0.00e+00	0.00e+00
 2.17437e+11	0.00e+00	3.40e-25	5.24e-15	3.48e-07	3.56e-02	7.69e-01	1.95e-01	0.00e+00	0.00e+00	0.00e+00	0.00e+00	0.00e+00
 2.56061e+11	4.26e-37	4.55e-25	6.59e-15	4.09e-07	3.88e-02	7.80e-01	1.82e-01	0.00e+00	0.00e+00	0.00e+00	0.00e+00	0.00e+00
 2.96231e+11	0.00e+00	6.07e-25	8.27e-15	4.80e-07	4.22e-02	7.89e-01	1.69e-01	0.00e+00	0.00e+00	0.00e+00	0.00e+00	0.00e+00
 3.38007e+11	8.47e-37	8.06e-25	1.03e-14	5.63e-07	4.59e-02	7.97e-01	1.57e-01	0.00e+00	0.00e+00	0.00e+00	0.00e+00	0.00e+00
 3.81454e+11	0.00e+00	1.07e-24	1.29e-14	6.59e-07	4.97e-02	8.05e-01	1.45e-01	0.00e+00	0.00e+00	0.00e+00	0.00e+00	0.00e+00
 4.26639e+11	1.66e-36	1.41e-24	1.61e-14	7.70e-07	5.39e-02	8.12e-01	1.34e-01	0.00e+00	0.00e+00	0.00e+00	0.00e+00	0.00e+00
 4.73631e+11	0.00e+00	1.86e-24	2.01e-14	8.99e-07	5.82e-02	8.18e-01	1.24e-01	0.00e+00	0.00e+00	0.00e+00	0.00e+00	0.00e+00
 5.22503e+11	3.22e-36	2.45e-24	2.50e-14	1.05e-06	6.29e-02	8.23e-01	1.15e-01	0.00e+00	0.00e+00	0.00e+00	0.00e+00	0.00e+00
 5.73330e+11	0.00e+00	3.22e-24	3.10e-14	1.22e-06	6.78e-02	8.27e-01	1.06e-01	0.00e+00	0.00e+00	0.00e+00	0.00e+00	0.00e+00
 6.26190e+11	6.16e-36	4.23e-24	3.84e-14	1.42e-06	7.30e-02	8.30e-01	9.72e-02	0.00e+00	0.00e+00	0.00e+00	0.00e+00	0.00e+00
 6.81164e+11	0.00e+00	5.53e-24	4.75e-14	1.65e-06	7.84e-02	8.32e-01	8.94e-02	0.00e+00	0.00e+00	0.00e+00	0.00e+00	0.00e+00
 7.38337e+11	1.17e-35	7.23e-24	5.88e-14	1.91e-06	8.42e-02	8.34e-01	8.21e-02	0.00e+00	0.00e+00	0.00e+00	0.00e+00	0.00e+00
 7.97798e+11	0.00e+00	9.45e-24	7.27e-14	2.22e-06	9.03e-02	8.34e-01	7.53e-02	0.00e+00	0.00e+00	0.00e+00	0.00e+00	0.00e+00
 8.59636e+11	2.19e-35	1.23e-23	8.97e-14	2.57e-06	9.68e-02	8.34e-01	6.90e-02	0.00e+00	0.00e+00	0.00e+00	0.00e+00	0.00e+00
 9.23949e+11	0.00e+00	1.61e-23	1.11e-13	2.97e-06	1.04e-01	8.33e-01	6.32e-02	0.00e+00	0.00e+00	0.00e+00	0.00e+00	0.00e+00
 9.90833e+11	4.09e-35	2.09e-23	1.36e-13	3.43e-06	1.11e-01	8.32e-01	5.77e-02	0.00e+00	0.00e+00	0.00e+00	0.00e+00	0.00e+00
 1.06039e+12	5.62e-35	2.73e-23	1.68e-13	3.96e-06	1.18e-01	8.29e-01	5.28e-02	0.00e+00	0.00e+00	0.00e+00	0.00e+00	0.00e+00
 1.13274e+12	7.59e-35	3.54e-23	2.07e-13	4.57e-06	1.26e-01	8.26e-01	4.81e-02	0.00e+00	0.00e+00	0.00e+00	0.00e+00	0.00e+00
 1.20797e+12	1.03e-34	4.60e-23	2.54e-13	5.27e-06	1.34e-01	8.22e-01	4.39e-02	0.00e+00	0.00e+00	0.00e+00	0.00e+00	0.00e+00
 1.28622e+12	1.40e-34	5.97e-23	3.13e-13	6.06e-06	1.43e-01	8.17e-01	3.99e-02	0.00e+00	0.00e+00	0.00e+00	0.00e+00	0.00e+00
 1.36759e+12	1.92e-34	7.80e-23	3.86e-13	6.98e-06	1.52e-01	8.12e-01	3.64e-02	0.00e+00	0.00e+00	0.00e+00	0.00e+00	0.00e+00
 1.45222e+12	2.58e-34	1.01e-22	4.73e-13	8.02e-06	1.61e-01	8.06e-01	3.30e-02	0.00e+00	0.00e+00	0.00e+00	0.00e+00	0.00e+00
 1.54024e+12	3.54e-34	1.32e-22	5.83e-13	9.23e-06	1.71e-01	7.99e-01	3.00e-02	0.00e+00	0.00e+00	0.00e+00	0.00e+00	0.00e+00
 1.63178e+12	4.76e-34	1.71e-22	7.14e-13	1.06e-05	1.81e-01	7.92e-01	2.72e-02	0.00e+00	0.00e+00	0.00e+00	0.00e+00	0.00e+00
 1.72697e+12	6.46e-34	2.22e-22	8.78e-13	1.21e-05	1.92e-01	7.84e-01	2.46e-02	0.00e+00	0.00e+00	0.00e+00	0.00e+00	0.00e+00
 1.82598e+12	8.77e-34	2.89e-22	1.08e-12	1.39e-05	2.03e-01	7.75e-01	2.23e-02	0.00e+00	0.00e+00	0.00e+00	0.00e+00	0.00e+00
 1.92895e+12	1.20e-33	3.78e-22	1.33e-12	1.60e-05	2.15e-01	7.65e-01	2.02e-02	0.00e+00	0.00e+00	0.00e+00	0.00e+00	0.00e+00
 2.03603e+12	1.62e-33	4.91e-22	1.63e-12	1.83e-05	2.26e-01	7.55e-01	1.82e-02	0.00e+00	0.00e+00	0.00e+00	0.00e+00	0.00e+00
 2.14740e+12	2.20e-33	6.41e-22	2.00e-12	2.09e-05	2.39e-01	7.45e-01	1.65e-02	0.00e+00	0.00e+00	0.00e+00	0.00e+00	0.00e+00
 2.26322e+12	2.99e-33	8.37e-22	2.46e-12	2.39e-05	2.51e-01	7.34e-01	1.48e-02	0.00e+00	0.00e+00	0.00e+00	0.00e+00	0.00e+00
 2.38368e+12	4.07e-33	1.09e-21	3.02e-12	2.73e-05	2.65e-01	7.22e-01	1.34e-02	0.00e+00	0.00e+00	0.00e+00	0.00e+00	0.00e+00
 2.50895e+12	5.54e-33	1.43e-21	3.71e-12	3.11e-05	2.78e-01	7.10e-01	1.20e-02	0.00e+00	0.00e+00	0.00e+00	0.00e+00	0.00e+00
 2.63924e+12	7.55e-33	1.87e-21	4.55e-12	3.55e-05	2.92e-01	6.97e-01	1.08e-02	0.00e+00	0.00e+00	0.00e+00	0.00e+00	0.00e+00
 2.77473e+12	1.03e-32	2.45e-21	5.59e-12	4.04e-05	3.07e-01	6.83e-01	9.71e-03	0.00e+00	0.00e+00	0.00e+00	0.00e+00	0.00e+00
 2.91565e+12	1.41e-32	3.21e-21	6.86e-12	4.60e-05	3.22e-01	6.69e-01	8.70e-03	0.00e+00	0.00e+00	0.00e+00	0.00e+00	0.00e+00
 3.06220e+12	1.92e-32	4.21e-21	8.43e-12	5.24e-05	3.37e-01	6.55e-01	7.80e-03	0.00e+00	0.00e+00	0.00e+00	0.00e+00	0.00e+00
 3.21461e+12	2.63e-32	5.53e-21	1.03e-11	5.95e-05	3.53e-01	6.40e-01	6.97e-03	0.00e+00	0.00e+00	0.00e+00	0.00e+00	0.00e+00
 3.37313e+12	3.60e-32	7.26e-21	1.27e-11	6.76e-05	3.69e-01	6.25e-01	6.23e-03	0.00e+00	0.00e+00	0.00e+00	0.00e+00	0.00e+00
 3.53798e+12	4.93e-32	9.54e-21	1.56e-11	7.67e-05	3.85e-01	6.09e-01	5.56e-03	0.00e+00	0.00e+00	0.00e+00	0.00e+00	0.00e+00
 3.70942e+12	6.76e-32	1.26e-20	1.91e-11	8.69e-05	4.02e-01	5.93e-01	4.96e-03	0.00e+00	0.00e+00	0.00e+00	0.00e+00	0.00e+00
 3.88773e+12	9.29e-32	1.65e-20	2.34e-11	9.84e-05	4.19e-01	5.77e-01	4.41e-03	0.00e+00	0.00e+00	0.00e+00	0.00e+00	0.00e+00
 4.07316e+12	1.28e-31	2.18e-20	2.87e-11	1.11e-04	4.36e-01	5.60e-01	3.92e-03	0.00e+00	0.00e+00	0.00e+00	0.00e+00	0.00e+00
 4.26602e+12	1.76e-31	2.87e-20	3.52e-11	1.26e-04	4.53e-01	5.44e-01	3.48e-03	0.00e+00	0.00e+00	0.00e+00	0.00e+00	0.00e+00
 4.46658e+12	2.42e-31	3.78e-20	4.31e-11	1.42e-04	4.70e-01	5.27e-01	3.08e-03	0.00e+00	0.00e+00	0.00e+00	0.00e+00	0.00e+00
 4.67517e+12	3.34e-31	4.99e-20	5.28e-11	1.60e-04	4.88e-01	5.09e-01	2.73e-03	0.00e+00	0.00e+00	0.00e+00	0.00e+00	0.00e+00
 4.89211e+12	4.62e-31	6.58e-20	6.46e-11	1.81e-04	5.05e-01	4.92e-01	2.41e-03	0.00e+00	0.00e+00	0.00e+00	0.00e+00	0.00e+00
 5.11772e+12	6.39e-31	8.69e-20	7.90e-11	2.04e-04	5.23e-01	4.75e-01	2.13e-03	0.00e+00	0.00e+00	0.00e+00	0.00e+00	0.00e+00
 5.35235e+12	8.85e-31	1.15e-19	9.66e-11	2.29e-04	5.41e-01	4.57e-01	1.88e-03	0.00e+00	0.00e+00	0.00e+00	0.00e+00	0.00e+00
 5.59638e+12	1.23e-30	1.52e-19	1.18e-10	2.57e-04	5.58e-01	4.40e-01	1.65e-03	0.00e+00	0.00e+00	0.00e+00	0.00e+00	0.00e+00
 5.85016e+12	1.70e-30	2.00e-19	1.44e-10	2.89e-04	5.76e-01	4.22e-01	1.45e-03	0.00e+00	0.00e+00	0.00e+00	0.00e+00	0.00e+00
 6.11409e+12	2.37e-30	2.65e-19	1.76e-10	3.24e-04	5.93e-01	4.05e-01	1.27e-03	0.00e+00	0.00e+00	0.00e+00	0.00e+00	0.00e+00
 6.38858e+12	3.30e-30	3.50e-19	2.15e-10	3.63e-04	6.11e-01	3.88e-01	1.11e-03	0.00e+00	0.00e+00	0.00e+00	0.00e+00	0.00e+00
 6.67405e+12	4.61e-30	4.63e-19	2.62e-10	4.06e-04	6.28e-01	3.71e-01	9.74e-04	0.00e+00	0.00e+00	0.00e+00	0.00e+00	0.00e+00
 6.97094e+12	6.45e-30	6.13e-19	3.19e-10	4.54e-04	6.44e-01	3.54e-01	8.51e-04	0.00e+00	0.00e+00	0.00e+00	0.00e+00	0.00e+00
 7.27970e+12	9.03e-30	8.10e-19	3.89e-10	5.08e-04	6.61e-01	3.38e-01	7.42e-04	0.00e+00	0.00e+00	0.00e+00	0.00e+00	0.00e+00
 7.60082e+12	1.27e-29	1.07e-18	4.73e-10	5.66e-04	6.77e-01	3.22e-01	6.46e-04	0.00e+00	0.00e+00	0.00e+00	0.00e+00	0.00e+00
 7.93478e+12	1.78e-29	1.42e-18	5.75e-10	6.32e-04	6.93e-01	3.06e-01	5.61e-04	0.00e+00	0.00e+00	0.00e+00	0.00e+00	0.00e+00
 8.28210e+12	2.50e-29	1.87e-18	6.99e-10	7.04e-04	7.08e-01	2.90e-01	4.87e-04	0.00e+00	0.00e+00	0.00e+00	0.00e+00	0.00e+00
 8.64331e+12	3.52e-29	2.47e-18	8.49e-10	7.83e-04	7.23e-01	2.75e-01	4.22e-04	0.00e+00	0.00e+00	0.00e+00	0.00e+00	0.00e+00
 9.01897e+12	4.97e-29	3.26e-18	1.03e-09	8.71e-04	7.38e-01	2.61e-01	3.66e-04	0.00e+00	0.00e+00	0.00e+00	0.00e+00	0.00e+00
 9.40965e+12	7.01e-29	4.31e-18	1.25e-09	9.67e-04	7.52e-01	2.46e-01	3.16e-04	0.00e+00	0.00e+00	0.00e+00	0.00e+00	0.00e+00
 9.81596e+12	9.91e-29	5.68e-18	1.51e-09	1.07e-03	7.66e-01	2.33e-01	2.73e-04	0.00e+00	0.00e+00	0.00e+00	0.00e+00	0.00e+00
 1.02385e+13	1.40e-28	7.49e-18	1.83e-09	1.19e-03	7.79e-01	2.19e-01	2.35e-04	0.00e+00	0.00e+00	0.00e+00	0.00e+00	0.00e+00
 1.06780e+13	1.98e-28	9.86e-18	2.21e-09	1.32e-03	7.92e-01	2.07e-01	2.03e-04	0.00e+00	0.00e+00	0.00e+00	0.00e+00	0.00e+00
 1.11350e+13	2.81e-28	1.30e-17	2.67e-09	1.46e-03	8.04e-01	1.94e-01	1.74e-04	0.00e+00	0.00e+00	0.00e+00	0.00e+00	0.00e+00
 1.16104e+13	3.98e-28	1.70e-17	3.22e-09	1.61e-03	8.16e-01	1.83e-01	1.50e-04	0.00e+00	0.00e+00	0.00e+00	0.00e+00	0.00e+00
 1.21047e+13	5.64e-28	2.24e-17	3.88e-09	1.78e-03	8.27e-01	1.71e-01	1.29e-04	0.00e+00	0.00e+00	0.00e+00	0.00e+00	0.00e+00
 1.26188e+13	7.99e-28	2.93e-17	4.67e-09	1.96e-03	8.37e-01	1.61e-01	1.10e-04	0.00e+00	0.00e+00	0.00e+00	0.00e+00	0.00e+00
 1.31535e+13	1.13e-27	3.84e-17	5.61e-09	2.16e-03	8.47e-01	1.50e-01	9.47e-05	0.00e+00	0.00e+00	0.00e+00	0.00e+00	0.00e+00
 1.37096e+13	1.60e-27	5.03e-17	6.74e-09	2.38e-03	8.57e-01	1.41e-01	8.11e-05	0.00e+00	0.00e+00	0.00e+00	0.00e+00	0.00e+00
 1.42879e+13	2.27e-27	6.56e-17	8.08e-09	2.62e-03	8.66e-01	1.32e-01	6.95e-05	0.00e+00	0.00e+00	0.00e+00	0.00e+00	0.00e+00
 1.48893e+13	3.20e-27	8.56e-17	9.68e-09	2.88e-03	8.74e-01	1.23e-01	5.94e-05	0.00e+00	0.00e+00	0.00e+00	0.00e+00	0.00e+00
 1.55148e+13	4.52e-27	1.11e-16	1.16e-08	3.17e-03	8.82e-01	1.15e-01	5.08e-05	0.00e+00	0.00e+00	0.00e+00	0.00e+00	0.00e+00
 1.61653e+13	6.37e-27	1.45e-16	1.38e-08	3.47e-03	8.90e-01	1.07e-01	4.35e-05	0.00e+00	0.00e+00	0.00e+00	0.00e+00	0.00e+00
 1.68419e+13	9.00e-27	1.89e-16	1.65e-08	3.81e-03	8.97e-01	9.96e-02	3.71e-05	0.00e+00	0.00e+00	0.00e+00	0.00e+00	0.00e+00
 1.75455e+13	1.26e-26	2.44e-16	1.97e-08	4.17e-03	9.03e-01	9.28e-02	3.17e-05	0.00e+00	0.00e+00	0.00e+00	0.00e+00	0.00e+00
 1.82772e+13	1.78e-26	3.17e-16	2.35e-08	4.57e-03	9.09e-01	8.63e-02	2.71e-05	0.00e+00	0.00e+00	0.00e+00	0.00e+00	0.00e+00
 1.90383e+13	2.49e-26	4.08e-16	2.79e-08	4.99e-03	9.15e-01	8.03e-02	2.32e-05	0.00e+00	0.00e+00	0.00e+00	0.00e+00	0.00e+00
 1.98297e+13	3.49e-26	5.28e-16	3.32e-08	5.46e-03	9.20e-01	7.47e-02	1.98e-05	0.00e+00	0.00e+00	0.00e+00	0.00e+00	0.00e+00
 2.06528e+13	4.88e-26	6.80e-16	3.94e-08	5.96e-03	9.25e-01	6.94e-02	1.69e-05	0.00e+00	0.00e+00	0.00e+00	0.00e+00	0.00e+00
 2.15089e+13	6.82e-26	8.76e-16	4.67e-08	6.50e-03	9.29e-01	6.44e-02	1.44e-05	0.00e+00	0.00e+00	0.00e+00	0.00e+00	0.00e+00
 2.23991e+13	9.52e-26	1.13e-15	5.53e-08	7.09e-03	9.33e-01	5.98e-02	1.23e-05	0.00e+00	0.00e+00	0.00e+00	0.00e+00	0.00e+00
 2.33250e+13	1.33e-25	1.45e-15	6.55e-08	7.73e-03	9.37e-01	5.55e-02	1.05e-05	0.00e+00	0.00e+00	0.00e+00	0.00e+00	0.00e+00
 2.42880e+13	1.85e-25	1.86e-15	7.75e-08	8.42e-03	9.40e-01	5.15e-02	8.96e-06	0.00e+00	0.00e+00	0.00e+00	0.00e+00	0.00e+00
 2.52894e+13	2.57e-25	2.38e-15	9.15e-08	9.17e-03	9.43e-01	4.77e-02	7.65e-06	0.00e+00	0.00e+00	0.00e+00	0.00e+00	0.00e+00
 2.63309e+13	3.57e-25	3.05e-15	1.08e-07	9.98e-03	9.46e-01	4.42e-02	6.52e-06	0.00e+00	0.00e+00	0.00e+00	0.00e+00	0.00e+00
 2.74141e+13	4.94e-25	3.89e-15	1.28e-07	1.08e-02	9.48e-01	4.10e-02	5.57e-06	0.00e+00	0.00e+00	0.00e+00	0.00e+00	0.00e+00
 2.85406e+13	6.84e-25	4.97e-15	1.50e-07	1.18e-02	9.50e-01	3.80e-02	4.75e-06	0.00e+00	0.00e+00	0.00e+00	0.00e+00	0.00e+00
 2.97121e+13	9.47e-25	6.34e-15	1.77e-07	1.28e-02	9.52e-01	3.52e-02	4.05e-06	0.00e+00	0.00e+00	0.00e+00	0.00e+00	0.00e+00
 3.09305e+13	1.31e-24	8.08e-15	2.09e-07	1.39e-02	9.54e-01	3.26e-02	3.45e-06	0.00e+00	0.00e+00	0.00e+00	0.00e+00	0.00e+00
 3.21977e+13	1.81e-24	1.03e-14	2.46e-07	1.51e-02	9.55e-01	3.01e-02	2.95e-06	0.00e+00	0.00e+00	0.00e+00	0.00e+00	0.00e+00
 3.35155e+13	2.49e-24	1.31e-14	2.89e-07	1.64e-02	9.56e-01	2.79e-02	2.51e-06	0.00e+00	0.00e+00	0.00e+00	0.00e+00	0.00e+00
 3.48861e+13	3.43e-24	1.67e-14	3.40e-07	1.78e-02	9.56e-01	2.58e-02	2.14e-06	0.00e+00	0.00e+00	0.00e+00	0.00e+00	0.00e+00
 3.63114e+13	4.73e-24	2.12e-14	3.99e-07	1.93e-02	9.57e-01	2.38e-02	1.83e-06	0.00e+00	0.00e+00	0.00e+00	0.00e+00	0.00e+00
 3.77938e+13	6.50e-24	2.69e-14	4.69e-07	2.09e-02	9.57e-01	2.20e-02	1.56e-06	0.00e+00	0.00e+00	0.00e+00	0.00e+00	0.00e+00
 3.93355e+13	8.94e-24	3.41e-14	5.51e-07	2.26e-02	9.57e-01	2.04e-02	1.33e-06	0.00e+00	0.00e+00	0.00e+00	0.00e+00	0.00e+00
 4.09388e+13	1.23e-23	4.32e-14	6.47e-07	2.45e-02	9.57e-01	1.88e-02	1.13e-06	0.00e+00	0.00e+00	0.00e+00	0.00e+00	0.00e+00
 4.26063e+13	1.68e-23	5.47e-14	7.58e-07	2.65e-02	9.56e-01	1.74e-02	9.63e-07	0.00e+00	0.00e+00	0.00e+00	0.00e+00	0.00e+00
 4.43405e+13	2.31e-23	6.93e-14	8.89e-07	2.87e-02	9.55e-01	1.61e-02	0.00e+00	0.00e+00	0.00e+00	0.00e+00	0.00e+00	0.00e+00
 4.61441e+13	3.16e-23	8.76e-14	1.04e-06	3.10e-02	9.54e-01	1.48e-02	0.00e+00	0.00e+00	0.00e+00	0.00e+00	0.00e+00	0.00e+00
 4.80197e+13	4.33e-23	1.11e-13	1.22e-06	3.35e-02	9.53e-01	1.37e-02	0.00e+00	0.00e+00	0.00e+00	0.00e+00	0.00e+00	0.00e+00
 4.99705e+13	5.93e-23	1.40e-13	1.43e-06	3.63e-02	9.51e-01	1.26e-02	0.00e+00	0.00e+00	0.00e+00	0.00e+00	0.00e+00	0.00e+00
 5.19992e+13	8.10e-23	1.77e-13	1.67e-06	3.92e-02	9.49e-01	1.16e-02	0.00e+00	0.00e+00	0.00e+00	0.00e+00	0.00e+00	0.00e+00
 5.41091e+13	1.11e-22	2.23e-13	1.96e-06	4.23e-02	9.47e-01	1.07e-02	0.00e+00	0.00e+00	0.00e+00	0.00e+00	0.00e+00	0.00e+00
 5.63034e+13	1.51e-22	2.81e-13	2.29e-06	4.57e-02	9.44e-01	9.90e-03	0.00e+00	0.00e+00	0.00e+00	0.00e+00	0.00e+00	0.00e+00
 5.85854e+13	2.06e-22	3.53e-13	2.68e-06	4.93e-02	9.42e-01	9.12e-03	0.00e+00	0.00e+00	0.00e+00	0.00e+00	0.00e+00	0.00e+00
 6.09588e+13	2.80e-22	4.45e-13	3.13e-06	5.32e-02	9.38e-01	8.40e-03	0.00e+00	0.00e+00	0.00e+00	0.00e+00	0.00e+00	0.00e+00
 6.34271e+13	3.81e-22	5.59e-13	3.65e-06	5.74e-02	9.35e-01	7.74e-03	0.00e+00	0.00e+00	0.00e+00	0.00e+00	0.00e+00	0.00e+00
 6.59941e+13	5.19e-22	7.03e-13	4.27e-06	6.19e-02	9.31e-01	7.12e-03	0.00e+00	0.00e+00	0.00e+00	0.00e+00	0.00e+00	0.00e+00
 6.86638e+13	7.05e-22	8.83e-13	4.98e-06	6.67e-02	9.27e-01	6.55e-03	0.00e+00	0.00e+00	0.00e+00	0.00e+00	0.00e+00	0.00e+00
 7.14402e+13	9.58e-22	1.11e-12	5.80e-06	7.18e-02	9.22e-01	6.03e-03	0.00e+00	0.00e+00	0.00e+00	0.00e+00	0.00e+00	0.00e+00
 7.43278e+13	1.30e-21	1.39e-12	6.77e-06	7.73e-02	9.17e-01	5.54e-03	0.00e+00	0.00e+00	0.00e+00	0.00e+00	0.00e+00	0.00e+00
 7.73308e+13	1.75e-21	1.73e-12	7.89e-06	8.33e-02	9.12e-01	5.09e-03	0.00e+00	0.00e+00	0.00e+00	0.00e+00	0.00e+00	0.00e+00
 8.04540e+13	2.39e-21	2.18e-12	9.18e-06	8.95e-02	9.06e-01	4.67e-03	0.00e+00	0.00e+00	0.00e+00	0.00e+00	0.00e+00	0.00e+00
 8.37021e+13	3.24e-21	2.73e-12	1.07e-05	9.62e-02	8.99e-01	4.29e-03	0.00e+00	0.00e+00	0.00e+00	0.00e+00	0.00e+00	0.00e+00
 8.70801e+13	4.39e-21	3.42e-12	1.24e-05	1.03e-01	8.93e-01	3.93e-03	0.00e+00	0.00e+00	0.00e+00	0.00e+00	0.00e+00	0.00e+00
 9.05932e+13	5.94e-21	4.27e-12	1.45e-05	1.11e-01	8.85e-01	3.61e-03	0.00e+00	0.00e+00	0.00e+00	0.00e+00	0.00e+00	0.00e+00
 9.42469e+13	7.97e-21	5.30e-12	1.68e-05	1.19e-01	8.77e-01	3.30e-03	0.00e+00	0.00e+00	0.00e+00	0.00e+00	0.00e+00	0.00e+00
 9.80467e+13	1.08e-20	6.67e-12	1.95e-05	1.28e-01	8.69e-01	3.02e-03	0.00e+00	0.00e+00	0.00e+00	0.00e+00	0.00e+00	0.00e+00
 1.01998e+14	1.46e-20	8.27e-12	2.26e-05	1.37e-01	8.60e-01	2.76e-03	0.00e+00	0.00e+00	0.00e+00	0.00e+00	0.00e+00	0.00e+00
 1.06108e+14	1.98e-20	1.04e-11	2.62e-05	1.47e-01	8.51e-01	2.53e-03	0.00e+00	0.00e+00	0.00e+00	0.00e+00	0.00e+00	0.00e+00
 1.10383e+14	2.65e-20	1.29e-11	3.04e-05	1.57e-01	8.41e-01	2.31e-03	0.00e+00	0.00e+00	0.00e+00	0.00e+00	0.00e+00	0.00e+00
 1.14828e+14	3.60e-20	1.61e-11	3.52e-05	1.68e-01	8.30e-01	2.11e-03	0.00e+00	0.00e+00	0.00e+00	0.00e+00	0.00e+00	0.00e+00
 1.19451e+14	4.82e-20	1.99e-11	4.08e-05	1.80e-01	8.19e-01	1.92e-03	0.00e+00	0.00e+00	0.00e+00	0.00e+00	0.00e+00	0.00e+00
 1.24259e+14	6.52e-20	2.49e-11	4.71e-05	1.91e-01	8.07e-01	1.75e-03	0.00e+00	0.00e+00	0.00e+00	0.00e+00	0.00e+00	0.00e+00
 1.29259e+14	8.74e-20	3.08e-11	5.44e-05	2.04e-01	7.94e-01	1.59e-03	0.00e+00	0.00e+00	0.00e+00	0.00e+00	0.00e+00	0.00e+00
 1.34459e+14	1.18e-19	3.85e-11	6.27e-05	2.18e-01	7.81e-01	1.44e-03	0.00e+00	0.00e+00	0.00e+00	0.00e+00	0.00e+00	0.00e+00
 1.39868e+14	1.58e-19	4.75e-11	7.24e-05	2.32e-01	7.67e-01	1.31e-03	0.00e+00	0.00e+00	0.00e+00	0.00e+00	0.00e+00	0.00e+00
 1.45492e+14	2.13e-19	5.91e-11	8.32e-05	2.46e-01	7.53e-01	1.19e-03	0.00e+00	0.00e+00	0.00e+00	0.00e+00	0.00e+00	0.00e+00
 1.51342e+14	2.84e-19	7.29e-11	9.57e-05	2.61e-01	7.37e-01	1.08e-03	0.00e+00	0.00e+00	0.00e+00	0.00e+00	0.00e+00	0.00e+00
 1.57426e+14	3.81e-19	9.04e-11	1.10e-04	2.77e-01	7.22e-01	9.73e-04	0.00e+00	0.00e+00	0.00e+00	0.00e+00	0.00e+00	0.00e+00
 1.63752e+14	5.07e-19	1.11e-10	1.26e-04	2.93e-01	7.06e-01	8.79e-04	0.00e+00	0.00e+00	0.00e+00	0.00e+00	0.00e+00	0.00e+00
 1.70333e+14	6.78e-19	1.38e-10	1.44e-04	3.10e-01	6.89e-01	7.93e-04	0.00e+00	0.00e+00	0.00e+00	0.00e+00	0.00e+00	0.00e+00
 1.77176e+14	8.99e-19	1.69e-10	1.64e-04	3.27e-01	6.72e-01	7.14e-04	0.00e+00	0.00e+00	0.00e+00	0.00e+00	0.00e+00	0.00e+00
 1.84293e+14	1.20e-18	2.08e-10	1.87e-04	3.45e-01	6.54e-01	6.42e-04	0.00e+00	0.00e+00	0.00e+00	0.00e+00	0.00e+00	0.00e+00
 1.91694e+14	1.59e-18	2.55e-10	2.14e-04	3.63e-01	6.36e-01	5.77e-04	0.00e+00	0.00e+00	0.00e+00	0.00e+00	0.00e+00	0.00e+00
 1.99392e+14	2.11e-18	3.13e-10	2.43e-04	3.81e-01	6.18e-01	5.18e-04	0.00e+00	0.00e+00	0.00e+00	0.00e+00	0.00e+00	0.00e+00
 2.07398e+14	2.80e-18	3.82e-10	2.76e-04	4.01e-01	5.99e-01	4.63e-04	0.00e+00	0.00e+00	0.00e+00	0.00e+00	0.00e+00	0.00e+00
 2.15723e+14	3.70e-18	4.68e-10	3.13e-04	4.20e-01	5.80e-01	4.14e-04	0.00e+00	0.00e+00	0.00e+00	0.00e+00	0.00e+00	0.00e+00
 2.24382e+14	4.90e-18	5.72e-10	3.54e-04	4.39e-01	5.60e-01	3.70e-04	0.00e+00	0.00e+00	0.00e+00	0.00e+00	0.00e+00	0.00e+00
 2.33388e+14	6.46e-18	6.98e-10	4.01e-04	4.59e-01	5.41e-01	3.30e-04	0.00e+00	0.00e+00	0.00e+00	0.00e+00	0.00e+00	0.00e+00
 2.42753e+14	8.51e-18	8.50e-10	4.52e-04	4.79e-01	5.21e-01	2.93e-04	0.00e+00	0.00e+00	0.00e+00	0.00e+00	0.00e+00	0.00e+00
 2.52493e+14	1.12e-17	1.03e-09	5.09e-04	4.98e-01	5.01e-01	2.61e-04	0.00e+00	0.00e+00	0.00e+00	0.00e+00	0.00e+00	0.00e+00
 2.62623e+14	1.47e-17	1.25e-09	5.74e-04	5.18e-01	4.81e-01	2.31e-04	0.00e+00	0.00e+00	0.00e+00	0.00e+00	0.00e+00	0.00e+00
 2.73158e+14	1.93e-17	1.52e-09	6.45e-04	5.38e-01	4.61e-01	2.05e-04	0.00e+00	0.00e+00	0.00e+00	0.00e+00	0.00e+00	0.00e+00
 2.84114e+14	2.52e-17	1.84e-09	7.23e-04	5.58e-01	4.41e-01	1.81e-04	0.00e+00	0.00e+00	0.00e+00	1.43e-17	7.83e-18	3.07e-18
 2.95508e+14	3.30e-17	2.22e-09	8.09e-04	5.77e-01	4.22e-01	1.60e-04	0.00e+00	0.00e+00	0.00e+00	1.84e-17	1.10e-17	3.65e-18
 3.07358e+14	4.32e-17	2.69e-09	9.06e-04	5.96e-01	4.02e-01	1.41e-04	0.00e+00	0.00e+00	0.00e+00	2.41e-17	1.43e-17	4.77e-18
 3.19683e+14	5.61e-17	3.23e-09	1.01e-03	6.15e-01	3.84e-01	1.24e-04	0.00e+00	0.00e+00	0.00e+00	3.13e-17	1.86e-17	6.20e-18
 3.32500e+14	7.31e-17	3.89e-09	1.13e-03	6.34e-01	3.65e-01	1.09e-04	0.00e+00	0.00e+00	0.00e+00	4.07e-17	2.43e-17	8.08e-18
 3.45830e+14	9.50e-17	4.68e-09	1.25e-03	6.52e-01	3.47e-01	9.53e-05	0.00e+00	0.00e+00	0.00e+00	5.30e-17	3.16e-17	1.05e-17
 3.59693e+14	1.24e-16	5.62e-09	1.39e-03	6.70e-01	3.29e-01	8.35e-05	0.00e+00	0.00e+00	0.00e+00	6.88e-17	4.10e-17	1.37e-17
 3.73137e+14	1.57e-16	6.66e-09	1.54e-03	6.86e-01	3.13e-01	7.37e-05	0.00e+00	0.00e+00	0.00e+00	8.77e-17	5.23e-17	1.74e-17
 3.85791e+14	1.96e-16	7.77e-09	1.68e-03	7.00e-01	2.98e-01	6.56e-05	0.00e+00	0.00e+00	0.00e+00	1.09e-16	6.52e-17	2.17e-17
 3.99925e+14	2.48e-16	9.15e-09	1.84e-03	7.15e-01	2.83e-01	5.79e-05	0.00e+00	0.00e+00	0.00e+00	1.38e-16	8.24e-17	2.75e-17
 4.15952e+14	3.22e-16	1.10e-08	2.04e-03	7.31e-01	2.67e-01	5.04e-05	0.00e+00	0.00e+00	0.00e+00	1.80e-16	1.07e-16	3.56e-17
 4.31442e+14	4.07e-16	1.29e-08	2.23e-03	7.45e-01	2.53e-01	4.43e-05	0.00e+00	0.00e+00	0.00e+00	2.27e-16	1.35e-16	4.51e-17
 4.47553e+14	5.17e-16	1.52e-08	2.45e-03	7.59e-01	2.39e-01	3.88e-05	0.00e+00	0.00e+00	0.00e+00	2.88e-16	1.72e-16	5.72e-17
 4.64980e+14	6.62e-16	1.81e-08	2.69e-03	7.72e-01	2.25e-01	3.38e-05	0.00e+00	0.00e+00	0.00e+00	3.69e-16	2.20e-16	7.32e-17
 4.81774e+14	8.31e-16	2.11e-08	2.94e-03	7.84e-01	2.13e-01	2.97e-05	0.00e+00	0.00e+00	0.00e+00	4.63e-16	2.76e-16	9.19e-17
 4.99743e+14	1.05e-15	2.48e-08	3.21e-03	7.97e-01	2.00e-01	2.59e-05	0.00e+00	0.00e+00	0.00e+00	5.87e-16	3.49e-16	1.16e-16
 5.19283e+14	1.34e-15	2.94e-08	3.52e-03	8.08e-01	1.88e-01	2.25e-05	0.00e+00	0.00e+00	0.00e+00	7.48e-16	4.46e-16	1.48e-16
 5.38395e+14	1.69e-15	3.44e-08	3.84e-03	8.19e-01	1.77e-01	1.97e-05	0.00e+00	0.00e+00	0.00e+00	9.43e-16	5.62e-16	1.87e-16
 5.58751e+14	2.14e-15	4.04e-08	4.19e-03	8.30e-01	1.66e-01	1.71e-05	0.00e+00	0.00e+00	0.00e+00	1.19e-15	7.10e-16	2.37e-16
 5.81131e+14	2.75e-15	4.80e-08	4.59e-03	8.40e-01	1.55e-01	1.47e-05	0.00e+00	0.00e+00	0.00e+00	1.53e-15	9.11e-16	3.04e-16
 6.03178e+14	3.47e-15	5.63e-08	5.00e-03	8.50e-01	1.45e-01	1.28e-05	0.00e+00	0.00e+00	0.00e+00	1.93e-15	1.15e-15	3.84e-16
 6.26107e+14	4.40e-15	6.61e-08	5.46e-03	8.59e-01	1.36e-01	1.11e-05	0.00e+00	0.00e+00	0.00e+00	2.45e-15	1.46e-15	4.86e-16
 6.50601e+14	5.58e-15	7.78e-08	5.95e-03	8.67e-01	1.27e-01	9.53e-06	0.00e+00	0.00e+00	0.00e+00	3.11e-15	1.85e-15	6.17e-16
 6.74924e+14	7.04e-15	9.12e-08	6.48e-03	8.75e-01	1.19e-01	8.25e-06	0.00e+00	0.00e+00	0.00e+00	3.93e-15	2.34e-15	7.79e-16
 7.00801e+14	8.89e-15	1.07e-07	7.04e-03	8.82e-01	1.11e-01	7.12e-06	0.00e+00	0.00e+00	0.00e+00	4.96e-15	2.95e-15	9.84e-16
 7.28863e+14	1.14e-14	1.27e-07	7.70e-03	8.90e-01	1.03e-01	6.09e-06	0.00e+00	0.00e+00	0.00e+00	6.36e-15	3.78e-15	1.26e-15
 7.56804e+14	1.44e-14	1.48e-07	8.36e-03	8.96e-01	9.57e-02	5.25e-06	0.00e+00	0.00e+00	0.00e+00	8.02e-15	4.76e-15	1.59e-15
 7.85863e+14	1.82e-14	1.74e-07	9.10e-03	9.02e-01	8.90e-02	4.51e-06	0.00e+00	0.00e+00	0.00e+00	1.02e-14	6.03e-15	2.01e-15
 8.17327e+14	2.32e-14	2.05e-07	9.92e-03	9.08e-01	8.25e-02	3.85e-06	0.00e+00	0.00e+00	0.00e+00	1.30e-14	7.70e-15	2.57e-15
 8.49260e+14	2.95e-14	2.41e-07	1.08e-02	9.13e-01	7.65e-02	3.30e-06	0.00e+00	0.00e+00	0.00e+00	1.65e-14	9.77e-15	3.27e-15
 8.82471e+14	3.74e-14	2.83e-07	1.17e-02	9.17e-01	7.09e-02	2.82e-06	0.00e+00	0.00e+00	0.00e+00	2.09e-14	1.24e-14	4.14e-15
 9.17800e+14	4.79e-14	3.35e-07	1.28e-02	9.22e-01	6.55e-02	2.40e-06	0.00e+00	0.00e+00	0.00e+00	2.67e-14	1.58e-14	5.30e-15
 9.54541e+14	6.11e-14	3.95e-07	1.39e-02	9.26e-01	6.05e-02	2.04e-06	0.00e+00	0.00e+00	0.00e+00	3.41e-14	2.02e-14	6.76e-15
 9.92753e+14	7.82e-14	4.66e-07	1.52e-02	9.29e-01	5.58e-02	1.73e-06	0.00e+00	0.00e+00	0.00e+00	4.36e-14	2.58e-14	8.65e-15
 1.03249e+15	9.97e-14	5.50e-07	1.66e-02	9.32e-01	5.15e-02	1.47e-06	0.00e+00	0.00e+00	0.00e+00	5.57e-14	3.30e-14	1.10e-14
 1.07382e+15	1.28e-13	6.51e-07	1.80e-02	9.35e-01	4.74e-02	1.24e-06	0.00e+00	0.00e+00	0.00e+00	7.15e-14	4.23e-14	1.42e-14
 1.11681e+15	1.63e-13	7.67e-07	1.97e-02	9.37e-01	4.36e-02	1.05e-06	0.00e+00	0.00e+00	0.00e+00	9.13e-14	5.39e-14	1.81e-14
 1.16151e+15	2.09e-13	9.07e-07	2.14e-02	9.38e-01	4.01e-02	8.88e-07	0.00e+00	0.00e+00	0.00e+00	1.17e-13	6.90e-14	2.31e-14
 1.20800e+15	2.67e-13	1.07e-06	2.33e-02	9.40e-01	3.69e-02	0.00e+00	0.00e+00	0.00e+00	0.00e+00	1.49e-13	8.80e-14	2.95e-14
 1.25635e+15	3.44e-13	1.27e-06	2.55e-02	9.41e-01	3.38e-02	0.00e+00	0.00e+00	0.00e+00	0.00e+00	1.92e-13	1.13e-13	3.80e-14
 1.30663e+15	4.39e-13	1.50e-06	2.77e-02	9.41e-01	3.10e-02	0.00e+00	0.00e+00	0.00e+00	0.00e+00	2.46e-13	1.44e-13	4.86e-14
 1.35893e+15	5.63e-13	1.77e-06	3.03e-02	9.41e-01	2.84e-02	0.00e+00	0.00e+00	0.00e+00	0.00e+00	3.15e-13	1.85e-13	6.23e-14
 1.41331e+15	7.22e-13	2.10e-06	3.30e-02	9.41e-01	2.59e-02	0.00e+00	0.00e+00	0.00e+00	0.00e+00	4.04e-13	2.37e-13	7.99e-14
 1.46988e+15	9.32e-13	2.50e-06	3.61e-02	9.40e-01	2.37e-02	0.00e+00	0.00e+00	0.00e+00	0.00e+00	5.22e-13	3.06e-13	1.03e-13
 1.52870e+15	1.20e-12	2.97e-06	3.95e-02	9.39e-01	2.16e-02	0.00e+00	0.00e+00	0.00e+00	0.00e+00	6.72e-13	3.93e-13	1.33e-13
 1.58988e+15	1.54e-12	3.53e-06	4.32e-02	9.37e-01	1.97e-02	0.00e+00	0.00e+00	0.00e+00	0.00e+00	8.67e-13	5.06e-13	1.71e-13
 1.65350e+15	1.99e-12	4.19e-06	4.73e-02	9.35e-01	1.79e-02	0.00e+00	0.00e+00	0.00e+00	0.00e+00	1.12e-12	6.50e-13	2.20e-13
 1.71967e+15	2.59e-12	5.03e-06	5.20e-02	9.32e-01	1.62e-02	0.00e+00	0.00e+00	0.00e+00	0.00e+00	1.45e-12	8.45e-13	2.86e-13
 1.78849e+15	3.35e-12	6.01e-06	5.71e-02	9.28e-01	1.47e-02	0.00e+00	0.00e+00	0.00e+00	0.00e+00	1.88e-12	1.09e-12	3.70e-13
 1.86006e+15	4.36e-12	7.21e-06	6.28e-02	9.24e-01	1.32e-02	0.00e+00	0.00e+00	0.00e+00	0.00e+00	2.45e-12	1.42e-12	4.81e-13
 1.93449e+15	5.65e-12	8.62e-06	6.93e-02	9.19e-01	1.19e-02	0.00e+00	0.00e+00	0.00e+00	0.00e+00	3.18e-12	1.84e-12	6.23e-13
 2.01190e+15	7.42e-12	1.04e-05	7.67e-02	9.13e-01	1.07e-02	0.00e+00	0.00e+00	0.00e+00	0.00e+00	4.19e-12	2.41e-12	8.19e-13
 2.09241e+15	9.79e-12	1.27e-05	8.52e-02	9.05e-01	9.56e-03	0.00e+00	0.00e+00	0.00e+00	0.00e+00	5.53e-12	3.17e-12	1.08e-12
 2.17614e+15	1.28e-11	1.54e-05	9.49e-02	8.97e-01	8.52e-03	0.00e+00	0.00e+00	0.00e+00	0.00e+00	7.26e-12	4.15e-12	1.41e-12
 2.26321e+15	1.72e-11	1.89e-05	1.06e-01	8.86e-01	7.54e-03	0.00e+00	0.00e+00	0.00e+00	0.00e+00	9.72e-12	5.53e-12	1.89e-12
 2.35377e+15	2.30e-11	2.34e-05	1.19e-01	8.74e-01	6.63e-03	0.00e+00	0.00e+00	0.00e+00	0.00e+00	1.31e-11	7.41e-12	2.54e-12
 2.44795e+15	3.08e-11	2.88e-05	1.35e-01	8.59e-01	5.79e-03	0.00e+00	0.00e+00	0.00e+00	0.00e+00	1.75e-11	9.90e-12	3.39e-12
 2.54590e+15	4.25e-11	3.65e-05	1.54e-01	8.41e-01	5.00e-03	0.00e+00	0.00e+00	0.00e+00	0.00e+00	2.41e-11	1.36e-11	4.66e-12
 2.64227e+15	5.76e-11	4.59e-05	1.76e-01	8.19e-01	4.30e-03	0.00e+00	0.00e+00	0.00e+00	0.00e+00	3.28e-11	1.84e-11	6.33e-12
 2.73053e+15	7.64e-11	5.67e-05	2.00e-01	7.96e-01	3.72e-03	0.00e+00	0.00e+00	0.00e+00	0.00e+00	4.36e-11	2.43e-11	8.37e-12
 2.81126e+15	9.83e-11	6.85e-05	2.26e-01	7.71e-01	3.22e-03	0.00e+00	0.00e+00	0.00e+00	0.00e+00	5.61e-11	3.12e-11	1.08e-11
 2.88729e+15	1.26e-10	8.31e-05	2.55e-01	7.42e-01	2.78e-03	0.00e+00	0.00e+00	0.00e+00	0.00e+00	7.22e-11	4.00e-11	1.38e-11
 2.95961e+15	1.62e-10	1.01e-04	2.87e-01	7.11e-01	2.39e-03	0.00e+00	0.00e+00	0.00e+00	0.00e+00	9.27e-11	5.13e-11	1.77e-11
 3.02752e+15	2.03e-10	1.21e-04	3.22e-01	6.76e-01	2.04e-03	0.00e+00	0.00e+00	0.00e+00	0.00e+00	1.16e-10	6.42e-11	2.22e-11
 3.09038e+15	2.53e-10	1.44e-04	3.60e-01	6.38e-01	1.73e-03	0.00e+00	0.00e+00	0.00e+00	0.00e+00	1.45e-10	7.99e-11	2.76e-11
 3.14800e+15	3.10e-10	1.70e-04	4.01e-01	5.97e-01	1.46e-03	0.00e+00	0.00e+00	0.00e+00	0.00e+00	1.78e-10	9.79e-11	3.38e-11
 3.20085e+15	3.75e-10	1.98e-04	4.45e-01	5.54e-01	1.22e-03	0.00e+00	0.00e+00	0.00e+00	0.00e+00	2.16e-10	1.18e-10	4.09e-11
 3.24999e+15	4.49e-10	2.30e-04	4.91e-01	5.08e-01	1.01e-03	0.00e+00	0.00e+00	0.00e+00	0.00e+00	2.58e-10	1.41e-10	4.89e-11
 3.29599e+15	5.31e-10	2.64e-04	5.39e-01	4.60e-01	8.17e-04	0.00e+00	0.00e+00	0.00e+00	0.00e+00	3.06e-10	1.67e-10	5.78e-11
 3.33917e+15	6.22e-10	3.01e-04	5.89e-01	4.10e-01	6.53e-04	0.00e+00	0.00e+00	0.00e+00	0.00e+00	3.58e-10	1.95e-10	6.75e-11
 3.38005e+15	7.18e-10	3.41e-04	6.40e-01	3.59e-01	5.09e-04	0.00e+00	0.00e+00	0.00e+00	0.00e+00	4.14e-10	2.25e-10	7.80e-11
 3.41924e+15	8.20e-10	3.82e-04	6.92e-01	3.08e-01	3.86e-04	0.00e+00	0.00e+00	0.00e+00	0.00e+00	4.73e-10	2.57e-10	8.90e-11
 3.45761e+15	9.30e-10	4.26e-04	7.43e-01	2.56e-01	2.83e-04	0.00e+00	0.00e+00	0.00e+00	0.00e+00	5.36e-10	2.91e-10	1.01e-10
 3.50157e+15	1.07e-09	4.78e-04	8.01e-01	1.99e-01	1.85e-04	0.00e+00	0.00e+00	0.00e+00	0.00e+00	6.15e-10	3.34e-10	1.15e-10
 3.54923e+15	1.21e-09	5.33e-04	8.56e-01	1.44e-01	1.09e-04	0.00e+00	0.00e+00	0.00e+00	0.00e+00	7.00e-10	3.79e-10	1.31e-10
 3.59444e+15	1.35e-09	5.81e-04	8.99e-01	1.00e-01	6.15e-05	0.00e+00	0.00e+00	0.00e+00	0.00e+00	7.82e-10	4.23e-10	1.46e-10
 3.64599e+15	1.52e-09	6.31e-04	9.36e-01	6.34e-02	2.97e-05	0.00e+00	0.00e+00	0.00e+00	0.00e+00	8.77e-10	4.73e-10	1.64e-10
 3.71301e+15	1.70e-09	6.82e-04	9.65e-01	3.44e-02	1.12e-05	0.00e+00	0.00e+00	0.00e+00	0.00e+00	9.83e-10	5.30e-10	1.83e-10
 3.80013e+15	1.92e-09	7.33e-04	9.83e-01	1.66e-02	3.29e-06	0.00e+00	0.00e+00	0.00e+00	0.00e+00	1.11e-09	5.98e-10	2.07e-10
 3.91339e+15	2.19e-09	7.88e-04	9.91e-01	8.30e-03	8.61e-07	0.00e+00	0.00e+00	0.00e+00	0.00e+00	1.27e-09	6.83e-10	2.36e-10
 4.05697e+15	2.55e-09	8.50e-04	9.94e-01	5.14e-03	0.00e+00	0.00e+00	0.00e+00	0.00e+00	0.00e+00	1.48e-09	7.94e-10	2.75e-10
 4.21928e+15	3.00e-09	9.22e-04	9.95e-01	4.03e-03	0.00e+00	0.00e+00	0.00e+00	0.00e+00	0.00e+00	1.74e-09	9.32e-10	3.23e-10
 4.38808e+15	3.52e-09	9.97e-04	9.95e-01	3.54e-03	0.00e+00	0.00e+00	0.00e+00	0.00e+00	0.00e+00	2.04e-09	1.09e-09	3.79e-10
 4.56363e+15	4.13e-09	1.08e-03	9.96e-01	3.19e-03	0.00e+00	0.00e+00	0.00e+00	0.00e+00	0.00e+00	2.40e-09	1.28e-09	4.44e-10
 4.74621e+15	4.84e-09	1.17e-03	9.96e-01	2.90e-03	0.00e+00	0.00e+00	0.00e+00	0.00e+00	0.00e+00	2.81e-09	1.50e-09	5.21e-10
 4.93609e+15	5.68e-09	1.26e-03	9.96e-01	2.66e-03	0.00e+00	0.00e+00	0.00e+00	0.00e+00	0.00e+00	3.30e-09	1.76e-09	6.11e-10
 5.13356e+15	6.67e-09	1.36e-03	9.96e-01	2.43e-03	0.00e+00	0.00e+00	0.00e+00	0.00e+00	0.00e+00	3.88e-09	2.06e-09	7.17e-10
 5.33893e+15	7.83e-09	1.48e-03	9.96e-01	2.23e-03	0.00e+00	0.00e+00	0.00e+00	0.00e+00	0.00e+00	4.56e-09	2.42e-09	8.42e-10
 5.55252e+15	9.20e-09	1.60e-03	9.96e-01	2.04e-03	0.00e+00	0.00e+00	0.00e+00	0.00e+00	0.00e+00	5.35e-09	2.84e-09	9.88e-10
 5.77465e+15	1.08e-08	1.73e-03	9.96e-01	1.87e-03	0.00e+00	0.00e+00	0.00e+00	0.00e+00	0.00e+00	6.29e-09	3.34e-09	1.16e-09
 6.00567e+15	1.27e-08	1.87e-03	9.96e-01	1.71e-03	0.00e+00	0.00e+00	0.00e+00	0.00e+00	0.00e+00	7.40e-09	3.93e-09	1.36e-09
 6.24592e+15	1.50e-08	2.02e-03	9.96e-01	1.56e-03	0.00e+00	0.00e+00	0.00e+00	0.00e+00	0.00e+00	8.71e-09	4.62e-09	1.61e-09
 6.49579e+15	1.76e-08	2.19e-03	9.96e-01	1.42e-03	0.00e+00	0.00e+00	0.00e+00	0.00e+00	0.00e+00	1.03e-08	5.44e-09	1.89e-09
 6.75565e+15	2.07e-08	2.37e-03	9.96e-01	1.30e-03	0.00e+00	0.00e+00	0.00e+00	0.00e+00	0.00e+00	1.21e-08	6.41e-09	2.23e-09
 7.02591e+15	2.45e-08	2.56e-03	9.96e-01	1.18e-03	0.00e+00	0.00e+00	0.00e+00	0.00e+00	0.00e+00	1.42e-08	7.55e-09	2.62e-09
 7.30697e+15	2.89e-08	2.77e-03	9.96e-01	1.08e-03	0.00e+00	0.00e+00	0.00e+00	0.00e+00	0.00e+00	1.68e-08	8.91e-09	3.09e-09
