#depth	C	C+	C+2	C+3	C+4	C+5	C+6	C[1]	C[2]	C[3]	C+[1]	C+[2]	CO
 1.49634e+10	0.00e+00	9.85e-26	1.87e-15	1.06e-07	1.00e+00	0.00e+00	0.00e+00	0.00e+00	0.00e+00	0.00e+00	0.00e+00	0.00e+00	8.79e-145
 4.54887e+10	9.18e-38	1.24e-25	2.20e-15	1.15e-07	1.00e+00	3.39e-07	0.00e+00	0.00e+00	0.00e+00	0.00e+00	0.00e+00	0.00e+00	9.43e-97
 7.72350e+10	0.00e+00	1.56e-25	2.58e-15	1.26e-07	1.00e+00	0.00e+00	0.00e+00	0.00e+00	0.00e+00	0.00e+00	0.00e+00	0.00e+00	7.78e-144
 1.10251e+11	1.67e-37	1.97e-25	3.03e-15	1.37e-07	1.00e+00	0.00e+00	0.00e+00	0.00e+00	0.00e+00	0.00e+00	0.00e+00	0.00e+00	4.15e-96
 1.44588e+11	0.00e+00	2.47e-25	3.56e-15	1.49e-07	1.00e+00	0.00e+00	0.00e+00	0.00e+00	0.00e+00	0.00e+00	0.00e+00	0.00e+00	1.21e-126
 1.80298e+11	3.04e-37	3.11e-25	4.18e-15	1.62e-07	1.00e+00	0.00e+00	0.00e+00	0.00e+00	0.00e+00	0.00e+00	0.00e+00	0.00e+00	1.81e-95
 2.17437e+11	0.00e+00	3.91e-25	4.91e-15	1.76e-07	1.00e+00	0.00e+00	0.00e+00	0.00e+00	0.00e+00	0.00e+00	0.00e+00	0.00e+00	3.18e-126
 2.56061e+11	5.51e-37	4.91e-25	5.77e-15	1.92e-07	1.00e+00	0.00e+00	0.00e+00	0.00e+00	0.00e+00	0.00e+00	0.00e+00	0.00e+00	7.76e-95
 2.96231e+11	0.00e+00	6.17e-25	6.78e-15	2.09e-07	1.00e+00	0.00e+00	0.00e+00	0.00e+00	0.00e+00	0.00e+00	0.00e+00	0.00e+00	8.24e-126
 3.38007e+11	9.94e-37	7.74e-25	7.97e-15	2.27e-07	1.00e+00	0.00e+00	0.00e+00	0.00e+00	0.00e+00	0.00e+00	0.00e+00	0.00e+00	3.26e-94
 3.81454e+11	0.00e+00	9.71e-25	9.36e-15	2.48e-07	1.00e+00	0.00e+00	0.00e+00	0.00e+00	0.00e+00	0.00e+00	0.00e+00	0.00e+00	2.10e-125
 4.26639e+11	1.78e-36	1.22e-24	1.10e-14	2.70e-07	1.00e+00	0.00e+00	0.00e+00	0.00e+00	0.00e+00	0.00e+00	0.00e+00	0.00e+00	1.34e-93
 4.73631e+11	0.00e+00	1.52e-24	1.29e-14	2.94e-07	1.00e+00	0.00e+00	0.00e+00	0.00e+00	0.00e+00	0.00e+00	0.00e+00	0.00e+00	5.29e-125
 5.22503e+11	3.19e-36	1.91e-24	1.52e-14	3.21e-07	1.00e+00	0.00e+00	0.00e+00	0.00e+00	0.00e+00	0.00e+00	0.00e+00	0.00e+00	5.44e-93
 5.73330e+11	0.00e+00	2.39e-24	1.78e-14	3.50e-07	1.00e+00	0.00e+00	0.00e+00	0.00e+00	0.00e+00	0.00e+00	0.00e+00	0.00e+00	1.31e-124
 6.26190e+11	5.66e-36	2.98e-24	2.09e-14	3.82e-07	1.00e+00	0.00e+00	0.00e+00	0.00e+00	0.00e+00	0.00e+00	0.00e+00	0.00e+00	2.17e-92
 6.81164e+11	0.00e+00	3.72e-24	2.46e-14	4.17e-07	1.00e+00	0.00e+00	0.00e+00	0.00e+00	0.00e+00	0.00e+00	0.00e+00	0.00e+00	3.21e-124
 7.38337e+11	9.99e-36	4.65e-24	2.89e-14	4.55e-07	1.00e+00	0.00e+00	0.00e+00	0.00e+00	0.00e+00	0.00e+00	0.00e+00	0.00e+00	8.49e-92
 7.97798e+11	0.00e+00	5.80e-24	3.39e-14	4.96e-07	1.00e+00	0.00e+00	0.00e+00	0.00e+00	0.00e+00	0.00e+00	0.00e+00	0.00e+00	3.39e-134
 8.59636e+11	1.76e-35	7.23e-24	3.99e-14	5.41e-07	1.00e+00	0.00e+00	0.00e+00	0.00e+00	0.00e+00	0.00e+00	0.00e+00	0.00e+00	3.30e-91
 9.23949e+11	0.00e+00	9.01e-24	4.68e-14	5.91e-07	1.00e+00	0.00e+00	0.00e+00	0.00e+00	0.00e+00	0.00e+00	0.00e+00	0.00e+00	7.00e-134
 9.90833e+11	3.08e-35	1.12e-23	5.49e-14	6.45e-07	1.00e+00	0.00e+00	0.00e+00	0.00e+00	0.00e+00	0.00e+00	0.00e+00	0.00e+00	1.26e-90
 1.06039e+12	0.00e+00	1.40e-23	6.44e-14	7.04e-07	1.00e+00	0.00e+00	0.00e+00	0.00e+00	0.00e+00	0.00e+00	0.00e+00	0.00e+00	2.54e-91
 1.13274e+12	5.35e-35	1.73e-23	7.56e-14	7.69e-07	1.00e+00	0.00e+00	0.00e+00	0.00e+00	0.00e+00	0.00e+00	0.00e+00	0.00e+00	4.78e-90
 1.20797e+12	7.05e-35	2.16e-23	8.87e-14	8.40e-07	1.00e+00	0.00e+00	0.00e+00	0.00e+00	0.00e+00	0.00e+00	0.00e+00	0.00e+00	9.27e-90
 1.28622e+12	9.27e-35	2.68e-23	1.04e-13	9.18e-07	1.00e+00	0.00e+00	0.00e+00	0.00e+00	0.00e+00	0.00e+00	0.00e+00	0.00e+00	1.80e-89
 1.36759e+12	1.22e-34	3.33e-23	1.22e-13	1.00e-06	1.00e+00	0.00e+00	0.00e+00	0.00e+00	0.00e+00	0.00e+00	0.00e+00	0.00e+00	3.52e-89
 1.45222e+12	1.60e-34	4.12e-23	1.43e-13	1.10e-06	1.00e+00	0.00e+00	0.00e+00	0.00e+00	0.00e+00	0.00e+00	0.00e+00	0.00e+00	6.71e-89
 1.54024e+12	2.10e-34	5.12e-23	1.68e-13	1.20e-06	1.00e+00	0.00e+00	0.00e+00	0.00e+00	0.00e+00	0.00e+00	0.00e+00	0.00e+00	1.31e-88
 1.63178e+12	2.74e-34	6.33e-23	1.96e-13	1.31e-06	1.00e+00	0.00e+00	0.00e+00	0.00e+00	0.00e+00	0.00e+00	0.00e+00	0.00e+00	2.49e-88
 1.72697e+12	3.59e-34	7.84e-23	2.30e-13	1.43e-06	1.00e+00	0.00e+00	0.00e+00	0.00e+00	0.00e+00	0.00e+00	0.00e+00	0.00e+00	4.81e-88
 1.82598e+12	4.69e-34	9.71e-23	2.70e-13	1.56e-06	1.00e+00	0.00e+00	0.00e+00	0.00e+00	0.00e+00	0.00e+00	0.00e+00	0.00e+00	9.25e-88
 1.92895e+12	6.16e-34	1.21e-22	3.16e-13	1.70e-06	1.00e+00	0.00e+00	0.00e+00	0.00e+00	0.00e+00	0.00e+00	0.00e+00	0.00e+00	1.81e-87
 2.03603e+12	7.99e-34	1.49e-22	3.70e-13	1.86e-06	1.00e+00	0.00e+00	0.00e+00	0.00e+00	0.00e+00	0.00e+00	0.00e+00	0.00e+00	3.43e-87
 2.14740e+12	1.04e-33	1.84e-22	4.33e-13	2.04e-06	1.00e+00	0.00e+00	0.00e+00	0.00e+00	0.00e+00	0.00e+00	0.00e+00	0.00e+00	6.59e-87
 2.26322e+12	1.36e-33	2.27e-22	5.06e-13	2.22e-06	1.00e+00	0.00e+00	0.00e+00	0.00e+00	0.00e+00	0.00e+00	0.00e+00	0.00e+00	1.27e-86
 2.38368e+12	1.77e-33	2.81e-22	5.92e-13	2.43e-06	1.00e+00	0.00e+00	0.00e+00	0.00e+00	0.00e+00	0.00e+00	0.00e+00	0.00e+00	2.44e-86
 2.50895e+12	2.30e-33	3.47e-22	6.93e-13	2.65e-06	1.00e+00	0.00e+00	0.00e+00	0.00e+00	0.00e+00	0.00e+00	0.00e+00	0.00e+00	4.69e-86
 2.63924e+12	2.99e-33	4.29e-22	8.10e-13	2.90e-06	1.00e+00	0.00e+00	0.00e+00	0.00e+00	0.00e+00	0.00e+00	0.00e+00	0.00e+00	9.04e-86
 2.77473e+12	3.89e-33	5.30e-22	9.47e-13	3.17e-06	1.00e+00	0.00e+00	0.00e+00	0.00e+00	0.00e+00	0.00e+00	0.00e+00	0.00e+00	1.74e-85
 2.91565e+12	5.05e-33	6.54e-22	1.11e-12	3.46e-06	1.00e+00	0.00e+00	0.00e+00	0.00e+00	0.00e+00	0.00e+00	0.00e+00	0.00e+00	3.35e-85
 3.06220e+12	6.55e-33	8.08e-22	1.29e-12	3.79e-06	1.00e+00	0.00e+00	0.00e+00	0.00e+00	0.00e+00	0.00e+00	0.00e+00	0.00e+00	6.47e-85
 3.21461e+12	8.50e-33	9.98e-22	1.51e-12	4.14e-06	1.00e+00	0.00e+00	0.00e+00	0.00e+00	0.00e+00	0.00e+00	0.00e+00	0.00e+00	1.25e-84
 3.37313e+12	1.10e-32	1.23e-21	1.77e-12	4.52e-06	1.00e+00	0.00e+00	0.00e+00	0.00e+00	0.00e+00	0.00e+00	0.00e+00	0.00e+00	2.41e-84
 3.53798e+12	1.43e-32	1.52e-21	2.06e-12	4.94e-06	1.00e+00	0.00e+00	0.00e+00	0.00e+00	0.00e+00	0.00e+00	0.00e+00	0.00e+00	4.66e-84
 3.70942e+12	1.85e-32	1.88e-21	2.41e-12	5.40e-06	1.00e+00	0.00e+00	0.00e+00	0.00e+00	0.00e+00	0.00e+00	0.00e+00	0.00e+00	9.01e-84
 3.88773e+12	2.40e-32	2.32e-21	2.81e-12	5.90e-06	1.00e+00	0.00e+00	0.00e+00	0.00e+00	0.00e+00	0.00e+00	0.00e+00	0.00e+00	1.75e-83
 4.07316e+12	3.10e-32	2.87e-21	3.28e-12	6.45e-06	1.00e+00	0.00e+00	0.00e+00	0.00e+00	0.00e+00	0.00e+00	0.00e+00	0.00e+00	3.38e-83
 4.26602e+12	4.02e-32	3.54e-21	3.83e-12	7.05e-06	1.00e+00	0.00e+00	0.00e+00	0.00e+00	0.00e+00	0.00e+00	0.00e+00	0.00e+00	6.57e-83
 4.46658e+12	5.21e-32	4.38e-21	4.47e-12	7.71e-06	1.00e+00	0.00e+00	0.00e+00	0.00e+00	0.00e+00	0.00e+00	0.00e+00	0.00e+00	1.28e-82
 4.67517e+12	6.74e-32	5.41e-21	5.22e-12	8.42e-06	1.00e+00	0.00e+00	0.00e+00	0.00e+00	0.00e+00	0.00e+00	0.00e+00	0.00e+00	2.49e-82
 4.89211e+12	8.72e-32	6.69e-21	6.09e-12	9.21e-06	1.00e+00	0.00e+00	0.00e+00	0.00e+00	0.00e+00	0.00e+00	0.00e+00	0.00e+00	4.85e-82
 5.11772e+12	1.13e-31	8.27e-21	7.11e-12	1.01e-05	1.00e+00	0.00e+00	0.00e+00	0.00e+00	0.00e+00	0.00e+00	0.00e+00	0.00e+00	9.47e-82
 5.35235e+12	1.46e-31	1.02e-20	8.30e-12	1.10e-05	1.00e+00	0.00e+00	0.00e+00	0.00e+00	0.00e+00	0.00e+00	0.00e+00	0.00e+00	1.85e-81
 5.59638e+12	1.89e-31	1.27e-20	9.68e-12	1.20e-05	1.00e+00	0.00e+00	0.00e+00	0.00e+00	0.00e+00	0.00e+00	0.00e+00	0.00e+00	3.63e-81
 5.85016e+12	2.45e-31	1.57e-20	1.13e-11	1.32e-05	1.00e+00	0.00e+00	0.00e+00	0.00e+00	0.00e+00	0.00e+00	0.00e+00	0.00e+00	7.14e-81
 6.11409e+12	3.18e-31	1.95e-20	1.32e-11	1.44e-05	1.00e+00	0.00e+00	0.00e+00	0.00e+00	0.00e+00	0.00e+00	0.00e+00	0.00e+00	1.41e-80
 6.38858e+12	4.13e-31	2.42e-20	1.54e-11	1.58e-05	1.00e+00	0.00e+00	0.00e+00	0.00e+00	0.00e+00	0.00e+00	0.00e+00	0.00e+00	2.78e-80
 6.67405e+12	5.36e-31	3.01e-20	1.80e-11	1.72e-05	1.00e+00	0.00e+00	0.00e+00	0.00e+00	0.00e+00	0.00e+00	0.00e+00	0.00e+00	5.50e-80
 6.97094e+12	6.97e-31	3.74e-20	2.10e-11	1.89e-05	1.00e+00	0.00e+00	0.00e+00	0.00e+00	0.00e+00	0.00e+00	0.00e+00	0.00e+00	1.09e-79
 7.27970e+12	9.08e-31	4.66e-20	2.45e-11	2.06e-05	1.00e+00	0.00e+00	0.00e+00	0.00e+00	0.00e+00	0.00e+00	0.00e+00	0.00e+00	2.18e-79
 7.60082e+12	1.18e-30	5.81e-20	2.86e-11	2.26e-05	1.00e+00	0.00e+00	0.00e+00	0.00e+00	0.00e+00	0.00e+00	0.00e+00	0.00e+00	4.36e-79
 7.93478e+12	1.55e-30	7.25e-20	3.35e-11	2.47e-05	1.00e+00	0.00e+00	0.00e+00	0.00e+00	0.00e+00	0.00e+00	0.00e+00	0.00e+00	8.75e-79
 8.28210e+12	2.02e-30	9.06e-20	3.91e-11	2.70e-05	1.00e+00	0.00e+00	0.00e+00	0.00e+00	0.00e+00	0.00e+00	0.00e+00	0.00e+00	1.76e-78
 8.64331e+12	2.65e-30	1.13e-19	4.57e-11	2.96e-05	1.00e+00	0.00e+00	0.00e+00	0.00e+00	0.00e+00	0.00e+00	0.00e+00	0.00e+00	3.56e-78
 9.01897e+12	3.49e-30	1.42e-19	5.35e-11	3.23e-05	1.00e+00	0.00e+00	0.00e+00	0.00e+00	0.00e+00	0.00e+00	0.00e+00	0.00e+00	7.22e-78
 9.40965e+12	4.60e-30	1.79e-19	6.26e-11	3.54e-05	1.00e+00	0.00e+00	0.00e+00	0.00e+00	0.00e+00	0.00e+00	0.00e+00	0.00e+00	1.47e-77
 9.81596e+12	6.07e-30	2.24e-19	7.33e-11	3.87e-05	1.00e+00	0.00e+00	0.00e+00	0.00e+00	0.00e+00	0.00e+00	0.00e+00	0.00e+00	3.00e-77
 1.02385e+13	8.04e-30	2.83e-19	8.59e-11	4.23e-05	1.00e+00	0.00e+00	0.00e+00	0.00e+00	0.00e+00	0.00e+00	0.00e+00	0.00e+00	6.16e-77
 1.06780e+13	1.07e-29	3.57e-19	1.01e-10	4.63e-05	1.00e+00	0.00e+00	0.00e+00	0.00e+00	0.00e+00	0.00e+00	0.00e+00	0.00e+00	1.27e-76
 1.11350e+13	1.42e-29	4.50e-19	1.18e-10	5.06e-05	1.00e+00	0.00e+00	0.00e+00	0.00e+00	0.00e+00	0.00e+00	0.00e+00	0.00e+00	2.61e-76
 1.16104e+13	1.90e-29	5.70e-19	1.38e-10	5.53e-05	1.00e+00	0.00e+00	0.00e+00	0.00e+00	0.00e+00	0.00e+00	0.00e+00	0.00e+00	5.40e-76
 1.21047e+13	2.54e-29	7.21e-19	1.62e-10	6.05e-05	1.00e+00	0.00e+00	0.00e+00	0.00e+00	0.00e+00	0.00e+00	0.00e+00	0.00e+00	1.12e-75
 1.26188e+13	3.41e-29	9.15e-19	1.91e-10	6.61e-05	1.00e+00	0.00e+00	0.00e+00	0.00e+00	0.00e+00	0.00e+00	0.00e+00	0.00e+00	2.33e-75
 1.31535e+13	4.59e-29	1.16e-18	2.24e-10	7.22e-05	1.00e+00	0.00e+00	0.00e+00	0.00e+00	0.00e+00	0.00e+00	0.00e+00	0.00e+00	4.84e-75
 1.37096e+13	6.19e-29	1.48e-18	2.63e-10	7.89e-05	1.00e+00	0.00e+00	0.00e+00	0.00e+00	0.00e+00	0.00e+00	0.00e+00	0.00e+00	1.01e-74
 1.42879e+13	8.38e-29	1.88e-18	3.09e-10	8.61e-05	1.00e+00	0.00e+00	0.00e+00	0.00e+00	0.00e+00	0.00e+00	0.00e+00	0.00e+00	2.11e-74
 1.48893e+13	1.14e-28	2.39e-18	3.64e-10	9.40e-05	1.00e+00	0.00e+00	0.00e+00	0.00e+00	0.00e+00	0.00e+00	0.00e+00	0.00e+00	4.40e-74
 1.55148e+13	1.54e-28	3.04e-18	4.28e-10	1.03e-04	1.00e+00	0.00e+00	0.00e+00	0.00e+00	0.00e+00	0.00e+00	0.00e+00	0.00e+00	9.19e-74
 1.61653e+13	2.10e-28	3.88e-18	5.04e-10	1.12e-04	1.00e+00	0.00e+00	0.00e+00	0.00e+00	0.00e+00	0.00e+00	0.00e+00	0.00e+00	1.92e-73
 1.68419e+13	2.86e-28	4.95e-18	5.92e-10	1.22e-04	1.00e+00	0.00e+00	0.00e+00	0.00e+00	0.00e+00	0.00e+00	0.00e+00	0.00e+00	4.02e-73
 1.75455e+13	3.90e-28	6.31e-18	6.97e-10	1.33e-04	1.00e+00	0.00e+00	0.00e+00	0.00e+00	0.00e+00	0.00e+00	0.00e+00	0.00e+00	8.40e-73
 1.82772e+13	5.33e-28	8.05e-18	8.20e-10	1.45e-04	1.00e+00	0.00e+00	0.00e+00	0.00e+00	0.00e+00	0.00e+00	0.00e+00	0.00e+00	1.76e-72
 1.90383e+13	7.30e-28	1.03e-17	9.65e-10	1.58e-04	1.00e+00	0.00e+00	0.00e+00	0.00e+00	0.00e+00	0.00e+00	0.00e+00	0.00e+00	3.65e-72
 1.98297e+13	9.99e-28	1.31e-17	1.14e-09	1.72e-04	1.00e+00	0.00e+00	0.00e+00	0.00e+00	0.00e+00	0.00e+00	0.00e+00	0.00e+00	7.63e-72
 2.06528e+13	1.37e-27	1.67e-17	1.34e-09	1.87e-04	1.00e+00	0.00e+00	0.00e+00	0.00e+00	0.00e+00	0.00e+00	0.00e+00	0.00e+00	1.59e-71
 2.15089e+13	1.88e-27	2.13e-17	1.57e-09	2.03e-04	1.00e+00	0.00e+00	0.00e+00	0.00e+00	0.00e+00	0.00e+00	0.00e+00	0.00e+00	3.31e-71
 2.23991e+13	2.58e-27	2.72e-17	1.85e-09	2.21e-04	1.00e+00	0.00e+00	0.00e+00	0.00e+00	0.00e+00	0.00e+00	0.00e+00	0.00e+00	6.87e-71
 2.33250e+13	3.54e-27	3.47e-17	2.18e-09	2.41e-04	1.00e+00	0.00e+00	0.00e+00	0.00e+00	0.00e+00	0.00e+00	0.00e+00	0.00e+00	1.43e-70
 2.42880e+13	4.86e-27	4.42e-17	2.56e-09	2.61e-04	1.00e+00	0.00e+00	0.00e+00	0.00e+00	0.00e+00	0.00e+00	0.00e+00	0.00e+00	2.96e-70
 2.52894e+13	6.67e-27	5.63e-17	3.01e-09	2.84e-04	1.00e+00	0.00e+00	0.00e+00	0.00e+00	0.00e+00	0.00e+00	1.88e-17	3.75e-17	6.11e-70
 2.63309e+13	9.16e-27	7.18e-17	3.54e-09	3.09e-04	1.00e+00	0.00e+00	0.00e+00	0.00e+00	0.00e+00	0.00e+00	2.39e-17	4.79e-17	1.27e-69
 2.74141e+13	1.26e-26	9.14e-17	4.16e-09	3.35e-04	1.00e+00	0.00e+00	0.00e+00	0.00e+00	0.00e+00	0.00e+00	3.04e-17	6.10e-17	2.62e-69
 2.85406e+13	1.73e-26	1.16e-16	4.89e-09	3.64e-04	1.00e+00	0.00e+00	0.00e+00	0.00e+00	0.00e+00	0.00e+00	3.87e-17	7.77e-17	5.39e-69
 2.97121e+13	2.37e-26	1.48e-16	5.74e-09	3.95e-04	1.00e+00	0.00e+00	0.00e+00	0.00e+00	0.00e+00	0.00e+00	4.93e-17	9.89e-17	1.11e-68
 3.09305e+13	3.26e-26	1.89e-16	6.74e-09	4.29e-04	1.00e+00	0.00e+00	0.00e+00	0.00e+00	0.00e+00	0.00e+00	6.27e-17	1.26e-16	2.28e-68
 3.21977e+13	4.48e-26	2.40e-16	7.92e-09	4.65e-04	1.00e+00	0.00e+00	0.00e+00	0.00e+00	0.00e+00	0.00e+00	7.98e-17	1.60e-16	4.69e-68
 3.35155e+13	6.15e-26	3.05e-16	9.30e-09	5.05e-04	9.99e-01	0.00e+00	0.00e+00	0.00e+00	0.00e+00	0.00e+00	1.02e-16	2.04e-16	9.63e-68
 3.48861e+13	8.45e-26	3.88e-16	1.09e-08	5.47e-04	9.99e-01	0.00e+00	0.00e+00	0.00e+00	0.00e+00	0.00e+00	1.29e-16	2.59e-16	1.97e-67
 3.63114e+13	1.16e-25	4.94e-16	1.28e-08	5.94e-04	9.99e-01	0.00e+00	0.00e+00	0.00e+00	0.00e+00	0.00e+00	1.64e-16	3.29e-16	4.04e-67
 3.77938e+13	1.59e-25	6.28e-16	1.50e-08	6.44e-04	9.99e-01	0.00e+00	0.00e+00	0.00e+00	0.00e+00	0.00e+00	2.09e-16	4.19e-16	8.27e-67
 3.93355e+13	2.19e-25	7.98e-16	1.77e-08	6.98e-04	9.99e-01	0.00e+00	0.00e+00	0.00e+00	0.00e+00	0.00e+00	2.65e-16	5.32e-16	1.69e-66
 4.09388e+13	3.00e-25	1.01e-15	2.07e-08	7.57e-04	9.99e-01	0.00e+00	0.00e+00	0.00e+00	0.00e+00	0.00e+00	3.37e-16	6.77e-16	3.45e-66
 4.26063e+13	4.12e-25	1.29e-15	2.43e-08	8.20e-04	9.99e-01	0.00e+00	0.00e+00	0.00e+00	0.00e+00	0.00e+00	4.28e-16	8.59e-16	7.04e-66
 4.43405e+13	5.66e-25	1.64e-15	2.85e-08	8.89e-04	9.99e-01	0.00e+00	0.00e+00	0.00e+00	0.00e+00	0.00e+00	5.44e-16	1.09e-15	1.43e-65
 4.61441e+13	7.76e-25	2.08e-15	3.35e-08	9.63e-04	9.99e-01	0.00e+00	0.00e+00	0.00e+00	0.00e+00	0.00e+00	6.91e-16	1.39e-15	2.92e-65
 4.80197e+13	1.07e-24	2.64e-15	3.92e-08	1.04e-03	9.99e-01	0.00e+00	0.00e+00	0.00e+00	0.00e+00	0.00e+00	8.77e-16	1.76e-15	5.94e-65
 4.99705e+13	1.46e-24	3.35e-15	4.60e-08	1.13e-03	9.99e-01	0.00e+00	0.00e+00	0.00e+00	0.00e+00	0.00e+00	1.11e-15	2.23e-15	1.21e-64
 5.19992e+13	2.00e-24	4.25e-15	5.40e-08	1.22e-03	9.99e-01	0.00e+00	0.00e+00	0.00e+00	0.00e+00	0.00e+00	1.41e-15	2.83e-15	2.45e-64
 5.41091e+13	2.75e-24	5.39e-15	6.33e-08	1.33e-03	9.99e-01	0.00e+00	0.00e+00	0.00e+00	0.00e+00	0.00e+00	1.79e-15	3.60e-15	4.96e-64
 5.63034e+13	3.77e-24	6.84e-15	7.42e-08	1.44e-03	9.99e-01	0.00e+00	0.00e+00	0.00e+00	0.00e+00	0.00e+00	2.27e-15	4.56e-15	1.01e-63
 5.85854e+13	5.17e-24	8.67e-15	8.69e-08	1.56e-03	9.98e-01	0.00e+00	0.00e+00	0.00e+00	0.00e+00	0.00e+00	2.88e-15	5.79e-15	2.04e-63
 6.09588e+13	7.09e-24	1.10e-14	1.02e-07	1.69e-03	9.98e-01	0.00e+00	0.00e+00	0.00e+00	0.00e+00	0.00e+00	3.66e-15	7.34e-15	4.11e-63
 6.34271e+13	9.72e-24	1.39e-14	1.19e-07	1.83e-03	9.98e-01	0.00e+00	0.00e+00	0.00e+00	0.00e+00	0.00e+00	4.64e-15	9.30e-15	8.31e-63
 6.59941e+13	1.33e-23	1.77e-14	1.40e-07	1.98e-03	9.98e-01	0.00e+00	0.00e+00	0.00e+00	0.00e+00	0.00e+00	5.88e-15	1.18e-14	1.68e-62
 6.86638e+13	1.82e-23	2.24e-14	1.64e-07	2.14e-03	9.98e-01	0.00e+00	0.00e+00	0.00e+00	0.00e+00	0.00e+00	7.45e-15	1.49e-14	3.38e-62
 7.14402e+13	2.50e-23	2.84e-14	1.92e-07	2.32e-03	9.98e-01	0.00e+00	0.00e+00	0.00e+00	0.00e+00	0.00e+00	9.44e-15	1.89e-14	6.81e-62
 7.43278e+13	3.43e-23	3.60e-14	2.25e-07	2.51e-03	9.97e-01	0.00e+00	0.00e+00	0.00e+00	0.00e+00	0.00e+00	1.20e-14	2.40e-14	1.37e-61
 7.73308e+13	4.69e-23	4.56e-14	2.63e-07	2.72e-03	9.97e-01	0.00e+00	0.00e+00	0.00e+00	0.00e+00	0.00e+00	1.52e-14	3.04e-14	2.74e-61
 8.04540e+13	6.43e-23	5.78e-14	3.09e-07	2.94e-03	9.97e-01	0.00e+00	0.00e+00	0.00e+00	0.00e+00	0.00e+00	1.92e-14	3.85e-14	5.55e-61
 8.37021e+13	8.81e-23	7.32e-14	3.62e-07	3.18e-03	9.97e-01	0.00e+00	0.00e+00	0.00e+00	0.00e+00	0.00e+00	2.43e-14	4.88e-14	1.12e-60
 8.70801e+13	1.21e-22	9.27e-14	4.24e-07	3.44e-03	9.97e-01	0.00e+00	0.00e+00	0.00e+00	0.00e+00	0.00e+00	3.09e-14	6.19e-14	2.24e-60
 9.05932e+13	1.65e-22	1.18e-13	4.96e-07	3.73e-03	9.96e-01	0.00e+00	0.00e+00	0.00e+00	0.00e+00	0.00e+00	3.91e-14	7.84e-14	4.49e-60
 9.42469e+13	2.26e-22	1.49e-13	5.81e-07	4.03e-03	9.96e-01	0.00e+00	0.00e+00	0.00e+00	0.00e+00	0.00e+00	4.95e-14	9.92e-14	8.93e-60
 9.80467e+13	3.10e-22	1.89e-13	6.81e-07	4.36e-03	9.96e-01	0.00e+00	0.00e+00	0.00e+00	0.00e+00	0.00e+00	6.27e-14	1.26e-13	1.80e-59
 1.01998e+14	4.25e-22	2.39e-13	7.97e-07	4.72e-03	9.95e-01	0.00e+00	0.00e+00	0.00e+00	0.00e+00	0.00e+00	7.94e-14	1.59e-13	3.58e-59
 1.06108e+14	5.82e-22	3.03e-13	9.34e-07	5.11e-03	9.95e-01	0.00e+00	0.00e+00	0.00e+00	0.00e+00	0.00e+00	1.01e-13	2.02e-13	7.23e-59
 1.10383e+14	7.97e-22	3.83e-13	1.09e-06	5.53e-03	9.94e-01	0.00e+00	0.00e+00	0.00e+00	0.00e+00	0.00e+00	1.27e-13	2.56e-13	1.44e-58
 1.14828e+14	1.09e-21	4.86e-13	1.28e-06	5.99e-03	9.94e-01	0.00e+00	0.00e+00	0.00e+00	0.00e+00	0.00e+00	1.62e-13	3.24e-13	2.89e-58
 1.19451e+14	1.50e-21	6.16e-13	1.50e-06	6.48e-03	9.94e-01	0.00e+00	0.00e+00	0.00e+00	0.00e+00	0.00e+00	2.05e-13	4.11e-13	5.75e-58
 1.24259e+14	2.05e-21	7.81e-13	1.76e-06	7.01e-03	9.93e-01	0.00e+00	0.00e+00	0.00e+00	0.00e+00	0.00e+00	2.60e-13	5.21e-13	1.15e-57
 1.29259e+14	2.82e-21	9.91e-13	2.07e-06	7.59e-03	9.92e-01	0.00e+00	0.00e+00	0.00e+00	0.00e+00	0.00e+00	3.30e-13	6.61e-13	2.29e-57
 1.34459e+14	3.86e-21	1.26e-12	2.42e-06	8.21e-03	9.92e-01	0.00e+00	0.00e+00	0.00e+00	0.00e+00	0.00e+00	4.18e-13	8.38e-13	4.60e-57
 1.39868e+14	5.29e-21	1.59e-12	2.84e-06	8.90e-03	9.91e-01	0.00e+00	0.00e+00	0.00e+00	0.00e+00	0.00e+00	5.30e-13	1.06e-12	9.13e-57
 1.45492e+14	7.24e-21	2.02e-12	3.32e-06	9.62e-03	9.90e-01	0.00e+00	0.00e+00	0.00e+00	0.00e+00	0.00e+00	6.72e-13	1.35e-12	1.82e-56
 1.51342e+14	9.93e-21	2.56e-12	3.89e-06	1.04e-02	9.90e-01	0.00e+00	0.00e+00	0.00e+00	0.00e+00	0.00e+00	8.51e-13	1.71e-12	3.61e-56
 1.57426e+14	1.36e-20	3.24e-12	4.56e-06	1.13e-02	9.89e-01	0.00e+00	0.00e+00	0.00e+00	0.00e+00	0.00e+00	1.08e-12	2.16e-12	7.17e-56
 1.63752e+14	1.86e-20	4.10e-12	5.34e-06	1.22e-02	9.88e-01	0.00e+00	0.00e+00	0.00e+00	0.00e+00	0.00e+00	1.37e-12	2.74e-12	1.41e-55
 1.70333e+14	2.54e-20	5.19e-12	6.24e-06	1.32e-02	9.87e-01	0.00e+00	0.00e+00	0.00e+00	0.00e+00	0.00e+00	1.73e-12	3.47e-12	2.80e-55
 1.77176e+14	3.48e-20	6.57e-12	7.31e-06	1.42e-02	9.86e-01	0.00e+00	0.00e+00	0.00e+00	0.00e+00	0.00e+00	2.19e-12	4.38e-12	5.50e-55
 1.84293e+14	4.76e-20	8.31e-12	8.54e-06	1.54e-02	9.85e-01	0.00e+00	0.00e+00	0.00e+00	0.00e+00	0.00e+00	2.77e-12	5.55e-12	1.09e-54
 1.91694e+14	6.52e-20	1.05e-11	1.00e-05	1.66e-02	9.83e-01	0.00e+00	0.00e+00	0.00e+00	0.00e+00	0.00e+00	3.50e-12	7.02e-12	2.13e-54
 1.99392e+14	8.89e-20	1.33e-11	1.17e-05	1.80e-02	9.82e-01	0.00e+00	0.00e+00	0.00e+00	0.00e+00	0.00e+00	4.42e-12	8.88e-12	4.19e-54
 2.07398e+14	1.22e-19	1.68e-11	1.37e-05	1.94e-02	9.81e-01	0.00e+00	0.00e+00	0.00e+00	0.00e+00	0.00e+00	5.60e-12	1.12e-11	8.21e-54
 2.15723e+14	1.66e-19	2.13e-11	1.60e-05	2.10e-02	9.79e-01	0.00e+00	0.00e+00	0.00e+00	0.00e+00	0.00e+00	7.08e-12	1.42e-11	1.60e-53
 2.24382e+14	2.27e-19	2.69e-11	1.87e-05	2.27e-02	9.77e-01	0.00e+00	0.00e+00	0.00e+00	0.00e+00	0.00e+00	8.96e-12	1.80e-11	3.14e-53
 2.33388e+14	3.11e-19	3.40e-11	2.19e-05	2.45e-02	9.75e-01	0.00e+00	0.00e+00	0.00e+00	0.00e+00	0.00e+00	1.13e-11	2.27e-11	6.13e-53
 2.42753e+14	4.25e-19	4.30e-11	2.56e-05	2.65e-02	9.73e-01	0.00e+00	0.00e+00	0.00e+00	0.00e+00	0.00e+00	1.43e-11	2.87e-11	1.20e-52
 2.52493e+14	5.80e-19	5.43e-11	2.98e-05	2.86e-02	9.71e-01	0.00e+00	0.00e+00	0.00e+00	0.00e+00	0.00e+00	1.81e-11	3.62e-11	2.32e-52
 2.62623e+14	7.95e-19	6.87e-11	3.49e-05	3.09e-02	9.69e-01	0.00e+00	0.00e+00	0.00e+00	0.00e+00	0.00e+00	2.29e-11	4.59e-11	4.51e-52
 2.73158e+14	1.09e-18	8.69e-11	4.08e-05	3.34e-02	9.67e-01	0.00e+00	0.00e+00	0.00e+00	0.00e+00	0.00e+00	2.89e-11	5.80e-11	8.76e-52
 2.84114e+14	1.48e-18	1.10e-10	4.76e-05	3.60e-02	9.64e-01	0.00e+00	0.00e+00	0.00e+00	0.00e+00	0.00e+00	3.65e-11	7.32e-11	1.69e-51
 2.95508e+14	2.02e-18	1.38e-10	5.55e-05	3.88e-02	9.61e-01	0.00e+00	0.00e+00	0.00e+00	0.00e+00	0.00e+00	4.60e-11	9.23e-11	3.26e-51
 3.07358e+14	2.77e-18	1.75e-10	6.50e-05	4.20e-02	9.58e-01	0.00e+00	0.00e+00	0.00e+00	0.00e+00	0.00e+00	5.83e-11	1.17e-10	6.33e-51
 3.19683e+14	3.77e-18	2.20e-10	7.57e-05	4.52e-02	9.55e-01	0.00e+00	0.00e+00	0.00e+00	0.00e+00	0.00e+00	7.34e-11	1.47e-10	1.21e-50
 3.32500e+14	5.15e-18	2.78e-10	8.83e-05	4.88e-02	9.51e-01	0.00e+00	0.00e+00	0.00e+00	0.00e+00	0.00e+00	9.26e-11	1.86e-10	2.33e-50
 3.45830e+14	7.02e-18	3.51e-10	1.03e-04	5.25e-02	9.47e-01	0.00e+00	0.00e+00	0.00e+00	0.00e+00	0.00e+00	1.17e-10	2.34e-10	4.47e-50
 3.59693e+14	9.57e-18	4.43e-10	1.20e-04	5.66e-02	9.43e-01	0.00e+00	0.00e+00	0.00e+00	0.00e+00	0.00e+00	1.47e-10	2.95e-10	8.57e-50
 3.73137e+14	1.27e-17	5.49e-10	1.38e-04	6.07e-02	9.39e-01	0.00e+00	0.00e+00	0.00e+00	0.00e+00	0.00e+00	1.83e-10	3.66e-10	1.56e-49
 3.85791e+14	1.66e-17	6.69e-10	1.58e-04	6.47e-02	9.35e-01	0.00e+00	0.00e+00	0.00e+00	0.00e+00	0.00e+00	2.23e-10	4.47e-10	2.73e-49
 3.99925e+14	2.20e-17	8.25e-10	1.81e-04	6.91e-02	9.31e-01	0.00e+00	0.00e+00	0.00e+00	0.00e+00	0.00e+00	2.74e-10	5.50e-10	4.89e-49
 4.15952e+14	3.01e-17	1.04e-09	2.11e-04	7.45e-02	9.25e-01	0.00e+00	0.00e+00	0.00e+00	0.00e+00	0.00e+00	3.47e-10	6.95e-10	9.40e-49
 4.31442e+14	3.99e-17	1.29e-09	2.43e-04	7.96e-02	9.20e-01	0.00e+00	0.00e+00	0.00e+00	0.00e+00	0.00e+00	4.28e-10	8.58e-10	1.70e-48
 4.47553e+14	5.32e-17	1.60e-09	2.80e-04	8.53e-02	9.14e-01	0.00e+00	0.00e+00	5.08e-18	1.52e-17	2.54e-17	5.31e-10	1.06e-09	3.09e-48
 4.64980e+14	7.19e-17	2.00e-09	3.24e-04	9.15e-02	9.08e-01	0.00e+00	0.00e+00	6.79e-18	2.04e-17	3.40e-17	6.64e-10	1.33e-09	5.77e-48
 4.81774e+14	9.46e-17	2.45e-09	3.71e-04	9.76e-02	9.02e-01	0.00e+00	0.00e+00	8.94e-18	2.68e-17	4.47e-17	8.15e-10	1.63e-09	1.02e-47
 4.99743e+14	1.26e-16	3.04e-09	4.27e-04	1.04e-01	8.95e-01	0.00e+00	0.00e+00	1.19e-17	3.58e-17	5.97e-17	1.01e-09	2.03e-09	1.86e-47
 5.19283e+14	1.70e-16	3.78e-09	4.94e-04	1.12e-01	8.88e-01	0.00e+00	0.00e+00	1.60e-17	4.82e-17	8.02e-17	1.26e-09	2.53e-09	3.44e-47
 5.38395e+14	2.25e-16	4.67e-09	5.67e-04	1.19e-01	8.80e-01	0.00e+00	0.00e+00	2.13e-17	6.40e-17	1.07e-16	1.55e-09	3.12e-09	6.20e-47
 5.58751e+14	3.00e-16	5.78e-09	6.51e-04	1.27e-01	8.72e-01	0.00e+00	0.00e+00	2.84e-17	8.52e-17	1.42e-16	1.92e-09	3.85e-09	1.12e-46
 5.81131e+14	4.08e-16	7.26e-09	7.56e-04	1.36e-01	8.63e-01	0.00e+00	0.00e+00	3.86e-17	1.16e-16	1.93e-16	2.41e-09	4.84e-09	2.12e-46
 6.03178e+14	5.42e-16	8.97e-09	8.68e-04	1.45e-01	8.54e-01	0.00e+00	0.00e+00	5.14e-17	1.54e-16	2.57e-16	2.98e-09	5.98e-09	3.83e-46
 6.26107e+14	7.25e-16	1.11e-08	9.99e-04	1.55e-01	8.44e-01	0.00e+00	0.00e+00	6.88e-17	2.06e-16	3.44e-16	3.70e-09	7.42e-09	7.00e-46
 6.50601e+14	9.70e-16	1.38e-08	1.15e-03	1.66e-01	8.33e-01	0.00e+00	0.00e+00	9.21e-17	2.76e-16	4.60e-16	4.60e-09	9.22e-09	1.29e-45
 6.74924e+14	1.29e-15	1.71e-08	1.32e-03	1.76e-01	8.22e-01	0.00e+00	0.00e+00	1.23e-16	3.68e-16	6.13e-16	5.68e-09	1.14e-08	2.32e-45
 7.00801e+14	1.72e-15	2.11e-08	1.51e-03	1.88e-01	8.11e-01	0.00e+00	0.00e+00	1.63e-16	4.89e-16	8.15e-16	7.01e-09	1.41e-08	4.20e-45
 7.28863e+14	2.33e-15	2.64e-08	1.75e-03	2.00e-01	7.98e-01	0.00e+00	0.00e+00	2.21e-16	6.64e-16	1.11e-15	8.79e-09	1.76e-08	7.91e-45
 7.56804e+14	3.09e-15	3.25e-08	2.00e-03	2.13e-01	7.85e-01	0.00e+00	0.00e+00	2.93e-16	8.80e-16	1.47e-15	1.08e-08	2.17e-08	1.43e-44
 7.85863e+14	4.11e-15	4.02e-08	2.29e-03	2.26e-01	7.72e-01	0.00e+00	0.00e+00	3.91e-16	1.17e-15	1.96e-15	1.34e-08	2.68e-08	2.60e-44
 8.17327e+14	5.54e-15	5.01e-08	2.64e-03	2.40e-01	7.57e-01	0.00e+00	0.00e+00	5.27e-16	1.58e-15	2.64e-15	1.67e-08	3.34e-08	4.83e-44
 8.49260e+14	7.41e-15	6.20e-08	3.03e-03	2.55e-01	7.42e-01	0.00e+00	0.00e+00	7.05e-16	2.12e-15	3.53e-15	2.06e-08	4.14e-08	8.86e-44
 8.82471e+14	9.88e-15	7.66e-08	3.47e-03	2.70e-01	7.27e-01	0.00e+00	0.00e+00	9.41e-16	2.82e-15	4.70e-15	2.55e-08	5.11e-08	1.62e-43
 9.17800e+14	1.33e-14	9.52e-08	3.98e-03	2.86e-01	7.10e-01	0.00e+00	0.00e+00	1.27e-15	3.80e-15	6.33e-15	3.17e-08	6.35e-08	3.01e-43
 9.54541e+14	1.78e-14	1.18e-07	4.56e-03	3.03e-01	6.92e-01	0.00e+00	0.00e+00	1.70e-15	5.10e-15	8.49e-15	3.93e-08	7.88e-08	5.59e-43
 9.92753e+14	2.39e-14	1.47e-07	5.23e-03	3.20e-01	6.74e-01	0.00e+00	0.00e+00	2.28e-15	6.84e-15	1.14e-14	4.88e-08	9.78e-08	1.04e-42
 1.03249e+15	3.20e-14	1.81e-07	5.98e-03	3.38e-01	6.56e-01	0.00e+00	0.00e+00	3.05e-15	9.15e-15	1.53e-14	6.03e-08	1.21e-07	1.92e-42
 1.07382e+15	4.29e-14	2.25e-07	6.85e-03	3.57e-01	6.36e-01	0.00e+00	0.00e+00	4.10e-15	1.23e-14	2.05e-14	7.48e-08	1.50e-07	3.58e-42
 1.11681e+15	5.72e-14	2.77e-07	7.81e-03	3.76e-01	6.17e-01	0.00e+00	0.00e+00	5.46e-15	1.64e-14	2.73e-14	9.23e-08	1.85e-07	6.59e-42
 1.16151e+15	7.64e-14	3.42e-07	8.90e-03	3.95e-01	5.96e-01	0.00e+00	0.00e+00	7.30e-15	2.19e-14	3.65e-14	1.14e-07	2.28e-07	1.22e-41
 1.20800e+15	1.02e-13	4.21e-07	1.01e-02	4.15e-01	5.75e-01	0.00e+00	0.00e+00	9.73e-15	2.92e-14	4.86e-14	1.40e-07	2.81e-07	2.25e-41
 1.25635e+15	1.36e-13	5.20e-07	1.15e-02	4.35e-01	5.54e-01	0.00e+00	0.00e+00	1.30e-14	3.90e-14	6.50e-14	1.73e-07	3.47e-07	4.19e-41
 1.30663e+15	1.80e-13	6.38e-07	1.31e-02	4.55e-01	5.32e-01	0.00e+00	0.00e+00	1.73e-14	5.18e-14	8.62e-14	2.13e-07	4.26e-07	7.70e-41
 1.35893e+15	2.40e-13	7.84e-07	1.48e-02	4.75e-01	5.10e-01	0.00e+00	0.00e+00	2.29e-14	6.88e-14	1.15e-13	2.61e-07	5.23e-07	1.42e-40
 1.41331e+15	3.18e-13	9.61e-07	1.68e-02	4.96e-01	4.88e-01	0.00e+00	0.00e+00	3.05e-14	9.14e-14	1.52e-13	3.20e-07	6.41e-07	2.63e-40
 1.46988e+15	4.22e-13	1.18e-06	1.90e-02	5.16e-01	4.65e-01	0.00e+00	0.00e+00	4.05e-14	1.21e-13	2.02e-13	3.93e-07	7.87e-07	4.89e-40
 1.52870e+15	5.57e-13	1.44e-06	2.15e-02	5.37e-01	4.42e-01	0.00e+00	0.00e+00	5.35e-14	1.60e-13	2.67e-13	4.80e-07	9.61e-07	9.01e-40
 1.58988e+15	7.37e-13	1.76e-06	2.43e-02	5.57e-01	4.19e-01	0.00e+00	0.00e+00	7.08e-14	2.12e-13	3.54e-13	5.87e-07	1.18e-06	1.67e-39
 1.65350e+15	9.73e-13	2.15e-06	2.73e-02	5.77e-01	3.96e-01	0.00e+00	0.00e+00	9.35e-14	2.80e-13	4.67e-13	7.15e-07	1.43e-06	3.08e-39
 1.71967e+15	1.29e-12	2.63e-06	3.08e-02	5.97e-01	3.73e-01	0.00e+00	0.00e+00	1.24e-13	3.71e-13	6.18e-13	8.75e-07	1.75e-06	5.77e-39
 1.78849e+15	1.69e-12	3.19e-06	3.46e-02	6.16e-01	3.50e-01	0.00e+00	0.00e+00	1.63e-13	4.88e-13	8.12e-13	1.06e-06	2.13e-06	1.07e-38
 1.86006e+15	2.23e-12	3.89e-06	3.89e-02	6.34e-01	3.27e-01	0.00e+00	0.00e+00	2.14e-13	6.43e-13	1.07e-12	1.29e-06	2.59e-06	2.00e-38
 1.93449e+15	2.93e-12	4.71e-06	4.36e-02	6.52e-01	3.04e-01	0.00e+00	0.00e+00	2.82e-13	8.45e-13	1.41e-12	1.57e-06	3.14e-06	3.71e-38
 2.01190e+15	3.84e-12	5.73e-06	4.89e-02	6.69e-01	2.82e-01	0.00e+00	0.00e+00	3.70e-13	1.11e-12	1.85e-12	1.91e-06	3.82e-06	6.99e-38
 2.09241e+15	5.05e-12	6.95e-06	5.49e-02	6.86e-01	2.60e-01	0.00e+00	0.00e+00	4.88e-13	1.46e-12	2.43e-12	2.32e-06	4.64e-06	1.33e-37
 2.17614e+15	6.62e-12	8.42e-06	6.14e-02	7.01e-01	2.38e-01	0.00e+00	0.00e+00	6.40e-13	1.92e-12	3.19e-12	2.81e-06	5.61e-06	2.50e-37
 2.26321e+15	8.68e-12	1.02e-05	6.88e-02	7.15e-01	2.16e-01	0.00e+00	0.00e+00	8.40e-13	2.52e-12	4.19e-12	3.41e-06	6.81e-06	4.79e-37
 2.35377e+15	1.14e-11	1.24e-05	7.70e-02	7.28e-01	1.95e-01	0.00e+00	0.00e+00	1.10e-12	3.31e-12	5.51e-12	4.13e-06	8.25e-06	9.27e-37
 2.44795e+15	1.49e-11	1.50e-05	8.62e-02	7.39e-01	1.74e-01	0.00e+00	0.00e+00	1.45e-12	4.35e-12	7.23e-12	5.00e-06	9.98e-06	1.79e-36
 2.54590e+15	1.96e-11	1.81e-05	9.66e-02	7.49e-01	1.54e-01	0.00e+00	0.00e+00	1.90e-12	5.70e-12	9.49e-12	6.06e-06	1.21e-05	3.55e-36
 2.64227e+15	2.54e-11	2.18e-05	1.08e-01	7.57e-01	1.35e-01	0.00e+00	0.00e+00	2.47e-12	7.39e-12	1.23e-11	7.26e-06	1.45e-05	6.85e-36
 2.73053e+15	3.18e-11	2.55e-05	1.18e-01	7.62e-01	1.19e-01	0.00e+00	0.00e+00	3.10e-12	9.30e-12	1.55e-11	8.53e-06	1.70e-05	1.24e-35
 2.81126e+15	3.90e-11	2.94e-05	1.29e-01	7.66e-01	1.05e-01	0.00e+00	0.00e+00	3.80e-12	1.14e-11	1.90e-11	9.84e-06	1.96e-05	2.11e-35
 2.88729e+15	4.70e-11	3.35e-05	1.40e-01	7.68e-01	9.23e-02	0.00e+00	0.00e+00	4.59e-12	1.38e-11	2.29e-11	1.12e-05	2.23e-05	3.49e-35
 2.95961e+15	5.57e-11	3.78e-05	1.51e-01	7.69e-01	8.07e-02	0.00e+00	0.00e+00	5.46e-12	1.64e-11	2.72e-11	1.27e-05	2.52e-05	5.61e-35
 3.02752e+15	6.48e-11	4.21e-05	1.61e-01	7.68e-01	7.04e-02	0.00e+00	0.00e+00	6.36e-12	1.91e-11	3.17e-11	1.41e-05	2.80e-05	8.60e-35
 3.09038e+15	7.49e-11	4.65e-05	1.72e-01	7.67e-01	6.11e-02	0.00e+00	0.00e+00	7.37e-12	2.21e-11	3.68e-11	1.56e-05	3.09e-05	1.32e-34
 3.14800e+15	8.48e-11	5.07e-05	1.83e-01	7.64e-01	5.30e-02	0.00e+00	0.00e+00	8.36e-12	2.50e-11	4.17e-11	1.70e-05	3.37e-05	1.90e-34
 3.20085e+15	9.45e-11	5.47e-05	1.93e-01	7.61e-01	4.58e-02	0.00e+00	0.00e+00	9.34e-12	2.80e-11	4.66e-11	1.84e-05	3.64e-05	2.64e-34
 3.24999e+15	1.05e-10	5.86e-05	2.02e-01	7.58e-01	3.94e-02	0.00e+00	0.00e+00	1.04e-11	3.12e-11	5.20e-11	1.97e-05	3.90e-05	3.80e-34
 3.29599e+15	1.15e-10	6.22e-05	2.12e-01	7.54e-01	3.37e-02	0.00e+00	0.00e+00	1.14e-11	3.41e-11	5.68e-11	2.09e-05	4.13e-05	5.01e-34
 3.33917e+15	1.25e-10	6.59e-05	2.21e-01	7.50e-01	2.86e-02	0.00e+00	0.00e+00	1.24e-11	3.73e-11	6.20e-11	2.21e-05	4.37e-05	6.23e-34
 3.38005e+15	1.32e-10	6.84e-05	2.30e-01	7.46e-01	2.40e-02	0.00e+00	0.00e+00	1.32e-11	3.96e-11	6.58e-11	2.30e-05	4.54e-05	8.79e-34
 3.41924e+15	1.39e-10	7.09e-05	2.39e-01	7.41e-01	2.00e-02	0.00e+00	0.00e+00	1.39e-11	4.16e-11	6.91e-11	2.38e-05	4.71e-05	1.07e-33
 3.45761e+15	1.45e-10	7.34e-05	2.47e-01	7.36e-01	1.63e-02	0.00e+00	0.00e+00	1.46e-11	4.37e-11	7.27e-11	2.47e-05	4.87e-05	1.29e-33
 3.50157e+15	1.53e-10	7.63e-05	2.58e-01	7.30e-01	1.25e-02	0.00e+00	0.00e+00	1.54e-11	4.61e-11	7.67e-11	2.57e-05	5.06e-05	1.55e-33
 3.54923e+15	1.60e-10	7.94e-05	2.68e-01	7.23e-01	9.11e-03	0.00e+00	0.00e+00	1.62e-11	4.84e-11	8.05e-11	2.67e-05	5.26e-05	1.83e-33
 3.59444e+15	1.80e-10	8.29e-05	2.78e-01	7.16e-01	6.51e-03	0.00e+00	0.00e+00	1.82e-11	5.46e-11	9.07e-11	2.79e-05	5.50e-05	2.82e-33
 3.64599e+15	2.00e-10	8.82e-05	2.88e-01	7.07e-01	4.28e-03	0.00e+00	0.00e+00	2.03e-11	6.09e-11	1.01e-10	2.97e-05	5.85e-05	3.91e-33
 3.71301e+15	2.21e-10	9.42e-05	3.00e-01	6.97e-01	2.42e-03	0.00e+00	0.00e+00	2.26e-11	6.76e-11	1.12e-10	3.18e-05	6.24e-05	5.16e-33
 3.80013e+15	2.53e-10	1.03e-04	3.14e-01	6.85e-01	1.14e-03	0.00e+00	0.00e+00	2.58e-11	7.73e-11	1.29e-10	3.46e-05	6.80e-05	7.20e-33
 3.91339e+15	2.98e-10	1.14e-04	3.29e-01	6.71e-01	4.36e-04	0.00e+00	0.00e+00	3.05e-11	9.14e-11	1.52e-10	3.85e-05	7.55e-05	1.08e-32
 4.05697e+15	3.63e-10	1.29e-04	3.46e-01	6.53e-01	1.38e-04	0.00e+00	0.00e+00	3.72e-11	1.11e-10	1.85e-10	4.37e-05	8.55e-05	1.73e-32
 4.21928e+15	4.50e-10	1.48e-04	3.66e-01	6.34e-01	4.07e-05	0.00e+00	0.00e+00	4.61e-11	1.38e-10	2.29e-10	5.00e-05	9.78e-05	2.90e-32
 4.38808e+15	5.55e-10	1.69e-04	3.86e-01	6.14e-01	1.26e-05	0.00e+00	0.00e+00	5.69e-11	1.70e-10	2.83e-10	5.71e-05	1.11e-04	4.83e-32
 4.56363e+15	6.84e-10	1.92e-04	4.06e-01	5.94e-01	4.13e-06	0.00e+00	0.00e+00	7.01e-11	2.10e-10	3.49e-10	6.51e-05	1.27e-04	8.05e-32
 4.74621e+15	8.41e-10	2.18e-04	4.26e-01	5.74e-01	1.43e-06	0.00e+00	0.00e+00	8.62e-11	2.58e-10	4.29e-10	7.40e-05	1.44e-04	1.34e-31
 4.93609e+15	1.03e-09	2.48e-04	4.47e-01	5.53e-01	5.19e-07	0.00e+00	0.00e+00	1.06e-10	3.17e-10	5.27e-10	8.40e-05	1.64e-04	2.23e-31
 5.13356e+15	1.27e-09	2.81e-04	4.68e-01	5.32e-01	0.00e+00	0.00e+00	0.00e+00	1.30e-10	3.90e-10	6.47e-10	9.52e-05	1.86e-04	3.71e-31
 5.33893e+15	1.56e-09	3.19e-04	4.89e-01	5.10e-01	0.00e+00	0.00e+00	0.00e+00	1.60e-10	4.78e-10	7.94e-10	1.08e-04	2.11e-04	6.17e-31
 5.55252e+15	1.90e-09	3.60e-04	5.11e-01	4.89e-01	0.00e+00	0.00e+00	0.00e+00	1.95e-10	5.85e-10	9.72e-10	1.21e-04	2.39e-04	1.02e-30
 5.77465e+15	2.33e-09	4.07e-04	5.32e-01	4.67e-01	0.00e+00	0.00e+00	0.00e+00	2.39e-10	7.15e-10	1.19e-09	1.37e-04	2.70e-04	1.70e-30
 6.00567e+15	2.84e-09	4.59e-04	5.54e-01	4.46e-01	0.00e+00	0.00e+00	0.00e+00	2.92e-10	8.74e-10	1.45e-09	1.54e-04	3.05e-04	2.80e-30
 6.24592e+15	3.47e-09	5.18e-04	5.76e-01	4.24e-01	0.00e+00	0.00e+00	0.00e+00	3.56e-10	1.07e-09	1.77e-09	1.73e-04	3.45e-04	4.62e-30
 6.49579e+15	4.23e-09	5.82e-04	5.97e-01	4.02e-01	0.00e+00	0.00e+00	0.00e+00	4.34e-10	1.30e-09	2.16e-09	1.94e-04	3.88e-04	7.61e-30
 6.75565e+15	5.15e-09	6.55e-04	6.18e-01	3.81e-01	0.00e+00	0.00e+00	0.00e+00	5.29e-10	1.58e-09	2.63e-09	2.18e-04	4.37e-04	1.25e-29
 7.02591e+15	6.26e-09	7.35e-04	6.39e-01	3.60e-01	0.00e+00	0.00e+00	0.00e+00	6.43e-10	1.92e-09	3.20e-09	2.44e-04	4.90e-04	1.56e-29
 7.30697e+15	7.61e-09	8.24e-04	6.60e-01	3.39e-01	0.00e+00	0.00e+00	0.00e+00	7.82e-10	2.34e-09	3.89e-09	2.74e-04	5.49e-04	2.61e-29
