#depth	O	O+	O+2	O+3	O+4	O+5	O+6	O+7	O+8	O[1]	O[2]	O[3]
 1.49634e+10	0.00e+00	1.93e-44	7.91e-34	3.01e-24	1.13e-15	3.02e-08	1.00e+00	1.66e-11	0.00e+00	0.00e+00	0.00e+00	0.00e+00
 4.54887e+10	0.00e+00	0.00e+00	1.09e-33	3.82e-24	1.32e-15	3.27e-08	1.00e+00	0.00e+00	0.00e+00	0.00e+00	0.00e+00	0.00e+00
 7.72350e+10	0.00e+00	4.25e-44	1.49e-33	4.84e-24	1.55e-15	3.54e-08	1.00e+00	0.00e+00	0.00e+00	0.00e+00	0.00e+00	0.00e+00
 1.10251e+11	0.00e+00	0.00e+00	2.04e-33	6.14e-24	1.81e-15	3.84e-08	1.00e+00	0.00e+00	0.00e+00	0.00e+00	0.00e+00	0.00e+00
 1.41732e+11	0.00e+00	9.04e-44	2.72e-33	7.63e-24	2.10e-15	4.13e-08	1.00e+00	0.00e+00	0.00e+00	0.00e+00	0.00e+00	0.00e+00
 1.70581e+11	0.00e+00	0.00e+00	3.52e-33	9.25e-24	2.39e-15	4.40e-08	1.00e+00	0.00e+00	0.00e+00	0.00e+00	0.00e+00	0.00e+00
 2.03244e+11	0.00e+00	1.77e-43	4.66e-33	1.14e-23	2.75e-15	4.72e-08	1.00e+00	0.00e+00	0.00e+00	0.00e+00	0.00e+00	0.00e+00
 2.41102e+11	0.00e+00	0.00e+00	6.39e-33	1.45e-23	3.22e-15	5.12e-08	1.00e+00	0.00e+00	0.00e+00	0.00e+00	0.00e+00	0.00e+00
 2.78370e+11	0.00e+00	3.80e-43	8.61e-33	1.81e-23	3.74e-15	5.51e-08	1.00e+00	0.00e+00	0.00e+00	0.00e+00	0.00e+00	0.00e+00
 3.14005e+11	0.00e+00	0.00e+00	1.13e-32	2.23e-23	4.30e-15	5.91e-08	1.00e+00	0.00e+00	0.00e+00	0.00e+00	0.00e+00	0.00e+00
 3.53367e+11	0.00e+00	7.73e-43	1.52e-32	2.78e-23	4.98e-15	6.37e-08	1.00e+00	0.00e+00	0.00e+00	0.00e+00	0.00e+00	0.00e+00
 3.97429e+11	0.00e+00	0.00e+00	2.09e-32	3.53e-23	5.85e-15	6.90e-08	1.00e+00	0.00e+00	0.00e+00	0.00e+00	0.00e+00	0.00e+00
 4.41951e+11	0.00e+00	1.69e-42	2.84e-32	4.45e-23	6.83e-15	7.46e-08	1.00e+00	0.00e+00	0.00e+00	0.00e+00	0.00e+00	0.00e+00
 4.85684e+11	0.00e+00	0.00e+00	3.80e-32	5.54e-23	7.92e-15	8.03e-08	1.00e+00	0.00e+00	0.00e+00	0.00e+00	0.00e+00	0.00e+00
 5.32467e+11	0.00e+00	3.53e-42	5.14e-32	6.95e-23	9.22e-15	8.67e-08	1.00e+00	0.00e+00	0.00e+00	0.00e+00	0.00e+00	0.00e+00
 5.83692e+11	0.00e+00	0.00e+00	7.06e-32	8.83e-23	1.08e-14	9.40e-08	1.00e+00	0.00e+00	0.00e+00	0.00e+00	0.00e+00	0.00e+00
 6.35601e+11	0.00e+00	7.73e-42	9.63e-32	1.12e-22	1.27e-14	1.02e-07	1.00e+00	0.00e+00	0.00e+00	0.00e+00	0.00e+00	0.00e+00
 6.89585e+11	0.00e+00	0.00e+00	1.31e-31	1.41e-22	1.48e-14	1.10e-07	1.00e+00	0.00e+00	0.00e+00	0.00e+00	0.00e+00	0.00e+00
 7.47095e+11	0.00e+00	1.69e-41	1.81e-31	1.79e-22	1.74e-14	1.19e-07	1.00e+00	0.00e+00	0.00e+00	0.00e+00	0.00e+00	0.00e+00
 8.06906e+11	0.00e+00	0.00e+00	2.48e-31	2.28e-22	2.05e-14	1.30e-07	1.00e+00	0.00e+00	0.00e+00	0.00e+00	0.00e+00	0.00e+00
 8.69109e+11	0.00e+00	3.75e-41	3.42e-31	2.90e-22	2.41e-14	1.41e-07	1.00e+00	0.00e+00	0.00e+00	0.00e+00	0.00e+00	0.00e+00
 9.33800e+11	0.00e+00	0.00e+00	4.70e-31	3.69e-22	2.83e-14	1.53e-07	1.00e+00	0.00e+00	0.00e+00	0.00e+00	0.00e+00	0.00e+00
 1.00108e+12	0.00e+00	8.30e-41	6.48e-31	4.70e-22	3.33e-14	1.66e-07	1.00e+00	0.00e+00	0.00e+00	0.00e+00	0.00e+00	0.00e+00
 1.07105e+12	0.00e+00	0.00e+00	8.92e-31	5.99e-22	3.92e-14	1.80e-07	1.00e+00	0.00e+00	0.00e+00	0.00e+00	0.00e+00	0.00e+00
 1.14382e+12	0.00e+00	1.84e-40	1.23e-30	7.63e-22	4.62e-14	1.95e-07	1.00e+00	0.00e+00	0.00e+00	0.00e+00	0.00e+00	0.00e+00
 1.21950e+12	0.00e+00	0.00e+00	1.69e-30	9.72e-22	5.45e-14	2.12e-07	1.00e+00	0.00e+00	0.00e+00	0.00e+00	0.00e+00	0.00e+00
 1.29820e+12	0.00e+00	4.09e-40	2.33e-30	1.24e-21	6.42e-14	2.31e-07	1.00e+00	0.00e+00	0.00e+00	0.00e+00	0.00e+00	0.00e+00
 1.38006e+12	0.00e+00	0.00e+00	3.22e-30	1.58e-21	7.57e-14	2.51e-07	1.00e+00	0.00e+00	0.00e+00	0.00e+00	0.00e+00	0.00e+00
 1.46519e+12	0.00e+00	9.09e-40	4.44e-30	2.02e-21	8.93e-14	2.73e-07	1.00e+00	0.00e+00	0.00e+00	0.00e+00	0.00e+00	0.00e+00
 1.54845e+12	0.00e+00	0.00e+00	6.01e-30	2.54e-21	1.04e-13	2.95e-07	1.00e+00	0.00e+00	0.00e+00	0.00e+00	0.00e+00	0.00e+00
 1.62790e+12	0.00e+00	1.87e-39	7.94e-30	3.14e-21	1.21e-13	3.18e-07	1.00e+00	0.00e+00	0.00e+00	0.00e+00	0.00e+00	0.00e+00
 1.71581e+12	0.00e+00	0.00e+00	1.07e-29	3.94e-21	1.41e-13	3.43e-07	1.00e+00	0.00e+00	0.00e+00	0.00e+00	0.00e+00	0.00e+00
 1.81437e+12	0.00e+00	4.05e-39	1.48e-29	5.03e-21	1.66e-13	3.74e-07	1.00e+00	0.00e+00	0.00e+00	0.00e+00	0.00e+00	0.00e+00
 1.91315e+12	0.00e+00	0.00e+00	2.02e-29	6.38e-21	1.95e-13	4.06e-07	1.00e+00	0.00e+00	0.00e+00	0.00e+00	0.00e+00	0.00e+00
 2.01588e+12	0.00e+00	8.76e-39	2.76e-29	8.08e-21	2.30e-13	4.41e-07	1.00e+00	0.00e+00	0.00e+00	0.00e+00	0.00e+00	0.00e+00
 2.12644e+12	0.00e+00	0.00e+00	3.81e-29	1.03e-20	2.72e-13	4.80e-07	1.00e+00	0.00e+00	0.00e+00	0.00e+00	0.00e+00	0.00e+00
 2.24142e+12	0.00e+00	1.95e-38	5.26e-29	1.32e-20	3.22e-13	5.24e-07	1.00e+00	0.00e+00	0.00e+00	0.00e+00	0.00e+00	0.00e+00
 2.36101e+12	0.00e+00	0.00e+00	7.28e-29	1.69e-20	3.81e-13	5.71e-07	1.00e+00	0.00e+00	0.00e+00	0.00e+00	0.00e+00	0.00e+00
 2.48537e+12	0.00e+00	4.34e-38	1.01e-28	2.17e-20	4.52e-13	6.23e-07	1.00e+00	0.00e+00	0.00e+00	0.00e+00	0.00e+00	0.00e+00
 2.61471e+12	0.00e+00	0.00e+00	1.39e-28	2.78e-20	5.36e-13	6.80e-07	1.00e+00	0.00e+00	0.00e+00	0.00e+00	0.00e+00	0.00e+00
 2.74923e+12	0.00e+00	9.65e-38	1.92e-28	3.56e-20	6.35e-13	7.42e-07	1.00e+00	0.00e+00	0.00e+00	0.00e+00	0.00e+00	0.00e+00
 2.88913e+12	0.00e+00	0.00e+00	2.65e-28	4.56e-20	7.54e-13	8.10e-07	1.00e+00	0.00e+00	0.00e+00	0.00e+00	0.00e+00	0.00e+00
 3.01853e+12	0.00e+00	2.05e-37	3.54e-28	5.69e-20	8.78e-13	8.77e-07	1.00e+00	0.00e+00	0.00e+00	0.00e+00	0.00e+00	0.00e+00
 3.13086e+12	0.00e+00	0.00e+00	4.51e-28	6.85e-20	9.99e-13	9.37e-07	1.00e+00	0.00e+00	0.00e+00	0.00e+00	0.00e+00	0.00e+00
 3.25564e+12	0.00e+00	3.81e-37	5.86e-28	8.38e-20	1.15e-12	1.01e-06	1.00e+00	0.00e+00	0.00e+00	0.00e+00	0.00e+00	0.00e+00
 3.40766e+12	0.00e+00	0.00e+00	7.95e-28	1.06e-19	1.35e-12	1.09e-06	1.00e+00	0.00e+00	0.00e+00	0.00e+00	0.00e+00	0.00e+00
 3.56257e+12	0.00e+00	8.04e-37	1.08e-27	1.34e-19	1.59e-12	1.19e-06	1.00e+00	0.00e+00	0.00e+00	0.00e+00	0.00e+00	0.00e+00
 3.70397e+12	0.00e+00	0.00e+00	1.40e-27	1.64e-19	1.83e-12	1.28e-06	1.00e+00	0.00e+00	0.00e+00	0.00e+00	0.00e+00	0.00e+00
 3.86030e+12	0.00e+00	1.58e-36	1.86e-27	2.04e-19	2.13e-12	1.39e-06	1.00e+00	0.00e+00	0.00e+00	0.00e+00	0.00e+00	0.00e+00
 4.04259e+12	2.82e-46	2.33e-36	2.56e-27	2.61e-19	2.54e-12	1.52e-06	1.00e+00	0.00e+00	0.00e+00	0.00e+00	0.00e+00	0.00e+00
 4.22210e+12	0.00e+00	0.00e+00	3.45e-27	3.30e-19	2.99e-12	1.65e-06	1.00e+00	0.00e+00	0.00e+00	0.00e+00	0.00e+00	0.00e+00
 4.39188e+12	0.00e+00	4.70e-36	4.54e-27	4.07e-19	3.46e-12	1.79e-06	1.00e+00	0.00e+00	0.00e+00	0.00e+00	0.00e+00	0.00e+00
 4.58058e+12	1.00e-45	6.72e-36	6.09e-27	5.12e-19	4.07e-12	1.95e-06	1.00e+00	0.00e+00	0.00e+00	0.00e+00	0.00e+00	0.00e+00
 4.79373e+12	0.00e+00	0.00e+00	8.38e-27	6.57e-19	4.85e-12	2.13e-06	1.00e+00	0.00e+00	0.00e+00	0.00e+00	0.00e+00	0.00e+00
 5.00828e+12	0.00e+00	1.44e-35	1.14e-26	8.35e-19	5.74e-12	2.33e-06	1.00e+00	0.00e+00	0.00e+00	0.00e+00	0.00e+00	0.00e+00
 5.23142e+12	3.88e-45	2.09e-35	1.55e-26	1.06e-18	6.80e-12	2.55e-06	1.00e+00	0.00e+00	0.00e+00	0.00e+00	0.00e+00	0.00e+00
 5.47060e+12	0.00e+00	0.00e+00	2.13e-26	1.36e-18	8.10e-12	2.80e-06	1.00e+00	0.00e+00	0.00e+00	0.00e+00	0.00e+00	0.00e+00
 5.71936e+12	0.00e+00	4.50e-35	2.91e-26	1.74e-18	9.65e-12	3.07e-06	1.00e+00	0.00e+00	0.00e+00	0.00e+00	0.00e+00	0.00e+00
 5.97806e+12	1.51e-44	6.58e-35	3.98e-26	2.22e-18	1.15e-11	3.37e-06	1.00e+00	0.00e+00	0.00e+00	0.00e+00	0.00e+00	0.00e+00
 6.24711e+12	0.00e+00	9.60e-35	5.44e-26	2.84e-18	1.37e-11	3.70e-06	1.00e+00	0.00e+00	0.00e+00	0.00e+00	0.00e+00	0.00e+00
 6.52692e+12	3.69e-44	1.40e-34	7.43e-26	3.63e-18	1.63e-11	4.06e-06	1.00e+00	0.00e+00	0.00e+00	0.00e+00	0.00e+00	0.00e+00
 6.81792e+12	0.00e+00	2.03e-34	1.01e-25	4.63e-18	1.94e-11	4.46e-06	1.00e+00	0.00e+00	0.00e+00	0.00e+00	0.00e+00	0.00e+00
 7.12056e+12	8.90e-44	2.94e-34	1.38e-25	5.91e-18	2.31e-11	4.90e-06	1.00e+00	0.00e+00	0.00e+00	0.00e+00	0.00e+00	0.00e+00
 7.43531e+12	0.00e+00	4.25e-34	1.87e-25	7.54e-18	2.75e-11	5.38e-06	1.00e+00	0.00e+00	0.00e+00	0.00e+00	0.00e+00	0.00e+00
 7.76265e+12	2.12e-43	6.12e-34	2.54e-25	9.60e-18	3.27e-11	5.91e-06	1.00e+00	0.00e+00	0.00e+00	0.00e+00	0.00e+00	0.00e+00
 8.10309e+12	0.00e+00	8.81e-34	3.44e-25	1.22e-17	3.89e-11	6.49e-06	1.00e+00	0.00e+00	0.00e+00	0.00e+00	0.00e+00	0.00e+00
 8.44112e+12	4.89e-43	1.24e-33	4.59e-25	1.54e-17	4.59e-11	7.11e-06	1.00e+00	0.00e+00	0.00e+00	0.00e+00	0.00e+00	0.00e+00
 8.79267e+12	0.00e+00	1.76e-33	6.13e-25	1.94e-17	5.42e-11	7.78e-06	1.00e+00	0.00e+00	0.00e+00	0.00e+00	0.00e+00	0.00e+00
 9.17431e+12	1.12e-42	2.51e-33	8.27e-25	2.46e-17	6.44e-11	8.54e-06	1.00e+00	0.00e+00	0.00e+00	0.00e+00	0.00e+00	0.00e+00
 9.54900e+12	0.00e+00	3.51e-33	1.10e-24	3.09e-17	7.57e-11	9.34e-06	1.00e+00	0.00e+00	0.00e+00	0.00e+00	0.00e+00	0.00e+00
 9.89945e+12	2.36e-42	4.74e-33	1.41e-24	3.78e-17	8.76e-11	1.01e-05	1.00e+00	0.00e+00	0.00e+00	0.00e+00	0.00e+00	0.00e+00
 1.02861e+13	0.00e+00	6.53e-33	1.85e-24	4.69e-17	1.02e-10	1.10e-05	1.00e+00	0.00e+00	0.00e+00	0.00e+00	0.00e+00	0.00e+00
 1.07275e+13	5.16e-42	9.25e-33	2.48e-24	5.95e-17	1.21e-10	1.21e-05	1.00e+00	0.00e+00	0.00e+00	0.00e+00	0.00e+00	0.00e+00
 1.11620e+13	0.00e+00	1.29e-32	3.28e-24	7.44e-17	1.42e-10	1.32e-05	1.00e+00	0.00e+00	0.00e+00	0.00e+00	0.00e+00	0.00e+00
 1.16139e+13	1.11e-41	1.79e-32	4.33e-24	9.31e-17	1.67e-10	1.45e-05	1.00e+00	0.00e+00	0.00e+00	0.00e+00	0.00e+00	0.00e+00
 1.21083e+13	0.00e+00	2.52e-32	5.80e-24	1.18e-16	1.98e-10	1.59e-05	1.00e+00	0.00e+00	0.00e+00	0.00e+00	0.00e+00	0.00e+00
 1.26071e+13	2.46e-41	3.52e-32	7.69e-24	1.48e-16	2.33e-10	1.74e-05	1.00e+00	0.00e+00	0.00e+00	0.00e+00	0.00e+00	0.00e+00
 1.31257e+13	0.00e+00	4.92e-32	1.02e-23	1.86e-16	2.74e-10	1.90e-05	1.00e+00	0.00e+00	0.00e+00	0.00e+00	0.00e+00	0.00e+00
 1.36160e+13	5.16e-41	6.65e-32	1.32e-23	2.29e-16	3.17e-10	2.06e-05	1.00e+00	0.00e+00	0.00e+00	0.00e+00	0.00e+00	0.00e+00
 1.40294e+13	0.00e+00	8.53e-32	1.63e-23	2.71e-16	3.58e-10	2.21e-05	1.00e+00	0.00e+00	0.00e+00	0.00e+00	0.00e+00	0.00e+00
 1.44786e+13	9.34e-41	1.11e-31	2.03e-23	3.24e-16	4.06e-10	2.37e-05	1.00e+00	0.00e+00	0.00e+00	0.00e+00	0.00e+00	0.00e+00
 1.50420e+13	0.00e+00	1.52e-31	2.66e-23	4.02e-16	4.73e-10	2.57e-05	1.00e+00	0.00e+00	0.00e+00	0.00e+00	0.00e+00	0.00e+00
 1.56234e+13	1.94e-40	2.08e-31	3.47e-23	4.98e-16	5.50e-10	2.80e-05	1.00e+00	0.00e+00	0.00e+00	0.00e+00	0.00e+00	0.00e+00
 1.61379e+13	0.00e+00	2.73e-31	4.36e-23	5.99e-16	6.26e-10	3.01e-05	1.00e+00	0.00e+00	0.00e+00	0.00e+00	0.00e+00	0.00e+00
 1.66960e+13	3.72e-40	3.63e-31	5.55e-23	7.26e-16	7.17e-10	3.24e-05	1.00e+00	0.00e+00	0.00e+00	0.00e+00	0.00e+00	0.00e+00
 1.73666e+13	0.00e+00	5.05e-31	7.33e-23	9.08e-16	8.38e-10	3.54e-05	1.00e+00	0.00e+00	0.00e+00	0.00e+00	0.00e+00	0.00e+00
 1.80387e+13	7.90e-40	6.95e-31	9.61e-23	1.13e-15	9.74e-10	3.84e-05	1.00e+00	0.00e+00	0.00e+00	0.00e+00	0.00e+00	0.00e+00
 1.86550e+13	0.00e+00	9.24e-31	1.22e-22	1.37e-15	1.11e-09	4.14e-05	1.00e+00	0.00e+00	0.00e+00	0.00e+00	0.00e+00	0.00e+00
 1.93435e+13	1.58e-39	1.26e-30	1.58e-22	1.68e-15	1.28e-09	4.48e-05	1.00e+00	0.00e+00	0.00e+00	0.00e+00	0.00e+00	0.00e+00
 2.01423e+13	0.00e+00	1.78e-30	2.12e-22	2.12e-15	1.51e-09	4.89e-05	1.00e+00	0.00e+00	0.00e+00	0.00e+00	0.00e+00	0.00e+00
 2.09344e+13	3.48e-39	2.48e-30	2.80e-22	2.64e-15	1.76e-09	5.31e-05	1.00e+00	0.00e+00	0.00e+00	0.00e+00	0.00e+00	0.00e+00
 2.17581e+13	0.00e+00	3.46e-30	3.70e-22	3.29e-15	2.04e-09	5.77e-05	1.00e+00	0.00e+00	0.00e+00	0.00e+00	0.00e+00	0.00e+00
 2.26583e+13	7.76e-39	4.93e-30	4.97e-22	4.16e-15	2.40e-09	6.30e-05	1.00e+00	0.00e+00	0.00e+00	0.00e+00	0.00e+00	0.00e+00
 2.35946e+13	0.00e+00	7.04e-30	6.69e-22	5.25e-15	2.81e-09	6.86e-05	1.00e+00	0.00e+00	0.00e+00	0.00e+00	0.00e+00	0.00e+00
 2.45683e+13	1.79e-38	1.01e-29	9.01e-22	6.63e-15	3.30e-09	7.48e-05	1.00e+00	0.00e+00	0.00e+00	0.00e+00	0.00e+00	0.00e+00
 2.55809e+13	0.00e+00	1.44e-29	1.21e-21	8.37e-15	3.87e-09	8.14e-05	1.00e+00	0.00e+00	0.00e+00	0.00e+00	0.00e+00	0.00e+00
 2.66051e+13	4.12e-38	2.05e-29	1.62e-21	1.05e-14	4.51e-09	8.85e-05	1.00e+00	0.00e+00	0.00e+00	0.00e+00	0.00e+00	0.00e+00
 2.76702e+13	0.00e+00	2.91e-29	2.17e-21	1.32e-14	5.27e-09	9.61e-05	1.00e+00	0.00e+00	0.00e+00	0.00e+00	0.00e+00	0.00e+00
 2.88069e+13	9.56e-38	4.19e-29	2.93e-21	1.67e-14	6.17e-09	1.05e-04	1.00e+00	0.00e+00	0.00e+00	0.00e+00	0.00e+00	0.00e+00
 2.99891e+13	0.00e+00	6.03e-29	3.96e-21	2.10e-14	7.23e-09	1.14e-04	1.00e+00	0.00e+00	0.00e+00	0.00e+00	0.00e+00	0.00e+00
 3.12186e+13	2.26e-37	8.70e-29	5.36e-21	2.66e-14	8.46e-09	1.24e-04	1.00e+00	0.00e+00	0.00e+00	0.00e+00	0.00e+00	0.00e+00
 3.24973e+13	0.00e+00	1.26e-28	7.25e-21	3.36e-14	9.91e-09	1.34e-04	1.00e+00	0.00e+00	0.00e+00	0.00e+00	0.00e+00	0.00e+00
 3.38271e+13	5.38e-37	1.82e-28	9.81e-21	4.24e-14	1.16e-08	1.46e-04	1.00e+00	0.00e+00	0.00e+00	0.00e+00	0.00e+00	0.00e+00
 3.51696e+13	0.00e+00	2.60e-28	1.32e-20	5.32e-14	1.35e-08	1.58e-04	1.00e+00	0.00e+00	0.00e+00	0.00e+00	0.00e+00	0.00e+00
 3.64301e+13	1.21e-36	3.60e-28	1.72e-20	6.54e-14	1.55e-08	1.70e-04	1.00e+00	0.00e+00	0.00e+00	0.00e+00	0.00e+00	0.00e+00
 3.77815e+13	0.00e+00	5.05e-28	2.27e-20	8.09e-14	1.79e-08	1.83e-04	1.00e+00	0.00e+00	0.00e+00	0.00e+00	0.00e+00	0.00e+00
 3.93227e+13	2.79e-36	7.31e-28	3.07e-20	1.02e-13	2.10e-08	1.99e-04	1.00e+00	0.00e+00	0.00e+00	0.00e+00	0.00e+00	0.00e+00
 4.08369e+13	0.00e+00	1.04e-27	4.10e-20	1.27e-13	2.43e-08	2.15e-04	1.00e+00	0.00e+00	0.00e+00	0.00e+00	0.00e+00	0.00e+00
 4.24117e+13	6.42e-36	1.48e-27	5.47e-20	1.59e-13	2.83e-08	2.33e-04	1.00e+00	0.00e+00	0.00e+00	0.00e+00	0.00e+00	0.00e+00
 4.41381e+13	0.00e+00	2.15e-27	7.42e-20	2.01e-13	3.31e-08	2.53e-04	1.00e+00	0.00e+00	0.00e+00	0.00e+00	0.00e+00	0.00e+00
 4.58944e+13	1.54e-35	3.10e-27	1.00e-19	2.53e-13	3.86e-08	2.74e-04	1.00e+00	0.00e+00	0.00e+00	0.00e+00	0.00e+00	0.00e+00
 4.77209e+13	0.00e+00	4.48e-27	1.35e-19	3.18e-13	4.50e-08	2.97e-04	1.00e+00	0.00e+00	0.00e+00	0.00e+00	0.00e+00	0.00e+00
 4.96596e+13	3.71e-35	6.51e-27	1.83e-19	4.02e-13	5.26e-08	3.22e-04	1.00e+00	0.00e+00	0.00e+00	0.00e+00	0.00e+00	0.00e+00
 5.16759e+13	5.78e-35	9.48e-27	2.49e-19	5.08e-13	6.16e-08	3.49e-04	1.00e+00	0.00e+00	0.00e+00	0.00e+00	0.00e+00	0.00e+00
 5.37729e+13	9.03e-35	1.38e-26	3.38e-19	6.42e-13	7.20e-08	3.79e-04	1.00e+00	0.00e+00	0.00e+00	0.00e+00	0.00e+00	0.00e+00
 5.59537e+13	1.41e-34	2.01e-26	4.59e-19	8.11e-13	8.43e-08	4.11e-04	1.00e+00	0.00e+00	0.00e+00	0.00e+00	0.00e+00	0.00e+00
 5.80033e+13	2.11e-34	2.83e-26	6.06e-19	1.00e-12	9.71e-08	4.42e-04	1.00e+00	0.00e+00	0.00e+00	0.00e+00	0.00e+00	0.00e+00
 5.98323e+13	3.00e-34	3.81e-26	7.70e-19	1.20e-12	1.10e-07	4.71e-04	1.00e+00	0.00e+00	0.00e+00	0.00e+00	0.00e+00	0.00e+00
 6.18821e+13	4.39e-34	5.24e-26	9.99e-19	1.47e-12	1.25e-07	5.05e-04	9.99e-01	0.00e+00	0.00e+00	0.00e+00	0.00e+00	0.00e+00
 6.43164e+13	6.78e-34	7.57e-26	1.35e-18	1.84e-12	1.46e-07	5.46e-04	9.99e-01	0.00e+00	0.00e+00	0.00e+00	0.00e+00	0.00e+00
 6.67454e+13	1.03e-33	1.08e-25	1.80e-18	2.30e-12	1.69e-07	5.89e-04	9.99e-01	0.00e+00	0.00e+00	0.00e+00	0.00e+00	0.00e+00
 6.90014e+13	1.51e-33	1.48e-25	2.33e-18	2.79e-12	1.93e-07	6.30e-04	9.99e-01	0.00e+00	0.00e+00	0.00e+00	0.00e+00	0.00e+00
 7.15212e+13	2.27e-33	2.09e-25	3.07e-18	3.45e-12	2.22e-07	6.77e-04	9.99e-01	0.00e+00	0.00e+00	0.00e+00	0.00e+00	0.00e+00
 7.44119e+13	3.57e-33	3.06e-25	4.18e-18	4.36e-12	2.60e-07	7.34e-04	9.99e-01	0.00e+00	0.00e+00	0.00e+00	0.00e+00	0.00e+00
 7.72451e+13	5.49e-33	4.39e-25	5.60e-18	5.44e-12	3.01e-07	7.91e-04	9.99e-01	0.00e+00	0.00e+00	0.00e+00	0.00e+00	0.00e+00
 8.01917e+13	8.44e-33	6.30e-25	7.50e-18	6.79e-12	3.49e-07	8.53e-04	9.99e-01	0.00e+00	0.00e+00	0.00e+00	0.00e+00	0.00e+00
 8.34293e+13	1.33e-32	9.24e-25	1.02e-17	8.59e-12	4.08e-07	9.24e-04	9.99e-01	0.00e+00	0.00e+00	0.00e+00	0.00e+00	0.00e+00
 8.66819e+13	2.07e-32	1.34e-24	1.38e-17	1.08e-11	4.75e-07	9.98e-04	9.99e-01	0.00e+00	0.00e+00	0.00e+00	0.00e+00	0.00e+00
 9.00646e+13	3.23e-32	1.94e-24	1.86e-17	1.35e-11	5.53e-07	1.08e-03	9.99e-01	0.00e+00	0.00e+00	0.00e+00	0.00e+00	0.00e+00
 9.36971e+13	5.16e-32	2.88e-24	2.56e-17	1.71e-11	6.46e-07	1.17e-03	9.99e-01	0.00e+00	0.00e+00	0.00e+00	0.00e+00	0.00e+00
 9.74749e+13	8.13e-32	4.21e-24	3.47e-17	2.16e-11	7.56e-07	1.26e-03	9.99e-01	0.00e+00	0.00e+00	0.00e+00	0.00e+00	0.00e+00
 1.01404e+14	1.29e-31	6.20e-24	4.73e-17	2.73e-11	8.84e-07	1.37e-03	9.99e-01	0.00e+00	0.00e+00	0.00e+00	0.00e+00	0.00e+00
 1.05490e+14	2.05e-31	9.14e-24	6.46e-17	3.45e-11	1.03e-06	1.48e-03	9.99e-01	0.00e+00	0.00e+00	0.00e+00	0.00e+00	0.00e+00
 1.09739e+14	3.27e-31	1.35e-23	8.83e-17	4.37e-11	1.21e-06	1.60e-03	9.98e-01	0.00e+00	0.00e+00	0.00e+00	0.00e+00	0.00e+00
 1.13904e+14	5.08e-31	1.95e-23	1.19e-16	5.45e-11	1.40e-06	1.72e-03	9.98e-01	0.00e+00	0.00e+00	0.00e+00	0.00e+00	0.00e+00
 1.17891e+14	7.63e-31	2.73e-23	1.56e-16	6.69e-11	1.60e-06	1.84e-03	9.98e-01	0.00e+00	0.00e+00	0.00e+00	0.00e+00	0.00e+00
 1.22294e+14	1.18e-30	3.93e-23	2.08e-16	8.31e-11	1.86e-06	1.98e-03	9.98e-01	0.00e+00	0.00e+00	0.00e+00	0.00e+00	0.00e+00
 1.27215e+14	1.88e-30	5.81e-23	2.85e-16	1.05e-10	2.17e-06	2.15e-03	9.98e-01	0.00e+00	0.00e+00	0.00e+00	0.00e+00	0.00e+00
 1.32171e+14	2.97e-30	8.49e-23	3.86e-16	1.32e-10	2.52e-06	2.31e-03	9.98e-01	0.00e+00	0.00e+00	0.00e+00	0.00e+00	0.00e+00
 1.37324e+14	4.69e-30	1.24e-22	5.23e-16	1.66e-10	2.94e-06	2.50e-03	9.98e-01	0.00e+00	0.00e+00	0.00e+00	0.00e+00	0.00e+00
 1.42847e+14	7.50e-30	1.84e-22	7.15e-16	2.10e-10	3.43e-06	2.70e-03	9.97e-01	0.00e+00	0.00e+00	0.00e+00	0.00e+00	0.00e+00
 1.48044e+14	1.15e-29	2.62e-22	9.50e-16	2.59e-10	3.96e-06	2.90e-03	9.97e-01	0.00e+00	0.00e+00	0.00e+00	0.00e+00	0.00e+00
 1.52716e+14	1.67e-29	3.57e-22	1.22e-15	3.12e-10	4.48e-06	3.08e-03	9.97e-01	0.00e+00	0.00e+00	0.00e+00	0.00e+00	0.00e+00
 1.57986e+14	2.50e-29	5.00e-22	1.59e-15	3.82e-10	5.12e-06	3.29e-03	9.97e-01	0.00e+00	0.00e+00	0.00e+00	0.00e+00	0.00e+00
 1.64199e+14	3.96e-29	7.34e-22	2.17e-15	4.80e-10	5.97e-06	3.55e-03	9.96e-01	0.00e+00	0.00e+00	0.00e+00	0.00e+00	0.00e+00
 1.70462e+14	6.20e-29	1.07e-21	2.92e-15	6.00e-10	6.92e-06	3.82e-03	9.96e-01	0.00e+00	0.00e+00	0.00e+00	0.00e+00	0.00e+00
 1.76492e+14	9.38e-29	1.51e-21	3.85e-15	7.38e-10	7.94e-06	4.10e-03	9.96e-01	0.00e+00	0.00e+00	0.00e+00	0.00e+00	0.00e+00
 1.83097e+14	1.45e-28	2.17e-21	5.15e-15	9.19e-10	9.19e-06	4.40e-03	9.96e-01	0.00e+00	0.00e+00	0.00e+00	0.00e+00	0.00e+00
 1.89913e+14	2.24e-28	3.11e-21	6.88e-15	1.14e-09	1.06e-05	4.73e-03	9.95e-01	0.00e+00	0.00e+00	0.00e+00	0.00e+00	0.00e+00
 1.96015e+14	3.26e-28	4.26e-21	8.85e-15	1.38e-09	1.20e-05	5.04e-03	9.95e-01	0.00e+00	0.00e+00	0.00e+00	0.00e+00	0.00e+00
 2.02664e+14	4.85e-28	5.92e-21	1.15e-14	1.68e-09	1.37e-05	5.38e-03	9.95e-01	0.00e+00	0.00e+00	0.00e+00	0.00e+00	0.00e+00
 2.10566e+14	7.62e-28	8.64e-21	1.56e-14	2.11e-09	1.60e-05	5.81e-03	9.94e-01	0.00e+00	0.00e+00	0.00e+00	0.00e+00	0.00e+00
 2.18333e+14	1.17e-27	1.23e-20	2.08e-14	2.62e-09	1.85e-05	6.25e-03	9.94e-01	0.00e+00	0.00e+00	0.00e+00	0.00e+00	0.00e+00
 2.25354e+14	1.69e-27	1.69e-20	2.67e-14	3.16e-09	2.09e-05	6.65e-03	9.93e-01	0.00e+00	0.00e+00	0.00e+00	0.00e+00	0.00e+00
 2.33169e+14	2.53e-27	2.35e-20	3.49e-14	3.87e-09	2.40e-05	7.12e-03	9.93e-01	0.00e+00	0.00e+00	0.00e+00	0.00e+00	0.00e+00
 2.42353e+14	3.95e-27	3.43e-20	4.73e-14	4.87e-09	2.79e-05	7.70e-03	9.92e-01	0.00e+00	0.00e+00	0.00e+00	0.00e+00	0.00e+00
 2.51416e+14	6.06e-27	4.91e-20	6.32e-14	6.06e-09	3.23e-05	8.28e-03	9.92e-01	0.00e+00	0.00e+00	0.00e+00	0.00e+00	0.00e+00
 2.59862e+14	8.88e-27	6.76e-20	8.19e-14	7.37e-09	3.68e-05	8.85e-03	9.91e-01	0.00e+00	0.00e+00	0.00e+00	0.00e+00	0.00e+00
 2.69308e+14	1.34e-26	9.55e-20	1.08e-13	9.11e-09	4.24e-05	9.52e-03	9.90e-01	0.00e+00	0.00e+00	0.00e+00	0.00e+00	0.00e+00
 2.80110e+14	2.10e-26	1.39e-19	1.47e-13	1.15e-08	4.95e-05	1.03e-02	9.90e-01	0.00e+00	0.00e+00	0.00e+00	0.00e+00	0.00e+00
 2.90760e+14	3.21e-26	2.00e-19	1.97e-13	1.44e-08	5.74e-05	1.11e-02	9.89e-01	0.00e+00	0.00e+00	0.00e+00	0.00e+00	0.00e+00
 3.01836e+14	4.90e-26	2.85e-19	2.63e-13	1.79e-08	6.66e-05	1.20e-02	9.88e-01	0.00e+00	0.00e+00	0.00e+00	0.00e+00	0.00e+00
 3.13939e+14	7.60e-26	4.14e-19	3.57e-13	2.26e-08	7.78e-05	1.30e-02	9.87e-01	0.00e+00	0.00e+00	0.00e+00	0.00e+00	0.00e+00
 3.26219e+14	1.17e-25	5.96e-19	4.81e-13	2.84e-08	9.05e-05	1.41e-02	9.86e-01	0.00e+00	0.00e+00	0.00e+00	0.00e+00	0.00e+00
 3.38990e+14	1.78e-25	8.54e-19	6.47e-13	3.56e-08	1.05e-04	1.52e-02	9.85e-01	0.00e+00	0.00e+00	0.00e+00	0.00e+00	0.00e+00
 3.52579e+14	2.75e-25	1.23e-18	8.76e-13	4.49e-08	1.23e-04	1.65e-02	9.83e-01	0.00e+00	0.00e+00	0.00e+00	0.00e+00	0.00e+00
 3.66712e+14	4.22e-25	1.78e-18	1.18e-12	5.67e-08	1.44e-04	1.79e-02	9.82e-01	0.00e+00	0.00e+00	0.00e+00	0.00e+00	0.00e+00
 3.81411e+14	6.48e-25	2.57e-18	1.60e-12	7.15e-08	1.68e-04	1.95e-02	9.80e-01	0.00e+00	0.00e+00	0.00e+00	0.00e+00	0.00e+00
 3.95649e+14	9.60e-25	3.60e-18	2.11e-12	8.87e-08	1.94e-04	2.10e-02	9.79e-01	0.00e+00	0.00e+00	0.00e+00	0.00e+00	0.00e+00
 4.09027e+14	1.38e-24	4.90e-18	2.73e-12	1.08e-07	2.21e-04	2.25e-02	9.77e-01	0.00e+00	0.00e+00	0.00e+00	0.00e+00	0.00e+00
 4.23988e+14	2.01e-24	6.80e-18	3.58e-12	1.33e-07	2.54e-04	2.43e-02	9.75e-01	0.00e+00	0.00e+00	0.00e+00	0.00e+00	0.00e+00
 4.39374e+14	2.92e-24	9.40e-18	4.69e-12	1.65e-07	2.92e-04	2.62e-02	9.73e-01	0.00e+00	0.00e+00	0.00e+00	0.00e+00	0.00e+00
 4.52573e+14	3.99e-24	1.23e-17	5.87e-12	1.96e-07	3.28e-04	2.79e-02	9.72e-01	0.00e+00	0.00e+00	0.00e+00	0.00e+00	0.00e+00
 4.66699e+14	5.51e-24	1.63e-17	7.41e-12	2.35e-07	3.70e-04	2.98e-02	9.70e-01	0.00e+00	0.00e+00	0.00e+00	0.00e+00	0.00e+00
 4.84192e+14	8.06e-24	2.27e-17	9.78e-12	2.91e-07	4.27e-04	3.22e-02	9.67e-01	0.00e+00	0.00e+00	0.00e+00	0.00e+00	0.00e+00
 5.02134e+14	1.18e-23	3.16e-17	1.29e-11	3.61e-07	4.92e-04	3.49e-02	9.65e-01	0.00e+00	0.00e+00	0.00e+00	0.00e+00	0.00e+00
 5.18298e+14	1.63e-23	4.20e-17	1.64e-11	4.35e-07	5.57e-04	3.73e-02	9.62e-01	0.00e+00	0.00e+00	0.00e+00	0.00e+00	0.00e+00
 5.36076e+14	2.30e-23	5.68e-17	2.11e-11	5.30e-07	6.34e-04	4.01e-02	9.59e-01	0.00e+00	0.00e+00	0.00e+00	0.00e+00	0.00e+00
 5.55800e+14	3.31e-23	7.85e-17	2.77e-11	6.55e-07	7.30e-04	4.33e-02	9.56e-01	0.00e+00	0.00e+00	0.00e+00	0.00e+00	0.00e+00
 5.74119e+14	4.64e-23	1.05e-16	3.54e-11	7.93e-07	8.28e-04	4.64e-02	9.53e-01	0.00e+00	0.00e+00	0.00e+00	0.00e+00	0.00e+00
 5.93999e+14	6.54e-23	1.43e-16	4.57e-11	9.68e-07	9.44e-04	4.99e-02	9.49e-01	0.00e+00	0.00e+00	0.00e+00	0.00e+00	0.00e+00
 6.16093e+14	9.49e-23	1.99e-16	6.03e-11	1.20e-06	1.09e-03	5.39e-02	9.45e-01	0.00e+00	0.00e+00	0.00e+00	0.00e+00	0.00e+00
 6.36681e+14	1.32e-22	2.66e-16	7.72e-11	1.45e-06	1.23e-03	5.78e-02	9.41e-01	0.00e+00	0.00e+00	0.00e+00	0.00e+00	0.00e+00
 6.59064e+14	1.87e-22	3.63e-16	1.00e-10	1.78e-06	1.41e-03	6.22e-02	9.36e-01	0.00e+00	0.00e+00	0.00e+00	0.00e+00	0.00e+00
 6.83964e+14	2.74e-22	5.08e-16	1.33e-10	2.21e-06	1.62e-03	6.72e-02	9.31e-01	0.00e+00	0.00e+00	0.00e+00	0.00e+00	0.00e+00
 7.07228e+14	3.83e-22	6.86e-16	1.71e-10	2.69e-06	1.84e-03	7.21e-02	9.26e-01	0.00e+00	0.00e+00	0.00e+00	0.00e+00	0.00e+00
 7.32562e+14	5.49e-22	9.44e-16	2.23e-10	3.30e-06	2.11e-03	7.75e-02	9.20e-01	0.00e+00	0.00e+00	0.00e+00	0.00e+00	0.00e+00
 7.60810e+14	8.05e-22	1.33e-15	2.97e-10	4.11e-06	2.43e-03	8.38e-02	9.14e-01	0.00e+00	0.00e+00	0.00e+00	0.00e+00	0.00e+00
 7.87315e+14	1.14e-21	1.81e-15	3.85e-10	5.02e-06	2.76e-03	8.99e-02	9.07e-01	0.00e+00	0.00e+00	0.00e+00	0.00e+00	0.00e+00
 8.15904e+14	1.64e-21	2.51e-15	5.05e-10	6.17e-06	3.16e-03	9.67e-02	9.00e-01	0.00e+00	0.00e+00	0.00e+00	0.00e+00	0.00e+00
 8.47740e+14	2.42e-21	3.55e-15	6.76e-10	7.71e-06	3.65e-03	1.05e-01	8.92e-01	0.00e+00	0.00e+00	0.00e+00	0.00e+00	0.00e+00
 8.78176e+14	3.46e-21	4.90e-15	8.83e-10	9.46e-06	4.16e-03	1.12e-01	8.84e-01	0.00e+00	0.00e+00	0.00e+00	0.00e+00	0.00e+00
 9.10658e+14	5.02e-21	6.84e-15	1.16e-09	1.17e-05	4.76e-03	1.21e-01	8.75e-01	0.00e+00	0.00e+00	0.00e+00	0.00e+00	0.00e+00
 9.47114e+14	7.52e-21	9.81e-15	1.57e-09	1.46e-05	5.50e-03	1.30e-01	8.64e-01	0.00e+00	0.00e+00	0.00e+00	0.00e+00	0.00e+00
 9.83212e+14	1.11e-20	1.38e-14	2.09e-09	1.81e-05	6.31e-03	1.40e-01	8.54e-01	0.00e+00	0.00e+00	0.00e+00	0.00e+00	0.00e+00
 1.02075e+15	1.63e-20	1.96e-14	2.78e-09	2.25e-05	7.24e-03	1.50e-01	8.42e-01	0.00e+00	0.00e+00	0.00e+00	0.00e+00	0.00e+00
 1.06161e+15	2.45e-20	2.81e-14	3.75e-09	2.81e-05	8.34e-03	1.62e-01	8.30e-01	0.00e+00	0.00e+00	0.00e+00	0.00e+00	0.00e+00
 1.10411e+15	3.68e-20	4.05e-14	5.05e-09	3.51e-05	9.61e-03	1.74e-01	8.16e-01	0.00e+00	0.00e+00	0.00e+00	0.00e+00	0.00e+00
 1.14830e+15	5.54e-20	5.84e-14	6.80e-09	4.39e-05	1.11e-02	1.87e-01	8.02e-01	0.00e+00	0.00e+00	0.00e+00	0.00e+00	0.00e+00
 1.19427e+15	8.36e-20	8.41e-14	9.16e-09	5.47e-05	1.27e-02	2.00e-01	7.87e-01	0.00e+00	0.00e+00	0.00e+00	0.00e+00	0.00e+00
 1.24207e+15	1.26e-19	1.21e-13	1.23e-08	6.81e-05	1.46e-02	2.14e-01	7.71e-01	0.00e+00	0.00e+00	0.00e+00	0.00e+00	0.00e+00
 1.28400e+15	1.79e-19	1.65e-13	1.59e-08	8.20e-05	1.64e-02	2.27e-01	7.57e-01	0.00e+00	0.00e+00	0.00e+00	0.00e+00	0.00e+00
 1.31714e+15	2.34e-19	2.09e-13	1.92e-08	9.44e-05	1.79e-02	2.36e-01	7.46e-01	0.00e+00	0.00e+00	0.00e+00	0.00e+00	0.00e+00
 1.35295e+15	3.11e-19	2.69e-13	2.35e-08	1.09e-04	1.96e-02	2.47e-01	7.33e-01	0.00e+00	0.00e+00	0.00e+00	0.00e+00	0.00e+00
 1.39951e+15	4.45e-19	3.69e-13	3.03e-08	1.32e-04	2.20e-02	2.61e-01	7.17e-01	0.00e+00	0.00e+00	0.00e+00	0.00e+00	0.00e+00
 1.44975e+15	6.47e-19	5.12e-13	3.95e-08	1.60e-04	2.47e-02	2.75e-01	7.00e-01	0.00e+00	0.00e+00	0.00e+00	0.00e+00	0.00e+00
 1.49499e+15	8.98e-19	6.82e-13	4.96e-08	1.89e-04	2.74e-02	2.88e-01	6.84e-01	0.00e+00	0.00e+00	0.00e+00	0.00e+00	0.00e+00
 1.54398e+15	1.26e-18	9.20e-13	6.30e-08	2.25e-04	3.05e-02	3.02e-01	6.67e-01	0.00e+00	0.00e+00	0.00e+00	0.00e+00	0.00e+00
 1.60312e+15	1.88e-18	1.30e-12	8.32e-08	2.75e-04	3.44e-02	3.19e-01	6.47e-01	0.00e+00	0.00e+00	0.00e+00	0.00e+00	0.00e+00
 1.66170e+15	2.77e-18	1.82e-12	1.08e-07	3.32e-04	3.86e-02	3.34e-01	6.27e-01	0.00e+00	0.00e+00	0.00e+00	0.00e+00	0.00e+00
 1.71362e+15	3.84e-18	2.41e-12	1.36e-07	3.90e-04	4.25e-02	3.48e-01	6.09e-01	0.00e+00	0.00e+00	0.00e+00	0.00e+00	0.00e+00
 1.77064e+15	5.44e-18	3.26e-12	1.72e-07	4.63e-04	4.71e-02	3.63e-01	5.90e-01	0.00e+00	0.00e+00	0.00e+00	0.00e+00	0.00e+00
 1.83894e+15	8.14e-18	4.61e-12	2.26e-07	5.63e-04	5.29e-02	3.79e-01	5.67e-01	0.00e+00	0.00e+00	0.00e+00	0.00e+00	0.00e+00
 1.90675e+15	1.20e-17	6.42e-12	2.93e-07	6.77e-04	5.90e-02	3.95e-01	5.45e-01	0.00e+00	0.00e+00	0.00e+00	0.00e+00	0.00e+00
 1.96811e+15	1.68e-17	8.55e-12	3.68e-07	7.94e-04	6.47e-02	4.09e-01	5.26e-01	0.00e+00	0.00e+00	0.00e+00	0.00e+00	0.00e+00
 2.03625e+15	2.45e-17	1.16e-11	4.68e-07	9.41e-04	7.15e-02	4.23e-01	5.05e-01	0.00e+00	0.00e+00	1.40e-17	7.46e-18	2.73e-18
 2.11626e+15	3.67e-17	1.65e-11	6.14e-07	1.14e-03	7.98e-02	4.39e-01	4.80e-01	0.00e+00	0.00e+00	2.08e-17	1.13e-17	4.03e-18
 2.19506e+15	5.41e-17	2.28e-11	7.91e-07	1.36e-03	8.83e-02	4.53e-01	4.57e-01	0.00e+00	0.00e+00	3.08e-17	1.66e-17	5.90e-18
 2.26839e+15	7.65e-17	3.06e-11	9.93e-07	1.59e-03	9.66e-02	4.65e-01	4.37e-01	0.00e+00	0.00e+00	4.37e-17	2.34e-17	8.31e-18
 2.35053e+15	1.11e-16	4.19e-11	1.27e-06	1.89e-03	1.06e-01	4.78e-01	4.14e-01	0.00e+00	0.00e+00	6.37e-17	3.40e-17	1.20e-17
 2.44458e+15	1.68e-16	5.91e-11	1.65e-06	2.27e-03	1.18e-01	4.90e-01	3.90e-01	0.00e+00	0.00e+00	9.65e-17	5.14e-17	1.81e-17
 2.53725e+15	2.49e-16	8.17e-11	2.12e-06	2.70e-03	1.29e-01	5.01e-01	3.67e-01	0.00e+00	0.00e+00	1.43e-16	7.59e-17	2.66e-17
 2.63363e+15	3.68e-16	1.13e-10	2.72e-06	3.20e-03	1.42e-01	5.11e-01	3.44e-01	0.00e+00	0.00e+00	2.11e-16	1.12e-16	3.92e-17
 2.73900e+15	5.54e-16	1.58e-10	3.53e-06	3.81e-03	1.56e-01	5.20e-01	3.21e-01	0.00e+00	0.00e+00	3.18e-16	1.68e-16	5.88e-17
 2.84602e+15	8.24e-16	2.19e-10	4.52e-06	4.50e-03	1.70e-01	5.27e-01	2.99e-01	0.00e+00	0.00e+00	4.74e-16	2.50e-16	8.69e-17
 2.95731e+15	1.23e-15	3.02e-10	5.78e-06	5.32e-03	1.85e-01	5.32e-01	2.77e-01	0.00e+00	0.00e+00	7.05e-16	3.72e-16	1.29e-16
 3.07563e+15	1.84e-15	4.20e-10	7.43e-06	6.29e-03	2.02e-01	5.36e-01	2.55e-01	0.00e+00	0.00e+00	1.06e-15	5.57e-16	1.92e-16
 3.19869e+15	2.74e-15	5.81e-10	9.50e-06	7.40e-03	2.19e-01	5.38e-01	2.35e-01	0.00e+00	0.00e+00	1.58e-15	8.33e-16	2.86e-16
 3.30615e+15	3.85e-15	7.63e-10	1.17e-05	8.49e-03	2.35e-01	5.39e-01	2.18e-01	0.00e+00	0.00e+00	2.22e-15	1.17e-15	4.01e-16
 3.38993e+15	4.96e-15	9.35e-10	1.36e-05	9.39e-03	2.46e-01	5.38e-01	2.06e-01	0.00e+00	0.00e+00	2.86e-15	1.51e-15	5.15e-16
 3.47975e+15	6.47e-15	1.16e-09	1.60e-05	1.04e-02	2.59e-01	5.37e-01	1.94e-01	0.00e+00	0.00e+00	3.73e-15	1.96e-15	6.70e-16
 3.59650e+15	9.03e-15	1.51e-09	1.95e-05	1.19e-02	2.76e-01	5.34e-01	1.79e-01	0.00e+00	0.00e+00	5.21e-15	2.74e-15	9.32e-16
 3.72378e+15	1.28e-14	1.99e-09	2.41e-05	1.36e-02	2.93e-01	5.29e-01	1.64e-01	0.00e+00	0.00e+00	7.39e-15	3.89e-15	1.32e-15
 3.83945e+15	1.74e-14	2.53e-09	2.89e-05	1.53e-02	3.09e-01	5.24e-01	1.51e-01	0.00e+00	0.00e+00	1.00e-14	5.28e-15	1.79e-15
 3.96457e+15	2.39e-14	3.26e-09	3.48e-05	1.72e-02	3.26e-01	5.18e-01	1.39e-01	0.00e+00	0.00e+00	1.38e-14	7.27e-15	2.45e-15
 4.11600e+15	3.47e-14	4.36e-09	4.34e-05	1.98e-02	3.46e-01	5.09e-01	1.25e-01	0.00e+00	0.00e+00	2.01e-14	1.05e-14	3.55e-15
 4.26519e+15	4.93e-14	5.73e-09	5.32e-05	2.25e-02	3.66e-01	4.99e-01	1.13e-01	0.00e+00	0.00e+00	2.85e-14	1.50e-14	5.03e-15
 4.39555e+15	6.61e-14	7.21e-09	6.32e-05	2.50e-02	3.82e-01	4.89e-01	1.03e-01	0.00e+00	0.00e+00	3.82e-14	2.01e-14	6.74e-15
 4.53793e+15	9.04e-14	9.19e-09	7.57e-05	2.80e-02	4.00e-01	4.79e-01	9.38e-02	0.00e+00	0.00e+00	5.23e-14	2.74e-14	9.19e-15
 4.71078e+15	1.30e-13	1.22e-08	9.34e-05	3.19e-02	4.20e-01	4.65e-01	8.34e-02	0.00e+00	0.00e+00	7.53e-14	3.95e-14	1.32e-14
 4.88334e+15	1.85e-13	1.59e-08	1.14e-04	3.60e-02	4.39e-01	4.50e-01	7.42e-02	0.00e+00	0.00e+00	1.07e-13	5.60e-14	1.87e-14
 5.03696e+15	2.49e-13	2.01e-08	1.35e-04	3.98e-02	4.56e-01	4.37e-01	6.69e-02	0.00e+00	0.00e+00	1.44e-13	7.57e-14	2.52e-14
 5.20589e+15	3.44e-13	2.57e-08	1.62e-04	4.44e-02	4.73e-01	4.23e-01	5.97e-02	0.00e+00	0.00e+00	1.99e-13	1.04e-13	3.47e-14
 5.40741e+15	4.98e-13	3.40e-08	1.99e-04	5.01e-02	4.93e-01	4.05e-01	5.22e-02	0.00e+00	0.00e+00	2.88e-13	1.51e-13	5.02e-14
 5.60597e+15	7.02e-13	4.42e-08	2.40e-04	5.61e-02	5.10e-01	3.88e-01	4.58e-02	0.00e+00	0.00e+00	4.07e-13	2.13e-13	7.07e-14
 5.78724e+15	9.52e-13	5.57e-08	2.85e-04	6.19e-02	5.25e-01	3.72e-01	4.06e-02	0.00e+00	0.00e+00	5.52e-13	2.89e-13	9.57e-14
 5.99140e+15	1.33e-12	7.16e-08	3.42e-04	6.87e-02	5.41e-01	3.55e-01	3.55e-02	0.00e+00	0.00e+00	7.71e-13	4.04e-13	1.34e-13
 6.22046e+15	1.90e-12	9.38e-08	4.16e-04	7.68e-02	5.57e-01	3.35e-01	3.06e-02	0.00e+00	0.00e+00	1.10e-12	5.78e-13	1.91e-13
 6.44075e+15	2.64e-12	1.20e-07	4.98e-04	8.50e-02	5.70e-01	3.18e-01	2.65e-02	0.00e+00	0.00e+00	1.53e-12	8.03e-13	2.65e-13
 6.64543e+15	3.55e-12	1.50e-07	5.85e-04	9.29e-02	5.82e-01	3.02e-01	2.32e-02	0.00e+00	0.00e+00	2.06e-12	1.08e-12	3.55e-13
 6.87095e+15	4.89e-12	1.90e-07	6.95e-04	1.02e-01	5.93e-01	2.84e-01	2.01e-02	0.00e+00	0.00e+00	2.84e-12	1.49e-12	4.89e-13
 7.12072e+15	6.83e-12	2.44e-07	8.33e-04	1.13e-01	6.03e-01	2.66e-01	1.71e-02	0.00e+00	0.00e+00	3.96e-12	2.08e-12	6.82e-13
 7.35510e+15	9.24e-12	3.06e-07	9.81e-04	1.23e-01	6.11e-01	2.50e-01	1.48e-02	0.00e+00	0.00e+00	5.36e-12	2.81e-12	9.23e-13
 7.56048e+15	1.19e-11	3.71e-07	1.13e-03	1.32e-01	6.17e-01	2.36e-01	1.30e-02	0.00e+00	0.00e+00	6.92e-12	3.63e-12	1.19e-12
 7.77507e+15	1.56e-11	4.51e-07	1.30e-03	1.42e-01	6.22e-01	2.22e-01	1.13e-02	0.00e+00	0.00e+00	9.03e-12	4.73e-12	1.55e-12
 8.01505e+15	2.06e-11	5.57e-07	1.51e-03	1.54e-01	6.27e-01	2.08e-01	9.74e-03	0.00e+00	0.00e+00	1.20e-11	6.28e-12	2.06e-12
 8.24351e+15	2.68e-11	6.76e-07	1.74e-03	1.66e-01	6.29e-01	1.95e-01	8.45e-03	0.00e+00	0.00e+00	1.55e-11	8.14e-12	2.67e-12
 8.49600e+15	3.57e-11	8.36e-07	2.03e-03	1.79e-01	6.31e-01	1.81e-01	7.21e-03	0.00e+00	0.00e+00	2.07e-11	1.09e-11	3.56e-12
 8.77146e+15	4.79e-11	1.04e-06	2.38e-03	1.93e-01	6.31e-01	1.67e-01	6.08e-03	0.00e+00	0.00e+00	2.78e-11	1.46e-11	4.77e-12
 9.02576e+15	6.21e-11	1.26e-06	2.74e-03	2.07e-01	6.30e-01	1.55e-01	5.20e-03	0.00e+00	0.00e+00	3.61e-11	1.89e-11	6.19e-12
 9.30532e+15	8.30e-11	1.56e-06	3.20e-03	2.23e-01	6.27e-01	1.42e-01	4.37e-03	0.00e+00	0.00e+00	4.82e-11	2.53e-11	8.27e-12
 9.60466e+15	1.11e-10	1.95e-06	3.76e-03	2.40e-01	6.23e-01	1.30e-01	3.63e-03	0.00e+00	0.00e+00	6.45e-11	3.38e-11	1.11e-11
 9.86779e+15	1.42e-10	2.34e-06	4.30e-03	2.56e-01	6.17e-01	1.20e-01	3.10e-03	0.00e+00	0.00e+00	8.24e-11	4.32e-11	1.41e-11
 1.01479e+16	1.86e-10	2.85e-06	4.97e-03	2.73e-01	6.10e-01	1.09e-01	2.60e-03	0.00e+00	0.00e+00	1.08e-10	5.65e-11	1.85e-11
 1.04578e+16	2.46e-10	3.51e-06	5.80e-03	2.92e-01	6.01e-01	9.90e-02	2.15e-03	0.00e+00	0.00e+00	1.43e-10	7.49e-11	2.45e-11
 1.07439e+16	3.14e-10	4.23e-06	6.66e-03	3.10e-01	5.91e-01	9.02e-02	1.81e-03	0.00e+00	0.00e+00	1.83e-10	9.58e-11	3.13e-11
 1.10126e+16	3.97e-10	5.04e-06	7.58e-03	3.27e-01	5.81e-01	8.25e-02	1.53e-03	0.00e+00	0.00e+00	2.31e-10	1.21e-10	3.96e-11
 1.12801e+16	4.98e-10	5.98e-06	8.61e-03	3.44e-01	5.70e-01	7.54e-02	1.30e-03	0.00e+00	0.00e+00	2.90e-10	1.52e-10	4.97e-11
 1.15866e+16	6.53e-10	7.30e-06	9.96e-03	3.65e-01	5.56e-01	6.77e-02	1.07e-03	0.00e+00	0.00e+00	3.79e-10	1.99e-10	6.51e-11
 1.19092e+16	8.49e-10	8.91e-06	1.16e-02	3.86e-01	5.41e-01	6.05e-02	8.72e-04	0.00e+00	0.00e+00	4.94e-10	2.59e-10	8.47e-11
 1.21842e+16	1.06e-09	1.05e-05	1.31e-02	4.05e-01	5.27e-01	5.49e-02	7.35e-04	0.00e+00	0.00e+00	6.14e-10	3.22e-10	1.05e-10
 1.24730e+16	1.34e-09	1.26e-05	1.50e-02	4.24e-01	5.11e-01	4.93e-02	6.10e-04	0.00e+00	0.00e+00	7.82e-10	4.10e-10	1.34e-10
 1.27884e+16	1.74e-09	1.53e-05	1.74e-02	4.46e-01	4.92e-01	4.38e-02	4.97e-04	0.00e+00	0.00e+00	1.01e-09	5.32e-10	1.74e-10
 1.30710e+16	2.18e-09	1.82e-05	1.98e-02	4.65e-01	4.75e-01	3.93e-02	4.15e-04	0.00e+00	0.00e+00	1.26e-09	6.64e-10	2.17e-10
 1.33288e+16	2.67e-09	2.13e-05	2.23e-02	4.83e-01	4.59e-01	3.55e-02	3.50e-04	0.00e+00	0.00e+00	1.55e-09	8.15e-10	2.67e-10
 1.36213e+16	3.45e-09	2.58e-05	2.57e-02	5.03e-01	4.40e-01	3.14e-02	2.86e-04	0.00e+00	0.00e+00	2.01e-09	1.05e-09	3.45e-10
 1.39325e+16	4.45e-09	3.14e-05	2.98e-02	5.24e-01	4.18e-01	2.76e-02	2.31e-04	0.00e+00	0.00e+00	2.59e-09	1.36e-09	4.45e-10
 1.42007e+16	5.55e-09	3.72e-05	3.40e-02	5.41e-01	4.00e-01	2.46e-02	1.92e-04	0.00e+00	0.00e+00	3.23e-09	1.70e-09	5.55e-10
 1.44421e+16	6.84e-09	4.37e-05	3.84e-02	5.57e-01	3.82e-01	2.20e-02	1.61e-04	0.00e+00	0.00e+00	3.98e-09	2.09e-09	6.84e-10
 1.46715e+16	8.30e-09	5.08e-05	4.32e-02	5.72e-01	3.65e-01	1.98e-02	1.36e-04	0.00e+00	0.00e+00	4.83e-09	2.54e-09	8.31e-10
 1.48921e+16	1.01e-08	5.93e-05	4.85e-02	5.85e-01	3.48e-01	1.77e-02	1.15e-04	0.00e+00	0.00e+00	5.90e-09	3.10e-09	1.02e-09
 1.51108e+16	1.24e-08	6.94e-05	5.47e-02	5.98e-01	3.31e-01	1.59e-02	9.72e-05	0.00e+00	0.00e+00	7.24e-09	3.80e-09	1.25e-09
 1.53265e+16	1.53e-08	8.16e-05	6.18e-02	6.11e-01	3.13e-01	1.41e-02	8.17e-05	0.00e+00	0.00e+00	8.91e-09	4.68e-09	1.54e-09
 1.55377e+16	1.89e-08	9.61e-05	6.99e-02	6.22e-01	2.96e-01	1.26e-02	6.84e-05	0.00e+00	0.00e+00	1.10e-08	5.79e-09	1.90e-09
 1.57439e+16	2.35e-08	1.14e-04	7.93e-02	6.31e-01	2.78e-01	1.11e-02	5.71e-05	0.00e+00	0.00e+00	1.37e-08	7.18e-09	2.35e-09
 1.59455e+16	2.92e-08	1.35e-04	9.03e-02	6.40e-01	2.60e-01	9.78e-03	4.75e-05	0.00e+00	0.00e+00	1.70e-08	8.95e-09	2.94e-09
 1.61438e+16	3.67e-08	1.61e-04	1.03e-01	6.46e-01	2.42e-01	8.55e-03	3.92e-05	0.00e+00	0.00e+00	2.14e-08	1.12e-08	3.69e-09
 1.63361e+16	4.63e-08	1.93e-04	1.18e-01	6.50e-01	2.24e-01	7.43e-03	3.21e-05	0.00e+00	0.00e+00	2.69e-08	1.42e-08	4.65e-09
 1.65172e+16	5.59e-08	2.25e-04	1.35e-01	6.52e-01	2.06e-01	6.45e-03	2.64e-05	0.00e+00	0.00e+00	3.25e-08	1.71e-08	5.62e-09
 1.66875e+16	7.04e-08	2.70e-04	1.55e-01	6.50e-01	1.89e-01	5.57e-03	2.16e-05	0.00e+00	0.00e+00	4.09e-08	2.15e-08	7.08e-09
 1.68481e+16	8.85e-08	3.23e-04	1.77e-01	6.46e-01	1.72e-01	4.77e-03	1.76e-05	0.00e+00	0.00e+00	5.15e-08	2.71e-08	8.91e-09
 1.69969e+16	1.11e-07	3.85e-04	2.02e-01	6.38e-01	1.55e-01	4.08e-03	1.42e-05	0.00e+00	0.00e+00	6.46e-08	3.40e-08	1.12e-08
 1.71350e+16	1.46e-07	4.72e-04	2.31e-01	6.25e-01	1.40e-01	3.45e-03	1.14e-05	0.00e+00	0.00e+00	8.50e-08	4.48e-08	1.47e-08
 1.72617e+16	1.73e-07	5.44e-04	2.61e-01	6.10e-01	1.25e-01	2.92e-03	9.22e-06	0.00e+00	0.00e+00	1.01e-07	5.29e-08	1.74e-08
 1.73810e+16	2.15e-07	6.45e-04	2.96e-01	5.91e-01	1.10e-01	2.44e-03	7.32e-06	0.00e+00	0.00e+00	1.25e-07	6.60e-08	2.17e-08
 1.74959e+16	2.82e-07	7.86e-04	3.36e-01	5.66e-01	9.56e-02	1.99e-03	5.66e-06	0.00e+00	0.00e+00	1.64e-07	8.65e-08	2.85e-08
 1.75843e+16	3.33e-07	8.95e-04	3.70e-01	5.43e-01	8.46e-02	1.69e-03	4.61e-06	0.00e+00	0.00e+00	1.94e-07	1.02e-07	3.37e-08
 1.76464e+16	3.77e-07	9.84e-04	3.97e-01	5.24e-01	7.67e-02	1.47e-03	3.91e-06	0.00e+00	0.00e+00	2.19e-07	1.16e-07	3.82e-08
 1.77140e+16	4.39e-07	1.10e-03	4.30e-01	5.00e-01	6.79e-02	1.25e-03	3.19e-06	0.00e+00	0.00e+00	2.55e-07	1.35e-07	4.45e-08
 1.78018e+16	5.36e-07	1.28e-03	4.76e-01	4.65e-01	5.68e-02	9.85e-04	2.39e-06	0.00e+00	0.00e+00	3.12e-07	1.64e-07	5.43e-08
 1.78877e+16	6.47e-07	1.47e-03	5.24e-01	4.27e-01	4.67e-02	7.62e-04	1.75e-06	0.00e+00	0.00e+00	3.76e-07	1.98e-07	6.56e-08
 1.79511e+16	7.27e-07	1.60e-03	5.63e-01	3.96e-01	3.95e-02	6.14e-04	1.36e-06	0.00e+00	0.00e+00	4.23e-07	2.23e-07	7.39e-08
 1.80136e+16	8.63e-07	1.80e-03	6.03e-01	3.62e-01	3.27e-02	4.81e-04	1.01e-06	0.00e+00	0.00e+00	5.02e-07	2.65e-07	8.78e-08
 1.80799e+16	1.00e-06	2.00e-03	6.45e-01	3.26e-01	2.63e-02	3.64e-04	7.29e-07	0.00e+00	0.00e+00	5.82e-07	3.08e-07	1.02e-07
 1.81394e+16	1.14e-06	2.19e-03	6.84e-01	2.92e-01	2.12e-02	2.76e-04	0.00e+00	0.00e+00	0.00e+00	6.66e-07	3.52e-07	1.17e-07
 1.82052e+16	1.32e-06	2.42e-03	7.26e-01	2.56e-01	1.62e-02	1.96e-04	0.00e+00	0.00e+00	0.00e+00	7.70e-07	4.07e-07	1.35e-07
 1.82768e+16	1.54e-06	2.66e-03	7.68e-01	2.18e-01	1.18e-02	1.32e-04	0.00e+00	0.00e+00	0.00e+00	8.93e-07	4.72e-07	1.57e-07
 1.83424e+16	1.75e-06	2.88e-03	8.03e-01	1.85e-01	8.64e-03	8.89e-05	0.00e+00	0.00e+00	0.00e+00	1.02e-06	5.38e-07	1.79e-07
 1.84140e+16	2.00e-06	3.13e-03	8.38e-01	1.53e-01	5.97e-03	5.56e-05	0.00e+00	0.00e+00	0.00e+00	1.16e-06	6.16e-07	2.06e-07
 1.85070e+16	2.34e-06	3.43e-03	8.74e-01	1.18e-01	3.62e-03	2.94e-05	0.00e+00	0.00e+00	0.00e+00	1.36e-06	7.22e-07	2.42e-07
 1.86064e+16	2.71e-06	3.71e-03	9.04e-01	8.99e-02	2.11e-03	1.47e-05	0.00e+00	0.00e+00	0.00e+00	1.58e-06	8.36e-07	2.80e-07
 1.87140e+16	3.13e-06	4.00e-03	9.28e-01	6.67e-02	1.16e-03	6.80e-06	0.00e+00	0.00e+00	0.00e+00	1.82e-06	9.64e-07	3.23e-07
 1.88540e+16	3.66e-06	4.32e-03	9.49e-01	4.64e-02	5.51e-04	2.56e-06	0.00e+00	0.00e+00	0.00e+00	2.13e-06	1.13e-06	3.80e-07
 1.90359e+16	4.36e-06	4.68e-03	9.64e-01	3.06e-02	2.26e-04	7.69e-07	0.00e+00	0.00e+00	0.00e+00	2.54e-06	1.35e-06	4.53e-07
 1.92723e+16	5.35e-06	5.11e-03	9.75e-01	1.96e-02	8.17e-05	0.00e+00	0.00e+00	0.00e+00	0.00e+00	3.11e-06	1.65e-06	5.56e-07
 1.95797e+16	6.83e-06	5.66e-03	9.81e-01	1.28e-02	2.76e-05	0.00e+00	0.00e+00	0.00e+00	0.00e+00	3.97e-06	2.11e-06	7.10e-07
 1.99246e+16	8.99e-06	6.33e-03	9.84e-01	9.20e-03	1.04e-05	0.00e+00	0.00e+00	0.00e+00	0.00e+00	5.23e-06	2.78e-06	9.35e-07
 2.02440e+16	1.17e-05	7.08e-03	9.86e-01	7.38e-03	4.93e-06	0.00e+00	0.00e+00	0.00e+00	0.00e+00	6.83e-06	3.63e-06	1.22e-06
 2.05268e+16	1.50e-05	7.85e-03	9.86e-01	6.28e-03	2.76e-06	0.00e+00	0.00e+00	0.00e+00	0.00e+00	8.75e-06	4.64e-06	1.56e-06
 2.07939e+16	1.93e-05	8.73e-03	9.86e-01	5.49e-03	1.66e-06	0.00e+00	0.00e+00	0.00e+00	0.00e+00	1.12e-05	5.94e-06	2.00e-06
 2.10995e+16	2.57e-05	9.92e-03	9.85e-01	4.77e-03	9.68e-07	0.00e+00	0.00e+00	0.00e+00	0.00e+00	1.50e-05	7.94e-06	2.67e-06
 2.14159e+16	3.58e-05	1.15e-02	9.84e-01	4.10e-03	0.00e+00	0.00e+00	0.00e+00	0.00e+00	0.00e+00	2.08e-05	1.10e-05	3.70e-06
 2.16641e+16	4.71e-05	1.31e-02	9.83e-01	3.65e-03	0.00e+00	0.00e+00	0.00e+00	0.00e+00	0.00e+00	2.74e-05	1.45e-05	4.88e-06
 2.18205e+16	5.66e-05	1.43e-02	9.82e-01	3.37e-03	0.00e+00	0.00e+00	0.00e+00	0.00e+00	0.00e+00	3.29e-05	1.74e-05	5.86e-06
 2.19136e+16	6.33e-05	1.51e-02	9.82e-01	3.23e-03	0.00e+00	0.00e+00	0.00e+00	0.00e+00	0.00e+00	3.68e-05	1.95e-05	6.55e-06
 2.20085e+16	7.10e-05	1.60e-02	9.81e-01	3.07e-03	0.00e+00	0.00e+00	0.00e+00	0.00e+00	0.00e+00	4.13e-05	2.19e-05	7.35e-06
 2.21319e+16	8.29e-05	1.72e-02	9.80e-01	2.85e-03	0.00e+00	0.00e+00	0.00e+00	0.00e+00	0.00e+00	4.82e-05	2.55e-05	8.57e-06
 2.22694e+16	9.89e-05	1.88e-02	9.78e-01	2.64e-03	0.00e+00	0.00e+00	0.00e+00	0.00e+00	0.00e+00	5.75e-05	3.05e-05	1.02e-05
 2.23939e+16	1.17e-04	2.05e-02	9.77e-01	2.45e-03	0.00e+00	0.00e+00	0.00e+00	0.00e+00	0.00e+00	6.80e-05	3.61e-05	1.21e-05
 2.25014e+16	1.36e-04	2.21e-02	9.75e-01	2.29e-03	0.00e+00	0.00e+00	0.00e+00	0.00e+00	0.00e+00	7.91e-05	4.19e-05	1.41e-05
