#depth	He	He+	He+2
 1.49634e+10	7.11e-23	8.78e-12	1.00e+00
 4.54887e+10	7.93e-23	9.50e-12	1.00e+00
 7.72350e+10	8.81e-23	1.03e-11	1.00e+00
 1.10251e+11	9.79e-23	1.11e-11	1.00e+00
 1.41732e+11	1.08e-22	1.20e-11	1.00e+00
 1.70581e+11	1.18e-22	1.28e-11	1.00e+00
 2.03244e+11	1.30e-22	1.37e-11	1.00e+00
 2.41102e+11	1.44e-22	1.49e-11	1.00e+00
 2.78370e+11	1.60e-22	1.60e-11	1.00e+00
 3.14005e+11	1.77e-22	1.72e-11	1.00e+00
 3.53367e+11	1.96e-22	1.85e-11	1.00e+00
 3.97429e+11	2.19e-22	2.00e-11	1.00e+00
 4.41951e+11	2.45e-22	2.17e-11	1.00e+00
 4.85684e+11	2.72e-22	2.33e-11	1.00e+00
 5.32467e+11	3.04e-22	2.52e-11	1.00e+00
 5.83692e+11	3.42e-22	2.73e-11	1.00e+00
 6.35601e+11	3.84e-22	2.96e-11	1.00e+00
 6.89585e+11	4.32e-22	3.20e-11	1.00e+00
 7.47095e+11	4.87e-22	3.48e-11	1.00e+00
 8.06906e+11	5.51e-22	3.77e-11	1.00e+00
 8.69109e+11	6.24e-22	4.09e-11	1.00e+00
 9.33800e+11	7.07e-22	4.44e-11	1.00e+00
 1.00108e+12	8.03e-22	4.83e-11	1.00e+00
 1.07105e+12	9.12e-22	5.24e-11	1.00e+00
 1.14382e+12	1.04e-21	5.70e-11	1.00e+00
 1.21950e+12	1.18e-21	6.19e-11	1.00e+00
 1.29820e+12	1.35e-21	6.73e-11	1.00e+00
 1.38006e+12	1.54e-21	7.32e-11	1.00e+00
 1.46519e+12	1.76e-21	7.97e-11	1.00e+00
 1.54845e+12	2.00e-21	8.63e-11	1.00e+00
 1.62790e+12	2.25e-21	9.28e-11	1.00e+00
 1.71581e+12	2.54e-21	1.00e-10	1.00e+00
 1.81437e+12	2.92e-21	1.09e-10	1.00e+00
 1.91315e+12	3.34e-21	1.19e-10	1.00e+00
 2.01588e+12	3.81e-21	1.29e-10	1.00e+00
 2.12644e+12	4.38e-21	1.41e-10	1.00e+00
 2.24142e+12	5.03e-21	1.54e-10	1.00e+00
 2.36101e+12	5.78e-21	1.68e-10	1.00e+00
 2.48537e+12	6.65e-21	1.83e-10	1.00e+00
 2.61471e+12	7.65e-21	2.00e-10	1.00e+00
 2.74923e+12	8.81e-21	2.19e-10	1.00e+00
 2.88913e+12	1.01e-20	2.39e-10	1.00e+00
 3.01853e+12	1.15e-20	2.59e-10	1.00e+00
 3.13086e+12	1.28e-20	2.77e-10	1.00e+00
 3.25564e+12	1.43e-20	2.98e-10	1.00e+00
 3.40766e+12	1.64e-20	3.24e-10	1.00e+00
 3.56257e+12	1.87e-20	3.53e-10	1.00e+00
 3.70397e+12	2.09e-20	3.80e-10	1.00e+00
 3.86030e+12	2.36e-20	4.12e-10	1.00e+00
 4.04259e+12	2.72e-20	4.51e-10	1.00e+00
 4.22210e+12	3.10e-20	4.92e-10	1.00e+00
 4.39188e+12	3.50e-20	5.32e-10	1.00e+00
 4.58058e+12	3.96e-20	5.80e-10	1.00e+00
 4.79373e+12	4.56e-20	6.37e-10	1.00e+00
 5.00828e+12	5.22e-20	6.97e-10	1.00e+00
 5.23142e+12	5.99e-20	7.63e-10	1.00e+00
 5.47060e+12	6.90e-20	8.38e-10	1.00e+00
 5.71936e+12	7.94e-20	9.21e-10	1.00e+00
 5.97806e+12	9.13e-20	1.01e-09	1.00e+00
 6.24711e+12	1.05e-19	1.11e-09	1.00e+00
 6.52692e+12	1.21e-19	1.22e-09	1.00e+00
 6.81792e+12	1.38e-19	1.34e-09	1.00e+00
 7.12056e+12	1.59e-19	1.48e-09	1.00e+00
 7.43531e+12	1.83e-19	1.62e-09	1.00e+00
 7.76265e+12	2.10e-19	1.79e-09	1.00e+00
 8.10309e+12	2.42e-19	1.96e-09	1.00e+00
 8.44112e+12	2.77e-19	2.15e-09	1.00e+00
 8.79267e+12	3.17e-19	2.36e-09	1.00e+00
 9.17431e+12	3.66e-19	2.59e-09	1.00e+00
 9.54900e+12	4.20e-19	2.83e-09	1.00e+00
 9.89945e+12	4.76e-19	3.07e-09	1.00e+00
 1.02861e+13	5.45e-19	3.35e-09	1.00e+00
 1.07275e+13	6.33e-19	3.68e-09	1.00e+00
 1.11620e+13	7.32e-19	4.03e-09	1.00e+00
 1.16139e+13	8.47e-19	4.40e-09	1.00e+00
 1.21083e+13	9.91e-19	4.83e-09	1.00e+00
 1.26071e+13	1.16e-18	5.29e-09	1.00e+00
 1.31257e+13	1.35e-18	5.80e-09	1.00e+00
 1.36160e+13	1.56e-18	6.29e-09	1.00e+00
 1.40294e+13	1.75e-18	6.73e-09	1.00e+00
 1.44786e+13	1.99e-18	7.22e-09	1.00e+00
 1.50420e+13	2.31e-18	7.86e-09	1.00e+00
 1.56234e+13	2.70e-18	8.56e-09	1.00e+00
 1.61379e+13	3.08e-18	9.19e-09	1.00e+00
 1.66960e+13	3.53e-18	9.91e-09	1.00e+00
 1.73666e+13	4.15e-18	1.08e-08	1.00e+00
 1.80387e+13	4.86e-18	1.18e-08	1.00e+00
 1.86550e+13	5.58e-18	1.26e-08	1.00e+00
 1.93435e+13	6.48e-18	1.37e-08	1.00e+00
 2.01423e+13	7.67e-18	1.49e-08	1.00e+00
 2.09344e+13	9.00e-18	1.62e-08	1.00e+00
 2.17581e+13	1.06e-17	1.77e-08	1.00e+00
 2.26583e+13	1.25e-17	1.93e-08	1.00e+00
 2.35946e+13	1.48e-17	2.10e-08	1.00e+00
 2.45683e+13	1.75e-17	2.29e-08	1.00e+00
 2.55809e+13	2.07e-17	2.49e-08	1.00e+00
 2.66051e+13	2.43e-17	2.71e-08	1.00e+00
 2.76702e+13	2.85e-17	2.94e-08	1.00e+00
 2.88069e+13	3.37e-17	3.20e-08	1.00e+00
 2.99891e+13	3.98e-17	3.48e-08	1.00e+00
 3.12186e+13	4.69e-17	3.78e-08	1.00e+00
 3.24973e+13	5.53e-17	4.11e-08	1.00e+00
 3.38271e+13	6.52e-17	4.47e-08	1.00e+00
 3.51696e+13	7.64e-17	4.85e-08	1.00e+00
 3.64301e+13	8.83e-17	5.21e-08	1.00e+00
 3.77815e+13	1.02e-16	5.62e-08	1.00e+00
 3.93227e+13	1.21e-16	6.11e-08	1.00e+00
 4.08369e+13	1.41e-16	6.60e-08	1.00e+00
 4.24117e+13	1.64e-16	7.13e-08	1.00e+00
 4.41381e+13	1.94e-16	7.74e-08	1.00e+00
 4.58944e+13	2.27e-16	8.39e-08	1.00e+00
 4.77209e+13	2.66e-16	9.09e-08	1.00e+00
 4.96596e+13	3.13e-16	9.86e-08	1.00e+00
 5.16759e+13	3.68e-16	1.07e-07	1.00e+00
 5.37729e+13	4.33e-16	1.16e-07	1.00e+00
 5.59537e+13	5.09e-16	1.26e-07	1.00e+00
 5.80033e+13	5.89e-16	1.36e-07	1.00e+00
 5.98323e+13	6.68e-16	1.44e-07	1.00e+00
 6.18821e+13	7.67e-16	1.55e-07	1.00e+00
 6.43164e+13	8.97e-16	1.67e-07	1.00e+00
 6.67454e+13	1.04e-15	1.80e-07	1.00e+00
 6.90014e+13	1.19e-15	1.93e-07	1.00e+00
 7.15212e+13	1.38e-15	2.08e-07	1.00e+00
 7.44119e+13	1.62e-15	2.25e-07	1.00e+00
 7.72451e+13	1.88e-15	2.43e-07	1.00e+00
 8.01917e+13	2.19e-15	2.62e-07	1.00e+00
 8.34293e+13	2.57e-15	2.84e-07	1.00e+00
 8.66819e+13	2.99e-15	3.06e-07	1.00e+00
 9.00646e+13	3.49e-15	3.31e-07	1.00e+00
 9.36971e+13	4.09e-15	3.59e-07	1.00e+00
 9.74749e+13	4.79e-15	3.88e-07	1.00e+00
 1.01404e+14	5.61e-15	4.20e-07	1.00e+00
 1.05490e+14	6.57e-15	4.55e-07	1.00e+00
 1.09739e+14	7.69e-15	4.92e-07	1.00e+00
 1.13904e+14	8.92e-15	5.31e-07	1.00e+00
 1.17891e+14	1.02e-14	5.68e-07	1.00e+00
 1.22294e+14	1.18e-14	6.12e-07	1.00e+00
 1.27215e+14	1.38e-14	6.62e-07	1.00e+00
 1.32171e+14	1.61e-14	7.14e-07	1.00e+00
 1.37324e+14	1.87e-14	7.71e-07	1.00e+00
 1.42847e+14	2.19e-14	8.34e-07	1.00e+00
 1.48044e+14	2.52e-14	8.95e-07	1.00e+00
 1.52716e+14	2.85e-14	9.52e-07	1.00e+00
 1.57986e+14	3.26e-14	1.02e-06	1.00e+00
 1.64199e+14	3.79e-14	1.10e-06	1.00e+00
 1.70462e+14	4.39e-14	1.19e-06	1.00e+00
 1.76492e+14	5.04e-14	1.27e-06	1.00e+00
 1.83097e+14	5.82e-14	1.37e-06	1.00e+00
 1.89913e+14	6.72e-14	1.47e-06	1.00e+00
 1.96015e+14	7.62e-14	1.57e-06	1.00e+00
 2.02664e+14	8.69e-14	1.67e-06	1.00e+00
 2.10566e+14	1.01e-13	1.81e-06	1.00e+00
 2.18333e+14	1.17e-13	1.94e-06	1.00e+00
 2.25354e+14	1.32e-13	2.07e-06	1.00e+00
 2.33169e+14	1.51e-13	2.22e-06	1.00e+00
 2.42353e+14	1.76e-13	2.40e-06	1.00e+00
 2.51416e+14	2.04e-13	2.58e-06	1.00e+00
 2.59862e+14	2.32e-13	2.76e-06	1.00e+00
 2.69308e+14	2.68e-13	2.97e-06	1.00e+00
 2.80110e+14	3.14e-13	3.22e-06	1.00e+00
 2.90760e+14	3.65e-13	3.48e-06	1.00e+00
 3.01836e+14	4.24e-13	3.75e-06	1.00e+00
 3.13939e+14	4.97e-13	4.07e-06	1.00e+00
 3.26219e+14	5.80e-13	4.41e-06	1.00e+00
 3.38990e+14	6.78e-13	4.78e-06	1.00e+00
 3.52579e+14	7.95e-13	5.19e-06	1.00e+00
 3.66712e+14	9.34e-13	5.64e-06	1.00e+00
 3.81411e+14	1.10e-12	6.13e-06	1.00e+00
 3.95649e+14	1.28e-12	6.63e-06	1.00e+00
 4.09027e+14	1.46e-12	7.12e-06	1.00e+00
 4.23988e+14	1.70e-12	7.69e-06	1.00e+00
 4.39374e+14	1.97e-12	8.31e-06	1.00e+00
 4.52573e+14	2.23e-12	8.86e-06	1.00e+00
 4.66699e+14	2.54e-12	9.47e-06	1.00e+00
 4.84192e+14	2.96e-12	1.03e-05	1.00e+00
 5.02134e+14	3.45e-12	1.11e-05	1.00e+00
 5.18298e+14	3.94e-12	1.19e-05	1.00e+00
 5.36076e+14	4.55e-12	1.28e-05	1.00e+00
 5.55800e+14	5.30e-12	1.39e-05	1.00e+00
 5.74119e+14	6.07e-12	1.49e-05	1.00e+00
 5.93999e+14	7.02e-12	1.61e-05	1.00e+00
 6.16093e+14	8.19e-12	1.75e-05	1.00e+00
 6.36681e+14	9.42e-12	1.88e-05	1.00e+00
 6.59064e+14	1.09e-11	2.03e-05	1.00e+00
 6.83964e+14	1.27e-11	2.21e-05	1.00e+00
 7.07228e+14	1.47e-11	2.38e-05	1.00e+00
 7.32562e+14	1.70e-11	2.57e-05	1.00e+00
 7.60810e+14	2.00e-11	2.80e-05	1.00e+00
 7.87315e+14	2.31e-11	3.02e-05	1.00e+00
 8.15904e+14	2.68e-11	3.27e-05	1.00e+00
 8.47740e+14	3.15e-11	3.56e-05	1.00e+00
 8.78176e+14	3.65e-11	3.86e-05	1.00e+00
 9.10658e+14	4.25e-11	4.18e-05	1.00e+00
 9.47114e+14	5.01e-11	4.56e-05	1.00e+00
 9.83212e+14	5.86e-11	4.96e-05	1.00e+00
 1.02075e+15	6.85e-11	5.40e-05	1.00e+00
 1.06161e+15	8.07e-11	5.89e-05	1.00e+00
 1.10411e+15	9.50e-11	6.43e-05	1.00e+00
 1.14830e+15	1.12e-10	7.02e-05	1.00e+00
 1.19427e+15	1.32e-10	7.66e-05	1.00e+00
 1.24207e+15	1.55e-10	8.36e-05	1.00e+00
 1.28400e+15	1.78e-10	9.00e-05	1.00e+00
 1.31714e+15	1.97e-10	9.52e-05	1.00e+00
 1.35295e+15	2.20e-10	1.01e-04	1.00e+00
 1.39951e+15	2.53e-10	1.09e-04	1.00e+00
 1.44975e+15	2.93e-10	1.18e-04	1.00e+00
 1.49499e+15	3.31e-10	1.26e-04	1.00e+00
 1.54398e+15	3.78e-10	1.35e-04	1.00e+00
 1.60312e+15	4.41e-10	1.47e-04	1.00e+00
 1.66170e+15	5.10e-10	1.59e-04	1.00e+00
 1.71362e+15	5.78e-10	1.70e-04	1.00e+00
 1.77064e+15	6.61e-10	1.82e-04	1.00e+00
 1.83894e+15	7.71e-10	1.98e-04	1.00e+00
 1.90675e+15	8.93e-10	2.14e-04	1.00e+00
 1.96811e+15	1.02e-09	2.29e-04	1.00e+00
 2.03625e+15	1.17e-09	2.46e-04	1.00e+00
 2.11626e+15	1.36e-09	2.68e-04	1.00e+00
 2.19506e+15	1.58e-09	2.89e-04	1.00e+00
 2.26839e+15	1.81e-09	3.10e-04	1.00e+00
 2.35053e+15	2.09e-09	3.35e-04	1.00e+00
 2.44458e+15	2.45e-09	3.64e-04	1.00e+00
 2.53725e+15	2.84e-09	3.94e-04	1.00e+00
 2.63363e+15	3.30e-09	4.27e-04	1.00e+00
 2.73900e+15	3.87e-09	4.63e-04	1.00e+00
 2.84602e+15	4.51e-09	5.02e-04	9.99e-01
 2.95731e+15	5.26e-09	5.44e-04	9.99e-01
 3.07563e+15	6.17e-09	5.91e-04	9.99e-01
 3.19869e+15	7.22e-09	6.41e-04	9.99e-01
 3.30615e+15	8.24e-09	6.87e-04	9.99e-01
 3.38993e+15	9.11e-09	7.24e-04	9.99e-01
 3.47975e+15	1.01e-08	7.64e-04	9.99e-01
 3.59650e+15	1.16e-08	8.18e-04	9.99e-01
 3.72378e+15	1.33e-08	8.79e-04	9.99e-01
 3.83945e+15	1.50e-08	9.36e-04	9.99e-01
 3.96457e+15	1.71e-08	1.00e-03	9.99e-01
 4.11600e+15	1.98e-08	1.08e-03	9.99e-01
 4.26519e+15	2.28e-08	1.16e-03	9.99e-01
 4.39555e+15	2.57e-08	1.24e-03	9.99e-01
 4.53793e+15	2.92e-08	1.32e-03	9.99e-01
 4.71078e+15	3.40e-08	1.43e-03	9.99e-01
 4.88334e+15	3.92e-08	1.53e-03	9.98e-01
 5.03696e+15	4.44e-08	1.63e-03	9.98e-01
 5.20589e+15	5.07e-08	1.75e-03	9.98e-01
 5.40741e+15	5.91e-08	1.89e-03	9.98e-01
 5.60597e+15	6.83e-08	2.03e-03	9.98e-01
 5.78724e+15	7.76e-08	2.17e-03	9.98e-01
 5.99140e+15	8.94e-08	2.33e-03	9.98e-01
 6.22046e+15	1.04e-07	2.52e-03	9.97e-01
 6.44075e+15	1.20e-07	2.70e-03	9.97e-01
 6.64543e+15	1.36e-07	2.88e-03	9.97e-01
 6.87095e+15	1.56e-07	3.09e-03	9.97e-01
 7.12072e+15	1.80e-07	3.33e-03	9.97e-01
 7.35510e+15	2.05e-07	3.56e-03	9.96e-01
 7.56048e+15	2.29e-07	3.76e-03	9.96e-01
 7.77507e+15	2.57e-07	4.00e-03	9.96e-01
 8.01505e+15	2.91e-07	4.26e-03	9.96e-01
 8.24351e+15	3.26e-07	4.52e-03	9.95e-01
 8.49600e+15	3.71e-07	4.84e-03	9.95e-01
 8.77146e+15	4.23e-07	5.18e-03	9.95e-01
 9.02576e+15	4.76e-07	5.51e-03	9.94e-01
 9.30532e+15	5.42e-07	5.92e-03	9.94e-01
 9.60466e+15	6.19e-07	6.36e-03	9.94e-01
 9.86779e+15	6.93e-07	6.76e-03	9.93e-01
 1.01479e+16	7.85e-07	7.24e-03	9.93e-01
 1.04578e+16	8.95e-07	7.79e-03	9.92e-01
 1.07439e+16	1.01e-06	8.33e-03	9.92e-01
 1.10126e+16	1.13e-06	8.88e-03	9.91e-01
 1.12801e+16	1.26e-06	9.47e-03	9.91e-01
 1.15866e+16	1.43e-06	1.02e-02	9.90e-01
 1.19092e+16	1.64e-06	1.11e-02	9.89e-01
 1.21842e+16	1.82e-06	1.19e-02	9.88e-01
 1.24730e+16	2.06e-06	1.28e-02	9.87e-01
 1.27884e+16	2.36e-06	1.39e-02	9.86e-01
 1.30710e+16	2.65e-06	1.50e-02	9.85e-01
 1.33288e+16	2.97e-06	1.62e-02	9.84e-01
 1.36213e+16	3.41e-06	1.77e-02	9.82e-01
 1.39325e+16	3.93e-06	1.95e-02	9.80e-01
 1.42007e+16	4.46e-06	2.13e-02	9.79e-01
 1.44421e+16	5.03e-06	2.32e-02	9.77e-01
 1.46715e+16	5.65e-06	2.53e-02	9.75e-01
 1.48921e+16	6.37e-06	2.76e-02	9.72e-01
 1.51108e+16	7.21e-06	3.02e-02	9.70e-01
 1.53265e+16	8.20e-06	3.32e-02	9.67e-01
 1.55377e+16	9.37e-06	3.67e-02	9.63e-01
 1.57439e+16	1.08e-05	4.07e-02	9.59e-01
 1.59455e+16	1.24e-05	4.55e-02	9.55e-01
 1.61438e+16	1.45e-05	5.11e-02	9.49e-01
 1.63361e+16	1.69e-05	5.78e-02	9.42e-01
 1.65172e+16	1.97e-05	6.56e-02	9.34e-01
 1.66875e+16	2.31e-05	7.47e-02	9.25e-01
 1.68481e+16	2.73e-05	8.54e-02	9.15e-01
 1.69969e+16	3.23e-05	9.78e-02	9.02e-01
 1.71350e+16	3.87e-05	1.12e-01	8.88e-01
 1.72617e+16	4.52e-05	1.29e-01	8.71e-01
 1.73810e+16	5.37e-05	1.48e-01	8.52e-01
 1.74959e+16	6.48e-05	1.72e-01	8.28e-01
 1.75843e+16	7.45e-05	1.94e-01	8.06e-01
 1.76464e+16	8.29e-05	2.12e-01	7.88e-01
 1.77140e+16	9.40e-05	2.35e-01	7.65e-01
 1.78018e+16	1.11e-04	2.69e-01	7.30e-01
 1.78877e+16	1.31e-04	3.10e-01	6.90e-01
 1.79511e+16	1.48e-04	3.45e-01	6.55e-01
 1.80136e+16	1.69e-04	3.84e-01	6.16e-01
 1.80799e+16	1.93e-04	4.29e-01	5.71e-01
 1.81394e+16	2.18e-04	4.74e-01	5.26e-01
 1.82052e+16	2.48e-04	5.27e-01	4.73e-01
 1.82768e+16	2.83e-04	5.85e-01	4.14e-01
 1.83424e+16	3.17e-04	6.39e-01	3.60e-01
 1.84140e+16	3.55e-04	6.96e-01	3.03e-01
 1.85070e+16	4.02e-04	7.63e-01	2.37e-01
 1.86064e+16	4.48e-04	8.20e-01	1.79e-01
 1.87140e+16	4.92e-04	8.70e-01	1.30e-01
 1.88540e+16	5.39e-04	9.14e-01	8.59e-02
 1.90359e+16	5.87e-04	9.48e-01	5.13e-02
 1.92723e+16	6.37e-04	9.72e-01	2.77e-02
 1.95797e+16	6.92e-04	9.86e-01	1.36e-02
 1.99246e+16	7.51e-04	9.92e-01	6.86e-03
 2.02440e+16	8.09e-04	9.95e-01	3.94e-03
 2.05268e+16	8.66e-04	9.97e-01	2.53e-03
 2.07939e+16	9.27e-04	9.97e-01	1.71e-03
 2.10995e+16	1.01e-03	9.98e-01	1.13e-03
 2.14159e+16	1.10e-03	9.98e-01	7.63e-04
 2.16641e+16	1.19e-03	9.98e-01	5.76e-04
 2.18205e+16	1.26e-03	9.98e-01	4.91e-04
 2.19136e+16	1.30e-03	9.98e-01	4.44e-04
 2.20085e+16	1.35e-03	9.98e-01	3.99e-04
 2.21319e+16	1.41e-03	9.98e-01	3.48e-04
 2.22694e+16	1.49e-03	9.98e-01	3.02e-04
 2.23939e+16	1.57e-03	9.98e-01	2.67e-04
 2.25014e+16	1.64e-03	9.98e-01	2.40e-04
 2.26179e+16	1.73e-03	9.98e-01	2.13e-04
 2.27311e+16	1.82e-03	9.98e-01	1.92e-04
 2.28129e+16	1.90e-03	9.98e-01	1.78e-04
 2.28812e+16	1.96e-03	9.98e-01	1.67e-04
 2.29591e+16	2.05e-03	9.98e-01	1.55e-04
 2.30462e+16	2.14e-03	9.98e-01	1.43e-04
 2.31261e+16	2.24e-03	9.98e-01	1.33e-04
 2.31963e+16	2.34e-03	9.98e-01	1.25e-04
 2.32727e+16	2.45e-03	9.97e-01	1.16e-04
 2.33542e+16	2.58e-03	9.97e-01	1.08e-04
 2.34234e+16	2.70e-03	9.97e-01	1.02e-04
 2.34828e+16	2.82e-03	9.97e-01	9.69e-05
 2.35486e+16	2.95e-03	9.97e-01	9.13e-05
 2.36205e+16	3.12e-03	9.97e-01	8.58e-05
 2.36836e+16	3.27e-03	9.97e-01	8.14e-05
 2.37379e+16	3.42e-03	9.97e-01	7.77e-05
 2.37973e+16	3.59e-03	9.96e-01	7.37e-05
 2.38620e+16	3.80e-03	9.96e-01	6.99e-05
 2.39182e+16	4.00e-03	9.96e-01	6.67e-05
 2.39669e+16	4.19e-03	9.96e-01	6.40e-05
 2.40209e+16	4.42e-03	9.96e-01	6.11e-05
 2.40795e+16	4.69e-03	9.95e-01	5.82e-05
 2.41309e+16	4.96e-03	9.95e-01	5.58e-05
 2.41761e+16	5.22e-03	9.95e-01	5.38e-05
 2.42265e+16	5.54e-03	9.94e-01	5.15e-05
 2.42817e+16	5.94e-03	9.94e-01	4.92e-05
 2.43307e+16	6.33e-03	9.94e-01	4.73e-05
 2.43740e+16	6.71e-03	9.93e-01	4.57e-05
 2.44222e+16	7.19e-03	9.93e-01	4.38e-05
 2.44757e+16	7.80e-03	9.92e-01	4.20e-05
 2.45247e+16	8.46e-03	9.92e-01	4.03e-05
 2.45695e+16	9.14e-03	9.91e-01	3.89e-05
 2.46200e+16	1.00e-02	9.90e-01	3.73e-05
 2.46730e+16	1.11e-02	9.89e-01	3.57e-05
 2.47163e+16	1.22e-02	9.88e-01	3.45e-05
 2.47504e+16	1.32e-02	9.87e-01	3.36e-05
 2.47857e+16	1.44e-02	9.86e-01	3.26e-05
 2.48240e+16	1.59e-02	9.84e-01	3.16e-05
 2.48567e+16	1.75e-02	9.82e-01	3.08e-05
 2.48837e+16	1.89e-02	9.81e-01	3.03e-05
 2.49127e+16	2.08e-02	9.79e-01	2.95e-05
 2.49443e+16	2.31e-02	9.77e-01	2.88e-05
 2.49714e+16	2.55e-02	9.74e-01	2.83e-05
 2.49937e+16	2.78e-02	9.72e-01	2.78e-05
 2.50174e+16	3.07e-02	9.69e-01	2.73e-05
 2.50432e+16	3.44e-02	9.66e-01	2.69e-05
 2.50658e+16	3.82e-02	9.62e-01	2.65e-05
 2.50848e+16	4.20e-02	9.58e-01	2.63e-05
 2.51051e+16	4.67e-02	9.53e-01	2.60e-05
 2.51275e+16	5.28e-02	9.47e-01	2.58e-05
 2.51470e+16	5.93e-02	9.41e-01	2.57e-05
 2.51631e+16	6.54e-02	9.35e-01	2.57e-05
 2.51801e+16	7.32e-02	9.27e-01	2.56e-05
 2.51980e+16	8.24e-02	9.18e-01	2.58e-05
 2.52133e+16	9.19e-02	9.08e-01	2.59e-05
 2.52264e+16	1.01e-01	8.99e-01	2.61e-05
 2.52391e+16	1.12e-01	8.88e-01	2.62e-05
 2.52520e+16	1.23e-01	8.77e-01	2.66e-05
 2.52638e+16	1.35e-01	8.65e-01	2.68e-05
 2.52740e+16	1.47e-01	8.53e-01	2.72e-05
 2.52833e+16	1.59e-01	8.41e-01	2.75e-05
 2.52919e+16	1.71e-01	8.29e-01	2.78e-05
 2.52987e+16	1.80e-01	8.20e-01	2.81e-05
 2.53033e+16	1.88e-01	8.12e-01	2.83e-05
 2.53076e+16	1.95e-01	8.05e-01	2.85e-05
 2.53124e+16	2.03e-01	7.97e-01	2.87e-05
 2.53176e+16	2.13e-01	7.87e-01	2.89e-05
 2.53227e+16	2.22e-01	7.78e-01	2.91e-05
 2.53274e+16	2.31e-01	7.69e-01	2.94e-05
 2.53321e+16	2.41e-01	7.59e-01	2.96e-05
 2.53368e+16	2.51e-01	7.49e-01	2.99e-05
 2.53415e+16	2.62e-01	7.38e-01	3.01e-05
 2.53461e+16	2.73e-01	7.27e-01	3.04e-05
 2.53506e+16	2.84e-01	7.16e-01	3.06e-05
 2.53551e+16	2.95e-01	7.05e-01	3.08e-05
 2.53595e+16	3.07e-01	6.93e-01	3.10e-05
 2.53639e+16	3.19e-01	6.81e-01	3.13e-05
 2.53682e+16	3.31e-01	6.69e-01	3.14e-05
 2.53725e+16	3.43e-01	6.57e-01	3.17e-05
 2.53768e+16	3.57e-01	6.43e-01	3.19e-05
 2.53809e+16	3.69e-01	6.31e-01	3.21e-05
 2.53851e+16	3.83e-01	6.17e-01	3.23e-05
 2.53892e+16	3.96e-01	6.04e-01	3.24e-05
 2.53933e+16	4.10e-01	5.90e-01	3.26e-05
 2.53972e+16	4.24e-01	5.76e-01	3.28e-05
 2.54012e+16	4.37e-01	5.63e-01	3.29e-05
 2.54051e+16	4.51e-01	5.49e-01	3.30e-05
 2.54090e+16	4.66e-01	5.34e-01	3.31e-05
 2.54128e+16	4.80e-01	5.20e-01	3.32e-05
 2.54165e+16	4.94e-01	5.06e-01	3.32e-05
 2.54201e+16	5.08e-01	4.92e-01	3.34e-05
 2.54237e+16	5.22e-01	4.78e-01	3.34e-05
 2.54273e+16	5.36e-01	4.64e-01	3.33e-05
 2.54308e+16	5.49e-01	4.51e-01	3.33e-05
 2.54343e+16	5.63e-01	4.37e-01	3.33e-05
 2.54377e+16	5.76e-01	4.24e-01	3.33e-05
 2.54409e+16	5.89e-01	4.11e-01	3.33e-05
 2.54441e+16	6.02e-01	3.98e-01	3.32e-05
 2.54473e+16	6.14e-01	3.86e-01	3.31e-05
 2.54504e+16	6.26e-01	3.74e-01	3.30e-05
 2.54535e+16	6.39e-01	3.61e-01	3.29e-05
 2.54565e+16	6.50e-01	3.50e-01	3.27e-05
 2.54595e+16	6.62e-01	3.38e-01	3.26e-05
 2.54624e+16	6.73e-01	3.27e-01	3.24e-05
 2.54652e+16	6.84e-01	3.16e-01	3.22e-05
 2.54680e+16	6.94e-01	3.06e-01	3.20e-05
 2.54708e+16	7.04e-01	2.95e-01	3.18e-05
 2.54735e+16	7.14e-01	2.86e-01	3.16e-05
 2.54761e+16	7.24e-01	2.76e-01	3.14e-05
 2.54788e+16	7.33e-01	2.67e-01	3.11e-05
 2.54814e+16	7.42e-01	2.58e-01	3.09e-05
 2.54839e+16	7.51e-01	2.49e-01	3.06e-05
 2.54865e+16	7.60e-01	2.40e-01	3.04e-05
 2.54889e+16	7.68e-01	2.32e-01	3.01e-05
 2.54914e+16	7.76e-01	2.24e-01	2.98e-05
 2.54938e+16	7.84e-01	2.16e-01	2.95e-05
 2.54962e+16	7.91e-01	2.09e-01	2.92e-05
 2.54986e+16	7.99e-01	2.01e-01	2.89e-05
 2.55006e+16	8.05e-01	1.95e-01	2.86e-05
 2.55022e+16	8.09e-01	1.91e-01	2.84e-05
 2.55037e+16	8.14e-01	1.86e-01	2.81e-05
 2.55052e+16	8.18e-01	1.82e-01	2.79e-05
 2.55068e+16	8.23e-01	1.77e-01	2.77e-05
 2.55084e+16	8.27e-01	1.73e-01	2.74e-05
 2.55098e+16	8.31e-01	1.69e-01	2.72e-05
 2.55112e+16	8.35e-01	1.65e-01	2.70e-05
 2.55127e+16	8.39e-01	1.61e-01	2.67e-05
 2.55141e+16	8.42e-01	1.57e-01	2.65e-05
 2.55154e+16	8.46e-01	1.54e-01	2.63e-05
 2.55167e+16	8.49e-01	1.51e-01	2.60e-05
 2.55181e+16	8.53e-01	1.47e-01	2.58e-05
 2.55194e+16	8.56e-01	1.44e-01	2.55e-05
 2.55208e+16	8.59e-01	1.41e-01	2.53e-05
 2.55221e+16	8.63e-01	1.37e-01	2.51e-05
 2.55235e+16	8.66e-01	1.34e-01	2.48e-05
 2.55249e+16	8.69e-01	1.31e-01	2.45e-05
 2.55264e+16	8.72e-01	1.28e-01	2.43e-05
 2.55280e+16	8.76e-01	1.24e-01	2.40e-05
 2.55296e+16	8.80e-01	1.20e-01	2.37e-05
 2.55314e+16	8.83e-01	1.17e-01	2.34e-05
 2.55334e+16	8.87e-01	1.12e-01	2.30e-05
 2.55354e+16	8.92e-01	1.08e-01	2.26e-05
 2.55373e+16	8.95e-01	1.05e-01	2.22e-05
 2.55392e+16	8.99e-01	1.01e-01	2.18e-05
 2.55409e+16	9.02e-01	9.77e-02	2.14e-05
 2.55427e+16	9.05e-01	9.45e-02	2.10e-05
 2.55443e+16	9.08e-01	9.15e-02	2.06e-05
 2.55459e+16	9.11e-01	8.87e-02	2.03e-05
 2.55474e+16	9.14e-01	8.61e-02	1.99e-05
 2.55488e+16	9.16e-01	8.37e-02	1.95e-05
 2.55500e+16	9.18e-01	8.16e-02	1.92e-05
 2.55511e+16	9.20e-01	7.97e-02	1.89e-05
 2.55522e+16	9.22e-01	7.80e-02	1.86e-05
 2.55531e+16	9.23e-01	7.65e-02	1.84e-05
 2.55540e+16	9.25e-01	7.51e-02	1.81e-05
 2.55547e+16	9.26e-01	7.38e-02	1.79e-05
 2.55554e+16	9.27e-01	7.27e-02	1.77e-05
 2.55562e+16	9.29e-01	7.13e-02	1.74e-05
 2.55571e+16	9.30e-01	7.01e-02	1.72e-05
 2.55578e+16	9.31e-01	6.90e-02	1.70e-05
 2.55585e+16	9.32e-01	6.78e-02	1.68e-05
 2.55591e+16	9.33e-01	6.69e-02	1.66e-05
 2.55598e+16	9.34e-01	6.58e-02	1.64e-05
 2.55606e+16	9.35e-01	6.47e-02	1.62e-05
 2.55612e+16	9.36e-01	6.37e-02	1.60e-05
 2.55619e+16	9.37e-01	6.27e-02	1.57e-05
 2.55624e+16	9.38e-01	6.19e-02	1.55e-05
 2.55630e+16	9.39e-01	6.10e-02	1.54e-05
 2.55637e+16	9.40e-01	6.00e-02	1.52e-05
 2.55643e+16	9.41e-01	5.91e-02	1.50e-05
 2.55648e+16	9.42e-01	5.83e-02	1.48e-05
 2.55653e+16	9.42e-01	5.76e-02	1.46e-05
 2.55659e+16	9.43e-01	5.68e-02	1.44e-05
 2.55665e+16	9.44e-01	5.60e-02	1.42e-05
 2.55670e+16	9.45e-01	5.52e-02	1.41e-05
 2.55675e+16	9.46e-01	5.44e-02	1.39e-05
 2.55680e+16	9.46e-01	5.38e-02	1.37e-05
 2.55684e+16	9.47e-01	5.31e-02	1.35e-05
 2.55691e+16	9.48e-01	5.22e-02	1.33e-05
 2.55698e+16	9.49e-01	5.13e-02	1.31e-05
 2.55704e+16	9.50e-01	5.04e-02	1.29e-05
 2.55710e+16	9.50e-01	4.97e-02	1.27e-05
 2.55715e+16	9.51e-01	4.90e-02	1.25e-05
 2.55719e+16	9.52e-01	4.83e-02	1.24e-05
 2.55724e+16	9.52e-01	4.78e-02	1.22e-05
 2.55728e+16	9.53e-01	4.72e-02	1.21e-05
 2.55732e+16	9.53e-01	4.66e-02	1.19e-05
 2.55737e+16	9.54e-01	4.59e-02	1.17e-05
 2.55743e+16	9.55e-01	4.51e-02	1.16e-05
 2.55749e+16	9.56e-01	4.45e-02	1.14e-05
 2.55754e+16	9.56e-01	4.38e-02	1.12e-05
 2.55758e+16	9.57e-01	4.33e-02	1.11e-05
 2.55762e+16	9.57e-01	4.28e-02	1.10e-05
 2.55766e+16	9.58e-01	4.23e-02	1.08e-05
 2.55770e+16	9.58e-01	4.18e-02	1.07e-05
 2.55776e+16	9.59e-01	4.11e-02	1.05e-05
 2.55781e+16	9.60e-01	4.04e-02	1.04e-05
 2.55786e+16	9.60e-01	3.99e-02	1.02e-05
 2.55791e+16	9.61e-01	3.94e-02	1.01e-05
 2.55796e+16	9.61e-01	3.88e-02	9.97e-06
 2.55800e+16	9.62e-01	3.84e-02	9.86e-06
 2.55806e+16	9.62e-01	3.77e-02	9.68e-06
 2.55813e+16	9.63e-01	3.69e-02	9.51e-06
 2.55819e+16	9.64e-01	3.64e-02	9.37e-06
 2.55825e+16	9.64e-01	3.58e-02	9.23e-06
 2.55830e+16	9.65e-01	3.53e-02	9.11e-06
 2.55834e+16	9.65e-01	3.48e-02	8.98e-06
 2.55839e+16	9.66e-01	3.43e-02	8.88e-06
 2.55846e+16	9.66e-01	3.37e-02	8.71e-06
 2.55853e+16	9.67e-01	3.31e-02	8.56e-06
 2.55859e+16	9.68e-01	3.25e-02	8.42e-06
 2.55865e+16	9.68e-01	3.19e-02	8.29e-06
 2.55870e+16	9.69e-01	3.15e-02	8.18e-06
 2.55875e+16	9.69e-01	3.10e-02	8.06e-06
 2.55880e+16	9.69e-01	3.06e-02	7.96e-06
 2.55887e+16	9.70e-01	3.00e-02	7.81e-06
 2.55895e+16	9.71e-01	2.94e-02	7.67e-06
 2.55901e+16	9.71e-01	2.89e-02	7.55e-06
 2.55907e+16	9.72e-01	2.84e-02	7.43e-06
 2.55913e+16	9.72e-01	2.80e-02	7.33e-06
 2.55918e+16	9.72e-01	2.76e-02	7.22e-06
 2.55924e+16	9.73e-01	2.71e-02	7.13e-06
 2.55930e+16	9.73e-01	2.67e-02	7.03e-06
 2.55935e+16	9.74e-01	2.63e-02	6.93e-06
 2.55941e+16	9.74e-01	2.59e-02	6.83e-06
 2.55948e+16	9.75e-01	2.54e-02	6.72e-06
 2.55953e+16	9.75e-01	2.50e-02	6.62e-06
 2.55959e+16	9.75e-01	2.47e-02	6.54e-06
 2.55965e+16	9.76e-01	2.43e-02	6.45e-06
 2.55972e+16	9.76e-01	2.38e-02	6.33e-06
 2.55981e+16	9.77e-01	2.33e-02	6.21e-06
 2.55988e+16	9.77e-01	2.28e-02	6.11e-06
 2.55995e+16	9.78e-01	2.24e-02	6.01e-06
 2.56001e+16	9.78e-01	2.21e-02	5.92e-06
 2.56008e+16	9.78e-01	2.17e-02	5.83e-06
 2.56015e+16	9.79e-01	2.13e-02	5.74e-06
 2.56022e+16	9.79e-01	2.09e-02	5.65e-06
 2.56029e+16	9.79e-01	2.05e-02	5.55e-06
 2.56037e+16	9.80e-01	2.01e-02	5.46e-06
 2.56044e+16	9.80e-01	1.97e-02	5.37e-06
 2.56051e+16	9.81e-01	1.94e-02	5.30e-06
 2.56058e+16	9.81e-01	1.90e-02	5.21e-06
 2.56066e+16	9.81e-01	1.87e-02	5.13e-06
 2.56073e+16	9.82e-01	1.84e-02	5.06e-06
 2.56081e+16	9.82e-01	1.80e-02	4.97e-06
 2.56089e+16	9.82e-01	1.76e-02	4.88e-06
 2.56096e+16	9.83e-01	1.73e-02	4.81e-06
 2.56105e+16	9.83e-01	1.69e-02	4.72e-06
 2.56114e+16	9.83e-01	1.66e-02	4.64e-06
 2.56122e+16	9.84e-01	1.63e-02	4.56e-06
 2.56131e+16	9.84e-01	1.59e-02	4.47e-06
 2.56140e+16	9.84e-01	1.55e-02	4.39e-06
 2.56149e+16	9.85e-01	1.52e-02	4.31e-06
 2.56159e+16	9.85e-01	1.49e-02	4.22e-06
 2.56169e+16	9.85e-01	1.45e-02	4.14e-06
 2.56179e+16	9.86e-01	1.42e-02	4.07e-06
 2.56187e+16	9.86e-01	1.39e-02	4.00e-06
 2.56197e+16	9.86e-01	1.36e-02	3.92e-06
 2.56207e+16	9.87e-01	1.33e-02	3.84e-06
 2.56216e+16	9.87e-01	1.30e-02	3.78e-06
 2.56226e+16	9.87e-01	1.27e-02	3.70e-06
 2.56237e+16	9.88e-01	1.24e-02	3.62e-06
 2.56247e+16	9.88e-01	1.21e-02	3.56e-06
 2.56258e+16	9.88e-01	1.18e-02	3.48e-06
 2.56270e+16	9.89e-01	1.15e-02	3.41e-06
 2.56281e+16	9.89e-01	1.12e-02	3.34e-06
 2.56293e+16	9.89e-01	1.09e-02	3.26e-06
 2.56305e+16	9.89e-01	1.06e-02	3.19e-06
 2.56317e+16	9.90e-01	1.04e-02	3.13e-06
 2.56329e+16	9.90e-01	1.01e-02	3.05e-06
 2.56343e+16	9.90e-01	9.79e-03	2.98e-06
 2.56356e+16	9.90e-01	9.54e-03	2.92e-06
 2.56369e+16	9.91e-01	9.25e-03	2.84e-06
 2.56387e+16	9.91e-01	8.90e-03	2.75e-06
 2.56408e+16	9.91e-01	8.53e-03	2.66e-06
 2.56429e+16	9.92e-01	8.18e-03	2.56e-06
 2.56450e+16	9.92e-01	7.85e-03	2.48e-06
 2.56472e+16	9.92e-01	7.52e-03	2.39e-06
 2.56494e+16	9.93e-01	7.20e-03	2.30e-06
 2.56518e+16	9.93e-01	6.88e-03	2.21e-06
 2.56543e+16	9.93e-01	6.57e-03	2.12e-06
 2.56569e+16	9.94e-01	6.28e-03	2.04e-06
 2.56595e+16	9.94e-01	5.99e-03	1.96e-06
 2.56624e+16	9.94e-01	5.71e-03	1.87e-06
 2.56653e+16	9.95e-01	5.43e-03	1.79e-06
 2.56684e+16	9.95e-01	5.17e-03	1.71e-06
 2.56717e+16	9.95e-01	4.91e-03	1.63e-06
 2.56752e+16	9.95e-01	4.67e-03	1.56e-06
 2.56789e+16	9.96e-01	4.44e-03	1.49e-06
 2.56828e+16	9.96e-01	4.21e-03	1.42e-06
 2.56871e+16	9.96e-01	4.00e-03	1.35e-06
 2.56916e+16	9.96e-01	3.79e-03	1.28e-06
 2.56966e+16	9.96e-01	3.60e-03	1.22e-06
 2.57021e+16	9.97e-01	3.41e-03	1.16e-06
 2.57082e+16	9.97e-01	3.24e-03	1.10e-06
 2.57150e+16	9.97e-01	3.08e-03	1.04e-06
 2.57230e+16	9.97e-01	2.92e-03	9.91e-07
 2.57322e+16	9.97e-01	2.78e-03	9.41e-07
 2.57422e+16	9.97e-01	2.67e-03	8.99e-07
 2.57521e+16	9.97e-01	2.58e-03	8.66e-07
 2.57621e+16	9.97e-01	2.51e-03	8.39e-07
 2.57721e+16	9.98e-01	2.44e-03	8.10e-07
 2.57835e+16	9.98e-01	2.40e-03	7.93e-07
 2.57984e+16	9.98e-01	2.34e-03	7.69e-07
 2.58178e+16	9.98e-01	2.28e-03	7.39e-07
 2.58430e+16	9.98e-01	2.23e-03	7.14e-07
 2.58757e+16	9.98e-01	2.17e-03	6.80e-07
 2.59183e+16	9.98e-01	2.10e-03	6.43e-07
 2.59736e+16	9.98e-01	2.02e-03	5.98e-07
 2.60445e+16	9.98e-01	1.92e-03	5.45e-07
 2.61267e+16	9.98e-01	1.82e-03	4.92e-07
 2.62119e+16	9.98e-01	1.73e-03	4.44e-07
 2.62978e+16	9.98e-01	1.64e-03	4.01e-07
 2.63866e+16	9.98e-01	1.56e-03	3.61e-07
 2.64795e+16	9.99e-01	1.47e-03	3.23e-07
 2.65759e+16	9.99e-01	1.40e-03	2.89e-07
 2.66751e+16	9.99e-01	1.32e-03	2.57e-07
 2.67773e+16	9.99e-01	1.25e-03	2.29e-07
 2.68833e+16	9.99e-01	1.18e-03	2.03e-07
 2.69931e+16	9.99e-01	1.11e-03	1.79e-07
 2.71064e+16	9.99e-01	1.04e-03	1.58e-07
 2.72235e+16	9.99e-01	9.80e-04	1.38e-07
 2.73447e+16	9.99e-01	9.20e-04	1.21e-07
 2.74702e+16	9.99e-01	8.63e-04	1.06e-07
 2.75986e+16	9.99e-01	8.08e-04	9.21e-08
 2.77312e+16	9.99e-01	7.56e-04	7.98e-08
 2.78717e+16	9.99e-01	7.05e-04	6.87e-08
 2.80188e+16	9.99e-01	6.56e-04	5.89e-08
 2.81710e+16	9.99e-01	6.10e-04	5.02e-08
 2.83293e+16	9.99e-01	5.65e-04	4.26e-08
 2.84950e+16	9.99e-01	5.22e-04	3.59e-08
 2.86693e+16	1.00e+00	4.81e-04	3.00e-08
 2.88549e+16	1.00e+00	4.41e-04	2.49e-08
 2.90492e+16	1.00e+00	4.02e-04	2.04e-08
 2.92539e+16	1.00e+00	3.66e-04	1.66e-08
 2.94715e+16	1.00e+00	3.30e-04	1.34e-08
 2.97050e+16	1.00e+00	2.96e-04	1.06e-08
 2.99543e+16	1.00e+00	2.61e-04	8.17e-09
 3.02423e+16	1.00e+00	2.28e-04	6.12e-09
 3.05492e+16	1.00e+00	1.97e-04	4.52e-09
 3.08589e+16	1.00e+00	1.68e-04	3.30e-09
 3.12181e+16	1.00e+00	1.41e-04	2.29e-09
 3.16387e+16	1.00e+00	1.14e-04	1.50e-09
 3.21165e+16	1.00e+00	8.98e-05	9.34e-10
 3.26725e+16	1.00e+00	6.82e-05	5.41e-10
 3.33256e+16	1.00e+00	4.98e-05	2.90e-10
 3.40283e+16	1.00e+00	3.59e-05	1.52e-10
 3.47345e+16	1.00e+00	2.61e-05	8.09e-11
 3.54807e+16	1.00e+00	1.87e-05	4.19e-11
 3.62826e+16	1.00e+00	1.32e-05	2.12e-11
 3.71128e+16	1.00e+00	9.33e-06	1.07e-11
 3.79552e+16	1.00e+00	6.62e-06	5.45e-12
 3.88265e+16	1.00e+00	4.68e-06	2.76e-12
 3.97310e+16	1.00e+00	3.29e-06	1.39e-12
 4.06726e+16	1.00e+00	2.31e-06	6.92e-13
 4.16665e+16	1.00e+00	1.60e-06	3.39e-13
 4.26953e+16	1.00e+00	1.10e-06	1.64e-13
 4.37499e+16	1.00e+00	7.63e-07	8.04e-14
 4.48418e+16	1.00e+00	5.23e-07	3.88e-14
 4.59776e+16	1.00e+00	3.58e-07	1.86e-14
 4.71477e+16	1.00e+00	2.43e-07	8.84e-15
 4.83317e+16	1.00e+00	1.68e-07	4.31e-15
 4.95217e+16	1.00e+00	1.17e-07	2.11e-15
 5.07703e+16	1.00e+00	7.99e-08	1.02e-15
 5.20945e+16	1.00e+00	5.39e-08	4.76e-16
 5.34652e+16	1.00e+00	3.67e-08	2.24e-16
 5.48771e+16	1.00e+00	2.48e-08	1.05e-16
 5.63317e+16	1.00e+00	1.68e-08	4.87e-17
 5.78301e+16	1.00e+00	1.13e-08	2.26e-17
 5.93659e+16	1.00e+00	7.69e-09	1.05e-17
 6.09245e+16	1.00e+00	5.23e-09	4.94e-18
 6.24906e+16	1.00e+00	3.60e-09	2.36e-18
 6.40569e+16	1.00e+00	2.49e-09	1.14e-18
 6.56236e+16	1.00e+00	1.74e-09	5.62e-19
 6.71903e+16	1.00e+00	1.23e-09	2.81e-19
 6.87568e+16	1.00e+00	8.71e-10	1.43e-19
 7.03233e+16	1.00e+00	6.23e-10	7.35e-20
 7.18898e+16	1.00e+00	4.49e-10	3.84e-20
 7.34562e+16	1.00e+00	3.26e-10	2.03e-20
 7.50226e+16	1.00e+00	2.38e-10	1.09e-20
 7.65889e+16	1.00e+00	1.75e-10	5.93e-21
 7.81553e+16	1.00e+00	1.30e-10	0.00e+00
 7.97215e+16	1.00e+00	9.67e-11	0.00e+00
 8.12878e+16	1.00e+00	7.24e-11	0.00e+00
 8.28540e+16	1.00e+00	5.46e-11	0.00e+00
 8.44203e+16	1.00e+00	4.14e-11	0.00e+00
 8.62214e+16	1.00e+00	3.00e-11	0.00e+00
 8.82882e+16	1.00e+00	2.11e-11	0.00e+00
 9.03855e+16	1.00e+00	1.49e-11	0.00e+00
 9.26112e+16	1.00e+00	1.04e-11	0.00e+00
 9.49998e+16	1.00e+00	7.13e-12	0.00e+00
 9.74466e+16	1.00e+00	4.90e-12	0.00e+00
 9.99169e+16	1.00e+00	3.40e-12	0.00e+00
 1.02387e+17	1.00e+00	2.38e-12	0.00e+00
 1.04857e+17	1.00e+00	1.68e-12	0.00e+00
 1.07447e+17	1.00e+00	1.17e-12	0.00e+00
 1.10181e+17	1.00e+00	8.15e-13	0.00e+00
 1.12969e+17	1.00e+00	5.68e-13	0.00e+00
 1.15798e+17	1.00e+00	4.00e-13	0.00e+00
 1.19066e+17	1.00e+00	2.69e-13	0.00e+00
 1.22983e+17	1.00e+00	1.72e-13	0.00e+00
 1.27108e+17	1.00e+00	1.12e-13	0.00e+00
 1.31205e+17	1.00e+00	7.60e-14	0.00e+00
 1.35322e+17	1.00e+00	5.44e-14	0.00e+00
 1.39530e+17	1.00e+00	4.08e-14	0.00e+00
 1.43828e+17	1.00e+00	3.22e-14	0.00e+00
 1.48170e+17	1.00e+00	2.67e-14	0.00e+00
 1.52537e+17	1.00e+00	2.33e-14	0.00e+00
 1.56917e+17	1.00e+00	2.11e-14	0.00e+00
 1.61296e+17	1.00e+00	1.97e-14	0.00e+00
 1.65643e+17	1.00e+00	1.88e-14	0.00e+00
 1.69931e+17	1.00e+00	1.82e-14	0.00e+00
 1.74154e+17	1.00e+00	1.78e-14	0.00e+00
 1.78284e+17	1.00e+00	1.75e-14	0.00e+00
 1.82301e+17	1.00e+00	1.74e-14	0.00e+00
 1.86187e+17	1.00e+00	1.73e-14	0.00e+00
 1.89932e+17	1.00e+00	1.73e-14	0.00e+00
 1.93529e+17	1.00e+00	1.74e-14	0.00e+00
 1.96968e+17	1.00e+00	1.75e-14	0.00e+00
 2.00244e+17	1.00e+00	1.76e-14	0.00e+00
 2.03355e+17	1.00e+00	1.77e-14	0.00e+00
 2.06306e+17	1.00e+00	1.78e-14	0.00e+00
 2.09102e+17	1.00e+00	1.79e-14	0.00e+00
 2.11748e+17	1.00e+00	1.80e-14	0.00e+00
 2.14250e+17	1.00e+00	1.82e-14	0.00e+00
 2.16615e+17	1.00e+00	1.83e-14	0.00e+00
 2.18848e+17	1.00e+00	1.84e-14	0.00e+00
 2.20957e+17	1.00e+00	1.85e-14	0.00e+00
 2.22949e+17	1.00e+00	1.86e-14	0.00e+00
 2.24830e+17	1.00e+00	1.87e-14	0.00e+00
 2.26607e+17	1.00e+00	1.88e-14	0.00e+00
 2.28286e+17	1.00e+00	1.89e-14	0.00e+00
 2.29874e+17	1.00e+00	1.90e-14	0.00e+00
 2.31375e+17	1.00e+00	1.91e-14	0.00e+00
 2.32794e+17	1.00e+00	1.91e-14	0.00e+00
 2.34138e+17	1.00e+00	1.92e-14	0.00e+00
 2.35410e+17	1.00e+00	1.92e-14	0.00e+00
 2.36614e+17	1.00e+00	1.93e-14	0.00e+00
 2.37755e+17	1.00e+00	1.94e-14	0.00e+00
 2.38837e+17	1.00e+00	1.94e-14	0.00e+00
 2.39862e+17	1.00e+00	1.94e-14	0.00e+00
 2.40836e+17	1.00e+00	1.95e-14	0.00e+00
 2.41759e+17	1.00e+00	1.95e-14	0.00e+00
 2.42637e+17	1.00e+00	1.96e-14	0.00e+00
 2.43470e+17	1.00e+00	1.96e-14	0.00e+00
 2.44262e+17	1.00e+00	1.96e-14	0.00e+00
 2.45016e+17	1.00e+00	1.96e-14	0.00e+00
 2.45733e+17	1.00e+00	1.97e-14	0.00e+00
 2.46416e+17	1.00e+00	1.97e-14	0.00e+00
 2.47067e+17	1.00e+00	1.97e-14	0.00e+00
 2.47687e+17	1.00e+00	1.97e-14	0.00e+00
 2.48279e+17	1.00e+00	1.98e-14	0.00e+00
 2.48845e+17	1.00e+00	1.98e-14	0.00e+00
 2.49385e+17	1.00e+00	1.98e-14	0.00e+00
 2.49902e+17	1.00e+00	1.98e-14	0.00e+00
 2.50397e+17	1.00e+00	1.98e-14	0.00e+00
 2.50872e+17	1.00e+00	1.98e-14	0.00e+00
 2.51327e+17	1.00e+00	1.98e-14	0.00e+00
 2.51765e+17	1.00e+00	1.98e-14	0.00e+00
 2.52187e+17	1.00e+00	1.99e-14	0.00e+00
 2.52593e+17	1.00e+00	1.99e-14	0.00e+00
 2.52985e+17	1.00e+00	1.99e-14	0.00e+00
 2.53365e+17	1.00e+00	1.99e-14	0.00e+00
 2.53733e+17	1.00e+00	1.99e-14	0.00e+00
 2.54091e+17	1.00e+00	1.99e-14	0.00e+00
 2.54439e+17	1.00e+00	1.99e-14	0.00e+00
 2.54780e+17	1.00e+00	1.99e-14	0.00e+00
 2.55115e+17	1.00e+00	1.99e-14	0.00e+00
 2.55443e+17	1.00e+00	1.99e-14	0.00e+00
 2.55769e+17	1.00e+00	1.99e-14	0.00e+00
 2.56091e+17	1.00e+00	1.99e-14	0.00e+00
 2.56413e+17	1.00e+00	1.99e-14	0.00e+00
 2.56736e+17	1.00e+00	1.99e-14	0.00e+00
 2.57063e+17	1.00e+00	1.99e-14	0.00e+00
 2.57395e+17	1.00e+00	1.99e-14	0.00e+00
 2.57736e+17	1.00e+00	1.99e-14	0.00e+00
 2.58089e+17	1.00e+00	1.98e-14	0.00e+00
 2.58459e+17	1.00e+00	1.98e-14	0.00e+00
 2.58850e+17	1.00e+00	1.98e-14	0.00e+00
 2.59271e+17	1.00e+00	1.98e-14	0.00e+00
 2.59731e+17	1.00e+00	1.98e-14	0.00e+00
 2.60243e+17	1.00e+00	1.97e-14	0.00e+00
 2.60825e+17	1.00e+00	1.97e-14	0.00e+00
 2.61502e+17	1.00e+00	1.96e-14	0.00e+00
 2.62314e+17	1.00e+00	1.95e-14	0.00e+00
 2.63317e+17	1.00e+00	1.93e-14	0.00e+00
 2.64600e+17	1.00e+00	1.90e-14	0.00e+00
 2.66269e+17	1.00e+00	1.86e-14	0.00e+00
 2.68438e+17	1.00e+00	1.79e-14	0.00e+00
 2.71258e+17	1.00e+00	1.70e-14	0.00e+00
 2.74923e+17	1.00e+00	1.57e-14	0.00e+00
 2.79689e+17	1.00e+00	1.40e-14	0.00e+00
 2.85884e+17	1.00e+00	1.20e-14	0.00e+00
 2.93937e+17	1.00e+00	9.68e-15	0.00e+00
 3.04407e+17	1.00e+00	7.22e-15	0.00e+00
 3.16531e+17	1.00e+00	4.85e-15	0.00e+00
 3.29192e+17	1.00e+00	4.11e-15	0.00e+00
 3.42360e+17	1.00e+00	3.59e-15	0.00e+00
 3.56054e+17	1.00e+00	3.13e-15	0.00e+00
 3.70297e+17	1.00e+00	2.69e-15	0.00e+00
 3.84619e+17	1.00e+00	2.28e-15	0.00e+00
 3.98148e+17	1.00e+00	2.16e-15	0.00e+00
 4.10421e+17	1.00e+00	2.25e-15	0.00e+00
 4.21605e+17	1.00e+00	2.39e-15	0.00e+00
 4.32068e+17	1.00e+00	2.39e-15	0.00e+00
 4.41939e+17	1.00e+00	2.31e-15	0.00e+00
 4.51093e+17	1.00e+00	2.20e-15	0.00e+00
 4.59340e+17	1.00e+00	2.14e-15	0.00e+00
 4.66646e+17	1.00e+00	2.10e-15	0.00e+00
 4.73153e+17	1.00e+00	2.05e-15	0.00e+00
 4.78672e+17	1.00e+00	1.95e-15	0.00e+00
 4.82617e+17	1.00e+00	1.94e-15	0.00e+00
 4.84983e+17	1.00e+00	2.01e-15	0.00e+00
 4.86354e+17	1.00e+00	2.07e-15	0.00e+00
 4.87176e+17	1.00e+00	2.10e-15	0.00e+00
 4.87672e+17	1.00e+00	2.12e-15	0.00e+00
 4.88025e+17	1.00e+00	2.14e-15	0.00e+00
 4.88374e+17	1.00e+00	2.14e-15	0.00e+00
 4.88778e+17	1.00e+00	2.15e-15	0.00e+00
 4.89202e+17	1.00e+00	2.15e-15	0.00e+00
 4.89552e+17	1.00e+00	2.16e-15	0.00e+00
 4.89864e+17	1.00e+00	2.16e-15	0.00e+00
 4.90180e+17	1.00e+00	2.16e-15	0.00e+00
 4.90470e+17	1.00e+00	2.15e-15	0.00e+00
 4.90728e+17	1.00e+00	2.15e-15	0.00e+00
 4.90966e+17	1.00e+00	2.15e-15	0.00e+00
 4.91208e+17	1.00e+00	2.14e-15	0.00e+00
 4.91441e+17	1.00e+00	2.14e-15	0.00e+00
 4.91654e+17	1.00e+00	2.13e-15	0.00e+00
 4.91849e+17	1.00e+00	2.13e-15	0.00e+00
 4.92046e+17	1.00e+00	2.12e-15	0.00e+00
 4.92243e+17	1.00e+00	2.12e-15	0.00e+00
 4.92424e+17	1.00e+00	2.11e-15	0.00e+00
 4.92590e+17	1.00e+00	2.10e-15	0.00e+00
 4.92749e+17	1.00e+00	2.10e-15	0.00e+00
 4.92908e+17	1.00e+00	2.09e-15	0.00e+00
 4.93067e+17	1.00e+00	2.09e-15	0.00e+00
 4.93220e+17	1.00e+00	2.08e-15	0.00e+00
 4.93369e+17	1.00e+00	2.08e-15	0.00e+00
 4.93513e+17	1.00e+00	2.07e-15	0.00e+00
 4.93653e+17	1.00e+00	2.06e-15	0.00e+00
 4.93789e+17	1.00e+00	2.06e-15	0.00e+00
 4.93923e+17	1.00e+00	2.05e-15	0.00e+00
 4.94059e+17	1.00e+00	2.04e-15	0.00e+00
 4.94194e+17	1.00e+00	2.04e-15	0.00e+00
 4.94327e+17	1.00e+00	2.03e-15	0.00e+00
 4.94455e+17	1.00e+00	2.02e-15	0.00e+00
 4.94581e+17	1.00e+00	2.02e-15	0.00e+00
 4.94714e+17	1.00e+00	2.01e-15	0.00e+00
 4.94849e+17	1.00e+00	2.00e-15	0.00e+00
 4.94985e+17	1.00e+00	1.99e-15	0.00e+00
 4.95120e+17	1.00e+00	1.98e-15	0.00e+00
 4.95253e+17	1.00e+00	1.98e-15	0.00e+00
 4.95386e+17	1.00e+00	1.97e-15	0.00e+00
 4.95517e+17	1.00e+00	1.96e-15	0.00e+00
 4.95659e+17	1.00e+00	1.95e-15	0.00e+00
 4.95812e+17	1.00e+00	1.94e-15	0.00e+00
 4.95954e+17	1.00e+00	1.93e-15	0.00e+00
 4.96092e+17	1.00e+00	1.92e-15	0.00e+00
 4.96248e+17	1.00e+00	1.91e-15	0.00e+00
 4.96420e+17	1.00e+00	1.89e-15	0.00e+00
 4.96585e+17	1.00e+00	1.88e-15	0.00e+00
 4.96735e+17	1.00e+00	1.87e-15	0.00e+00
 4.96888e+17	1.00e+00	1.86e-15	0.00e+00
 4.97066e+17	1.00e+00	1.85e-15	0.00e+00
 4.97248e+17	1.00e+00	1.83e-15	0.00e+00
 4.97413e+17	1.00e+00	1.82e-15	0.00e+00
 4.97583e+17	1.00e+00	1.81e-15	0.00e+00
 4.97782e+17	1.00e+00	1.79e-15	0.00e+00
 4.97994e+17	1.00e+00	1.77e-15	0.00e+00
 4.98189e+17	1.00e+00	1.76e-15	0.00e+00
 4.98373e+17	1.00e+00	1.74e-15	0.00e+00
 4.98570e+17	1.00e+00	1.73e-15	0.00e+00
 4.98786e+17	1.00e+00	1.71e-15	0.00e+00
 4.99018e+17	1.00e+00	1.69e-15	0.00e+00
 4.99248e+17	1.00e+00	1.67e-15	0.00e+00
 4.99471e+17	1.00e+00	1.65e-15	0.00e+00
 4.99697e+17	1.00e+00	1.63e-15	0.00e+00
 4.99932e+17	1.00e+00	1.61e-15	0.00e+00
 5.00180e+17	1.00e+00	1.59e-15	0.00e+00
 5.00433e+17	1.00e+00	1.57e-15	0.00e+00
 5.00692e+17	1.00e+00	1.54e-15	0.00e+00
 5.00959e+17	1.00e+00	1.52e-15	0.00e+00
 5.01243e+17	1.00e+00	1.50e-15	0.00e+00
 5.01535e+17	1.00e+00	1.47e-15	0.00e+00
 5.01814e+17	1.00e+00	1.44e-15	0.00e+00
 5.02095e+17	1.00e+00	1.42e-15	0.00e+00
 5.02401e+17	1.00e+00	1.39e-15	0.00e+00
 5.02725e+17	1.00e+00	1.37e-15	0.00e+00
 5.03048e+17	1.00e+00	1.34e-15	0.00e+00
 5.03369e+17	1.00e+00	1.31e-15	0.00e+00
 5.03697e+17	1.00e+00	1.28e-15	0.00e+00
 5.04039e+17	1.00e+00	1.25e-15	0.00e+00
 5.04389e+17	1.00e+00	1.22e-15	0.00e+00
 5.04746e+17	1.00e+00	1.19e-15	0.00e+00
 5.05114e+17	1.00e+00	1.16e-15	0.00e+00
 5.05489e+17	1.00e+00	1.13e-15	0.00e+00
 5.05866e+17	1.00e+00	1.10e-15	0.00e+00
 5.06259e+17	1.00e+00	1.07e-15	0.00e+00
 5.06664e+17	1.00e+00	1.03e-15	0.00e+00
 5.07072e+17	1.00e+00	9.99e-16	0.00e+00
 5.07486e+17	1.00e+00	9.67e-16	0.00e+00
 5.07910e+17	1.00e+00	9.33e-16	0.00e+00
 5.08349e+17	1.00e+00	9.00e-16	0.00e+00
 5.08798e+17	1.00e+00	8.66e-16	0.00e+00
 5.09258e+17	1.00e+00	8.32e-16	0.00e+00
 5.09720e+17	1.00e+00	7.98e-16	0.00e+00
 5.10185e+17	1.00e+00	7.65e-16	0.00e+00
 5.10673e+17	1.00e+00	7.31e-16	0.00e+00
 5.11168e+17	1.00e+00	6.97e-16	0.00e+00
 5.11662e+17	1.00e+00	6.64e-16	0.00e+00
 5.12166e+17	1.00e+00	6.33e-16	0.00e+00
 5.12715e+17	1.00e+00	6.01e-16	0.00e+00
 5.13293e+17	1.00e+00	5.66e-16	0.00e+00
 5.13855e+17	1.00e+00	5.33e-16	0.00e+00
 5.14424e+17	1.00e+00	5.01e-16	0.00e+00
 5.15009e+17	1.00e+00	4.70e-16	0.00e+00
 5.15596e+17	1.00e+00	4.41e-16	0.00e+00
 5.16223e+17	1.00e+00	4.12e-16	0.00e+00
 5.16895e+17	1.00e+00	3.81e-16	0.00e+00
 5.17540e+17	1.00e+00	3.52e-16	0.00e+00
 5.18112e+17	1.00e+00	3.27e-16	0.00e+00
 5.18610e+17	1.00e+00	3.07e-16	0.00e+00
 5.19066e+17	1.00e+00	2.89e-16	0.00e+00
 5.19506e+17	1.00e+00	2.74e-16	0.00e+00
 5.19938e+17	1.00e+00	2.59e-16	0.00e+00
 5.20349e+17	1.00e+00	2.45e-16	0.00e+00
 5.20735e+17	1.00e+00	2.33e-16	0.00e+00
 5.21101e+17	1.00e+00	2.22e-16	0.00e+00
 5.21452e+17	1.00e+00	2.11e-16	0.00e+00
 5.21792e+17	1.00e+00	2.02e-16	0.00e+00
 5.22119e+17	1.00e+00	1.92e-16	0.00e+00
 5.22434e+17	1.00e+00	1.84e-16	0.00e+00
 5.22736e+17	1.00e+00	1.76e-16	0.00e+00
 5.23027e+17	1.00e+00	1.69e-16	0.00e+00
 5.23308e+17	1.00e+00	1.62e-16	0.00e+00
 5.23579e+17	1.00e+00	1.55e-16	0.00e+00
 5.23841e+17	1.00e+00	1.49e-16	0.00e+00
 5.24093e+17	1.00e+00	1.43e-16	0.00e+00
 5.24335e+17	1.00e+00	1.37e-16	0.00e+00
 5.24572e+17	1.00e+00	1.32e-16	0.00e+00
 5.24802e+17	1.00e+00	1.27e-16	0.00e+00
 5.25026e+17	1.00e+00	1.23e-16	0.00e+00
 5.25244e+17	1.00e+00	1.18e-16	0.00e+00
 5.25452e+17	1.00e+00	1.14e-16	0.00e+00
 5.25653e+17	1.00e+00	1.10e-16	0.00e+00
 5.25851e+17	1.00e+00	1.06e-16	0.00e+00
 5.26047e+17	1.00e+00	1.03e-16	0.00e+00
 5.26239e+17	1.00e+00	9.92e-17	0.00e+00
 5.26425e+17	1.00e+00	9.58e-17	0.00e+00
 5.26606e+17	1.00e+00	9.27e-17	0.00e+00
 5.26783e+17	1.00e+00	8.98e-17	0.00e+00
 5.26985e+17	1.00e+00	8.69e-17	0.00e+00
 5.27248e+17	1.00e+00	8.34e-17	0.00e+00
 5.27589e+17	1.00e+00	7.88e-17	0.00e+00
 5.28033e+17	1.00e+00	7.33e-17	0.00e+00
 5.28610e+17	1.00e+00	6.64e-17	0.00e+00
 5.29360e+17	1.00e+00	5.85e-17	0.00e+00
 5.30224e+17	1.00e+00	4.95e-17	0.00e+00
 5.31016e+17	1.00e+00	4.16e-17	0.00e+00
 5.31641e+17	1.00e+00	3.60e-17	0.00e+00
 5.32161e+17	1.00e+00	3.23e-17	0.00e+00
 5.32680e+17	1.00e+00	2.92e-17	0.00e+00
 5.33249e+17	1.00e+00	2.61e-17	0.00e+00
 5.33850e+17	1.00e+00	2.31e-17	0.00e+00
 5.34438e+17	1.00e+00	2.04e-17	0.00e+00
 5.35000e+17	1.00e+00	1.82e-17	0.00e+00
 5.35557e+17	1.00e+00	1.60e-17	0.00e+00
 5.36132e+17	1.00e+00	1.42e-17	0.00e+00
