#depth	He	He+	He+2
 1.49634e+10	1.17e-21	7.16e-09	1.00e+00
 4.54887e+10	1.34e-21	7.75e-09	1.00e+00
 7.72350e+10	1.54e-21	8.40e-09	1.00e+00
 1.10251e+11	1.77e-21	9.10e-09	1.00e+00
 1.44588e+11	2.04e-21	9.87e-09	1.00e+00
 1.80298e+11	2.35e-21	1.07e-08	1.00e+00
 2.17437e+11	2.72e-21	1.16e-08	1.00e+00
 2.56061e+11	3.14e-21	1.26e-08	1.00e+00
 2.96231e+11	3.64e-21	1.36e-08	1.00e+00
 3.38007e+11	4.21e-21	1.48e-08	1.00e+00
 3.81454e+11	4.89e-21	1.60e-08	1.00e+00
 4.26639e+11	5.68e-21	1.74e-08	1.00e+00
 4.73631e+11	6.60e-21	1.89e-08	1.00e+00
 5.22503e+11	7.68e-21	2.05e-08	1.00e+00
 5.73330e+11	8.95e-21	2.22e-08	1.00e+00
 6.26190e+11	1.04e-20	2.41e-08	1.00e+00
 6.81164e+11	1.22e-20	2.62e-08	1.00e+00
 7.38337e+11	1.42e-20	2.84e-08	1.00e+00
 7.97798e+11	1.67e-20	3.08e-08	1.00e+00
 8.59636e+11	1.95e-20	3.35e-08	1.00e+00
 9.23949e+11	2.29e-20	3.64e-08	1.00e+00
 9.90833e+11	2.69e-20	3.95e-08	1.00e+00
 1.06039e+12	3.16e-20	4.29e-08	1.00e+00
 1.13274e+12	3.71e-20	4.67e-08	1.00e+00
 1.20797e+12	4.37e-20	5.07e-08	1.00e+00
 1.28622e+12	5.15e-20	5.52e-08	1.00e+00
 1.36759e+12	6.08e-20	6.00e-08	1.00e+00
 1.45222e+12	7.18e-20	6.53e-08	1.00e+00
 1.54024e+12	8.49e-20	7.10e-08	1.00e+00
 1.63178e+12	1.00e-19	7.73e-08	1.00e+00
 1.72697e+12	1.19e-19	8.41e-08	1.00e+00
 1.82598e+12	1.41e-19	9.16e-08	1.00e+00
 1.92895e+12	1.67e-19	9.97e-08	1.00e+00
 2.03603e+12	1.99e-19	1.09e-07	1.00e+00
 2.14740e+12	2.36e-19	1.18e-07	1.00e+00
 2.26322e+12	2.81e-19	1.29e-07	1.00e+00
 2.38368e+12	3.35e-19	1.41e-07	1.00e+00
 2.50895e+12	3.99e-19	1.53e-07	1.00e+00
 2.63924e+12	4.76e-19	1.67e-07	1.00e+00
 2.77473e+12	5.68e-19	1.82e-07	1.00e+00
 2.91565e+12	6.79e-19	1.99e-07	1.00e+00
 3.06220e+12	8.12e-19	2.18e-07	1.00e+00
 3.21461e+12	9.71e-19	2.38e-07	1.00e+00
 3.37313e+12	1.16e-18	2.60e-07	1.00e+00
 3.53798e+12	1.39e-18	2.84e-07	1.00e+00
 3.70942e+12	1.67e-18	3.10e-07	1.00e+00
 3.88773e+12	2.01e-18	3.39e-07	1.00e+00
 4.07316e+12	2.41e-18	3.71e-07	1.00e+00
 4.26602e+12	2.90e-18	4.06e-07	1.00e+00
 4.46658e+12	3.48e-18	4.45e-07	1.00e+00
 4.67517e+12	4.19e-18	4.88e-07	1.00e+00
 4.89211e+12	5.04e-18	5.34e-07	1.00e+00
 5.11772e+12	6.07e-18	5.86e-07	1.00e+00
 5.35235e+12	7.31e-18	6.42e-07	1.00e+00
 5.59638e+12	8.81e-18	7.04e-07	1.00e+00
 5.85016e+12	1.06e-17	7.72e-07	1.00e+00
 6.11409e+12	1.28e-17	8.47e-07	1.00e+00
 6.38858e+12	1.54e-17	9.30e-07	1.00e+00
 6.67405e+12	1.86e-17	1.02e-06	1.00e+00
 6.97094e+12	2.24e-17	1.12e-06	1.00e+00
 7.27970e+12	2.70e-17	1.23e-06	1.00e+00
 7.60082e+12	3.25e-17	1.35e-06	1.00e+00
 7.93478e+12	3.92e-17	1.48e-06	1.00e+00
 8.28210e+12	4.72e-17	1.63e-06	1.00e+00
 8.64331e+12	5.69e-17	1.79e-06	1.00e+00
 9.01897e+12	6.85e-17	1.96e-06	1.00e+00
 9.40965e+12	8.24e-17	2.15e-06	1.00e+00
 9.81596e+12	9.91e-17	2.36e-06	1.00e+00
 1.02385e+13	1.19e-16	2.59e-06	1.00e+00
 1.06780e+13	1.43e-16	2.84e-06	1.00e+00
 1.11350e+13	1.72e-16	3.12e-06	1.00e+00
 1.16104e+13	2.06e-16	3.42e-06	1.00e+00
 1.21047e+13	2.47e-16	3.75e-06	1.00e+00
 1.26188e+13	2.96e-16	4.11e-06	1.00e+00
 1.31535e+13	3.55e-16	4.50e-06	1.00e+00
 1.37096e+13	4.25e-16	4.93e-06	1.00e+00
 1.42879e+13	5.08e-16	5.39e-06	1.00e+00
 1.48893e+13	6.08e-16	5.91e-06	1.00e+00
 1.55148e+13	7.26e-16	6.46e-06	1.00e+00
 1.61653e+13	8.67e-16	7.07e-06	1.00e+00
 1.68419e+13	1.03e-15	7.73e-06	1.00e+00
 1.75455e+13	1.23e-15	8.45e-06	1.00e+00
 1.82772e+13	1.47e-15	9.23e-06	1.00e+00
 1.90383e+13	1.75e-15	1.01e-05	1.00e+00
 1.98297e+13	2.08e-15	1.10e-05	1.00e+00
 2.06528e+13	2.47e-15	1.20e-05	1.00e+00
 2.15089e+13	2.93e-15	1.31e-05	1.00e+00
 2.23991e+13	3.48e-15	1.43e-05	1.00e+00
 2.33250e+13	4.13e-15	1.56e-05	1.00e+00
 2.42880e+13	4.89e-15	1.70e-05	1.00e+00
 2.52894e+13	5.79e-15	1.85e-05	1.00e+00
 2.63309e+13	6.85e-15	2.01e-05	1.00e+00
 2.74141e+13	8.10e-15	2.19e-05	1.00e+00
 2.85406e+13	9.58e-15	2.38e-05	1.00e+00
 2.97121e+13	1.13e-14	2.59e-05	1.00e+00
 3.09305e+13	1.34e-14	2.81e-05	1.00e+00
 3.21977e+13	1.58e-14	3.06e-05	1.00e+00
 3.35155e+13	1.86e-14	3.33e-05	1.00e+00
 3.48861e+13	2.20e-14	3.61e-05	1.00e+00
 3.63114e+13	2.60e-14	3.93e-05	1.00e+00
 3.77938e+13	3.06e-14	4.27e-05	1.00e+00
 3.93355e+13	3.61e-14	4.64e-05	1.00e+00
 4.09388e+13	4.26e-14	5.04e-05	1.00e+00
 4.26063e+13	5.02e-14	5.47e-05	1.00e+00
 4.43405e+13	5.93e-14	5.95e-05	1.00e+00
 4.61441e+13	7.00e-14	6.46e-05	1.00e+00
 4.80197e+13	8.26e-14	7.02e-05	1.00e+00
 4.99705e+13	9.75e-14	7.62e-05	1.00e+00
 5.19992e+13	1.15e-13	8.29e-05	1.00e+00
 5.41091e+13	1.36e-13	9.00e-05	1.00e+00
 5.63034e+13	1.60e-13	9.78e-05	1.00e+00
 5.85854e+13	1.89e-13	1.06e-04	1.00e+00
 6.09588e+13	2.22e-13	1.15e-04	1.00e+00
 6.34271e+13	2.61e-13	1.25e-04	1.00e+00
 6.59941e+13	3.08e-13	1.35e-04	1.00e+00
 6.86638e+13	3.61e-13	1.47e-04	1.00e+00
 7.14402e+13	4.23e-13	1.59e-04	1.00e+00
 7.43278e+13	4.97e-13	1.72e-04	1.00e+00
 7.73308e+13	5.82e-13	1.86e-04	1.00e+00
 8.04540e+13	6.82e-13	2.02e-04	1.00e+00
 8.37021e+13	7.99e-13	2.18e-04	1.00e+00
 8.70801e+13	9.36e-13	2.36e-04	1.00e+00
 9.05932e+13	1.10e-12	2.55e-04	1.00e+00
 9.42469e+13	1.28e-12	2.76e-04	1.00e+00
 9.80467e+13	1.50e-12	2.99e-04	1.00e+00
 1.01998e+14	1.76e-12	3.23e-04	1.00e+00
 1.06108e+14	2.06e-12	3.50e-04	1.00e+00
 1.10383e+14	2.41e-12	3.78e-04	1.00e+00
 1.14828e+14	2.82e-12	4.09e-04	1.00e+00
 1.19451e+14	3.30e-12	4.42e-04	1.00e+00
 1.24259e+14	3.86e-12	4.79e-04	1.00e+00
 1.29259e+14	4.52e-12	5.18e-04	9.99e-01
 1.34459e+14	5.27e-12	5.59e-04	9.99e-01
 1.39868e+14	6.17e-12	6.05e-04	9.99e-01
 1.45173e+14	7.14e-12	6.51e-04	9.99e-01
 1.50269e+14	8.19e-12	6.97e-04	9.99e-01
 1.55887e+14	9.47e-12	7.49e-04	9.99e-01
 1.62152e+14	1.11e-11	8.10e-04	9.99e-01
 1.68340e+14	1.28e-11	8.72e-04	9.99e-01
 1.74774e+14	1.49e-11	9.40e-04	9.99e-01
 1.81635e+14	1.74e-11	1.01e-03	9.99e-01
 1.88369e+14	2.01e-11	1.09e-03	9.99e-01
 1.95531e+14	2.33e-11	1.17e-03	9.99e-01
 2.03382e+14	2.73e-11	1.27e-03	9.99e-01
 2.11230e+14	3.18e-11	1.37e-03	9.99e-01
 2.19392e+14	3.70e-11	1.48e-03	9.99e-01
 2.28198e+14	4.33e-11	1.60e-03	9.98e-01
 2.37019e+14	5.04e-11	1.73e-03	9.98e-01
 2.46193e+14	5.88e-11	1.86e-03	9.98e-01
 2.56071e+14	6.88e-11	2.02e-03	9.98e-01
 2.66344e+14	8.07e-11	2.18e-03	9.98e-01
 2.76810e+14	9.43e-11	2.36e-03	9.98e-01
 2.87696e+14	1.10e-10	2.55e-03	9.97e-01
 2.99233e+14	1.29e-10	2.76e-03	9.97e-01
 3.11233e+14	1.52e-10	2.99e-03	9.97e-01
 3.23712e+14	1.78e-10	3.24e-03	9.97e-01
 3.36690e+14	2.08e-10	3.51e-03	9.96e-01
 3.50188e+14	2.45e-10	3.80e-03	9.96e-01
 3.64225e+14	2.87e-10	4.12e-03	9.96e-01
 3.78824e+14	3.37e-10	4.46e-03	9.96e-01
 3.94007e+14	3.96e-10	4.84e-03	9.95e-01
 4.09797e+14	4.65e-10	5.24e-03	9.95e-01
 4.26219e+14	5.47e-10	5.69e-03	9.94e-01
 4.43298e+14	6.42e-10	6.17e-03	9.94e-01
 4.61060e+14	7.57e-10	6.70e-03	9.93e-01
 4.79532e+14	8.89e-10	7.26e-03	9.93e-01
 4.98743e+14	1.05e-09	7.88e-03	9.92e-01
 5.18723e+14	1.23e-09	8.55e-03	9.91e-01
 5.39502e+14	1.45e-09	9.28e-03	9.91e-01
 5.61112e+14	1.71e-09	1.01e-02	9.90e-01
 5.83586e+14	2.01e-09	1.10e-02	9.89e-01
 6.06960e+14	2.37e-09	1.19e-02	9.88e-01
 6.31268e+14	2.79e-09	1.30e-02	9.87e-01
 6.56548e+14	3.30e-09	1.41e-02	9.86e-01
 6.82840e+14	3.89e-09	1.54e-02	9.85e-01
 7.10184e+14	4.60e-09	1.67e-02	9.83e-01
 7.38621e+14	5.44e-09	1.83e-02	9.82e-01
 7.68196e+14	6.45e-09	1.99e-02	9.80e-01
 7.98954e+14	7.64e-09	2.18e-02	9.78e-01
 8.30942e+14	9.07e-09	2.39e-02	9.76e-01
 8.64209e+14	1.08e-08	2.61e-02	9.74e-01
 8.98808e+14	1.28e-08	2.87e-02	9.71e-01
 9.34790e+14	1.53e-08	3.15e-02	9.68e-01
 9.72211e+14	1.82e-08	3.48e-02	9.65e-01
 1.01113e+15	2.18e-08	3.84e-02	9.62e-01
 1.05160e+15	2.62e-08	4.25e-02	9.57e-01
 1.09370e+15	3.16e-08	4.72e-02	9.53e-01
 1.13748e+15	3.82e-08	5.27e-02	9.47e-01
 1.18301e+15	4.64e-08	5.90e-02	9.41e-01
 1.23036e+15	5.66e-08	6.65e-02	9.34e-01
 1.27960e+15	6.97e-08	7.53e-02	9.25e-01
 1.33081e+15	8.64e-08	8.61e-02	9.14e-01
 1.38408e+15	1.08e-07	9.92e-02	9.01e-01
 1.43797e+15	1.36e-07	1.15e-01	8.85e-01
 1.48977e+15	1.69e-07	1.33e-01	8.67e-01
 1.53827e+15	2.10e-07	1.54e-01	8.46e-01
 1.58409e+15	2.57e-07	1.79e-01	8.21e-01
 1.62796e+15	3.15e-07	2.07e-01	7.93e-01
 1.66995e+15	3.83e-07	2.39e-01	7.61e-01
 1.70984e+15	4.64e-07	2.77e-01	7.23e-01
 1.74764e+15	5.58e-07	3.21e-01	6.79e-01
 1.78373e+15	6.67e-07	3.70e-01	6.30e-01
 1.81860e+15	7.93e-07	4.26e-01	5.74e-01
 1.85276e+15	9.39e-07	4.90e-01	5.10e-01
 1.89179e+15	1.13e-06	5.72e-01	4.28e-01
 1.93353e+15	1.35e-06	6.64e-01	3.36e-01
 1.97155e+15	1.59e-06	7.47e-01	2.53e-01
 2.01375e+15	1.84e-06	8.28e-01	1.72e-01
 2.06861e+15	2.10e-06	9.05e-01	9.54e-02
 2.13993e+15	2.35e-06	9.59e-01	4.08e-02
 2.22385e+15	2.61e-06	9.85e-01	1.45e-02
 2.31284e+15	2.81e-06	9.95e-01	5.02e-03
 2.40538e+15	3.26e-06	9.98e-01	1.76e-03
 2.50163e+15	3.72e-06	9.99e-01	6.37e-04
 2.60172e+15	4.13e-06	1.00e+00	2.38e-04
 2.70582e+15	4.16e-06	1.00e+00	9.23e-05
 2.81408e+15	4.64e-06	1.00e+00	3.70e-05
 2.92668e+15	4.74e-06	1.00e+00	1.53e-05
 3.04377e+15	5.87e-06	1.00e+00	6.54e-06
 3.16555e+15	5.57e-06	1.00e+00	2.89e-06
 3.29221e+15	6.94e-06	1.00e+00	1.33e-06
 3.42392e+15	6.44e-06	1.00e+00	6.37e-07
 3.56091e+15	7.88e-06	1.00e+00	3.24e-07
 3.70338e+15	7.77e-06	1.00e+00	1.78e-07
 3.85154e+15	9.71e-06	1.00e+00	1.06e-07
 4.00563e+15	9.11e-06	1.00e+00	6.96e-08
 4.16589e+15	1.12e-05	1.00e+00	4.96e-08
 4.33255e+15	1.09e-05	1.00e+00	3.77e-08
 4.50589e+15	1.35e-05	1.00e+00	3.00e-08
 4.68615e+15	1.96e-05	1.00e+00	2.45e-08
 4.87363e+15	2.16e-05	1.00e+00	2.05e-08
 5.06860e+15	2.39e-05	1.00e+00	1.73e-08
 5.27138e+15	2.63e-05	1.00e+00	1.47e-08
 5.48226e+15	2.91e-05	1.00e+00	1.26e-08
 5.70158e+15	3.22e-05	1.00e+00	1.08e-08
 5.92968e+15	3.55e-05	1.00e+00	9.26e-09
 6.16689e+15	3.93e-05	1.00e+00	7.95e-09
 6.41360e+15	4.34e-05	1.00e+00	6.82e-09
 6.67017e+15	4.79e-05	1.00e+00	5.85e-09
 6.93701e+15	5.30e-05	1.00e+00	5.02e-09
 7.21452e+15	5.85e-05	1.00e+00	4.30e-09
 7.50313e+15	6.46e-05	1.00e+00	3.69e-09
 7.80329e+15	7.13e-05	1.00e+00	3.16e-09
 8.11545e+15	7.88e-05	1.00e+00	2.70e-09
 8.44010e+15	8.69e-05	1.00e+00	2.31e-09
 8.77773e+15	9.61e-05	1.00e+00	1.97e-09
 9.12887e+15	9.31e-05	1.00e+00	1.68e-09
 9.49405e+15	8.46e-05	1.00e+00	1.44e-09
 9.87384e+15	9.10e-05	1.00e+00	1.22e-09
 1.02688e+16	1.11e-04	1.00e+00	1.04e-09
 1.06796e+16	1.16e-04	1.00e+00	8.81e-10
 1.11068e+16	1.15e-04	1.00e+00	7.47e-10
 1.15511e+16	1.36e-04	1.00e+00	6.31e-10
 1.20132e+16	1.51e-04	1.00e+00	5.33e-10
 1.24938e+16	1.29e-04	1.00e+00	4.45e-10
 1.29047e+16	1.44e-04	1.00e+00	3.79e-10
 1.32864e+16	1.90e-04	1.00e+00	3.46e-10
 1.37722e+16	1.80e-04	1.00e+00	2.92e-10
 1.42990e+16	2.29e-04	1.00e+00	2.43e-10
 1.48469e+16	2.40e-04	1.00e+00	2.06e-10
 1.54408e+16	2.72e-04	1.00e+00	1.71e-10
 1.60584e+16	3.37e-04	1.00e+00	1.42e-10
 1.65680e+16	3.65e-04	1.00e+00	1.18e-10
 1.70156e+16	3.84e-04	1.00e+00	1.08e-10
 1.75976e+16	4.35e-04	1.00e+00	9.17e-11
 1.82851e+16	5.10e-04	9.99e-01	7.45e-11
 1.89704e+16	5.78e-04	9.99e-01	6.06e-11
 1.95974e+16	6.73e-04	9.99e-01	5.10e-11
 2.01743e+16	7.56e-04	9.99e-01	4.35e-11
 2.08106e+16	8.72e-04	9.99e-01	3.73e-11
 2.15154e+16	1.05e-03	9.99e-01	2.99e-11
 2.21176e+16	1.20e-03	9.99e-01	2.48e-11
 2.25832e+16	1.35e-03	9.99e-01	2.19e-11
 2.30631e+16	1.52e-03	9.98e-01	1.96e-11
 2.35372e+16	1.72e-03	9.98e-01	1.65e-11
 2.38886e+16	1.86e-03	9.98e-01	1.49e-11
 2.41793e+16	2.04e-03	9.98e-01	1.38e-11
 2.45066e+16	2.25e-03	9.98e-01	1.27e-11
 2.48560e+16	2.50e-03	9.98e-01	1.11e-11
 2.51410e+16	2.74e-03	9.97e-01	1.01e-11
 2.53643e+16	2.95e-03	9.97e-01	9.42e-12
 2.56008e+16	3.22e-03	9.97e-01	8.83e-12
 2.58507e+16	3.53e-03	9.96e-01	7.95e-12
 2.60579e+16	3.82e-03	9.96e-01	7.35e-12
 2.62300e+16	4.13e-03	9.96e-01	6.93e-12
 2.64169e+16	4.49e-03	9.96e-01	6.53e-12
 2.66108e+16	4.92e-03	9.95e-01	5.93e-12
 2.67669e+16	5.34e-03	9.95e-01	5.55e-12
 2.68955e+16	5.73e-03	9.94e-01	5.28e-12
 2.70353e+16	6.23e-03	9.94e-01	5.02e-12
 2.71818e+16	6.83e-03	9.93e-01	4.62e-12
 2.73024e+16	7.41e-03	9.93e-01	4.35e-12
 2.74036e+16	7.97e-03	9.92e-01	4.15e-12
 2.75143e+16	8.71e-03	9.91e-01	3.95e-12
 2.76299e+16	9.59e-03	9.90e-01	3.65e-12
 2.77242e+16	1.05e-02	9.90e-01	3.45e-12
 2.78034e+16	1.13e-02	9.89e-01	3.30e-12
 2.78902e+16	1.25e-02	9.88e-01	3.15e-12
 2.79810e+16	1.38e-02	9.86e-01	2.92e-12
 2.80554e+16	1.52e-02	9.85e-01	2.76e-12
 2.81177e+16	1.66e-02	9.83e-01	2.64e-12
 2.81856e+16	1.86e-02	9.81e-01	2.52e-12
 2.82569e+16	2.10e-02	9.79e-01	2.33e-12
 2.83155e+16	2.34e-02	9.77e-01	2.20e-12
 2.83642e+16	2.60e-02	9.74e-01	2.09e-12
 2.84174e+16	2.96e-02	9.70e-01	1.99e-12
 2.84732e+16	3.43e-02	9.66e-01	1.83e-12
 2.85193e+16	3.95e-02	9.61e-01	1.71e-12
 2.85581e+16	4.52e-02	9.55e-01	1.61e-12
 2.86007e+16	5.35e-02	9.46e-01	1.51e-12
 2.86463e+16	6.58e-02	9.34e-01	1.35e-12
 2.86838e+16	8.06e-02	9.19e-01	1.21e-12
 2.87133e+16	9.72e-02	9.03e-01	1.11e-12
 2.87349e+16	1.14e-01	8.86e-01	1.01e-12
 2.87485e+16	1.27e-01	8.73e-01	9.61e-13
 2.87616e+16	1.43e-01	8.57e-01	9.12e-13
 2.87761e+16	1.64e-01	8.36e-01	8.32e-13
 2.87890e+16	1.87e-01	8.13e-01	7.59e-13
 2.87994e+16	2.10e-01	7.90e-01	7.00e-13
 2.88084e+16	2.34e-01	7.66e-01	6.47e-13
 2.88170e+16	2.61e-01	7.39e-01	5.92e-13
 2.88254e+16	2.92e-01	7.08e-01	5.35e-13
 2.88332e+16	3.26e-01	6.74e-01	4.79e-13
 2.88401e+16	3.60e-01	6.40e-01	4.28e-13
 2.88464e+16	3.95e-01	6.05e-01	3.82e-13
 2.88523e+16	4.32e-01	5.68e-01	3.37e-13
 2.88579e+16	4.69e-01	5.31e-01	2.95e-13
 2.88631e+16	5.07e-01	4.93e-01	2.57e-13
 2.88681e+16	5.44e-01	4.56e-01	2.22e-13
 2.88728e+16	5.80e-01	4.20e-01	1.91e-13
 2.88772e+16	6.15e-01	3.85e-01	1.63e-13
 2.88811e+16	6.45e-01	3.55e-01	1.40e-13
 2.88841e+16	6.67e-01	3.33e-01	1.24e-13
 2.88866e+16	6.86e-01	3.14e-01	1.12e-13
 2.88888e+16	7.01e-01	2.99e-01	1.02e-13
 2.88909e+16	7.15e-01	2.85e-01	9.31e-14
 2.88928e+16	7.28e-01	2.72e-01	8.55e-14
 2.88945e+16	7.38e-01	2.62e-01	7.91e-14
 2.88960e+16	7.47e-01	2.53e-01	7.36e-14
 2.88975e+16	7.56e-01	2.44e-01	6.88e-14
 2.88989e+16	7.63e-01	2.37e-01	6.44e-14
 2.89000e+16	7.69e-01	2.31e-01	6.10e-14
 2.89008e+16	7.73e-01	2.27e-01	5.89e-14
 2.89016e+16	7.77e-01	2.23e-01	5.68e-14
 2.89024e+16	7.81e-01	2.19e-01	5.44e-14
 2.89033e+16	7.85e-01	2.15e-01	5.22e-14
 2.89041e+16	7.89e-01	2.11e-01	5.00e-14
 2.89050e+16	7.92e-01	2.08e-01	4.81e-14
 2.89058e+16	7.96e-01	2.04e-01	4.62e-14
 2.89066e+16	7.99e-01	2.01e-01	4.43e-14
 2.89074e+16	8.02e-01	1.98e-01	4.26e-14
 2.89082e+16	8.05e-01	1.95e-01	4.10e-14
 2.89090e+16	8.08e-01	1.92e-01	3.94e-14
 2.89097e+16	8.11e-01	1.89e-01	3.79e-14
 2.89105e+16	8.13e-01	1.87e-01	3.64e-14
 2.89113e+16	8.16e-01	1.84e-01	3.51e-14
 2.89120e+16	8.18e-01	1.82e-01	3.38e-14
 2.89128e+16	8.20e-01	1.80e-01	3.25e-14
 2.89135e+16	8.22e-01	1.78e-01	3.13e-14
 2.89143e+16	8.25e-01	1.75e-01	3.01e-14
 2.89150e+16	8.26e-01	1.74e-01	2.90e-14
 2.89158e+16	8.28e-01	1.72e-01	2.80e-14
 2.89165e+16	8.30e-01	1.70e-01	2.69e-14
 2.89172e+16	8.32e-01	1.68e-01	2.60e-14
 2.89179e+16	8.33e-01	1.67e-01	2.50e-14
 2.89186e+16	8.35e-01	1.65e-01	2.41e-14
 2.89194e+16	8.36e-01	1.64e-01	2.32e-14
 2.89201e+16	8.38e-01	1.62e-01	2.24e-14
 2.89208e+16	8.39e-01	1.61e-01	2.16e-14
 2.89215e+16	8.40e-01	1.60e-01	2.08e-14
 2.89222e+16	8.42e-01	1.58e-01	2.00e-14
 2.89229e+16	8.43e-01	1.57e-01	1.93e-14
 2.89236e+16	8.44e-01	1.56e-01	1.86e-14
 2.89242e+16	8.45e-01	1.55e-01	1.79e-14
 2.89249e+16	8.47e-01	1.53e-01	1.73e-14
 2.89256e+16	8.48e-01	1.52e-01	1.66e-14
 2.89263e+16	8.49e-01	1.51e-01	1.60e-14
 2.89270e+16	8.50e-01	1.50e-01	1.54e-14
 2.89276e+16	8.51e-01	1.49e-01	1.48e-14
 2.89283e+16	8.52e-01	1.48e-01	1.43e-14
 2.89290e+16	8.53e-01	1.47e-01	1.37e-14
 2.89296e+16	8.54e-01	1.46e-01	1.32e-14
 2.89303e+16	8.55e-01	1.45e-01	1.27e-14
 2.89310e+16	8.56e-01	1.44e-01	1.22e-14
 2.89317e+16	8.58e-01	1.42e-01	1.17e-14
 2.89324e+16	8.59e-01	1.41e-01	1.12e-14
 2.89330e+16	8.60e-01	1.40e-01	1.08e-14
 2.89337e+16	8.61e-01	1.39e-01	1.03e-14
 2.89344e+16	8.62e-01	1.38e-01	9.89e-15
 2.89351e+16	8.64e-01	1.36e-01	9.45e-15
 2.89358e+16	8.65e-01	1.35e-01	9.04e-15
 2.89365e+16	8.66e-01	1.34e-01	8.62e-15
 2.89372e+16	8.68e-01	1.32e-01	8.23e-15
 2.89379e+16	8.69e-01	1.31e-01	7.84e-15
 2.89386e+16	8.70e-01	1.30e-01	7.45e-15
 2.89393e+16	8.72e-01	1.28e-01	7.08e-15
 2.89401e+16	8.74e-01	1.26e-01	6.71e-15
 2.89408e+16	8.75e-01	1.25e-01	6.36e-15
 2.89416e+16	8.77e-01	1.23e-01	6.01e-15
 2.89423e+16	8.79e-01	1.21e-01	5.68e-15
 2.89431e+16	8.80e-01	1.20e-01	5.35e-15
 2.89438e+16	8.82e-01	1.18e-01	5.04e-15
 2.89445e+16	8.84e-01	1.16e-01	4.74e-15
 2.89452e+16	8.85e-01	1.15e-01	4.49e-15
 2.89458e+16	8.87e-01	1.13e-01	4.27e-15
 2.89464e+16	8.88e-01	1.12e-01	4.07e-15
 2.89469e+16	8.90e-01	1.10e-01	3.90e-15
 2.89474e+16	8.91e-01	1.09e-01	3.71e-15
 2.89480e+16	8.93e-01	1.07e-01	3.51e-15
 2.89485e+16	8.94e-01	1.06e-01	3.34e-15
 2.89490e+16	8.95e-01	1.05e-01	3.18e-15
 2.89495e+16	8.96e-01	1.04e-01	3.05e-15
 2.89500e+16	8.98e-01	1.02e-01	2.90e-15
 2.89505e+16	8.99e-01	1.01e-01	2.75e-15
 2.89510e+16	9.00e-01	9.97e-02	2.61e-15
 2.89514e+16	9.01e-01	9.85e-02	2.49e-15
 2.89518e+16	9.03e-01	9.74e-02	2.38e-15
 2.89522e+16	9.04e-01	9.65e-02	2.29e-15
 2.89526e+16	9.05e-01	9.53e-02	2.18e-15
 2.89530e+16	9.06e-01	9.43e-02	2.08e-15
 2.89534e+16	9.07e-01	9.32e-02	1.98e-15
 2.89537e+16	9.08e-01	9.22e-02	1.90e-15
 2.89540e+16	9.09e-01	9.13e-02	1.82e-15
 2.89543e+16	9.09e-01	9.05e-02	1.75e-15
 2.89547e+16	9.10e-01	8.95e-02	1.67e-15
 2.89550e+16	9.11e-01	8.85e-02	1.59e-15
 2.89554e+16	9.12e-01	8.76e-02	1.52e-15
 2.89557e+16	9.13e-01	8.67e-02	1.45e-15
 2.89560e+16	9.14e-01	8.60e-02	1.40e-15
 2.89563e+16	9.15e-01	8.50e-02	1.33e-15
 2.89566e+16	9.16e-01	8.40e-02	1.25e-15
 2.89570e+16	9.17e-01	8.31e-02	1.19e-15
 2.89573e+16	9.18e-01	8.23e-02	1.14e-15
 2.89576e+16	9.19e-01	8.15e-02	1.09e-15
 2.89579e+16	9.19e-01	8.06e-02	1.03e-15
 2.89581e+16	9.20e-01	7.98e-02	9.85e-16
 2.89584e+16	9.21e-01	7.90e-02	9.37e-16
 2.89587e+16	9.22e-01	7.82e-02	8.91e-16
 2.89590e+16	9.23e-01	7.74e-02	8.46e-16
 2.89593e+16	9.23e-01	7.66e-02	8.03e-16
 2.89596e+16	9.24e-01	7.58e-02	7.62e-16
 2.89599e+16	9.25e-01	7.50e-02	7.22e-16
 2.89602e+16	9.26e-01	7.42e-02	6.84e-16
 2.89605e+16	9.27e-01	7.34e-02	6.47e-16
 2.89607e+16	9.27e-01	7.26e-02	6.12e-16
 2.89610e+16	9.28e-01	7.19e-02	5.79e-16
 2.89613e+16	9.29e-01	7.11e-02	5.47e-16
 2.89616e+16	9.30e-01	7.04e-02	5.17e-16
 2.89619e+16	9.30e-01	6.96e-02	4.88e-16
 2.89622e+16	9.31e-01	6.89e-02	4.60e-16
 2.89625e+16	9.32e-01	6.82e-02	4.35e-16
 2.89628e+16	9.32e-01	6.75e-02	4.11e-16
 2.89631e+16	9.33e-01	6.68e-02	3.85e-16
 2.89634e+16	9.34e-01	6.61e-02	3.61e-16
 2.89636e+16	9.35e-01	6.55e-02	3.38e-16
 2.89639e+16	9.35e-01	6.48e-02	3.16e-16
 2.89642e+16	9.36e-01	6.41e-02	2.96e-16
 2.89645e+16	9.37e-01	6.35e-02	2.77e-16
 2.89648e+16	9.37e-01	6.28e-02	2.59e-16
 2.89651e+16	9.38e-01	6.22e-02	2.43e-16
 2.89654e+16	9.38e-01	6.15e-02	2.26e-16
 2.89657e+16	9.39e-01	6.09e-02	2.12e-16
 2.89660e+16	9.40e-01	6.03e-02	1.98e-16
 2.89663e+16	9.40e-01	5.96e-02	1.84e-16
 2.89667e+16	9.41e-01	5.89e-02	1.69e-16
 2.89670e+16	9.42e-01	5.82e-02	1.57e-16
 2.89673e+16	9.42e-01	5.76e-02	1.46e-16
 2.89676e+16	9.43e-01	5.70e-02	1.37e-16
 2.89679e+16	9.44e-01	5.64e-02	1.28e-16
 2.89683e+16	9.44e-01	5.57e-02	1.18e-16
 2.89686e+16	9.45e-01	5.51e-02	1.09e-16
 2.89689e+16	9.45e-01	5.46e-02	1.02e-16
 2.89692e+16	9.46e-01	5.40e-02	9.52e-17
 2.89697e+16	9.47e-01	5.31e-02	8.62e-17
 2.89701e+16	9.48e-01	5.24e-02	7.78e-17
 2.89706e+16	9.48e-01	5.16e-02	7.09e-17
 2.89709e+16	9.49e-01	5.10e-02	6.51e-17
 2.89713e+16	9.50e-01	5.04e-02	6.06e-17
 2.89717e+16	9.50e-01	4.98e-02	5.59e-17
 2.89721e+16	9.51e-01	4.91e-02	5.11e-17
 2.89725e+16	9.52e-01	4.85e-02	4.70e-17
 2.89728e+16	9.52e-01	4.80e-02	4.38e-17
 2.89732e+16	9.53e-01	4.73e-02	4.04e-17
 2.89736e+16	9.53e-01	4.67e-02	3.71e-17
 2.89740e+16	9.54e-01	4.62e-02	3.44e-17
 2.89744e+16	9.54e-01	4.56e-02	3.17e-17
 2.89748e+16	9.55e-01	4.49e-02	2.89e-17
 2.89752e+16	9.56e-01	4.44e-02	2.67e-17
 2.89757e+16	9.56e-01	4.37e-02	2.45e-17
 2.89761e+16	9.57e-01	4.30e-02	2.23e-17
 2.89766e+16	9.58e-01	4.24e-02	2.05e-17
 2.89770e+16	9.58e-01	4.18e-02	1.88e-17
 2.89775e+16	9.59e-01	4.11e-02	1.70e-17
 2.89780e+16	9.60e-01	4.04e-02	1.56e-17
 2.89785e+16	9.60e-01	3.97e-02	1.42e-17
 2.89791e+16	9.61e-01	3.90e-02	1.28e-17
 2.89796e+16	9.62e-01	3.83e-02	1.17e-17
 2.89801e+16	9.62e-01	3.75e-02	1.07e-17
 2.89807e+16	9.63e-01	3.68e-02	9.60e-18
 2.89812e+16	9.64e-01	3.60e-02	8.76e-18
 2.89818e+16	9.65e-01	3.52e-02	7.95e-18
 2.89825e+16	9.66e-01	3.44e-02	7.15e-18
 2.89830e+16	9.66e-01	3.36e-02	6.51e-18
 2.89837e+16	9.67e-01	3.27e-02	5.90e-18
 2.89844e+16	9.68e-01	3.18e-02	5.29e-18
 2.89850e+16	9.69e-01	3.11e-02	4.83e-18
 2.89857e+16	9.70e-01	3.01e-02	4.37e-18
 2.89864e+16	9.71e-01	2.92e-02	3.92e-18
 2.89871e+16	9.72e-01	2.84e-02	3.58e-18
 2.89878e+16	9.73e-01	2.75e-02	3.24e-18
 2.89886e+16	9.73e-01	2.65e-02	2.92e-18
 2.89893e+16	9.74e-01	2.57e-02	2.68e-18
 2.89901e+16	9.75e-01	2.48e-02	2.43e-18
 2.89910e+16	9.76e-01	2.39e-02	2.19e-18
 2.89917e+16	9.77e-01	2.31e-02	2.01e-18
 2.89926e+16	9.78e-01	2.22e-02	1.84e-18
 2.89935e+16	9.79e-01	2.13e-02	1.67e-18
 2.89943e+16	9.79e-01	2.05e-02	1.53e-18
 2.89953e+16	9.80e-01	1.97e-02	1.40e-18
 2.89963e+16	9.81e-01	1.88e-02	1.28e-18
 2.89972e+16	9.82e-01	1.81e-02	1.18e-18
 2.89981e+16	9.83e-01	1.73e-02	1.08e-18
 2.89992e+16	9.84e-01	1.65e-02	9.90e-19
 2.90004e+16	9.84e-01	1.56e-02	9.01e-19
 2.90016e+16	9.85e-01	1.47e-02	8.15e-19
 2.90028e+16	9.86e-01	1.40e-02	7.47e-19
 2.90040e+16	9.87e-01	1.32e-02	6.82e-19
 2.90054e+16	9.88e-01	1.24e-02	6.17e-19
 2.90069e+16	9.88e-01	1.16e-02	5.56e-19
 2.90088e+16	9.89e-01	1.06e-02	4.88e-19
 2.90110e+16	9.90e-01	9.61e-03	4.20e-19
 2.90133e+16	9.91e-01	8.68e-03	3.62e-19
 2.90157e+16	9.92e-01	7.80e-03	3.11e-19
 2.90183e+16	9.93e-01	6.95e-03	2.64e-19
 2.90211e+16	9.94e-01	6.15e-03	2.23e-19
 2.90241e+16	9.95e-01	5.37e-03	1.85e-19
 2.90274e+16	9.95e-01	4.65e-03	1.52e-19
 2.90310e+16	9.96e-01	3.97e-03	1.22e-19
 2.90350e+16	9.97e-01	3.34e-03	9.70e-20
 2.90395e+16	9.97e-01	2.76e-03	7.48e-20
 2.90445e+16	9.98e-01	2.22e-03	5.59e-20
 2.90503e+16	9.98e-01	1.73e-03	4.01e-20
 2.90570e+16	9.99e-01	1.31e-03	2.75e-20
 2.90642e+16	9.99e-01	9.79e-04	1.84e-20
 2.90713e+16	9.99e-01	7.34e-04	1.24e-20
 2.90785e+16	9.99e-01	5.53e-04	8.41e-21
 2.90856e+16	1.00e+00	4.18e-04	0.00e+00
 2.90938e+16	1.00e+00	3.00e-04	0.00e+00
 2.91035e+16	1.00e+00	2.07e-04	0.00e+00
 2.91134e+16	1.00e+00	1.42e-04	0.00e+00
 2.91234e+16	1.00e+00	9.78e-05	0.00e+00
 2.91334e+16	1.00e+00	6.77e-05	0.00e+00
 2.91433e+16	1.00e+00	4.71e-05	0.00e+00
 2.91533e+16	1.00e+00	3.28e-05	0.00e+00
 2.91633e+16	1.00e+00	2.30e-05	0.00e+00
 2.91732e+16	1.00e+00	1.61e-05	0.00e+00
 2.91832e+16	1.00e+00	1.13e-05	0.00e+00
 2.91932e+16	1.00e+00	7.99e-06	0.00e+00
 2.92031e+16	1.00e+00	5.65e-06	0.00e+00
 2.92131e+16	1.00e+00	4.00e-06	0.00e+00
 2.92230e+16	1.00e+00	2.84e-06	0.00e+00
 2.92330e+16	1.00e+00	2.02e-06	0.00e+00
 2.92430e+16	1.00e+00	1.44e-06	0.00e+00
 2.92529e+16	1.00e+00	1.03e-06	0.00e+00
 2.92629e+16	1.00e+00	7.35e-07	0.00e+00
 2.92729e+16	1.00e+00	5.27e-07	0.00e+00
 2.92828e+16	1.00e+00	3.78e-07	0.00e+00
 2.92928e+16	1.00e+00	2.72e-07	0.00e+00
 2.93027e+16	1.00e+00	1.95e-07	0.00e+00
 2.93127e+16	1.00e+00	1.41e-07	0.00e+00
 2.93227e+16	1.00e+00	1.01e-07	0.00e+00
 2.93326e+16	1.00e+00	7.31e-08	0.00e+00
 2.93426e+16	1.00e+00	5.28e-08	0.00e+00
 2.93526e+16	1.00e+00	3.82e-08	0.00e+00
 2.93625e+16	1.00e+00	2.76e-08	0.00e+00
 2.93725e+16	1.00e+00	2.00e-08	0.00e+00
 2.93824e+16	1.00e+00	1.45e-08	0.00e+00
 2.93924e+16	1.00e+00	1.05e-08	0.00e+00
 2.94024e+16	1.00e+00	7.63e-09	0.00e+00
 2.94123e+16	1.00e+00	5.54e-09	0.00e+00
 2.94223e+16	1.00e+00	4.02e-09	0.00e+00
 2.94322e+16	1.00e+00	2.92e-09	0.00e+00
 2.94422e+16	1.00e+00	2.12e-09	0.00e+00
 2.94522e+16	1.00e+00	1.55e-09	0.00e+00
 2.94621e+16	1.00e+00	1.12e-09	0.00e+00
 2.94721e+16	1.00e+00	8.19e-10	0.00e+00
 2.94820e+16	1.00e+00	5.97e-10	0.00e+00
 2.94920e+16	1.00e+00	4.35e-10	0.00e+00
 2.95020e+16	1.00e+00	3.17e-10	0.00e+00
 2.95119e+16	1.00e+00	2.31e-10	0.00e+00
 2.95219e+16	1.00e+00	1.69e-10	0.00e+00
 2.95319e+16	1.00e+00	1.23e-10	0.00e+00
 2.95418e+16	1.00e+00	8.99e-11	0.00e+00
 2.95518e+16	1.00e+00	6.56e-11	0.00e+00
 2.95617e+16	1.00e+00	4.79e-11	0.00e+00
 2.95717e+16	1.00e+00	3.50e-11	0.00e+00
 2.95817e+16	1.00e+00	2.56e-11	0.00e+00
 2.95916e+16	1.00e+00	1.87e-11	0.00e+00
 2.96016e+16	1.00e+00	1.37e-11	0.00e+00
 2.96115e+16	1.00e+00	1.00e-11	0.00e+00
 2.96215e+16	1.00e+00	7.31e-12	0.00e+00
 2.96315e+16	1.00e+00	5.35e-12	0.00e+00
 2.96414e+16	1.00e+00	3.91e-12	0.00e+00
 2.96514e+16	1.00e+00	2.86e-12	0.00e+00
 2.96613e+16	1.00e+00	2.10e-12	0.00e+00
 2.96713e+16	1.00e+00	1.53e-12	0.00e+00
 2.96813e+16	1.00e+00	1.12e-12	0.00e+00
 2.96912e+16	1.00e+00	8.23e-13	0.00e+00
 2.97027e+16	1.00e+00	5.69e-13	0.00e+00
 2.97176e+16	1.00e+00	3.53e-13	0.00e+00
 2.97369e+16	1.00e+00	1.90e-13	0.00e+00
 2.97621e+16	1.00e+00	8.58e-14	0.00e+00
 2.97948e+16	1.00e+00	3.08e-14	0.00e+00
 2.98373e+16	1.00e+00	8.25e-15	0.00e+00
 2.98926e+16	1.00e+00	1.53e-15	0.00e+00
 2.99645e+16	1.00e+00	1.77e-16	0.00e+00
 3.00579e+16	1.00e+00	1.14e-17	0.00e+00
 3.01794e+16	1.00e+00	4.65e-19	0.00e+00
 3.03373e+16	1.00e+00	1.26e-19	0.00e+00
 3.05417e+16	1.00e+00	1.18e-19	0.00e+00
 3.07793e+16	1.00e+00	1.16e-19	0.00e+00
 3.10268e+16	1.00e+00	1.13e-19	0.00e+00
 3.12847e+16	1.00e+00	1.11e-19	0.00e+00
 3.15542e+16	1.00e+00	1.09e-19	0.00e+00
 3.18345e+16	1.00e+00	1.06e-19	0.00e+00
 3.21284e+16	1.00e+00	1.04e-19	0.00e+00
 3.24313e+16	1.00e+00	1.02e-19	0.00e+00
 3.27417e+16	1.00e+00	1.00e-19	0.00e+00
 3.30671e+16	1.00e+00	9.87e-20	0.00e+00
 3.34126e+16	1.00e+00	9.71e-20	0.00e+00
 3.37760e+16	1.00e+00	9.57e-20	0.00e+00
 3.41525e+16	1.00e+00	9.44e-20	0.00e+00
 3.45431e+16	1.00e+00	9.34e-20	0.00e+00
 3.49519e+16	1.00e+00	9.25e-20	0.00e+00
 3.53823e+16	1.00e+00	9.17e-20	0.00e+00
 3.58359e+16	1.00e+00	9.10e-20	0.00e+00
 3.63120e+16	1.00e+00	9.05e-20	0.00e+00
 3.68119e+16	1.00e+00	9.01e-20	0.00e+00
 3.73456e+16	1.00e+00	8.98e-20	0.00e+00
 3.79192e+16	1.00e+00	8.96e-20	0.00e+00
 3.85296e+16	1.00e+00	8.95e-20	0.00e+00
 3.91776e+16	1.00e+00	8.95e-20	0.00e+00
 3.98687e+16	1.00e+00	8.97e-20	0.00e+00
 4.06066e+16	1.00e+00	8.99e-20	0.00e+00
 4.13923e+16	1.00e+00	9.03e-20	0.00e+00
 4.22269e+16	1.00e+00	9.07e-20	0.00e+00
 4.31139e+16	1.00e+00	9.12e-20	0.00e+00
 4.40580e+16	1.00e+00	9.18e-20	0.00e+00
 4.50624e+16	1.00e+00	9.25e-20	0.00e+00
 4.61312e+16	1.00e+00	9.32e-20	0.00e+00
 4.72702e+16	1.00e+00	9.40e-20	0.00e+00
 4.84834e+16	1.00e+00	9.48e-20	0.00e+00
 4.97804e+16	1.00e+00	9.57e-20	0.00e+00
 5.11715e+16	1.00e+00	9.66e-20	0.00e+00
 5.26604e+16	1.00e+00	9.75e-20	0.00e+00
 5.42539e+16	1.00e+00	9.85e-20	0.00e+00
 5.59641e+16	1.00e+00	9.95e-20	0.00e+00
 5.78103e+16	1.00e+00	1.00e-19	0.00e+00
 5.98147e+16	1.00e+00	1.01e-19	0.00e+00
 6.19922e+16	1.00e+00	1.02e-19	0.00e+00
 6.43573e+16	1.00e+00	1.03e-19	0.00e+00
 6.69010e+16	1.00e+00	1.04e-19	0.00e+00
 6.95771e+16	1.00e+00	1.05e-19	0.00e+00
 7.23602e+16	1.00e+00	1.06e-19	0.00e+00
 7.52546e+16	1.00e+00	1.07e-19	0.00e+00
 7.82648e+16	1.00e+00	1.07e-19	0.00e+00
 8.13954e+16	1.00e+00	1.08e-19	0.00e+00
 8.46513e+16	1.00e+00	1.08e-19	0.00e+00
 8.80374e+16	1.00e+00	1.08e-19	0.00e+00
 9.15589e+16	1.00e+00	1.08e-19	0.00e+00
 9.52213e+16	1.00e+00	1.09e-19	0.00e+00
 9.90302e+16	1.00e+00	1.09e-19	0.00e+00
 1.02991e+17	1.00e+00	1.08e-19	0.00e+00
 1.07111e+17	1.00e+00	1.08e-19	0.00e+00
 1.11396e+17	1.00e+00	1.08e-19	0.00e+00
 1.15851e+17	1.00e+00	1.07e-19	0.00e+00
 1.20486e+17	1.00e+00	1.07e-19	0.00e+00
 1.25305e+17	1.00e+00	1.06e-19	0.00e+00
 1.30317e+17	1.00e+00	1.05e-19	0.00e+00
 1.35530e+17	1.00e+00	1.03e-19	0.00e+00
 1.40951e+17	1.00e+00	1.01e-19	0.00e+00
 1.46589e+17	1.00e+00	9.85e-20	0.00e+00
 1.52453e+17	1.00e+00	9.54e-20	0.00e+00
 1.58551e+17	1.00e+00	9.05e-20	0.00e+00
 1.64591e+17	1.00e+00	8.78e-20	0.00e+00
 1.70873e+17	1.00e+00	7.99e-20	0.00e+00
 1.76999e+17	1.00e+00	7.40e-20	0.00e+00
 1.82591e+17	1.00e+00	6.98e-20	0.00e+00
 1.89072e+17	1.00e+00	6.44e-20	0.00e+00
 1.96590e+17	1.00e+00	5.28e-20	0.00e+00
 2.03305e+17	1.00e+00	4.84e-20	0.00e+00
 2.09791e+17	1.00e+00	4.16e-20	0.00e+00
 2.16339e+17	1.00e+00	3.61e-20	0.00e+00
 2.22099e+17	1.00e+00	3.16e-20	0.00e+00
 2.28623e+17	1.00e+00	2.96e-20	0.00e+00
 2.36956e+17	1.00e+00	2.53e-20	0.00e+00
 2.46434e+17	1.00e+00	2.03e-20	0.00e+00
 2.55176e+17	1.00e+00	1.75e-20	0.00e+00
 2.64169e+17	1.00e+00	1.64e-20	0.00e+00
 2.74637e+17	1.00e+00	1.35e-20	0.00e+00
 2.85622e+17	1.00e+00	1.16e-20	0.00e+00
 2.97047e+17	1.00e+00	9.96e-21	0.00e+00
 3.08929e+17	1.00e+00	8.67e-21	0.00e+00
 3.21286e+17	1.00e+00	7.69e-21	0.00e+00
 3.34138e+17	1.00e+00	6.59e-21	0.00e+00
 3.47503e+17	1.00e+00	5.80e-21	0.00e+00
 3.61404e+17	1.00e+00	5.09e-21	0.00e+00
 3.75860e+17	1.00e+00	4.52e-21	0.00e+00
 3.89732e+17	1.00e+00	4.01e-21	0.00e+00
 4.02693e+17	1.00e+00	3.66e-21	0.00e+00
 4.15851e+17	1.00e+00	3.32e-21	0.00e+00
 4.29507e+17	1.00e+00	3.04e-21	0.00e+00
 4.43448e+17	1.00e+00	2.76e-21	0.00e+00
 4.57513e+17	1.00e+00	2.54e-21	0.00e+00
 4.71599e+17	1.00e+00	2.33e-21	0.00e+00
 4.85652e+17	1.00e+00	2.15e-21	0.00e+00
 4.99684e+17	1.00e+00	1.99e-21	0.00e+00
 5.13563e+17	1.00e+00	1.85e-21	0.00e+00
 5.27115e+17	1.00e+00	1.73e-21	0.00e+00
 5.40285e+17	1.00e+00	1.62e-21	0.00e+00
 5.53088e+17	1.00e+00	1.53e-21	0.00e+00
 5.65413e+17	1.00e+00	1.45e-21	0.00e+00
 5.77147e+17	1.00e+00	1.37e-21	0.00e+00
 5.88259e+17	1.00e+00	1.31e-21	0.00e+00
 5.98764e+17	1.00e+00	1.25e-21	0.00e+00
 6.08635e+17	1.00e+00	1.20e-21	0.00e+00
 6.17865e+17	1.00e+00	1.16e-21	0.00e+00
 6.26492e+17	1.00e+00	1.12e-21	0.00e+00
 6.34551e+17	1.00e+00	1.08e-21	0.00e+00
 6.42063e+17	1.00e+00	1.05e-21	0.00e+00
 6.49058e+17	1.00e+00	1.02e-21	0.00e+00
 6.55575e+17	1.00e+00	9.99e-22	0.00e+00
 6.61656e+17	1.00e+00	9.76e-22	0.00e+00
 6.67331e+17	1.00e+00	9.56e-22	0.00e+00
 6.72635e+17	1.00e+00	9.38e-22	0.00e+00
 6.77595e+17	1.00e+00	9.21e-22	0.00e+00
 6.82235e+17	1.00e+00	9.05e-22	0.00e+00
 6.86580e+17	1.00e+00	8.92e-22	0.00e+00
 6.90658e+17	1.00e+00	8.79e-22	0.00e+00
 6.94490e+17	1.00e+00	8.69e-22	0.00e+00
 6.98089e+17	1.00e+00	8.58e-22	0.00e+00
 7.01470e+17	1.00e+00	8.46e-22	0.00e+00
 7.04651e+17	1.00e+00	8.38e-22	0.00e+00
 7.07650e+17	1.00e+00	8.28e-22	0.00e+00
 7.10480e+17	1.00e+00	8.20e-22	0.00e+00
 7.13152e+17	1.00e+00	8.13e-22	0.00e+00
 7.15678e+17	1.00e+00	8.07e-22	0.00e+00
 7.18064e+17	1.00e+00	7.99e-22	0.00e+00
 7.20320e+17	1.00e+00	7.94e-22	0.00e+00
 7.22455e+17	1.00e+00	7.87e-22	0.00e+00
 7.24478e+17	1.00e+00	7.83e-22	0.00e+00
 7.26398e+17	1.00e+00	7.78e-22	0.00e+00
 7.28220e+17	1.00e+00	7.73e-22	0.00e+00
 7.29948e+17	1.00e+00	7.68e-22	0.00e+00
 7.31589e+17	1.00e+00	7.64e-22	0.00e+00
 7.33148e+17	1.00e+00	7.60e-22	0.00e+00
 7.34632e+17	1.00e+00	7.56e-22	0.00e+00
 7.36045e+17	1.00e+00	7.53e-22	0.00e+00
 7.37392e+17	1.00e+00	7.49e-22	0.00e+00
 7.38675e+17	1.00e+00	7.46e-22	0.00e+00
 7.39899e+17	1.00e+00	7.43e-22	0.00e+00
 7.41068e+17	1.00e+00	7.40e-22	0.00e+00
 7.42185e+17	1.00e+00	7.38e-22	0.00e+00
 7.43254e+17	1.00e+00	7.35e-22	0.00e+00
 7.44277e+17	1.00e+00	7.33e-22	0.00e+00
 7.45259e+17	1.00e+00	7.30e-22	0.00e+00
 7.46201e+17	1.00e+00	7.28e-22	0.00e+00
 7.47106e+17	1.00e+00	7.26e-22	0.00e+00
 7.47977e+17	1.00e+00	7.24e-22	0.00e+00
 7.48818e+17	1.00e+00	7.21e-22	0.00e+00
 7.49629e+17	1.00e+00	7.20e-22	0.00e+00
 7.50413e+17	1.00e+00	7.18e-22	0.00e+00
 7.51174e+17	1.00e+00	7.16e-22	0.00e+00
 7.51912e+17	1.00e+00	7.14e-22	0.00e+00
 7.52631e+17	1.00e+00	7.13e-22	0.00e+00
 7.53333e+17	1.00e+00	7.11e-22	0.00e+00
 7.54021e+17	1.00e+00	7.10e-22	0.00e+00
 7.54696e+17	1.00e+00	7.08e-22	0.00e+00
 7.55361e+17	1.00e+00	7.07e-22	0.00e+00
 7.56019e+17	1.00e+00	7.05e-22	0.00e+00
 7.56673e+17	1.00e+00	7.04e-22	0.00e+00
 7.57327e+17	1.00e+00	7.02e-22	0.00e+00
 7.57982e+17	1.00e+00	7.01e-22	0.00e+00
 7.58644e+17	1.00e+00	6.99e-22	0.00e+00
 7.59317e+17	1.00e+00	6.98e-22	0.00e+00
 7.60006e+17	1.00e+00	6.96e-22	0.00e+00
 7.60717e+17	1.00e+00	6.94e-22	0.00e+00
 7.61457e+17	1.00e+00	6.93e-22	0.00e+00
 7.62236e+17	1.00e+00	6.91e-22	0.00e+00
 7.63065e+17	1.00e+00	6.89e-22	0.00e+00
 7.63958e+17	1.00e+00	6.87e-22	0.00e+00
 7.64933e+17	1.00e+00	6.85e-22	0.00e+00
 7.66015e+17	1.00e+00	6.83e-22	0.00e+00
 7.67237e+17	1.00e+00	6.80e-22	0.00e+00
 7.68643e+17	1.00e+00	6.77e-22	0.00e+00
 7.70293e+17	1.00e+00	6.74e-22	0.00e+00
 7.72274e+17	1.00e+00	6.70e-22	0.00e+00
 7.74705e+17	1.00e+00	6.64e-22	0.00e+00
 7.77765e+17	1.00e+00	6.59e-22	0.00e+00
 7.81703e+17	1.00e+00	6.50e-22	0.00e+00
 7.86818e+17	1.00e+00	6.40e-22	0.00e+00
 7.93468e+17	1.00e+00	6.27e-22	0.00e+00
 8.02114e+17	1.00e+00	6.10e-22	0.00e+00
 8.13353e+17	1.00e+00	5.90e-22	0.00e+00
 8.27963e+17	1.00e+00	5.65e-22	0.00e+00
 8.46957e+17	1.00e+00	5.34e-22	0.00e+00
 8.71649e+17	1.00e+00	4.98e-22	0.00e+00
 9.03317e+17	1.00e+00	4.57e-22	0.00e+00
 9.35411e+17	1.00e+00	4.18e-22	0.00e+00
 9.61081e+17	1.00e+00	3.92e-22	0.00e+00
 9.83254e+17	1.00e+00	3.72e-22	0.00e+00
 1.00502e+18	1.00e+00	3.53e-22	0.00e+00
 1.02608e+18	1.00e+00	3.35e-22	0.00e+00
 1.04638e+18	1.00e+00	3.20e-22	0.00e+00
 1.06606e+18	1.00e+00	3.06e-22	0.00e+00
 1.08392e+18	1.00e+00	2.94e-22	0.00e+00
 1.09922e+18	1.00e+00	2.83e-22	0.00e+00
 1.11232e+18	1.00e+00	2.75e-22	0.00e+00
 1.12305e+18	1.00e+00	2.69e-22	0.00e+00
 1.13055e+18	1.00e+00	2.65e-22	0.00e+00
 1.13504e+18	1.00e+00	2.63e-22	0.00e+00
 1.13765e+18	1.00e+00	2.61e-22	0.00e+00
 1.13921e+18	1.00e+00	2.60e-22	0.00e+00
 1.14015e+18	1.00e+00	2.60e-22	0.00e+00
 1.14078e+18	1.00e+00	2.59e-22	0.00e+00
 1.14137e+18	1.00e+00	2.59e-22	0.00e+00
 1.14202e+18	1.00e+00	2.58e-22	0.00e+00
 1.14264e+18	1.00e+00	2.58e-22	0.00e+00
 1.14318e+18	1.00e+00	2.58e-22	0.00e+00
 1.14371e+18	1.00e+00	2.57e-22	0.00e+00
 1.14421e+18	1.00e+00	2.57e-22	0.00e+00
 1.14467e+18	1.00e+00	2.56e-22	0.00e+00
 1.14509e+18	1.00e+00	2.56e-22	0.00e+00
 1.14548e+18	1.00e+00	2.56e-22	0.00e+00
 1.14587e+18	1.00e+00	2.55e-22	0.00e+00
 1.14623e+18	1.00e+00	2.55e-22	0.00e+00
 1.14655e+18	1.00e+00	2.55e-22	0.00e+00
 1.14687e+18	1.00e+00	2.54e-22	0.00e+00
 1.14718e+18	1.00e+00	2.54e-22	0.00e+00
 1.14748e+18	1.00e+00	2.54e-22	0.00e+00
 1.14776e+18	1.00e+00	2.54e-22	0.00e+00
 1.14802e+18	1.00e+00	2.53e-22	0.00e+00
 1.14827e+18	1.00e+00	2.53e-22	0.00e+00
 1.14852e+18	1.00e+00	2.53e-22	0.00e+00
 1.14877e+18	1.00e+00	2.52e-22	0.00e+00
 1.14901e+18	1.00e+00	2.52e-22	0.00e+00
 1.14923e+18	1.00e+00	2.52e-22	0.00e+00
 1.14944e+18	1.00e+00	2.51e-22	0.00e+00
 1.14966e+18	1.00e+00	2.51e-22	0.00e+00
 1.14987e+18	1.00e+00	2.51e-22	0.00e+00
 1.15009e+18	1.00e+00	2.50e-22	0.00e+00
 1.15029e+18	1.00e+00	2.50e-22	0.00e+00
 1.15049e+18	1.00e+00	2.50e-22	0.00e+00
 1.15069e+18	1.00e+00	2.49e-22	0.00e+00
 1.15090e+18	1.00e+00	2.49e-22	0.00e+00
 1.15110e+18	1.00e+00	2.49e-22	0.00e+00
 1.15129e+18	1.00e+00	2.48e-22	0.00e+00
 1.15150e+18	1.00e+00	2.48e-22	0.00e+00
 1.15170e+18	1.00e+00	2.47e-22	0.00e+00
 1.15190e+18	1.00e+00	2.47e-22	0.00e+00
 1.15210e+18	1.00e+00	2.46e-22	0.00e+00
 1.15231e+18	1.00e+00	2.46e-22	0.00e+00
 1.15251e+18	1.00e+00	2.45e-22	0.00e+00
 1.15272e+18	1.00e+00	2.45e-22	0.00e+00
 1.15293e+18	1.00e+00	2.44e-22	0.00e+00
 1.15315e+18	1.00e+00	2.44e-22	0.00e+00
 1.15338e+18	1.00e+00	2.43e-22	0.00e+00
 1.15360e+18	1.00e+00	2.42e-22	0.00e+00
 1.15382e+18	1.00e+00	2.42e-22	0.00e+00
 1.15405e+18	1.00e+00	2.41e-22	0.00e+00
 1.15430e+18	1.00e+00	2.41e-22	0.00e+00
 1.15454e+18	1.00e+00	2.40e-22	0.00e+00
 1.15477e+18	1.00e+00	2.39e-22	0.00e+00
 1.15503e+18	1.00e+00	2.38e-22	0.00e+00
 1.15529e+18	1.00e+00	2.38e-22	0.00e+00
 1.15555e+18	1.00e+00	2.37e-22	0.00e+00
 1.15581e+18	1.00e+00	2.36e-22	0.00e+00
 1.15609e+18	1.00e+00	2.35e-22	0.00e+00
 1.15638e+18	1.00e+00	2.34e-22	0.00e+00
 1.15667e+18	1.00e+00	2.33e-22	0.00e+00
 1.15695e+18	1.00e+00	2.32e-22	0.00e+00
 1.15725e+18	1.00e+00	2.31e-22	0.00e+00
 1.15757e+18	1.00e+00	2.30e-22	0.00e+00
 1.15788e+18	1.00e+00	2.29e-22	0.00e+00
 1.15819e+18	1.00e+00	2.28e-22	0.00e+00
 1.15852e+18	1.00e+00	2.26e-22	0.00e+00
 1.15886e+18	1.00e+00	2.25e-22	0.00e+00
 1.15920e+18	1.00e+00	2.24e-22	0.00e+00
 1.15954e+18	1.00e+00	2.23e-22	0.00e+00
 1.15990e+18	1.00e+00	2.21e-22	0.00e+00
 1.16027e+18	1.00e+00	2.20e-22	0.00e+00
 1.16064e+18	1.00e+00	2.18e-22	0.00e+00
 1.16101e+18	1.00e+00	2.17e-22	0.00e+00
 1.16140e+18	1.00e+00	2.15e-22	0.00e+00
 1.16181e+18	1.00e+00	2.13e-22	0.00e+00
 1.16221e+18	1.00e+00	2.12e-22	0.00e+00
 1.16262e+18	1.00e+00	2.10e-22	0.00e+00
 1.16304e+18	1.00e+00	2.08e-22	0.00e+00
 1.16348e+18	1.00e+00	2.06e-22	0.00e+00
 1.16392e+18	1.00e+00	2.04e-22	0.00e+00
 1.16435e+18	1.00e+00	2.03e-22	0.00e+00
 1.16480e+18	1.00e+00	2.01e-22	0.00e+00
 1.16528e+18	1.00e+00	1.99e-22	0.00e+00
 1.16576e+18	1.00e+00	1.96e-22	0.00e+00
 1.16624e+18	1.00e+00	1.94e-22	0.00e+00
 1.16673e+18	1.00e+00	1.92e-22	0.00e+00
 1.16723e+18	1.00e+00	1.90e-22	0.00e+00
 1.16773e+18	1.00e+00	1.87e-22	0.00e+00
 1.16824e+18	1.00e+00	1.85e-22	0.00e+00
 1.16877e+18	1.00e+00	1.82e-22	0.00e+00
 1.16930e+18	1.00e+00	1.80e-22	0.00e+00
 1.16985e+18	1.00e+00	1.77e-22	0.00e+00
 1.17040e+18	1.00e+00	1.75e-22	0.00e+00
 1.17096e+18	1.00e+00	1.72e-22	0.00e+00
 1.17152e+18	1.00e+00	1.69e-22	0.00e+00
 1.17208e+18	1.00e+00	1.67e-22	0.00e+00
 1.17268e+18	1.00e+00	1.64e-22	0.00e+00
 1.17329e+18	1.00e+00	1.61e-22	0.00e+00
 1.17390e+18	1.00e+00	1.58e-22	0.00e+00
 1.17452e+18	1.00e+00	1.55e-22	0.00e+00
 1.17514e+18	1.00e+00	1.53e-22	0.00e+00
 1.17577e+18	1.00e+00	1.50e-22	0.00e+00
 1.17643e+18	1.00e+00	1.47e-22	0.00e+00
 1.17713e+18	1.00e+00	1.45e-22	0.00e+00
 1.17780e+18	1.00e+00	1.42e-22	0.00e+00
 1.17849e+18	1.00e+00	1.40e-22	0.00e+00
 1.17922e+18	1.00e+00	1.37e-22	0.00e+00
 1.17994e+18	1.00e+00	1.34e-22	0.00e+00
 1.18057e+18	1.00e+00	1.32e-22	0.00e+00
 1.18112e+18	1.00e+00	1.31e-22	0.00e+00
 1.18164e+18	1.00e+00	1.29e-22	0.00e+00
 1.18213e+18	1.00e+00	1.28e-22	0.00e+00
 1.18261e+18	1.00e+00	1.27e-22	0.00e+00
 1.18305e+18	1.00e+00	1.25e-22	0.00e+00
 1.18347e+18	1.00e+00	1.25e-22	0.00e+00
 1.18387e+18	1.00e+00	1.24e-22	0.00e+00
 1.18425e+18	1.00e+00	1.23e-22	0.00e+00
 1.18461e+18	1.00e+00	1.23e-22	0.00e+00
 1.18497e+18	1.00e+00	1.22e-22	0.00e+00
 1.18530e+18	1.00e+00	1.22e-22	0.00e+00
 1.18563e+18	1.00e+00	1.21e-22	0.00e+00
 1.18594e+18	1.00e+00	1.21e-22	0.00e+00
 1.18625e+18	1.00e+00	1.21e-22	0.00e+00
 1.18654e+18	1.00e+00	1.21e-22	0.00e+00
 1.18682e+18	1.00e+00	1.20e-22	0.00e+00
 1.18709e+18	1.00e+00	1.20e-22	0.00e+00
 1.18736e+18	1.00e+00	1.20e-22	0.00e+00
 1.18762e+18	1.00e+00	1.20e-22	0.00e+00
 1.18787e+18	1.00e+00	1.20e-22	0.00e+00
 1.18811e+18	1.00e+00	1.20e-22	0.00e+00
 1.18834e+18	1.00e+00	1.20e-22	0.00e+00
 1.18857e+18	1.00e+00	1.20e-22	0.00e+00
 1.18880e+18	1.00e+00	1.20e-22	0.00e+00
 1.18901e+18	1.00e+00	1.20e-22	0.00e+00
 1.18922e+18	1.00e+00	1.20e-22	0.00e+00
 1.18943e+18	1.00e+00	1.20e-22	0.00e+00
 1.18963e+18	1.00e+00	1.20e-22	0.00e+00
 1.18982e+18	1.00e+00	1.20e-22	0.00e+00
 1.19001e+18	1.00e+00	1.20e-22	0.00e+00
 1.19023e+18	1.00e+00	1.20e-22	0.00e+00
 1.19051e+18	1.00e+00	1.20e-22	0.00e+00
 1.19088e+18	1.00e+00	1.19e-22	0.00e+00
 1.19135e+18	1.00e+00	1.19e-22	0.00e+00
 1.19197e+18	1.00e+00	1.19e-22	0.00e+00
 1.19278e+18	1.00e+00	1.18e-22	0.00e+00
 1.19368e+18	1.00e+00	1.16e-22	0.00e+00
 1.19449e+18	1.00e+00	1.15e-22	0.00e+00
 1.19513e+18	1.00e+00	1.14e-22	0.00e+00
 1.19571e+18	1.00e+00	1.13e-22	0.00e+00
 1.19627e+18	1.00e+00	1.13e-22	0.00e+00
 1.19684e+18	1.00e+00	1.12e-22	0.00e+00
 1.19741e+18	1.00e+00	1.11e-22	0.00e+00
 1.19797e+18	1.00e+00	1.10e-22	0.00e+00
 1.19853e+18	1.00e+00	1.10e-22	0.00e+00
 1.19908e+18	1.00e+00	1.09e-22	0.00e+00
 1.19965e+18	1.00e+00	1.09e-22	0.00e+00
 1.20022e+18	1.00e+00	1.08e-22	0.00e+00
 1.20081e+18	1.00e+00	1.08e-22	0.00e+00
 1.20141e+18	1.00e+00	1.07e-22	0.00e+00
 1.20203e+18	1.00e+00	1.07e-22	0.00e+00
 1.20268e+18	1.00e+00	1.06e-22	0.00e+00
 1.20338e+18	1.00e+00	1.06e-22	0.00e+00
 1.20413e+18	1.00e+00	1.05e-22	0.00e+00
 1.20497e+18	1.00e+00	1.05e-22	0.00e+00
 1.20593e+18	1.00e+00	1.04e-22	0.00e+00
 1.20708e+18	1.00e+00	1.04e-22	0.00e+00
 1.20853e+18	1.00e+00	1.03e-22	0.00e+00
 1.21043e+18	1.00e+00	1.02e-22	0.00e+00
 1.21289e+18	1.00e+00	1.01e-22	0.00e+00
 1.21609e+18	1.00e+00	1.00e-22	0.00e+00
 1.22025e+18	1.00e+00	9.89e-23	0.00e+00
 1.22565e+18	1.00e+00	9.74e-23	0.00e+00
 1.23268e+18	1.00e+00	9.56e-23	0.00e+00
 1.24182e+18	1.00e+00	9.35e-23	0.00e+00
 1.25370e+18	1.00e+00	9.11e-23	0.00e+00
 1.26915e+18	1.00e+00	8.82e-23	0.00e+00
 1.28923e+18	1.00e+00	8.51e-23	0.00e+00
 1.31533e+18	1.00e+00	8.12e-23	0.00e+00
 1.34926e+18	1.00e+00	7.66e-23	0.00e+00
