#depth	O	O+	O+2	O+3	O+4	O+5	O+6	O+7	O+8	O[1]	O[2]	O[3]
 1.49634e+10	1.06e-34	2.50e-22	3.27e-12	7.50e-05	7.17e-01	2.83e-01	3.51e-04	2.20e-11	0.00e+00	0.00e+00	0.00e+00	0.00e+00
 4.54887e+10	1.47e-34	3.22e-22	3.91e-12	8.28e-05	7.32e-01	2.68e-01	3.07e-04	0.00e+00	0.00e+00	0.00e+00	0.00e+00	0.00e+00
 7.72350e+10	2.02e-34	4.12e-22	4.65e-12	9.14e-05	7.47e-01	2.53e-01	2.68e-04	0.00e+00	0.00e+00	0.00e+00	0.00e+00	0.00e+00
 1.10251e+11	2.77e-34	5.26e-22	5.52e-12	1.01e-04	7.61e-01	2.39e-01	2.33e-04	0.00e+00	0.00e+00	0.00e+00	0.00e+00	0.00e+00
 1.44588e+11	3.79e-34	6.72e-22	6.56e-12	1.11e-04	7.74e-01	2.25e-01	2.03e-04	0.00e+00	0.00e+00	0.00e+00	0.00e+00	0.00e+00
 1.80298e+11	5.18e-34	8.56e-22	7.77e-12	1.22e-04	7.87e-01	2.12e-01	1.76e-04	0.00e+00	0.00e+00	0.00e+00	0.00e+00	0.00e+00
 2.17437e+11	7.07e-34	1.09e-21	9.19e-12	1.34e-04	8.00e-01	2.00e-01	1.53e-04	0.00e+00	0.00e+00	0.00e+00	0.00e+00	0.00e+00
 2.56061e+11	9.62e-34	1.38e-21	1.09e-11	1.47e-04	8.11e-01	1.88e-01	1.33e-04	0.00e+00	0.00e+00	0.00e+00	0.00e+00	0.00e+00
 2.96231e+11	1.31e-33	1.75e-21	1.28e-11	1.61e-04	8.23e-01	1.77e-01	1.15e-04	0.00e+00	0.00e+00	0.00e+00	0.00e+00	0.00e+00
 3.38007e+11	1.77e-33	2.22e-21	1.51e-11	1.76e-04	8.33e-01	1.66e-01	9.98e-05	0.00e+00	0.00e+00	0.00e+00	0.00e+00	0.00e+00
 3.81454e+11	2.39e-33	2.80e-21	1.78e-11	1.93e-04	8.44e-01	1.56e-01	8.63e-05	0.00e+00	0.00e+00	0.00e+00	0.00e+00	0.00e+00
 4.26639e+11	3.23e-33	3.53e-21	2.10e-11	2.11e-04	8.53e-01	1.47e-01	7.47e-05	0.00e+00	0.00e+00	0.00e+00	0.00e+00	0.00e+00
 4.73631e+11	4.35e-33	4.45e-21	2.47e-11	2.31e-04	8.62e-01	1.37e-01	6.45e-05	0.00e+00	0.00e+00	0.00e+00	0.00e+00	0.00e+00
 5.22503e+11	5.85e-33	5.60e-21	2.90e-11	2.52e-04	8.71e-01	1.29e-01	5.57e-05	0.00e+00	0.00e+00	0.00e+00	0.00e+00	0.00e+00
 5.73330e+11	7.84e-33	7.04e-21	3.40e-11	2.75e-04	8.79e-01	1.21e-01	4.81e-05	0.00e+00	0.00e+00	0.00e+00	0.00e+00	0.00e+00
 6.26190e+11	1.05e-32	8.84e-21	3.99e-11	3.00e-04	8.87e-01	1.13e-01	4.15e-05	0.00e+00	0.00e+00	0.00e+00	0.00e+00	0.00e+00
 6.81164e+11	1.40e-32	1.11e-20	4.67e-11	3.27e-04	8.94e-01	1.06e-01	3.58e-05	0.00e+00	0.00e+00	0.00e+00	0.00e+00	0.00e+00
 7.38337e+11	1.87e-32	1.39e-20	5.47e-11	3.57e-04	9.00e-01	9.92e-02	3.08e-05	0.00e+00	0.00e+00	0.00e+00	0.00e+00	0.00e+00
 7.97798e+11	2.48e-32	1.73e-20	6.41e-11	3.89e-04	9.07e-01	9.29e-02	2.65e-05	0.00e+00	0.00e+00	0.00e+00	0.00e+00	0.00e+00
 8.59636e+11	3.29e-32	2.17e-20	7.49e-11	4.23e-04	9.13e-01	8.69e-02	2.29e-05	0.00e+00	0.00e+00	0.00e+00	0.00e+00	0.00e+00
 9.23949e+11	4.36e-32	2.70e-20	8.76e-11	4.61e-04	9.18e-01	8.14e-02	1.97e-05	0.00e+00	0.00e+00	0.00e+00	0.00e+00	0.00e+00
 9.90833e+11	5.75e-32	3.37e-20	1.02e-10	5.01e-04	9.23e-01	7.61e-02	1.69e-05	0.00e+00	0.00e+00	0.00e+00	0.00e+00	0.00e+00
 1.06039e+12	7.59e-32	4.20e-20	1.20e-10	5.46e-04	9.28e-01	7.12e-02	1.45e-05	0.00e+00	0.00e+00	0.00e+00	0.00e+00	0.00e+00
 1.13274e+12	9.98e-32	5.22e-20	1.40e-10	5.93e-04	9.33e-01	6.66e-02	1.25e-05	0.00e+00	0.00e+00	0.00e+00	0.00e+00	0.00e+00
 1.20797e+12	1.31e-31	6.49e-20	1.63e-10	6.45e-04	9.37e-01	6.23e-02	1.07e-05	0.00e+00	0.00e+00	0.00e+00	0.00e+00	0.00e+00
 1.28622e+12	1.72e-31	8.07e-20	1.90e-10	7.02e-04	9.41e-01	5.83e-02	9.24e-06	0.00e+00	0.00e+00	0.00e+00	0.00e+00	0.00e+00
 1.36759e+12	2.25e-31	1.00e-19	2.22e-10	7.63e-04	9.45e-01	5.46e-02	7.93e-06	0.00e+00	0.00e+00	0.00e+00	0.00e+00	0.00e+00
 1.45222e+12	2.94e-31	1.24e-19	2.59e-10	8.29e-04	9.48e-01	5.11e-02	6.81e-06	0.00e+00	0.00e+00	0.00e+00	0.00e+00	0.00e+00
 1.54024e+12	3.83e-31	1.54e-19	3.02e-10	9.01e-04	9.51e-01	4.78e-02	5.85e-06	0.00e+00	0.00e+00	0.00e+00	0.00e+00	0.00e+00
 1.63178e+12	4.99e-31	1.92e-19	3.52e-10	9.79e-04	9.54e-01	4.47e-02	5.02e-06	0.00e+00	0.00e+00	0.00e+00	0.00e+00	0.00e+00
 1.72697e+12	6.49e-31	2.38e-19	4.11e-10	1.06e-03	9.57e-01	4.19e-02	4.31e-06	0.00e+00	0.00e+00	0.00e+00	0.00e+00	0.00e+00
 1.82598e+12	8.44e-31	2.95e-19	4.79e-10	1.16e-03	9.60e-01	3.92e-02	3.70e-06	0.00e+00	0.00e+00	0.00e+00	0.00e+00	0.00e+00
 1.92895e+12	1.10e-30	3.66e-19	5.60e-10	1.26e-03	9.62e-01	3.67e-02	3.17e-06	0.00e+00	0.00e+00	0.00e+00	0.00e+00	0.00e+00
 2.03603e+12	1.42e-30	4.55e-19	6.54e-10	1.37e-03	9.64e-01	3.43e-02	2.72e-06	0.00e+00	0.00e+00	0.00e+00	0.00e+00	0.00e+00
 2.14740e+12	1.84e-30	5.66e-19	7.64e-10	1.49e-03	9.66e-01	3.22e-02	2.33e-06	0.00e+00	0.00e+00	0.00e+00	0.00e+00	0.00e+00
 2.26322e+12	2.39e-30	7.05e-19	8.94e-10	1.62e-03	9.68e-01	3.01e-02	2.00e-06	0.00e+00	0.00e+00	0.00e+00	0.00e+00	0.00e+00
 2.38368e+12	3.10e-30	8.78e-19	1.05e-09	1.76e-03	9.70e-01	2.82e-02	1.71e-06	0.00e+00	0.00e+00	0.00e+00	0.00e+00	0.00e+00
 2.50895e+12	4.02e-30	1.10e-18	1.23e-09	1.91e-03	9.72e-01	2.64e-02	1.47e-06	0.00e+00	0.00e+00	0.00e+00	0.00e+00	0.00e+00
 2.63924e+12	5.22e-30	1.37e-18	1.44e-09	2.08e-03	9.73e-01	2.47e-02	1.26e-06	0.00e+00	0.00e+00	0.00e+00	0.00e+00	0.00e+00
 2.77473e+12	6.78e-30	1.72e-18	1.69e-09	2.26e-03	9.75e-01	2.32e-02	1.08e-06	0.00e+00	0.00e+00	0.00e+00	0.00e+00	0.00e+00
 2.91565e+12	8.83e-30	2.15e-18	1.98e-09	2.46e-03	9.76e-01	2.17e-02	9.23e-07	0.00e+00	0.00e+00	0.00e+00	0.00e+00	0.00e+00
 3.06220e+12	1.15e-29	2.70e-18	2.33e-09	2.68e-03	9.77e-01	2.03e-02	0.00e+00	0.00e+00	0.00e+00	0.00e+00	0.00e+00	0.00e+00
 3.21461e+12	1.50e-29	3.41e-18	2.75e-09	2.92e-03	9.78e-01	1.90e-02	0.00e+00	0.00e+00	0.00e+00	0.00e+00	0.00e+00	0.00e+00
 3.37313e+12	1.96e-29	4.30e-18	3.24e-09	3.17e-03	9.79e-01	1.78e-02	0.00e+00	0.00e+00	0.00e+00	0.00e+00	0.00e+00	0.00e+00
 3.53798e+12	2.57e-29	5.44e-18	3.82e-09	3.46e-03	9.80e-01	1.67e-02	0.00e+00	0.00e+00	0.00e+00	0.00e+00	0.00e+00	0.00e+00
 3.70942e+12	3.38e-29	6.90e-18	4.51e-09	3.77e-03	9.81e-01	1.56e-02	0.00e+00	0.00e+00	0.00e+00	0.00e+00	0.00e+00	0.00e+00
 3.88773e+12	4.46e-29	8.77e-18	5.34e-09	4.10e-03	9.81e-01	1.46e-02	0.00e+00	0.00e+00	0.00e+00	0.00e+00	0.00e+00	0.00e+00
 4.07316e+12	5.90e-29	1.12e-17	6.32e-09	4.47e-03	9.82e-01	1.36e-02	0.00e+00	0.00e+00	0.00e+00	0.00e+00	0.00e+00	0.00e+00
 4.26602e+12	7.84e-29	1.43e-17	7.49e-09	4.87e-03	9.82e-01	1.27e-02	0.00e+00	0.00e+00	0.00e+00	0.00e+00	0.00e+00	0.00e+00
 4.46658e+12	1.04e-28	1.83e-17	8.88e-09	5.31e-03	9.83e-01	1.19e-02	0.00e+00	0.00e+00	0.00e+00	0.00e+00	0.00e+00	0.00e+00
 4.67517e+12	1.40e-28	2.35e-17	1.05e-08	5.79e-03	9.83e-01	1.11e-02	0.00e+00	0.00e+00	0.00e+00	0.00e+00	0.00e+00	0.00e+00
 4.89211e+12	1.87e-28	3.02e-17	1.25e-08	6.32e-03	9.83e-01	1.04e-02	0.00e+00	0.00e+00	0.00e+00	0.00e+00	0.00e+00	0.00e+00
 5.11772e+12	2.53e-28	3.89e-17	1.49e-08	6.89e-03	9.83e-01	9.67e-03	0.00e+00	0.00e+00	0.00e+00	0.00e+00	0.00e+00	0.00e+00
 5.35235e+12	3.42e-28	5.02e-17	1.77e-08	7.51e-03	9.83e-01	9.01e-03	0.00e+00	0.00e+00	0.00e+00	0.00e+00	0.00e+00	0.00e+00
 5.59638e+12	4.65e-28	6.48e-17	2.11e-08	8.19e-03	9.83e-01	8.39e-03	0.00e+00	0.00e+00	0.00e+00	0.00e+00	0.00e+00	0.00e+00
 5.85016e+12	6.34e-28	8.39e-17	2.51e-08	8.93e-03	9.83e-01	7.81e-03	0.00e+00	0.00e+00	0.00e+00	0.00e+00	0.00e+00	0.00e+00
 6.11409e+12	8.68e-28	1.09e-16	3.00e-08	9.74e-03	9.83e-01	7.26e-03	0.00e+00	0.00e+00	0.00e+00	0.00e+00	0.00e+00	0.00e+00
 6.38858e+12	1.19e-27	1.41e-16	3.57e-08	1.06e-02	9.83e-01	6.75e-03	0.00e+00	0.00e+00	0.00e+00	0.00e+00	0.00e+00	0.00e+00
 6.67405e+12	1.64e-27	1.83e-16	4.26e-08	1.16e-02	9.82e-01	6.26e-03	0.00e+00	0.00e+00	0.00e+00	0.00e+00	0.00e+00	0.00e+00
 6.97094e+12	2.27e-27	2.37e-16	5.07e-08	1.26e-02	9.82e-01	5.81e-03	0.00e+00	0.00e+00	0.00e+00	0.00e+00	0.00e+00	0.00e+00
 7.27970e+12	3.15e-27	3.08e-16	6.04e-08	1.38e-02	9.81e-01	5.39e-03	0.00e+00	0.00e+00	0.00e+00	0.00e+00	0.00e+00	0.00e+00
 7.60082e+12	4.38e-27	4.00e-16	7.20e-08	1.50e-02	9.80e-01	5.00e-03	0.00e+00	0.00e+00	0.00e+00	0.00e+00	0.00e+00	0.00e+00
 7.93478e+12	6.10e-27	5.20e-16	8.58e-08	1.64e-02	9.79e-01	4.63e-03	0.00e+00	0.00e+00	0.00e+00	0.00e+00	0.00e+00	0.00e+00
 8.28210e+12	8.52e-27	6.75e-16	1.02e-07	1.78e-02	9.78e-01	4.29e-03	0.00e+00	0.00e+00	0.00e+00	0.00e+00	0.00e+00	0.00e+00
 8.64331e+12	1.19e-26	8.77e-16	1.22e-07	1.94e-02	9.77e-01	3.97e-03	0.00e+00	0.00e+00	0.00e+00	0.00e+00	0.00e+00	0.00e+00
 9.01897e+12	1.66e-26	1.14e-15	1.45e-07	2.11e-02	9.75e-01	3.67e-03	0.00e+00	0.00e+00	0.00e+00	0.00e+00	0.00e+00	0.00e+00
 9.40965e+12	2.33e-26	1.48e-15	1.72e-07	2.30e-02	9.74e-01	3.39e-03	0.00e+00	0.00e+00	0.00e+00	0.00e+00	0.00e+00	0.00e+00
 9.81596e+12	3.27e-26	1.91e-15	2.05e-07	2.50e-02	9.72e-01	3.13e-03	0.00e+00	0.00e+00	0.00e+00	0.00e+00	0.00e+00	0.00e+00
 1.02385e+13	4.58e-26	2.48e-15	2.43e-07	2.72e-02	9.70e-01	2.89e-03	0.00e+00	0.00e+00	0.00e+00	0.00e+00	0.00e+00	0.00e+00
 1.06780e+13	6.42e-26	3.21e-15	2.89e-07	2.96e-02	9.68e-01	2.67e-03	0.00e+00	0.00e+00	0.00e+00	0.00e+00	0.00e+00	0.00e+00
 1.11350e+13	9.00e-26	4.14e-15	3.43e-07	3.22e-02	9.65e-01	2.46e-03	0.00e+00	0.00e+00	0.00e+00	0.00e+00	0.00e+00	0.00e+00
 1.16104e+13	1.26e-25	5.35e-15	4.06e-07	3.49e-02	9.63e-01	2.27e-03	0.00e+00	0.00e+00	0.00e+00	0.00e+00	0.00e+00	0.00e+00
 1.21047e+13	1.77e-25	6.91e-15	4.82e-07	3.80e-02	9.60e-01	2.10e-03	0.00e+00	0.00e+00	0.00e+00	0.00e+00	0.00e+00	0.00e+00
 1.26188e+13	2.47e-25	8.91e-15	5.70e-07	4.12e-02	9.57e-01	1.93e-03	0.00e+00	0.00e+00	0.00e+00	0.00e+00	0.00e+00	0.00e+00
 1.31535e+13	3.46e-25	1.15e-14	6.75e-07	4.47e-02	9.54e-01	1.78e-03	0.00e+00	0.00e+00	0.00e+00	0.00e+00	0.00e+00	0.00e+00
 1.37096e+13	4.83e-25	1.48e-14	7.98e-07	4.85e-02	9.50e-01	1.64e-03	0.00e+00	0.00e+00	0.00e+00	0.00e+00	0.00e+00	0.00e+00
 1.42879e+13	6.75e-25	1.90e-14	9.43e-07	5.25e-02	9.46e-01	1.51e-03	0.00e+00	0.00e+00	0.00e+00	0.00e+00	0.00e+00	0.00e+00
 1.48893e+13	9.45e-25	2.45e-14	1.11e-06	5.69e-02	9.42e-01	1.39e-03	0.00e+00	0.00e+00	0.00e+00	0.00e+00	0.00e+00	0.00e+00
 1.55148e+13	1.32e-24	3.14e-14	1.31e-06	6.16e-02	9.37e-01	1.28e-03	0.00e+00	0.00e+00	0.00e+00	0.00e+00	0.00e+00	0.00e+00
 1.61653e+13	1.83e-24	4.02e-14	1.55e-06	6.66e-02	9.32e-01	1.17e-03	0.00e+00	0.00e+00	0.00e+00	0.00e+00	0.00e+00	0.00e+00
 1.68419e+13	2.55e-24	5.14e-14	1.82e-06	7.20e-02	9.27e-01	1.08e-03	0.00e+00	0.00e+00	0.00e+00	0.00e+00	0.00e+00	0.00e+00
 1.75455e+13	3.55e-24	6.57e-14	2.15e-06	7.78e-02	9.21e-01	9.90e-04	0.00e+00	0.00e+00	0.00e+00	0.00e+00	0.00e+00	0.00e+00
 1.82772e+13	4.92e-24	8.39e-14	2.53e-06	8.40e-02	9.15e-01	9.09e-04	0.00e+00	0.00e+00	0.00e+00	0.00e+00	0.00e+00	0.00e+00
 1.90383e+13	6.81e-24	1.07e-13	2.97e-06	9.07e-02	9.08e-01	8.34e-04	0.00e+00	0.00e+00	0.00e+00	0.00e+00	0.00e+00	0.00e+00
 1.98297e+13	9.43e-24	1.36e-13	3.48e-06	9.78e-02	9.01e-01	7.64e-04	0.00e+00	0.00e+00	0.00e+00	0.00e+00	0.00e+00	0.00e+00
 2.06528e+13	1.30e-23	1.73e-13	4.08e-06	1.05e-01	8.94e-01	7.00e-04	0.00e+00	0.00e+00	0.00e+00	0.00e+00	0.00e+00	0.00e+00
 2.15089e+13	1.80e-23	2.20e-13	4.78e-06	1.13e-01	8.86e-01	6.41e-04	0.00e+00	0.00e+00	0.00e+00	0.00e+00	0.00e+00	0.00e+00
 2.23991e+13	2.48e-23	2.79e-13	5.59e-06	1.22e-01	8.77e-01	5.87e-04	0.00e+00	0.00e+00	0.00e+00	0.00e+00	0.00e+00	0.00e+00
 2.33250e+13	3.40e-23	3.53e-13	6.53e-06	1.31e-01	8.68e-01	5.37e-04	0.00e+00	0.00e+00	0.00e+00	0.00e+00	0.00e+00	0.00e+00
 2.42880e+13	4.67e-23	4.47e-13	7.62e-06	1.41e-01	8.59e-01	4.91e-04	0.00e+00	0.00e+00	0.00e+00	0.00e+00	0.00e+00	0.00e+00
 2.52894e+13	6.40e-23	5.64e-13	8.88e-06	1.51e-01	8.49e-01	4.48e-04	0.00e+00	0.00e+00	0.00e+00	0.00e+00	0.00e+00	0.00e+00
 2.63309e+13	8.75e-23	7.11e-13	1.03e-05	1.62e-01	8.38e-01	4.09e-04	0.00e+00	0.00e+00	0.00e+00	0.00e+00	0.00e+00	0.00e+00
 2.74141e+13	1.19e-22	8.95e-13	1.20e-05	1.73e-01	8.27e-01	3.73e-04	0.00e+00	0.00e+00	0.00e+00	0.00e+00	0.00e+00	0.00e+00
 2.85406e+13	1.63e-22	1.12e-12	1.40e-05	1.85e-01	8.15e-01	3.40e-04	0.00e+00	0.00e+00	0.00e+00	0.00e+00	0.00e+00	0.00e+00
 2.97121e+13	2.22e-22	1.41e-12	1.62e-05	1.97e-01	8.02e-01	3.09e-04	0.00e+00	0.00e+00	0.00e+00	0.00e+00	0.00e+00	0.00e+00
 3.09305e+13	3.02e-22	1.77e-12	1.88e-05	2.11e-01	7.89e-01	2.81e-04	0.00e+00	0.00e+00	0.00e+00	0.00e+00	0.00e+00	0.00e+00
 3.21977e+13	4.10e-22	2.22e-12	2.17e-05	2.25e-01	7.75e-01	2.55e-04	0.00e+00	0.00e+00	0.00e+00	0.00e+00	0.00e+00	0.00e+00
 3.35155e+13	5.55e-22	2.77e-12	2.51e-05	2.39e-01	7.61e-01	2.31e-04	0.00e+00	0.00e+00	0.00e+00	0.00e+00	0.00e+00	0.00e+00
 3.48861e+13	7.52e-22	3.46e-12	2.90e-05	2.54e-01	7.46e-01	2.10e-04	0.00e+00	0.00e+00	0.00e+00	0.00e+00	0.00e+00	0.00e+00
 3.63114e+13	1.02e-21	4.31e-12	3.34e-05	2.70e-01	7.30e-01	1.90e-04	0.00e+00	0.00e+00	0.00e+00	0.00e+00	0.00e+00	0.00e+00
 3.77938e+13	1.37e-21	5.36e-12	3.85e-05	2.86e-01	7.14e-01	1.71e-04	0.00e+00	0.00e+00	0.00e+00	0.00e+00	0.00e+00	0.00e+00
 3.93355e+13	1.85e-21	6.66e-12	4.42e-05	3.03e-01	6.97e-01	1.55e-04	0.00e+00	0.00e+00	0.00e+00	0.00e+00	0.00e+00	0.00e+00
 4.09388e+13	2.49e-21	8.27e-12	5.08e-05	3.20e-01	6.80e-01	1.39e-04	0.00e+00	0.00e+00	0.00e+00	0.00e+00	0.00e+00	0.00e+00
 4.26063e+13	3.33e-21	1.02e-11	5.82e-05	3.38e-01	6.62e-01	1.25e-04	0.00e+00	0.00e+00	0.00e+00	0.00e+00	0.00e+00	0.00e+00
 4.43405e+13	4.48e-21	1.27e-11	6.67e-05	3.57e-01	6.43e-01	1.13e-04	0.00e+00	0.00e+00	0.00e+00	0.00e+00	0.00e+00	0.00e+00
 4.61441e+13	6.01e-21	1.57e-11	7.62e-05	3.75e-01	6.24e-01	1.01e-04	0.00e+00	0.00e+00	0.00e+00	0.00e+00	0.00e+00	0.00e+00
 4.80197e+13	8.05e-21	1.93e-11	8.70e-05	3.95e-01	6.05e-01	9.04e-05	0.00e+00	0.00e+00	0.00e+00	0.00e+00	0.00e+00	0.00e+00
 4.99705e+13	1.08e-20	2.39e-11	9.91e-05	4.14e-01	5.86e-01	8.09e-05	0.00e+00	0.00e+00	0.00e+00	0.00e+00	0.00e+00	0.00e+00
 5.19992e+13	1.44e-20	2.93e-11	1.13e-04	4.34e-01	5.66e-01	7.22e-05	0.00e+00	0.00e+00	0.00e+00	0.00e+00	0.00e+00	0.00e+00
 5.41091e+13	1.92e-20	3.61e-11	1.28e-04	4.54e-01	5.46e-01	6.44e-05	0.00e+00	0.00e+00	0.00e+00	0.00e+00	0.00e+00	0.00e+00
 5.63034e+13	2.55e-20	4.42e-11	1.45e-04	4.74e-01	5.25e-01	5.73e-05	0.00e+00	0.00e+00	0.00e+00	0.00e+00	0.00e+00	0.00e+00
 5.85854e+13	3.39e-20	5.42e-11	1.64e-04	4.94e-01	5.05e-01	5.09e-05	0.00e+00	0.00e+00	0.00e+00	0.00e+00	0.00e+00	0.00e+00
 6.09588e+13	4.49e-20	6.62e-11	1.85e-04	5.15e-01	4.85e-01	4.52e-05	0.00e+00	0.00e+00	0.00e+00	0.00e+00	0.00e+00	0.00e+00
 6.34271e+13	5.90e-20	8.03e-11	2.09e-04	5.35e-01	4.65e-01	4.00e-05	0.00e+00	0.00e+00	0.00e+00	0.00e+00	0.00e+00	0.00e+00
 6.59941e+13	7.79e-20	9.79e-11	2.35e-04	5.54e-01	4.45e-01	3.54e-05	0.00e+00	0.00e+00	0.00e+00	0.00e+00	0.00e+00	0.00e+00
 6.86638e+13	1.02e-19	1.19e-10	2.63e-04	5.74e-01	4.26e-01	3.13e-05	0.00e+00	0.00e+00	0.00e+00	0.00e+00	0.00e+00	0.00e+00
 7.14402e+13	1.33e-19	1.43e-10	2.95e-04	5.93e-01	4.06e-01	2.76e-05	0.00e+00	0.00e+00	0.00e+00	0.00e+00	0.00e+00	0.00e+00
 7.43278e+13	1.75e-19	1.73e-10	3.29e-04	6.12e-01	3.87e-01	2.43e-05	0.00e+00	0.00e+00	0.00e+00	0.00e+00	0.00e+00	0.00e+00
 7.73308e+13	2.28e-19	2.08e-10	3.68e-04	6.31e-01	3.69e-01	2.14e-05	0.00e+00	0.00e+00	0.00e+00	0.00e+00	0.00e+00	0.00e+00
 8.04540e+13	2.96e-19	2.51e-10	4.09e-04	6.49e-01	3.51e-01	1.88e-05	0.00e+00	0.00e+00	0.00e+00	0.00e+00	0.00e+00	0.00e+00
 8.37021e+13	3.85e-19	3.01e-10	4.55e-04	6.67e-01	3.33e-01	1.65e-05	0.00e+00	0.00e+00	0.00e+00	0.00e+00	0.00e+00	0.00e+00
 8.70801e+13	4.99e-19	3.61e-10	5.06e-04	6.84e-01	3.16e-01	1.44e-05	0.00e+00	0.00e+00	0.00e+00	0.00e+00	0.00e+00	0.00e+00
 9.05932e+13	6.46e-19	4.32e-10	5.61e-04	7.01e-01	2.99e-01	1.26e-05	0.00e+00	0.00e+00	0.00e+00	0.00e+00	0.00e+00	0.00e+00
 9.42469e+13	8.36e-19	5.17e-10	6.21e-04	7.17e-01	2.83e-01	1.10e-05	0.00e+00	0.00e+00	0.00e+00	0.00e+00	0.00e+00	0.00e+00
 9.80467e+13	1.08e-18	6.16e-10	6.87e-04	7.33e-01	2.67e-01	9.64e-06	0.00e+00	0.00e+00	0.00e+00	0.00e+00	0.00e+00	0.00e+00
 1.01998e+14	1.39e-18	7.36e-10	7.58e-04	7.47e-01	2.52e-01	8.41e-06	0.00e+00	0.00e+00	0.00e+00	0.00e+00	0.00e+00	0.00e+00
 1.06108e+14	1.79e-18	8.77e-10	8.36e-04	7.62e-01	2.37e-01	7.32e-06	0.00e+00	0.00e+00	0.00e+00	0.00e+00	0.00e+00	0.00e+00
 1.10383e+14	2.31e-18	1.04e-09	9.21e-04	7.76e-01	2.23e-01	6.37e-06	0.00e+00	0.00e+00	0.00e+00	0.00e+00	0.00e+00	0.00e+00
 1.14828e+14	2.96e-18	1.24e-09	1.01e-03	7.89e-01	2.10e-01	5.53e-06	0.00e+00	0.00e+00	0.00e+00	0.00e+00	0.00e+00	0.00e+00
 1.19451e+14	3.80e-18	1.47e-09	1.11e-03	8.02e-01	1.97e-01	4.80e-06	0.00e+00	0.00e+00	0.00e+00	0.00e+00	0.00e+00	0.00e+00
 1.24259e+14	4.88e-18	1.75e-09	1.22e-03	8.14e-01	1.85e-01	4.16e-06	0.00e+00	0.00e+00	0.00e+00	0.00e+00	0.00e+00	0.00e+00
 1.29259e+14	6.24e-18	2.07e-09	1.34e-03	8.25e-01	1.73e-01	3.60e-06	0.00e+00	0.00e+00	0.00e+00	0.00e+00	0.00e+00	0.00e+00
 1.34459e+14	7.98e-18	2.45e-09	1.47e-03	8.36e-01	1.62e-01	3.12e-06	0.00e+00	0.00e+00	0.00e+00	0.00e+00	0.00e+00	0.00e+00
 1.39868e+14	1.02e-17	2.89e-09	1.61e-03	8.46e-01	1.52e-01	2.70e-06	0.00e+00	0.00e+00	0.00e+00	0.00e+00	0.00e+00	0.00e+00
 1.45173e+14	1.28e-17	3.38e-09	1.75e-03	8.56e-01	1.43e-01	2.35e-06	0.00e+00	0.00e+00	0.00e+00	0.00e+00	0.00e+00	0.00e+00
 1.50269e+14	1.59e-17	3.91e-09	1.90e-03	8.64e-01	1.34e-01	2.07e-06	0.00e+00	0.00e+00	0.00e+00	0.00e+00	0.00e+00	0.00e+00
 1.55887e+14	1.99e-17	4.56e-09	2.06e-03	8.72e-01	1.26e-01	1.80e-06	0.00e+00	0.00e+00	0.00e+00	0.00e+00	0.00e+00	0.00e+00
 1.62152e+14	2.54e-17	5.38e-09	2.25e-03	8.80e-01	1.18e-01	1.55e-06	0.00e+00	0.00e+00	0.00e+00	1.45e-17	7.88e-18	3.05e-18
 1.68340e+14	3.20e-17	6.29e-09	2.44e-03	8.87e-01	1.10e-01	1.35e-06	0.00e+00	0.00e+00	0.00e+00	1.78e-17	1.06e-17	3.53e-18
 1.74774e+14	4.03e-17	7.35e-09	2.65e-03	8.94e-01	1.03e-01	1.17e-06	0.00e+00	0.00e+00	0.00e+00	2.24e-17	1.34e-17	4.45e-18
 1.81635e+14	5.10e-17	8.63e-09	2.89e-03	9.01e-01	9.61e-02	1.01e-06	0.00e+00	0.00e+00	0.00e+00	2.84e-17	1.69e-17	5.63e-18
 1.88369e+14	6.37e-17	1.00e-08	3.12e-03	9.07e-01	8.99e-02	8.78e-07	0.00e+00	0.00e+00	0.00e+00	3.55e-17	2.11e-17	7.04e-18
 1.95531e+14	8.00e-17	1.17e-08	3.39e-03	9.13e-01	8.39e-02	0.00e+00	0.00e+00	0.00e+00	0.00e+00	4.46e-17	2.65e-17	8.83e-18
 2.03382e+14	1.02e-16	1.38e-08	3.69e-03	9.18e-01	7.80e-02	0.00e+00	0.00e+00	0.00e+00	0.00e+00	5.67e-17	3.38e-17	1.12e-17
 2.11230e+14	1.28e-16	1.61e-08	4.00e-03	9.23e-01	7.27e-02	0.00e+00	0.00e+00	0.00e+00	0.00e+00	7.16e-17	4.26e-17	1.42e-17
 2.19392e+14	1.62e-16	1.88e-08	4.33e-03	9.28e-01	6.77e-02	0.00e+00	0.00e+00	0.00e+00	0.00e+00	9.02e-17	5.37e-17	1.79e-17
 2.28198e+14	2.06e-16	2.22e-08	4.72e-03	9.33e-01	6.28e-02	0.00e+00	0.00e+00	0.00e+00	0.00e+00	1.15e-16	6.84e-17	2.28e-17
 2.37019e+14	2.60e-16	2.59e-08	5.11e-03	9.36e-01	5.84e-02	0.00e+00	0.00e+00	0.00e+00	0.00e+00	1.45e-16	8.62e-17	2.87e-17
 2.46193e+14	3.28e-16	3.03e-08	5.54e-03	9.40e-01	5.43e-02	0.00e+00	0.00e+00	0.00e+00	0.00e+00	1.83e-16	1.09e-16	3.62e-17
 2.56071e+14	4.16e-16	3.56e-08	6.01e-03	9.44e-01	5.03e-02	0.00e+00	0.00e+00	0.00e+00	0.00e+00	2.32e-16	1.38e-16	4.60e-17
 2.66344e+14	5.29e-16	4.18e-08	6.53e-03	9.47e-01	4.66e-02	0.00e+00	0.00e+00	0.00e+00	0.00e+00	2.95e-16	1.76e-16	5.84e-17
 2.76810e+14	6.70e-16	4.90e-08	7.08e-03	9.50e-01	4.32e-02	0.00e+00	0.00e+00	0.00e+00	0.00e+00	3.73e-16	2.22e-16	7.40e-17
 2.87696e+14	8.47e-16	5.73e-08	7.68e-03	9.52e-01	4.00e-02	0.00e+00	0.00e+00	0.00e+00	0.00e+00	4.72e-16	2.81e-16	9.36e-17
 2.99233e+14	1.08e-15	6.73e-08	8.33e-03	9.55e-01	3.71e-02	0.00e+00	0.00e+00	0.00e+00	0.00e+00	6.00e-16	3.57e-16	1.19e-16
 3.11233e+14	1.37e-15	7.91e-08	9.05e-03	9.57e-01	3.42e-02	0.00e+00	0.00e+00	0.00e+00	0.00e+00	7.63e-16	4.54e-16	1.51e-16
 3.23712e+14	1.74e-15	9.29e-08	9.81e-03	9.59e-01	3.17e-02	0.00e+00	0.00e+00	0.00e+00	0.00e+00	9.69e-16	5.77e-16	1.92e-16
 3.36690e+14	2.21e-15	1.09e-07	1.06e-02	9.60e-01	2.93e-02	0.00e+00	0.00e+00	0.00e+00	0.00e+00	1.23e-15	7.33e-16	2.44e-16
 3.50188e+14	2.81e-15	1.28e-07	1.15e-02	9.61e-01	2.70e-02	0.00e+00	0.00e+00	0.00e+00	0.00e+00	1.57e-15	9.32e-16	3.10e-16
 3.64225e+14	3.57e-15	1.50e-07	1.25e-02	9.63e-01	2.49e-02	0.00e+00	0.00e+00	0.00e+00	0.00e+00	1.99e-15	1.18e-15	3.94e-16
 3.78824e+14	4.54e-15	1.77e-07	1.36e-02	9.63e-01	2.30e-02	0.00e+00	0.00e+00	0.00e+00	0.00e+00	2.53e-15	1.51e-15	5.01e-16
 3.94007e+14	5.77e-15	2.08e-07	1.47e-02	9.64e-01	2.12e-02	0.00e+00	0.00e+00	0.00e+00	0.00e+00	3.22e-15	1.92e-15	6.38e-16
 4.09797e+14	7.33e-15	2.44e-07	1.60e-02	9.64e-01	1.96e-02	0.00e+00	0.00e+00	0.00e+00	0.00e+00	4.09e-15	2.43e-15	8.10e-16
 4.26219e+14	9.33e-15	2.86e-07	1.73e-02	9.65e-01	1.80e-02	0.00e+00	0.00e+00	0.00e+00	0.00e+00	5.20e-15	3.10e-15	1.03e-15
 4.43298e+14	1.19e-14	3.36e-07	1.88e-02	9.65e-01	1.66e-02	0.00e+00	0.00e+00	0.00e+00	0.00e+00	6.61e-15	3.93e-15	1.31e-15
 4.61060e+14	1.51e-14	3.95e-07	2.04e-02	9.64e-01	1.53e-02	0.00e+00	0.00e+00	0.00e+00	0.00e+00	8.42e-15	5.01e-15	1.67e-15
 4.79532e+14	1.92e-14	4.64e-07	2.21e-02	9.64e-01	1.41e-02	0.00e+00	0.00e+00	0.00e+00	0.00e+00	1.07e-14	6.36e-15	2.12e-15
 4.98743e+14	2.44e-14	5.45e-07	2.39e-02	9.63e-01	1.29e-02	0.00e+00	0.00e+00	0.00e+00	0.00e+00	1.36e-14	8.09e-15	2.69e-15
 5.18723e+14	3.10e-14	6.40e-07	2.60e-02	9.62e-01	1.19e-02	0.00e+00	0.00e+00	0.00e+00	0.00e+00	1.73e-14	1.03e-14	3.43e-15
 5.39502e+14	3.95e-14	7.52e-07	2.82e-02	9.61e-01	1.09e-02	0.00e+00	0.00e+00	0.00e+00	0.00e+00	2.20e-14	1.31e-14	4.36e-15
 5.61112e+14	5.02e-14	8.83e-07	3.05e-02	9.59e-01	1.00e-02	0.00e+00	0.00e+00	0.00e+00	0.00e+00	2.80e-14	1.66e-14	5.54e-15
 5.83586e+14	6.40e-14	1.04e-06	3.31e-02	9.58e-01	9.22e-03	0.00e+00	0.00e+00	0.00e+00	0.00e+00	3.57e-14	2.12e-14	7.07e-15
 6.06960e+14	8.15e-14	1.22e-06	3.59e-02	9.56e-01	8.46e-03	0.00e+00	0.00e+00	0.00e+00	0.00e+00	4.55e-14	2.70e-14	9.01e-15
 6.31268e+14	1.04e-13	1.44e-06	3.90e-02	9.53e-01	7.75e-03	0.00e+00	0.00e+00	0.00e+00	0.00e+00	5.80e-14	3.45e-14	1.15e-14
 6.56548e+14	1.33e-13	1.69e-06	4.23e-02	9.51e-01	7.10e-03	0.00e+00	0.00e+00	0.00e+00	0.00e+00	7.39e-14	4.39e-14	1.46e-14
 6.82840e+14	1.69e-13	1.99e-06	4.60e-02	9.48e-01	6.50e-03	0.00e+00	0.00e+00	0.00e+00	0.00e+00	9.43e-14	5.60e-14	1.87e-14
 7.10184e+14	2.16e-13	2.35e-06	4.99e-02	9.44e-01	5.94e-03	0.00e+00	0.00e+00	0.00e+00	0.00e+00	1.20e-13	7.15e-14	2.38e-14
 7.38621e+14	2.76e-13	2.77e-06	5.42e-02	9.40e-01	5.42e-03	0.00e+00	0.00e+00	0.00e+00	0.00e+00	1.54e-13	9.15e-14	3.05e-14
 7.68196e+14	3.52e-13	3.27e-06	5.90e-02	9.36e-01	4.94e-03	0.00e+00	0.00e+00	0.00e+00	0.00e+00	1.97e-13	1.17e-13	3.89e-14
 7.98954e+14	4.52e-13	3.86e-06	6.42e-02	9.31e-01	4.50e-03	0.00e+00	0.00e+00	0.00e+00	0.00e+00	2.52e-13	1.50e-13	4.99e-14
 8.30942e+14	5.78e-13	4.56e-06	6.99e-02	9.26e-01	4.10e-03	0.00e+00	0.00e+00	0.00e+00	0.00e+00	3.23e-13	1.91e-13	6.39e-14
 8.64209e+14	7.42e-13	5.41e-06	7.61e-02	9.20e-01	3.72e-03	0.00e+00	0.00e+00	0.00e+00	0.00e+00	4.14e-13	2.46e-13	8.20e-14
 8.98808e+14	9.54e-13	6.41e-06	8.30e-02	9.14e-01	3.37e-03	0.00e+00	0.00e+00	0.00e+00	0.00e+00	5.32e-13	3.16e-13	1.05e-13
 9.34790e+14	1.23e-12	7.60e-06	9.06e-02	9.06e-01	3.05e-03	0.00e+00	0.00e+00	0.00e+00	0.00e+00	6.84e-13	4.06e-13	1.35e-13
 9.72211e+14	1.58e-12	9.03e-06	9.91e-02	8.98e-01	2.76e-03	0.00e+00	0.00e+00	0.00e+00	0.00e+00	8.82e-13	5.23e-13	1.75e-13
 1.01113e+15	2.04e-12	1.08e-05	1.09e-01	8.89e-01	2.48e-03	0.00e+00	0.00e+00	0.00e+00	0.00e+00	1.14e-12	6.75e-13	2.25e-13
 1.05160e+15	2.64e-12	1.28e-05	1.19e-01	8.79e-01	2.23e-03	0.00e+00	0.00e+00	0.00e+00	0.00e+00	1.48e-12	8.74e-13	2.92e-13
 1.09370e+15	3.42e-12	1.53e-05	1.31e-01	8.67e-01	1.99e-03	0.00e+00	0.00e+00	0.00e+00	0.00e+00	1.91e-12	1.13e-12	3.78e-13
 1.13748e+15	4.46e-12	1.84e-05	1.44e-01	8.54e-01	1.77e-03	0.00e+00	0.00e+00	0.00e+00	0.00e+00	2.49e-12	1.47e-12	4.93e-13
 1.18301e+15	5.82e-12	2.22e-05	1.59e-01	8.39e-01	1.57e-03	0.00e+00	0.00e+00	0.00e+00	0.00e+00	3.25e-12	1.92e-12	6.42e-13
 1.23036e+15	7.63e-12	2.68e-05	1.76e-01	8.22e-01	1.39e-03	0.00e+00	0.00e+00	0.00e+00	0.00e+00	4.26e-12	2.52e-12	8.42e-13
 1.27960e+15	1.01e-11	3.26e-05	1.96e-01	8.03e-01	1.21e-03	0.00e+00	0.00e+00	0.00e+00	0.00e+00	5.63e-12	3.32e-12	1.11e-12
 1.33081e+15	1.33e-11	3.98e-05	2.19e-01	7.80e-01	1.05e-03	0.00e+00	0.00e+00	0.00e+00	0.00e+00	7.46e-12	4.40e-12	1.47e-12
 1.38408e+15	1.78e-11	4.88e-05	2.46e-01	7.53e-01	9.02e-04	0.00e+00	0.00e+00	0.00e+00	0.00e+00	9.94e-12	5.85e-12	1.96e-12
 1.43797e+15	2.37e-11	6.01e-05	2.77e-01	7.22e-01	7.66e-04	0.00e+00	0.00e+00	0.00e+00	0.00e+00	1.33e-11	7.79e-12	2.61e-12
 1.48977e+15	3.11e-11	7.33e-05	3.10e-01	6.89e-01	6.48e-04	0.00e+00	0.00e+00	0.00e+00	0.00e+00	1.74e-11	1.02e-11	3.43e-12
 1.53827e+15	4.00e-11	8.84e-05	3.46e-01	6.53e-01	5.47e-04	0.00e+00	0.00e+00	0.00e+00	0.00e+00	2.24e-11	1.32e-11	4.41e-12
 1.58409e+15	5.08e-11	1.06e-04	3.85e-01	6.15e-01	4.60e-04	0.00e+00	0.00e+00	0.00e+00	0.00e+00	2.85e-11	1.67e-11	5.59e-12
 1.62796e+15	6.37e-11	1.25e-04	4.26e-01	5.73e-01	3.83e-04	0.00e+00	0.00e+00	0.00e+00	0.00e+00	3.57e-11	2.09e-11	7.01e-12
 1.66995e+15	7.89e-11	1.47e-04	4.71e-01	5.29e-01	3.16e-04	0.00e+00	0.00e+00	0.00e+00	0.00e+00	4.43e-11	2.59e-11	8.69e-12
 1.70984e+15	9.66e-11	1.72e-04	5.18e-01	4.82e-01	2.57e-04	0.00e+00	0.00e+00	0.00e+00	0.00e+00	5.42e-11	3.17e-11	1.06e-11
 1.74764e+15	1.17e-10	1.99e-04	5.66e-01	4.33e-01	2.06e-04	0.00e+00	0.00e+00	0.00e+00	0.00e+00	6.55e-11	3.82e-11	1.28e-11
 1.78373e+15	1.39e-10	2.28e-04	6.16e-01	3.83e-01	1.62e-04	0.00e+00	0.00e+00	0.00e+00	0.00e+00	7.81e-11	4.55e-11	1.53e-11
 1.81860e+15	1.64e-10	2.60e-04	6.67e-01	3.32e-01	1.24e-04	0.00e+00	0.00e+00	0.00e+00	0.00e+00	9.21e-11	5.35e-11	1.80e-11
 1.85276e+15	1.91e-10	2.94e-04	7.19e-01	2.81e-01	9.20e-05	0.00e+00	0.00e+00	0.00e+00	0.00e+00	1.08e-10	6.25e-11	2.10e-11
 1.89179e+15	2.26e-10	3.35e-04	7.77e-01	2.22e-01	6.17e-05	0.00e+00	0.00e+00	0.00e+00	0.00e+00	1.27e-10	7.38e-11	2.48e-11
 1.93353e+15	2.66e-10	3.80e-04	8.34e-01	1.65e-01	3.79e-05	0.00e+00	0.00e+00	0.00e+00	0.00e+00	1.50e-10	8.67e-11	2.92e-11
 1.97155e+15	3.03e-10	4.20e-04	8.80e-01	1.20e-01	2.27e-05	0.00e+00	0.00e+00	0.00e+00	0.00e+00	1.71e-10	9.89e-11	3.33e-11
 2.01375e+15	3.47e-10	4.62e-04	9.20e-01	7.93e-02	1.19e-05	0.00e+00	0.00e+00	0.00e+00	0.00e+00	1.96e-10	1.13e-10	3.81e-11
 2.06861e+15	4.02e-10	5.09e-04	9.55e-01	4.44e-02	4.79e-06	0.00e+00	0.00e+00	0.00e+00	0.00e+00	2.27e-10	1.31e-10	4.41e-11
 2.13993e+15	4.75e-10	5.63e-04	9.79e-01	2.05e-02	1.41e-06	0.00e+00	0.00e+00	0.00e+00	0.00e+00	2.69e-10	1.55e-10	5.21e-11
 2.22385e+15	5.64e-10	6.17e-04	9.90e-01	9.04e-03	3.68e-07	0.00e+00	0.00e+00	0.00e+00	0.00e+00	3.19e-10	1.83e-10	6.17e-11
 2.31284e+15	6.66e-10	6.72e-04	9.95e-01	4.69e-03	0.00e+00	0.00e+00	0.00e+00	0.00e+00	0.00e+00	3.77e-10	2.16e-10	7.29e-11
 2.40538e+15	7.79e-10	7.29e-04	9.96e-01	3.06e-03	0.00e+00	0.00e+00	0.00e+00	0.00e+00	0.00e+00	4.42e-10	2.52e-10	8.51e-11
 2.50163e+15	9.14e-10	7.89e-04	9.97e-01	2.35e-03	0.00e+00	0.00e+00	0.00e+00	0.00e+00	0.00e+00	5.19e-10	2.95e-10	9.98e-11
 2.60172e+15	1.07e-09	8.53e-04	9.97e-01	2.01e-03	0.00e+00	0.00e+00	0.00e+00	0.00e+00	0.00e+00	6.08e-10	3.44e-10	1.16e-10
 2.70582e+15	1.25e-09	9.22e-04	9.97e-01	1.79e-03	0.00e+00	0.00e+00	0.00e+00	0.00e+00	0.00e+00	7.12e-10	4.01e-10	1.36e-10
 2.81408e+15	1.46e-09	9.97e-04	9.97e-01	1.62e-03	0.00e+00	0.00e+00	0.00e+00	0.00e+00	0.00e+00	8.34e-10	4.68e-10	1.59e-10
 2.92668e+15	1.71e-09	1.08e-03	9.97e-01	1.48e-03	0.00e+00	0.00e+00	0.00e+00	0.00e+00	0.00e+00	9.78e-10	5.46e-10	1.86e-10
 3.04377e+15	2.00e-09	1.17e-03	9.97e-01	1.36e-03	0.00e+00	0.00e+00	0.00e+00	0.00e+00	0.00e+00	1.15e-09	6.38e-10	2.17e-10
 3.16555e+15	2.34e-09	1.26e-03	9.97e-01	1.24e-03	0.00e+00	0.00e+00	0.00e+00	0.00e+00	0.00e+00	1.34e-09	7.44e-10	2.54e-10
 3.29221e+15	2.75e-09	1.36e-03	9.97e-01	1.14e-03	0.00e+00	0.00e+00	0.00e+00	0.00e+00	0.00e+00	1.58e-09	8.70e-10	2.97e-10
 3.42392e+15	3.21e-09	1.47e-03	9.97e-01	1.05e-03	0.00e+00	0.00e+00	0.00e+00	0.00e+00	0.00e+00	1.85e-09	1.01e-09	3.47e-10
 3.56091e+15	3.76e-09	1.59e-03	9.97e-01	9.59e-04	0.00e+00	0.00e+00	0.00e+00	0.00e+00	0.00e+00	2.17e-09	1.19e-09	4.06e-10
 3.70338e+15	4.40e-09	1.72e-03	9.97e-01	8.79e-04	0.00e+00	0.00e+00	0.00e+00	0.00e+00	0.00e+00	2.54e-09	1.38e-09	4.75e-10
 3.85154e+15	5.16e-09	1.86e-03	9.97e-01	8.06e-04	0.00e+00	0.00e+00	0.00e+00	0.00e+00	0.00e+00	2.98e-09	1.62e-09	5.57e-10
 4.00563e+15	6.04e-09	2.02e-03	9.97e-01	7.38e-04	0.00e+00	0.00e+00	0.00e+00	0.00e+00	0.00e+00	3.49e-09	1.89e-09	6.51e-10
 4.16589e+15	7.08e-09	2.18e-03	9.97e-01	6.76e-04	0.00e+00	0.00e+00	0.00e+00	0.00e+00	0.00e+00	4.10e-09	2.22e-09	7.63e-10
 4.33255e+15	8.30e-09	2.36e-03	9.97e-01	6.19e-04	0.00e+00	0.00e+00	0.00e+00	0.00e+00	0.00e+00	4.81e-09	2.59e-09	8.93e-10
 4.50589e+15	9.73e-09	2.55e-03	9.97e-01	5.66e-04	0.00e+00	0.00e+00	0.00e+00	0.00e+00	0.00e+00	5.64e-09	3.04e-09	1.05e-09
 4.68615e+15	1.16e-08	2.78e-03	9.97e-01	5.01e-04	0.00e+00	0.00e+00	0.00e+00	0.00e+00	0.00e+00	6.73e-09	3.61e-09	1.25e-09
 4.87363e+15	1.36e-08	3.00e-03	9.97e-01	4.61e-04	0.00e+00	0.00e+00	0.00e+00	0.00e+00	0.00e+00	7.90e-09	4.23e-09	1.46e-09
 5.06860e+15	1.60e-08	3.25e-03	9.96e-01	4.21e-04	0.00e+00	0.00e+00	0.00e+00	0.00e+00	0.00e+00	9.27e-09	4.96e-09	1.72e-09
 5.27138e+15	1.87e-08	3.52e-03	9.96e-01	3.84e-04	0.00e+00	0.00e+00	0.00e+00	0.00e+00	0.00e+00	1.09e-08	5.82e-09	2.01e-09
 5.48226e+15	2.20e-08	3.81e-03	9.96e-01	3.50e-04	0.00e+00	0.00e+00	0.00e+00	0.00e+00	0.00e+00	1.28e-08	6.84e-09	2.36e-09
 5.70158e+15	2.59e-08	4.12e-03	9.96e-01	3.18e-04	0.00e+00	0.00e+00	0.00e+00	0.00e+00	0.00e+00	1.50e-08	8.03e-09	2.78e-09
 5.92968e+15	3.04e-08	4.46e-03	9.95e-01	2.90e-04	0.00e+00	0.00e+00	0.00e+00	0.00e+00	0.00e+00	1.77e-08	9.44e-09	3.27e-09
 6.16689e+15	3.58e-08	4.83e-03	9.95e-01	2.63e-04	0.00e+00	0.00e+00	0.00e+00	0.00e+00	0.00e+00	2.08e-08	1.11e-08	3.84e-09
 6.41360e+15	4.22e-08	5.24e-03	9.95e-01	2.39e-04	0.00e+00	0.00e+00	0.00e+00	0.00e+00	0.00e+00	2.45e-08	1.31e-08	4.52e-09
 6.67017e+15	4.96e-08	5.67e-03	9.94e-01	2.17e-04	0.00e+00	0.00e+00	0.00e+00	0.00e+00	0.00e+00	2.89e-08	1.54e-08	5.33e-09
 6.93701e+15	5.86e-08	6.15e-03	9.94e-01	1.97e-04	0.00e+00	0.00e+00	0.00e+00	0.00e+00	0.00e+00	3.41e-08	1.81e-08	6.28e-09
 7.21452e+15	6.91e-08	6.66e-03	9.93e-01	1.78e-04	0.00e+00	0.00e+00	0.00e+00	0.00e+00	0.00e+00	4.02e-08	2.14e-08	7.41e-09
 7.50313e+15	8.16e-08	7.23e-03	9.93e-01	1.61e-04	0.00e+00	0.00e+00	0.00e+00	0.00e+00	0.00e+00	4.75e-08	2.53e-08	8.75e-09
 7.80329e+15	9.64e-08	7.84e-03	9.92e-01	1.45e-04	0.00e+00	0.00e+00	0.00e+00	0.00e+00	0.00e+00	5.61e-08	2.98e-08	1.03e-08
 8.11545e+15	1.14e-07	8.51e-03	9.91e-01	1.31e-04	0.00e+00	0.00e+00	0.00e+00	0.00e+00	0.00e+00	6.65e-08	3.54e-08	1.22e-08
 8.44010e+15	1.35e-07	9.22e-03	9.91e-01	1.18e-04	0.00e+00	0.00e+00	0.00e+00	0.00e+00	0.00e+00	7.87e-08	4.19e-08	1.45e-08
 8.77773e+15	1.61e-07	1.00e-02	9.90e-01	1.06e-04	0.00e+00	0.00e+00	0.00e+00	0.00e+00	0.00e+00	9.35e-08	4.98e-08	1.72e-08
 9.12887e+15	1.88e-07	1.08e-02	9.89e-01	9.65e-05	0.00e+00	0.00e+00	0.00e+00	0.00e+00	0.00e+00	1.10e-07	5.84e-08	2.02e-08
 9.49405e+15	2.21e-07	1.17e-02	9.88e-01	8.98e-05	0.00e+00	0.00e+00	0.00e+00	0.00e+00	0.00e+00	1.29e-07	6.85e-08	2.37e-08
 9.87384e+15	2.64e-07	1.27e-02	9.87e-01	7.92e-05	0.00e+00	0.00e+00	0.00e+00	0.00e+00	0.00e+00	1.53e-07	8.17e-08	2.83e-08
 1.02688e+16	3.15e-07	1.39e-02	9.86e-01	7.05e-05	0.00e+00	0.00e+00	0.00e+00	0.00e+00	0.00e+00	1.83e-07	9.78e-08	3.38e-08
 1.06796e+16	3.76e-07	1.51e-02	9.85e-01	6.25e-05	0.00e+00	0.00e+00	0.00e+00	0.00e+00	0.00e+00	2.19e-07	1.17e-07	4.03e-08
 1.11068e+16	4.48e-07	1.64e-02	9.84e-01	5.68e-05	0.00e+00	0.00e+00	0.00e+00	0.00e+00	0.00e+00	2.60e-07	1.39e-07	4.80e-08
 1.15511e+16	5.38e-07	1.79e-02	9.82e-01	5.04e-05	0.00e+00	0.00e+00	0.00e+00	0.00e+00	0.00e+00	3.12e-07	1.67e-07	5.77e-08
 1.20132e+16	6.48e-07	1.95e-02	9.80e-01	4.48e-05	0.00e+00	0.00e+00	0.00e+00	0.00e+00	0.00e+00	3.76e-07	2.02e-07	6.95e-08
 1.24938e+16	8.04e-07	2.13e-02	9.79e-01	3.99e-05	0.00e+00	0.00e+00	0.00e+00	0.00e+00	0.00e+00	4.66e-07	2.51e-07	8.62e-08
 1.29047e+16	9.34e-07	2.28e-02	9.77e-01	3.63e-05	0.00e+00	0.00e+00	0.00e+00	0.00e+00	0.00e+00	5.41e-07	2.91e-07	1.00e-07
 1.32864e+16	1.05e-06	2.43e-02	9.76e-01	3.31e-05	0.00e+00	0.00e+00	0.00e+00	0.00e+00	0.00e+00	6.09e-07	3.29e-07	1.13e-07
 1.37722e+16	1.28e-06	2.65e-02	9.74e-01	2.95e-05	0.00e+00	0.00e+00	0.00e+00	0.00e+00	0.00e+00	7.41e-07	4.01e-07	1.37e-07
 1.42990e+16	1.53e-06	2.88e-02	9.71e-01	2.60e-05	0.00e+00	0.00e+00	0.00e+00	0.00e+00	0.00e+00	8.83e-07	4.79e-07	1.64e-07
 1.48469e+16	1.88e-06	3.16e-02	9.68e-01	2.29e-05	0.00e+00	0.00e+00	0.00e+00	0.00e+00	0.00e+00	1.09e-06	5.90e-07	2.01e-07
 1.54408e+16	2.31e-06	3.46e-02	9.65e-01	2.02e-05	0.00e+00	0.00e+00	0.00e+00	0.00e+00	0.00e+00	1.33e-06	7.25e-07	2.47e-07
 1.60584e+16	2.85e-06	3.81e-02	9.62e-01	1.75e-05	0.00e+00	0.00e+00	0.00e+00	0.00e+00	0.00e+00	1.64e-06	8.95e-07	3.05e-07
 1.65680e+16	3.40e-06	4.12e-02	9.59e-01	1.57e-05	0.00e+00	0.00e+00	0.00e+00	0.00e+00	0.00e+00	1.96e-06	1.07e-06	3.64e-07
 1.70156e+16	3.98e-06	4.42e-02	9.56e-01	1.42e-05	0.00e+00	0.00e+00	0.00e+00	0.00e+00	0.00e+00	2.30e-06	1.25e-06	4.26e-07
 1.75976e+16	4.87e-06	4.82e-02	9.52e-01	1.25e-05	0.00e+00	0.00e+00	0.00e+00	0.00e+00	0.00e+00	2.80e-06	1.53e-06	5.21e-07
 1.82851e+16	6.20e-06	5.36e-02	9.46e-01	1.07e-05	0.00e+00	0.00e+00	0.00e+00	0.00e+00	0.00e+00	3.58e-06	1.95e-06	6.64e-07
 1.89704e+16	7.92e-06	5.95e-02	9.40e-01	9.27e-06	0.00e+00	0.00e+00	0.00e+00	0.00e+00	0.00e+00	4.56e-06	2.49e-06	8.48e-07
 1.95974e+16	9.95e-06	6.56e-02	9.34e-01	8.10e-06	0.00e+00	0.00e+00	0.00e+00	0.00e+00	0.00e+00	5.74e-06	3.13e-06	1.07e-06
 2.01743e+16	1.24e-05	7.19e-02	9.28e-01	7.14e-06	0.00e+00	0.00e+00	0.00e+00	0.00e+00	0.00e+00	7.13e-06	3.89e-06	1.33e-06
 2.08106e+16	1.59e-05	7.99e-02	9.20e-01	6.15e-06	0.00e+00	0.00e+00	0.00e+00	0.00e+00	0.00e+00	9.17e-06	4.99e-06	1.71e-06
 2.15154e+16	2.12e-05	9.00e-02	9.10e-01	5.25e-06	0.00e+00	0.00e+00	0.00e+00	0.00e+00	0.00e+00	1.22e-05	6.65e-06	2.28e-06
 2.21176e+16	2.75e-05	1.00e-01	9.00e-01	4.52e-06	0.00e+00	0.00e+00	0.00e+00	0.00e+00	0.00e+00	1.59e-05	8.61e-06	2.96e-06
 2.25832e+16	3.39e-05	1.09e-01	8.91e-01	4.06e-06	0.00e+00	0.00e+00	0.00e+00	0.00e+00	0.00e+00	1.96e-05	1.06e-05	3.65e-06
 2.30631e+16	4.28e-05	1.20e-01	8.80e-01	3.58e-06	0.00e+00	0.00e+00	0.00e+00	0.00e+00	0.00e+00	2.47e-05	1.34e-05	4.62e-06
 2.35372e+16	5.43e-05	1.32e-01	8.68e-01	3.17e-06	0.00e+00	0.00e+00	0.00e+00	0.00e+00	0.00e+00	3.14e-05	1.70e-05	5.86e-06
 2.38886e+16	6.55e-05	1.43e-01	8.57e-01	2.87e-06	0.00e+00	0.00e+00	0.00e+00	0.00e+00	0.00e+00	3.78e-05	2.04e-05	7.06e-06
 2.41793e+16	7.74e-05	1.53e-01	8.47e-01	2.65e-06	0.00e+00	0.00e+00	0.00e+00	0.00e+00	0.00e+00	4.47e-05	2.41e-05	8.35e-06
 2.45066e+16	9.44e-05	1.65e-01	8.34e-01	2.38e-06	0.00e+00	0.00e+00	0.00e+00	0.00e+00	0.00e+00	5.46e-05	2.94e-05	1.02e-05
 2.48560e+16	1.18e-04	1.81e-01	8.19e-01	2.13e-06	0.00e+00	0.00e+00	0.00e+00	0.00e+00	0.00e+00	6.81e-05	3.67e-05	1.27e-05
 2.51410e+16	1.43e-04	1.95e-01	8.05e-01	1.94e-06	0.00e+00	0.00e+00	0.00e+00	0.00e+00	0.00e+00	8.25e-05	4.44e-05	1.54e-05
 2.53643e+16	1.68e-04	2.08e-01	7.91e-01	1.78e-06	0.00e+00	0.00e+00	0.00e+00	0.00e+00	0.00e+00	9.70e-05	5.22e-05	1.81e-05
 2.56008e+16	2.01e-04	2.24e-01	7.76e-01	1.62e-06	0.00e+00	0.00e+00	0.00e+00	0.00e+00	0.00e+00	1.16e-04	6.25e-05	2.17e-05
 2.58507e+16	2.46e-04	2.42e-01	7.57e-01	1.46e-06	0.00e+00	0.00e+00	0.00e+00	0.00e+00	0.00e+00	1.42e-04	7.63e-05	2.65e-05
 2.60579e+16	2.93e-04	2.60e-01	7.40e-01	1.32e-06	0.00e+00	0.00e+00	0.00e+00	0.00e+00	0.00e+00	1.69e-04	9.09e-05	3.15e-05
 2.62300e+16	3.42e-04	2.77e-01	7.23e-01	1.21e-06	0.00e+00	0.00e+00	0.00e+00	0.00e+00	0.00e+00	1.98e-04	1.06e-04	3.69e-05
 2.64169e+16	4.10e-04	2.97e-01	7.02e-01	1.09e-06	0.00e+00	0.00e+00	0.00e+00	0.00e+00	0.00e+00	2.38e-04	1.27e-04	4.42e-05
 2.66108e+16	4.99e-04	3.21e-01	6.78e-01	9.74e-07	0.00e+00	0.00e+00	0.00e+00	0.00e+00	0.00e+00	2.89e-04	1.55e-04	5.37e-05
 2.67669e+16	5.91e-04	3.43e-01	6.56e-01	0.00e+00	0.00e+00	0.00e+00	0.00e+00	0.00e+00	0.00e+00	3.43e-04	1.83e-04	6.36e-05
 2.68955e+16	6.85e-04	3.63e-01	6.36e-01	0.00e+00	0.00e+00	0.00e+00	0.00e+00	0.00e+00	0.00e+00	3.97e-04	2.12e-04	7.36e-05
 2.70353e+16	8.13e-04	3.88e-01	6.11e-01	0.00e+00	0.00e+00	0.00e+00	0.00e+00	0.00e+00	0.00e+00	4.72e-04	2.52e-04	8.73e-05
 2.71818e+16	9.79e-04	4.17e-01	5.82e-01	0.00e+00	0.00e+00	0.00e+00	0.00e+00	0.00e+00	0.00e+00	5.68e-04	3.03e-04	1.05e-04
 2.73024e+16	1.15e-03	4.43e-01	5.56e-01	0.00e+00	0.00e+00	0.00e+00	0.00e+00	0.00e+00	0.00e+00	6.68e-04	3.56e-04	1.23e-04
 2.74036e+16	1.33e-03	4.68e-01	5.31e-01	0.00e+00	0.00e+00	0.00e+00	0.00e+00	0.00e+00	0.00e+00	7.72e-04	4.11e-04	1.42e-04
 2.75143e+16	1.57e-03	4.97e-01	5.01e-01	0.00e+00	0.00e+00	0.00e+00	0.00e+00	0.00e+00	0.00e+00	9.14e-04	4.87e-04	1.68e-04
 2.76299e+16	1.89e-03	5.31e-01	4.67e-01	0.00e+00	0.00e+00	0.00e+00	0.00e+00	0.00e+00	0.00e+00	1.10e-03	5.83e-04	2.02e-04
 2.77242e+16	2.21e-03	5.61e-01	4.37e-01	0.00e+00	0.00e+00	0.00e+00	0.00e+00	0.00e+00	0.00e+00	1.29e-03	6.83e-04	2.36e-04
 2.78034e+16	2.54e-03	5.88e-01	4.10e-01	0.00e+00	0.00e+00	0.00e+00	0.00e+00	0.00e+00	0.00e+00	1.48e-03	7.86e-04	2.71e-04
 2.78902e+16	3.00e-03	6.20e-01	3.77e-01	0.00e+00	0.00e+00	0.00e+00	0.00e+00	0.00e+00	0.00e+00	1.74e-03	9.25e-04	3.18e-04
 2.79810e+16	3.58e-03	6.55e-01	3.41e-01	0.00e+00	0.00e+00	0.00e+00	0.00e+00	0.00e+00	0.00e+00	2.08e-03	1.10e-03	3.79e-04
 2.80554e+16	4.17e-03	6.86e-01	3.10e-01	0.00e+00	0.00e+00	0.00e+00	0.00e+00	0.00e+00	0.00e+00	2.43e-03	1.29e-03	4.42e-04
 2.81177e+16	4.79e-03	7.12e-01	2.83e-01	0.00e+00	0.00e+00	0.00e+00	0.00e+00	0.00e+00	0.00e+00	2.78e-03	1.48e-03	5.06e-04
 2.81856e+16	5.62e-03	7.43e-01	2.52e-01	0.00e+00	0.00e+00	0.00e+00	0.00e+00	0.00e+00	0.00e+00	3.27e-03	1.74e-03	5.94e-04
 2.82569e+16	6.70e-03	7.74e-01	2.19e-01	0.00e+00	0.00e+00	0.00e+00	0.00e+00	0.00e+00	0.00e+00	3.90e-03	2.07e-03	7.06e-04
 2.83155e+16	7.81e-03	8.01e-01	1.91e-01	0.00e+00	0.00e+00	0.00e+00	0.00e+00	0.00e+00	0.00e+00	4.55e-03	2.41e-03	8.23e-04
 2.83642e+16	8.96e-03	8.23e-01	1.68e-01	0.00e+00	0.00e+00	0.00e+00	0.00e+00	0.00e+00	0.00e+00	5.22e-03	2.77e-03	9.44e-04
 2.84174e+16	1.06e-02	8.47e-01	1.43e-01	0.00e+00	0.00e+00	0.00e+00	0.00e+00	0.00e+00	0.00e+00	6.14e-03	3.26e-03	1.11e-03
 2.84732e+16	1.27e-02	8.70e-01	1.17e-01	0.00e+00	0.00e+00	0.00e+00	0.00e+00	0.00e+00	0.00e+00	7.37e-03	3.91e-03	1.33e-03
 2.85193e+16	1.49e-02	8.88e-01	9.70e-02	0.00e+00	0.00e+00	0.00e+00	0.00e+00	0.00e+00	0.00e+00	8.68e-03	4.60e-03	1.57e-03
 2.85581e+16	1.74e-02	9.02e-01	8.04e-02	0.00e+00	0.00e+00	0.00e+00	0.00e+00	0.00e+00	0.00e+00	1.01e-02	5.37e-03	1.83e-03
 2.86007e+16	2.09e-02	9.16e-01	6.33e-02	0.00e+00	0.00e+00	0.00e+00	0.00e+00	0.00e+00	0.00e+00	1.22e-02	6.46e-03	2.20e-03
 2.86463e+16	2.61e-02	9.27e-01	4.67e-02	0.00e+00	0.00e+00	0.00e+00	0.00e+00	0.00e+00	0.00e+00	1.52e-02	8.05e-03	2.74e-03
 2.86838e+16	3.22e-02	9.33e-01	3.44e-02	0.00e+00	0.00e+00	0.00e+00	0.00e+00	0.00e+00	0.00e+00	1.87e-02	9.92e-03	3.38e-03
 2.87133e+16	3.89e-02	9.35e-01	2.57e-02	0.00e+00	0.00e+00	0.00e+00	0.00e+00	0.00e+00	0.00e+00	2.27e-02	1.20e-02	4.09e-03
 2.87349e+16	4.55e-02	9.35e-01	2.00e-02	0.00e+00	0.00e+00	0.00e+00	0.00e+00	0.00e+00	0.00e+00	2.65e-02	1.40e-02	4.79e-03
 2.87485e+16	5.07e-02	9.33e-01	1.67e-02	0.00e+00	0.00e+00	0.00e+00	0.00e+00	0.00e+00	0.00e+00	2.96e-02	1.56e-02	5.34e-03
 2.87616e+16	5.70e-02	9.29e-01	1.38e-02	0.00e+00	0.00e+00	0.00e+00	0.00e+00	0.00e+00	0.00e+00	3.33e-02	1.76e-02	6.01e-03
 2.87761e+16	6.54e-02	9.24e-01	1.09e-02	0.00e+00	0.00e+00	0.00e+00	0.00e+00	0.00e+00	0.00e+00	3.81e-02	2.02e-02	6.89e-03
 2.87890e+16	7.49e-02	9.17e-01	8.60e-03	0.00e+00	0.00e+00	0.00e+00	0.00e+00	0.00e+00	0.00e+00	4.37e-02	2.31e-02	7.90e-03
 2.87994e+16	8.44e-02	9.09e-01	6.93e-03	0.00e+00	0.00e+00	0.00e+00	0.00e+00	0.00e+00	0.00e+00	4.92e-02	2.60e-02	8.89e-03
 2.88084e+16	9.44e-02	9.00e-01	5.64e-03	0.00e+00	0.00e+00	0.00e+00	0.00e+00	0.00e+00	0.00e+00	5.51e-02	2.90e-02	9.95e-03
 2.88170e+16	1.06e-01	8.90e-01	4.54e-03	0.00e+00	0.00e+00	0.00e+00	0.00e+00	0.00e+00	0.00e+00	6.18e-02	3.26e-02	1.12e-02
 2.88254e+16	1.20e-01	8.77e-01	3.59e-03	0.00e+00	0.00e+00	0.00e+00	0.00e+00	0.00e+00	0.00e+00	6.99e-02	3.68e-02	1.26e-02
 2.88332e+16	1.35e-01	8.62e-01	2.82e-03	0.00e+00	0.00e+00	0.00e+00	0.00e+00	0.00e+00	0.00e+00	7.91e-02	4.15e-02	1.43e-02
 2.88401e+16	1.52e-01	8.45e-01	2.22e-03	0.00e+00	0.00e+00	0.00e+00	0.00e+00	0.00e+00	0.00e+00	8.91e-02	4.67e-02	1.61e-02
 2.88464e+16	1.71e-01	8.27e-01	1.74e-03	0.00e+00	0.00e+00	0.00e+00	0.00e+00	0.00e+00	0.00e+00	1.00e-01	5.24e-02	1.81e-02
 2.88523e+16	1.92e-01	8.07e-01	1.36e-03	0.00e+00	0.00e+00	0.00e+00	0.00e+00	0.00e+00	0.00e+00	1.13e-01	5.88e-02	2.03e-02
 2.88579e+16	2.16e-01	7.83e-01	1.05e-03	0.00e+00	0.00e+00	0.00e+00	0.00e+00	0.00e+00	0.00e+00	1.27e-01	6.60e-02	2.28e-02
 2.88631e+16	2.43e-01	7.56e-01	8.08e-04	0.00e+00	0.00e+00	0.00e+00	0.00e+00	0.00e+00	0.00e+00	1.43e-01	7.41e-02	2.57e-02
 2.88681e+16	2.72e-01	7.27e-01	6.18e-04	0.00e+00	0.00e+00	0.00e+00	0.00e+00	0.00e+00	0.00e+00	1.60e-01	8.29e-02	2.88e-02
 2.88728e+16	3.06e-01	6.94e-01	4.67e-04	0.00e+00	0.00e+00	0.00e+00	0.00e+00	0.00e+00	0.00e+00	1.80e-01	9.28e-02	3.23e-02
