#depth	He	He+	He+2
 1.49634e+10	1.26e-23	1.64e-12	1.00e+00
 4.54887e+10	1.40e-23	1.77e-12	1.00e+00
 7.72350e+10	1.56e-23	1.91e-12	1.00e+00
 1.10251e+11	1.72e-23	2.07e-12	1.00e+00
 1.41014e+11	1.89e-23	2.22e-12	1.00e+00
 1.68056e+11	2.04e-23	2.36e-12	1.00e+00
 1.98210e+11	2.22e-23	2.52e-12	1.00e+00
 2.34523e+11	2.45e-23	2.71e-12	1.00e+00
 2.71059e+11	2.70e-23	2.92e-12	1.00e+00
 3.04527e+11	2.93e-23	3.11e-12	1.00e+00
 3.41787e+11	3.21e-23	3.34e-12	1.00e+00
 3.85067e+11	3.56e-23	3.61e-12	1.00e+00
 4.27442e+11	3.92e-23	3.89e-12	1.00e+00
 4.67416e+11	4.29e-23	4.16e-12	1.00e+00
 5.11944e+11	4.71e-23	4.47e-12	1.00e+00
 5.62348e+11	5.24e-23	4.84e-12	1.00e+00
 6.12793e+11	5.80e-23	5.22e-12	1.00e+00
 6.65255e+11	6.43e-23	5.63e-12	1.00e+00
 7.21791e+11	7.16e-23	6.10e-12	1.00e+00
 7.80590e+11	7.98e-23	6.60e-12	1.00e+00
 8.41740e+11	8.90e-23	7.15e-12	1.00e+00
 9.05337e+11	9.95e-23	7.74e-12	1.00e+00
 9.71477e+11	1.11e-22	8.37e-12	1.00e+00
 1.04026e+12	1.25e-22	9.07e-12	1.00e+00
 1.11180e+12	1.40e-22	9.82e-12	1.00e+00
 1.18620e+12	1.57e-22	1.06e-11	1.00e+00
 1.26357e+12	1.76e-22	1.15e-11	1.00e+00
 1.34404e+12	1.98e-22	1.25e-11	1.00e+00
 1.42773e+12	2.23e-22	1.35e-11	1.00e+00
 1.50964e+12	2.51e-22	1.46e-11	1.00e+00
 1.58544e+12	2.78e-22	1.56e-11	1.00e+00
 1.66940e+12	3.10e-22	1.68e-11	1.00e+00
 1.76610e+12	3.51e-22	1.82e-11	1.00e+00
 1.86119e+12	3.96e-22	1.96e-11	1.00e+00
 1.96009e+12	4.47e-22	2.12e-11	1.00e+00
 2.06842e+12	5.09e-22	2.30e-11	1.00e+00
 2.17838e+12	5.78e-22	2.49e-11	1.00e+00
 2.29275e+12	6.57e-22	2.69e-11	1.00e+00
 2.41438e+12	7.51e-22	2.92e-11	1.00e+00
 2.54089e+12	8.59e-22	3.17e-11	1.00e+00
 2.67245e+12	9.84e-22	3.44e-11	1.00e+00
 2.80927e+12	1.13e-21	3.74e-11	1.00e+00
 2.95157e+12	1.30e-21	4.06e-11	1.00e+00
 3.09956e+12	1.49e-21	4.41e-11	1.00e+00
 3.25347e+12	1.72e-21	4.79e-11	1.00e+00
 3.39838e+12	1.96e-21	5.16e-11	1.00e+00
 3.52826e+12	2.18e-21	5.51e-11	1.00e+00
 3.67414e+12	2.46e-21	5.93e-11	1.00e+00
 3.84670e+12	2.84e-21	6.44e-11	1.00e+00
 4.01918e+12	3.26e-21	6.97e-11	1.00e+00
 4.18147e+12	3.69e-21	7.49e-11	1.00e+00
 4.36156e+12	4.22e-21	8.10e-11	1.00e+00
 4.56595e+12	4.90e-21	8.82e-11	1.00e+00
 4.76998e+12	5.65e-21	9.58e-11	1.00e+00
 4.98218e+12	6.51e-21	1.04e-10	1.00e+00
 5.21139e+12	7.57e-21	1.14e-10	1.00e+00
 5.44978e+12	8.79e-21	1.24e-10	1.00e+00
 5.67473e+12	1.01e-20	1.34e-10	1.00e+00
 5.87730e+12	1.14e-20	1.44e-10	1.00e+00
 6.10530e+12	1.29e-20	1.55e-10	1.00e+00
 6.37382e+12	1.50e-20	1.69e-10	1.00e+00
 6.64119e+12	1.73e-20	1.84e-10	1.00e+00
 6.89263e+12	1.97e-20	1.99e-10	1.00e+00
 7.17165e+12	2.25e-20	2.16e-10	1.00e+00
 7.48844e+12	2.63e-20	2.36e-10	1.00e+00
 7.80190e+12	3.03e-20	2.58e-10	1.00e+00
 8.12791e+12	3.49e-20	2.81e-10	1.00e+00
 8.48295e+12	4.06e-20	3.08e-10	1.00e+00
 8.84044e+12	4.70e-20	3.37e-10	1.00e+00
 9.21223e+12	5.42e-20	3.69e-10	1.00e+00
 9.59738e+12	6.25e-20	4.05e-10	1.00e+00
 9.97658e+12	7.15e-20	4.41e-10	1.00e+00
 1.03842e+13	8.20e-20	4.83e-10	1.00e+00
 1.08295e+13	9.49e-20	5.31e-10	1.00e+00
 1.12926e+13	1.09e-19	5.84e-10	1.00e+00
 1.17743e+13	1.26e-19	6.43e-10	1.00e+00
 1.22751e+13	1.45e-19	7.09e-10	1.00e+00
 1.27285e+13	1.64e-19	7.71e-10	1.00e+00
 1.31068e+13	1.81e-19	8.26e-10	1.00e+00
 1.35214e+13	2.00e-19	8.89e-10	1.00e+00
 1.40459e+13	2.27e-19	9.72e-10	1.00e+00
 1.45925e+13	2.58e-19	1.06e-09	1.00e+00
 1.50595e+13	2.86e-19	1.15e-09	1.00e+00
 1.55437e+13	3.16e-19	1.24e-09	1.00e+00
 1.61487e+13	3.58e-19	1.36e-09	1.00e+00
 1.67622e+13	4.05e-19	1.48e-09	1.00e+00
 1.72946e+13	4.48e-19	1.60e-09	1.00e+00
 1.78701e+13	4.98e-19	1.73e-09	1.00e+00
 1.85743e+13	5.65e-19	1.89e-09	1.00e+00
 1.92923e+13	6.40e-19	2.07e-09	1.00e+00
 1.99473e+13	7.13e-19	2.25e-09	1.00e+00
 2.06739e+13	8.01e-19	2.44e-09	1.00e+00
 2.15212e+13	9.15e-19	2.69e-09	1.00e+00
 2.23614e+13	1.04e-18	2.94e-09	1.00e+00
 2.31632e+13	1.17e-18	3.20e-09	1.00e+00
 2.40476e+13	1.33e-18	3.49e-09	1.00e+00
 2.50395e+13	1.53e-18	3.84e-09	1.00e+00
 2.60350e+13	1.75e-18	4.20e-09	1.00e+00
 2.69263e+13	1.97e-18	4.54e-09	1.00e+00
 2.77183e+13	2.19e-18	4.86e-09	1.00e+00
 2.86164e+13	2.45e-18	5.22e-09	1.00e+00
 2.96154e+13	2.78e-18	5.65e-09	1.00e+00
 3.05522e+13	3.12e-18	6.07e-09	1.00e+00
 3.15766e+13	3.53e-18	6.54e-09	1.00e+00
 3.27252e+13	4.04e-18	7.09e-09	1.00e+00
 3.38161e+13	4.57e-18	7.64e-09	1.00e+00
 3.50151e+13	5.23e-18	8.26e-09	1.00e+00
 3.63572e+13	6.05e-18	8.99e-09	1.00e+00
 3.76308e+13	6.92e-18	9.72e-09	1.00e+00
 3.88060e+13	7.80e-18	1.04e-08	1.00e+00
 4.01077e+13	8.89e-18	1.12e-08	1.00e+00
 4.15691e+13	1.02e-17	1.21e-08	1.00e+00
 4.29531e+13	1.17e-17	1.30e-08	1.00e+00
 4.44675e+13	1.34e-17	1.41e-08	1.00e+00
 4.61425e+13	1.56e-17	1.53e-08	1.00e+00
 4.76963e+13	1.78e-17	1.64e-08	1.00e+00
 4.93863e+13	2.05e-17	1.77e-08	1.00e+00
 5.12778e+13	2.39e-17	1.92e-08	1.00e+00
 5.30645e+13	2.75e-17	2.07e-08	1.00e+00
 5.50081e+13	3.19e-17	2.24e-08	1.00e+00
 5.71747e+13	3.74e-17	2.44e-08	1.00e+00
 5.92351e+13	4.32e-17	2.63e-08	1.00e+00
 6.14415e+13	5.02e-17	2.84e-08	1.00e+00
 6.39291e+13	5.91e-17	3.10e-08	1.00e+00
 6.63918e+13	6.91e-17	3.36e-08	1.00e+00
 6.89530e+13	8.07e-17	3.64e-08	1.00e+00
 7.17410e+13	9.51e-17	3.96e-08	1.00e+00
 7.46406e+13	1.12e-16	4.31e-08	1.00e+00
 7.76561e+13	1.32e-16	4.69e-08	1.00e+00
 8.06179e+13	1.54e-16	5.07e-08	1.00e+00
 8.33757e+13	1.76e-16	5.44e-08	1.00e+00
 8.64182e+13	2.04e-16	5.87e-08	1.00e+00
 8.95439e+13	2.37e-16	6.32e-08	1.00e+00
 9.21659e+13	2.66e-16	6.71e-08	1.00e+00
 9.49386e+13	3.00e-16	7.14e-08	1.00e+00
 9.84509e+13	3.49e-16	7.70e-08	1.00e+00
 1.02112e+14	4.05e-16	8.31e-08	1.00e+00
 1.05368e+14	4.60e-16	8.86e-08	1.00e+00
 1.08909e+14	5.26e-16	9.48e-08	1.00e+00
 1.12852e+14	6.08e-16	1.02e-07	1.00e+00
 1.16529e+14	6.92e-16	1.09e-07	1.00e+00
 1.20523e+14	7.93e-16	1.17e-07	1.00e+00
 1.24979e+14	9.19e-16	1.26e-07	1.00e+00
 1.29153e+14	1.05e-15	1.34e-07	1.00e+00
 1.33699e+14	1.21e-15	1.44e-07	1.00e+00
 1.38775e+14	1.40e-15	1.56e-07	1.00e+00
 1.43543e+14	1.60e-15	1.66e-07	1.00e+00
 1.48736e+14	1.85e-15	1.79e-07	1.00e+00
 1.54547e+14	2.16e-15	1.93e-07	1.00e+00
 1.60055e+14	2.48e-15	2.07e-07	1.00e+00
 1.65952e+14	2.86e-15	2.23e-07	1.00e+00
 1.72620e+14	3.35e-15	2.41e-07	1.00e+00
 1.79185e+14	3.89e-15	2.60e-07	1.00e+00
 1.86014e+14	4.51e-15	2.80e-07	1.00e+00
 1.93484e+14	5.28e-15	3.03e-07	1.00e+00
 2.01083e+14	6.16e-15	3.28e-07	1.00e+00
 2.08986e+14	7.18e-15	3.54e-07	1.00e+00
 2.16893e+14	8.32e-15	3.82e-07	1.00e+00
 2.24383e+14	9.53e-15	4.08e-07	1.00e+00
 2.32655e+14	1.10e-14	4.39e-07	1.00e+00
 2.40937e+14	1.27e-14	4.71e-07	1.00e+00
 2.47813e+14	1.41e-14	4.99e-07	1.00e+00
 2.55106e+14	1.59e-14	5.29e-07	1.00e+00
 2.64427e+14	1.83e-14	5.69e-07	1.00e+00
 2.74202e+14	2.12e-14	6.13e-07	1.00e+00
 2.82853e+14	2.40e-14	6.52e-07	1.00e+00
 2.92230e+14	2.73e-14	6.97e-07	1.00e+00
 3.03495e+14	3.18e-14	7.53e-07	1.00e+00
 3.14898e+14	3.69e-14	8.12e-07	1.00e+00
 3.25583e+14	4.22e-14	8.70e-07	1.00e+00
 3.37464e+14	4.88e-14	9.37e-07	1.00e+00
 3.50047e+14	5.65e-14	1.01e-06	1.00e+00
 3.61229e+14	6.41e-14	1.08e-06	1.00e+00
 3.73261e+14	7.31e-14	1.15e-06	1.00e+00
 3.87678e+14	8.52e-14	1.25e-06	1.00e+00
 4.01871e+14	9.85e-14	1.35e-06	1.00e+00
 4.14520e+14	1.12e-13	1.43e-06	1.00e+00
 4.28481e+14	1.27e-13	1.54e-06	1.00e+00
 4.45115e+14	1.49e-13	1.66e-06	1.00e+00
 4.61609e+14	1.72e-13	1.79e-06	1.00e+00
 4.76680e+14	1.95e-13	1.92e-06	1.00e+00
 4.93516e+14	2.24e-13	2.06e-06	1.00e+00
 5.13107e+14	2.62e-13	2.23e-06	1.00e+00
 5.32352e+14	3.03e-13	2.41e-06	1.00e+00
 5.50555e+14	3.46e-13	2.58e-06	1.00e+00
 5.70796e+14	3.99e-13	2.78e-06	1.00e+00
 5.93658e+14	4.66e-13	3.02e-06	1.00e+00
 6.15334e+14	5.36e-13	3.25e-06	1.00e+00
 6.35068e+14	6.07e-13	3.47e-06	1.00e+00
 6.57404e+14	6.94e-13	3.72e-06	1.00e+00
 6.83444e+14	8.08e-13	4.03e-06	1.00e+00
 7.08408e+14	9.28e-13	4.34e-06	1.00e+00
 7.30969e+14	1.05e-12	4.63e-06	1.00e+00
 7.52238e+14	1.17e-12	4.91e-06	1.00e+00
 7.75827e+14	1.32e-12	5.23e-06	1.00e+00
 8.02193e+14	1.50e-12	5.60e-06	1.00e+00
 8.27090e+14	1.68e-12	5.96e-06	1.00e+00
 8.54375e+14	1.90e-12	6.37e-06	1.00e+00
 8.84937e+14	2.17e-12	6.84e-06	1.00e+00
 9.13763e+14	2.45e-12	7.30e-06	1.00e+00
 9.45242e+14	2.78e-12	7.82e-06	1.00e+00
 9.80039e+14	3.19e-12	8.42e-06	1.00e+00
 1.01216e+15	3.59e-12	8.99e-06	1.00e+00
 1.04691e+15	4.08e-12	9.63e-06	1.00e+00
 1.08578e+15	4.67e-12	1.04e-05	1.00e+00
 1.12232e+15	5.28e-12	1.11e-05	1.00e+00
 1.16217e+15	6.01e-12	1.19e-05	1.00e+00
 1.20648e+15	6.91e-12	1.29e-05	1.00e+00
 1.24788e+15	7.82e-12	1.38e-05	1.00e+00
 1.29285e+15	8.92e-12	1.48e-05	1.00e+00
 1.34318e+15	1.03e-11	1.60e-05	1.00e+00
 1.39094e+15	1.17e-11	1.72e-05	1.00e+00
 1.44203e+15	1.34e-11	1.86e-05	1.00e+00
 1.49974e+15	1.55e-11	2.01e-05	1.00e+00
 1.55662e+15	1.78e-11	2.18e-05	1.00e+00
 1.61578e+15	2.05e-11	2.36e-05	1.00e+00
 1.67853e+15	2.37e-11	2.55e-05	1.00e+00
 1.73100e+15	2.67e-11	2.72e-05	1.00e+00
 1.77149e+15	2.91e-11	2.86e-05	1.00e+00
 1.81537e+15	3.20e-11	3.01e-05	1.00e+00
 1.87241e+15	3.61e-11	3.22e-05	1.00e+00
 1.93431e+15	4.10e-11	3.45e-05	1.00e+00
 1.99020e+15	4.58e-11	3.68e-05	1.00e+00
 2.05051e+15	5.15e-11	3.92e-05	1.00e+00
 2.12630e+15	5.95e-11	4.24e-05	1.00e+00
 2.20258e+15	6.84e-11	4.58e-05	1.00e+00
 2.26742e+15	7.68e-11	4.88e-05	1.00e+00
 2.33704e+15	8.68e-11	5.22e-05	1.00e+00
 2.42392e+15	1.01e-10	5.66e-05	1.00e+00
 2.51349e+15	1.17e-10	6.14e-05	1.00e+00
 2.59306e+15	1.33e-10	6.58e-05	1.00e+00
 2.67941e+15	1.52e-10	7.08e-05	1.00e+00
 2.78280e+15	1.78e-10	7.70e-05	1.00e+00
 2.88476e+15	2.07e-10	8.35e-05	1.00e+00
 2.97605e+15	2.36e-10	8.96e-05	1.00e+00
 3.07706e+15	2.71e-10	9.66e-05	1.00e+00
 3.19684e+15	3.19e-10	1.05e-04	1.00e+00
 3.31545e+15	3.72e-10	1.14e-04	1.00e+00
 3.42453e+15	4.28e-10	1.23e-04	1.00e+00
 3.54684e+15	4.97e-10	1.33e-04	1.00e+00
 3.68831e+15	5.88e-10	1.46e-04	1.00e+00
 3.82681e+15	6.89e-10	1.58e-04	1.00e+00
 3.95893e+15	7.97e-10	1.71e-04	1.00e+00
 4.10540e+15	9.33e-10	1.85e-04	1.00e+00
 4.24341e+15	1.08e-09	2.00e-04	1.00e+00
 4.34709e+15	1.19e-09	2.11e-04	1.00e+00
 4.45331e+15	1.32e-09	2.23e-04	1.00e+00
 4.59139e+15	1.51e-09	2.39e-04	1.00e+00
 4.74002e+15	1.73e-09	2.56e-04	1.00e+00
 4.87294e+15	1.96e-09	2.73e-04	1.00e+00
 5.01631e+15	2.22e-09	2.91e-04	1.00e+00
 5.19930e+15	2.59e-09	3.15e-04	1.00e+00
 5.38429e+15	3.01e-09	3.41e-04	1.00e+00
 5.53912e+15	3.40e-09	3.63e-04	1.00e+00
 5.70427e+15	3.86e-09	3.87e-04	1.00e+00
 5.91358e+15	4.51e-09	4.20e-04	1.00e+00
 6.13318e+15	5.27e-09	4.55e-04	1.00e+00
 6.33009e+15	6.04e-09	4.88e-04	1.00e+00
 6.54463e+15	6.97e-09	5.25e-04	9.99e-01
 6.79923e+15	8.20e-09	5.71e-04	9.99e-01
 7.04872e+15	9.55e-09	6.18e-04	9.99e-01
 7.27464e+15	1.09e-08	6.62e-04	9.99e-01
 7.52708e+15	1.26e-08	7.13e-04	9.99e-01
 7.82317e+15	1.49e-08	7.76e-04	9.99e-01
 8.11395e+15	1.73e-08	8.39e-04	9.99e-01
 8.38482e+15	1.98e-08	9.00e-04	9.99e-01
 8.68871e+15	2.30e-08	9.73e-04	9.99e-01
 8.98052e+15	2.64e-08	1.04e-03	9.99e-01
 9.19659e+15	2.92e-08	1.10e-03	9.99e-01
 9.41427e+15	3.22e-08	1.15e-03	9.99e-01
 9.69726e+15	3.65e-08	1.23e-03	9.99e-01
 1.00037e+16	4.16e-08	1.31e-03	9.99e-01
 1.02775e+16	4.65e-08	1.39e-03	9.99e-01
 1.05701e+16	5.23e-08	1.48e-03	9.99e-01
 1.09502e+16	6.07e-08	1.59e-03	9.98e-01
 1.13345e+16	6.99e-08	1.71e-03	9.98e-01
 1.16456e+16	7.81e-08	1.81e-03	9.98e-01
 1.19712e+16	8.76e-08	1.93e-03	9.98e-01
 1.23946e+16	1.01e-07	2.08e-03	9.98e-01
 1.28367e+16	1.17e-07	2.23e-03	9.98e-01
 1.32128e+16	1.31e-07	2.37e-03	9.98e-01
 1.36111e+16	1.49e-07	2.53e-03	9.97e-01
 1.41129e+16	1.73e-07	2.74e-03	9.97e-01
 1.46097e+16	1.99e-07	2.95e-03	9.97e-01
 1.50190e+16	2.22e-07	3.13e-03	9.97e-01
 1.54544e+16	2.50e-07	3.34e-03	9.97e-01
 1.60145e+16	2.91e-07	3.63e-03	9.96e-01
 1.65737e+16	3.34e-07	3.91e-03	9.96e-01
 1.69897e+16	3.68e-07	4.13e-03	9.96e-01
 1.73823e+16	4.06e-07	4.36e-03	9.96e-01
 1.78928e+16	4.61e-07	4.68e-03	9.95e-01
 1.84060e+16	5.18e-07	5.01e-03	9.95e-01
 1.88283e+16	5.69e-07	5.29e-03	9.95e-01
 1.92828e+16	6.35e-07	5.64e-03	9.94e-01
 1.97871e+16	7.11e-07	6.04e-03	9.94e-01
 2.02650e+16	7.90e-07	6.44e-03	9.94e-01
 2.07955e+16	8.97e-07	6.95e-03	9.93e-01
 2.13567e+16	1.01e-06	7.50e-03	9.92e-01
 2.18279e+16	1.12e-06	8.02e-03	9.92e-01
 2.22414e+16	1.23e-06	8.52e-03	9.91e-01
 2.27097e+16	1.38e-06	9.17e-03	9.91e-01
 2.32241e+16	1.56e-06	9.94e-03	9.90e-01
 2.36875e+16	1.75e-06	1.07e-02	9.89e-01
 2.41070e+16	1.93e-06	1.15e-02	9.89e-01
 2.45804e+16	2.21e-06	1.25e-02	9.87e-01
 2.50576e+16	2.49e-06	1.37e-02	9.86e-01
 2.54360e+16	2.76e-06	1.47e-02	9.85e-01
 2.57724e+16	3.05e-06	1.58e-02	9.84e-01
 2.61580e+16	3.45e-06	1.72e-02	9.83e-01
 2.65674e+16	3.91e-06	1.89e-02	9.81e-01
 2.69202e+16	4.41e-06	2.07e-02	9.79e-01
 2.72302e+16	4.92e-06	2.24e-02	9.78e-01
 2.75718e+16	5.55e-06	2.47e-02	9.75e-01
 2.79392e+16	6.49e-06	2.76e-02	9.72e-01
 2.82474e+16	7.39e-06	3.05e-02	9.69e-01
 2.85027e+16	8.34e-06	3.34e-02	9.67e-01
 2.87820e+16	9.46e-06	3.71e-02	9.63e-01
 2.90857e+16	1.11e-05	4.20e-02	9.58e-01
 2.93459e+16	1.30e-05	4.72e-02	9.53e-01
 2.95524e+16	1.45e-05	5.21e-02	9.48e-01
 2.97643e+16	1.67e-05	5.81e-02	9.42e-01
 2.99958e+16	1.96e-05	6.61e-02	9.34e-01
 3.01978e+16	2.29e-05	7.47e-02	9.25e-01
 3.03658e+16	2.63e-05	8.34e-02	9.17e-01
 3.05190e+16	3.04e-05	9.29e-02	9.07e-01
 3.06653e+16	3.47e-05	1.04e-01	8.96e-01
 3.08281e+16	4.10e-05	1.18e-01	8.82e-01
 3.09947e+16	4.88e-05	1.37e-01	8.63e-01
 3.11254e+16	5.63e-05	1.54e-01	8.46e-01
 3.12342e+16	6.48e-05	1.72e-01	8.28e-01
 3.13372e+16	7.38e-05	1.91e-01	8.09e-01
 3.14529e+16	8.64e-05	2.17e-01	7.83e-01
 3.15581e+16	9.88e-05	2.44e-01	7.56e-01
 3.16321e+16	1.11e-04	2.66e-01	7.34e-01
 3.16942e+16	1.21e-04	2.86e-01	7.14e-01
 3.17580e+16	1.33e-04	3.09e-01	6.91e-01
 3.18409e+16	1.51e-04	3.42e-01	6.58e-01
 3.19236e+16	1.71e-04	3.77e-01	6.22e-01
 3.19884e+16	1.88e-04	4.08e-01	5.92e-01
 3.20550e+16	2.09e-04	4.42e-01	5.58e-01
 3.21290e+16	2.33e-04	4.81e-01	5.18e-01
 3.21984e+16	2.57e-04	5.20e-01	4.80e-01
 3.22744e+16	2.86e-04	5.63e-01	4.37e-01
 3.23571e+16	3.18e-04	6.09e-01	3.90e-01
 3.24336e+16	3.48e-04	6.52e-01	3.48e-01
 3.25183e+16	3.83e-04	6.97e-01	3.03e-01
 3.26284e+16	4.27e-04	7.51e-01	2.49e-01
 3.27443e+16	4.70e-04	7.98e-01	2.01e-01
 3.28503e+16	5.08e-04	8.36e-01	1.64e-01
 3.29706e+16	5.47e-04	8.70e-01	1.29e-01
 3.31270e+16	5.93e-04	9.04e-01	9.51e-02
 3.33304e+16	6.44e-04	9.35e-01	6.46e-02
 3.35948e+16	7.02e-04	9.59e-01	4.03e-02
 3.39385e+16	7.71e-04	9.76e-01	2.31e-02
 3.43001e+16	8.45e-04	9.85e-01	1.39e-02
 3.46015e+16	9.13e-04	9.90e-01	9.51e-03
 3.48608e+16	9.77e-04	9.92e-01	7.03e-03
 3.51490e+16	1.06e-03	9.94e-01	5.09e-03
 3.53996e+16	1.14e-03	9.95e-01	4.00e-03
 3.55375e+16	1.19e-03	9.95e-01	3.53e-03
 3.56528e+16	1.23e-03	9.96e-01	3.15e-03
 3.58027e+16	1.30e-03	9.96e-01	2.73e-03
 3.59699e+16	1.37e-03	9.96e-01	2.35e-03
 3.61209e+16	1.45e-03	9.96e-01	2.06e-03
 3.62489e+16	1.52e-03	9.97e-01	1.85e-03
 3.63857e+16	1.61e-03	9.97e-01	1.65e-03
 3.65360e+16	1.71e-03	9.97e-01	1.46e-03
 3.66550e+16	1.80e-03	9.97e-01	1.33e-03
 3.67356e+16	1.87e-03	9.97e-01	1.25e-03
 3.68154e+16	1.94e-03	9.97e-01	1.17e-03
 3.69192e+16	2.04e-03	9.97e-01	1.08e-03
 3.70270e+16	2.15e-03	9.97e-01	9.97e-04
 3.71134e+16	2.25e-03	9.97e-01	9.38e-04
 3.71846e+16	2.35e-03	9.97e-01	8.89e-04
 3.72627e+16	2.45e-03	9.97e-01	8.38e-04
 3.73506e+16	2.58e-03	9.97e-01	7.86e-04
 3.74310e+16	2.71e-03	9.97e-01	7.42e-04
 3.74999e+16	2.83e-03	9.96e-01	7.07e-04
 3.75643e+16	2.95e-03	9.96e-01	6.75e-04
 3.76384e+16	3.10e-03	9.96e-01	6.40e-04
 3.77174e+16	3.28e-03	9.96e-01	6.06e-04
 3.77838e+16	3.45e-03	9.96e-01	5.79e-04
 3.78402e+16	3.60e-03	9.96e-01	5.57e-04
 3.79022e+16	3.78e-03	9.96e-01	5.33e-04
 3.79706e+16	4.01e-03	9.95e-01	5.08e-04
 3.80313e+16	4.23e-03	9.95e-01	4.88e-04
 3.80839e+16	4.43e-03	9.95e-01	4.71e-04
 3.81414e+16	4.68e-03	9.95e-01	4.52e-04
 3.82043e+16	4.98e-03	9.95e-01	4.33e-04
 3.82595e+16	5.28e-03	9.94e-01	4.18e-04
 3.83071e+16	5.55e-03	9.94e-01	4.05e-04
 3.83592e+16	5.89e-03	9.94e-01	3.91e-04
 3.84170e+16	6.31e-03	9.93e-01	3.76e-04
 3.84694e+16	6.75e-03	9.93e-01	3.63e-04
 3.85155e+16	7.16e-03	9.92e-01	3.53e-04
 3.85663e+16	7.69e-03	9.92e-01	3.40e-04
 3.86232e+16	8.36e-03	9.91e-01	3.28e-04
 3.86760e+16	9.11e-03	9.91e-01	3.16e-04
 3.87231e+16	9.86e-03	9.90e-01	3.07e-04
 3.87682e+16	1.07e-02	9.89e-01	2.98e-04
 3.88124e+16	1.17e-02	9.88e-01	2.89e-04
 3.88547e+16	1.28e-02	9.87e-01	2.82e-04
 3.88940e+16	1.39e-02	9.86e-01	2.74e-04
 3.89307e+16	1.52e-02	9.85e-01	2.68e-04
 3.89658e+16	1.66e-02	9.83e-01	2.62e-04
 3.89996e+16	1.82e-02	9.82e-01	2.56e-04
 3.90313e+16	2.00e-02	9.80e-01	2.51e-04
 3.90610e+16	2.20e-02	9.78e-01	2.47e-04
 3.90892e+16	2.41e-02	9.76e-01	2.43e-04
 3.91165e+16	2.66e-02	9.73e-01	2.39e-04
 3.91426e+16	2.93e-02	9.70e-01	2.36e-04
 3.91679e+16	3.25e-02	9.67e-01	2.33e-04
 3.91921e+16	3.61e-02	9.64e-01	2.30e-04
 3.92149e+16	4.01e-02	9.60e-01	2.28e-04
 3.92364e+16	4.45e-02	9.55e-01	2.27e-04
 3.92565e+16	4.94e-02	9.50e-01	2.26e-04
 3.92754e+16	5.48e-02	9.45e-01	2.25e-04
 3.92934e+16	6.07e-02	9.39e-01	2.25e-04
 3.93105e+16	6.73e-02	9.32e-01	2.25e-04
 3.93268e+16	7.45e-02	9.25e-01	2.26e-04
 3.93424e+16	8.26e-02	9.17e-01	2.27e-04
 3.93573e+16	9.14e-02	9.08e-01	2.29e-04
 3.93716e+16	1.01e-01	8.99e-01	2.31e-04
 3.93853e+16	1.12e-01	8.88e-01	2.33e-04
 3.93983e+16	1.23e-01	8.76e-01	2.36e-04
 3.94101e+16	1.35e-01	8.65e-01	2.40e-04
 3.94204e+16	1.46e-01	8.54e-01	2.43e-04
 3.94296e+16	1.57e-01	8.42e-01	2.47e-04
 3.94388e+16	1.70e-01	8.30e-01	2.50e-04
 3.94461e+16	1.80e-01	8.20e-01	2.53e-04
 3.94508e+16	1.87e-01	8.13e-01	2.55e-04
 3.94551e+16	1.94e-01	8.06e-01	2.57e-04
 3.94601e+16	2.02e-01	7.97e-01	2.59e-04
 3.94655e+16	2.12e-01	7.88e-01	2.61e-04
 3.94707e+16	2.21e-01	7.78e-01	2.64e-04
 3.94756e+16	2.30e-01	7.69e-01	2.67e-04
 3.94805e+16	2.40e-01	7.59e-01	2.69e-04
 3.94853e+16	2.50e-01	7.49e-01	2.72e-04
 3.94901e+16	2.61e-01	7.39e-01	2.74e-04
 3.94949e+16	2.72e-01	7.28e-01	2.76e-04
 3.94996e+16	2.83e-01	7.17e-01	2.79e-04
 3.95041e+16	2.94e-01	7.06e-01	2.81e-04
 3.95087e+16	3.06e-01	6.94e-01	2.83e-04
 3.95133e+16	3.18e-01	6.82e-01	2.86e-04
 3.95177e+16	3.30e-01	6.69e-01	2.88e-04
 3.95221e+16	3.42e-01	6.57e-01	2.90e-04
 3.95265e+16	3.55e-01	6.44e-01	2.92e-04
 3.95309e+16	3.69e-01	6.31e-01	2.94e-04
 3.95351e+16	3.82e-01	6.18e-01	2.96e-04
 3.95393e+16	3.95e-01	6.05e-01	2.98e-04
 3.95434e+16	4.09e-01	5.91e-01	3.00e-04
 3.95476e+16	4.23e-01	5.77e-01	3.02e-04
 3.95517e+16	4.37e-01	5.63e-01	3.03e-04
 3.95557e+16	4.50e-01	5.49e-01	3.05e-04
 3.95596e+16	4.65e-01	5.35e-01	3.06e-04
 3.95636e+16	4.79e-01	5.21e-01	3.07e-04
 3.95674e+16	4.93e-01	5.06e-01	3.08e-04
 3.95712e+16	5.07e-01	4.92e-01	3.09e-04
 3.95750e+16	5.22e-01	4.78e-01	3.09e-04
 3.95787e+16	5.36e-01	4.64e-01	3.09e-04
 3.95824e+16	5.50e-01	4.50e-01	3.09e-04
 3.95859e+16	5.63e-01	4.37e-01	3.09e-04
 3.95894e+16	5.76e-01	4.23e-01	3.10e-04
 3.95928e+16	5.89e-01	4.11e-01	3.10e-04
 3.95961e+16	6.02e-01	3.98e-01	3.09e-04
 3.95993e+16	6.14e-01	3.85e-01	3.08e-04
 3.96026e+16	6.27e-01	3.73e-01	3.07e-04
 3.96057e+16	6.39e-01	3.61e-01	3.06e-04
 3.96088e+16	6.51e-01	3.49e-01	3.05e-04
 3.96119e+16	6.63e-01	3.37e-01	3.03e-04
 3.96149e+16	6.74e-01	3.26e-01	3.01e-04
 3.96179e+16	6.85e-01	3.15e-01	3.00e-04
 3.96208e+16	6.95e-01	3.04e-01	2.98e-04
 3.96237e+16	7.06e-01	2.94e-01	2.96e-04
 3.96265e+16	7.16e-01	2.84e-01	2.94e-04
 3.96293e+16	7.26e-01	2.74e-01	2.91e-04
 3.96321e+16	7.35e-01	2.65e-01	2.89e-04
 3.96348e+16	7.44e-01	2.55e-01	2.86e-04
 3.96375e+16	7.53e-01	2.46e-01	2.84e-04
 3.96402e+16	7.62e-01	2.38e-01	2.81e-04
 3.96428e+16	7.70e-01	2.29e-01	2.78e-04
 3.96454e+16	7.79e-01	2.21e-01	2.75e-04
 3.96480e+16	7.87e-01	2.13e-01	2.72e-04
 3.96505e+16	7.94e-01	2.05e-01	2.69e-04
 3.96531e+16	8.02e-01	1.98e-01	2.66e-04
 3.96556e+16	8.09e-01	1.91e-01	2.62e-04
 3.96577e+16	8.15e-01	1.85e-01	2.59e-04
 3.96592e+16	8.19e-01	1.81e-01	2.57e-04
 3.96607e+16	8.23e-01	1.76e-01	2.54e-04
 3.96622e+16	8.27e-01	1.72e-01	2.52e-04
 3.96637e+16	8.31e-01	1.68e-01	2.49e-04
 3.96653e+16	8.36e-01	1.64e-01	2.46e-04
 3.96668e+16	8.39e-01	1.60e-01	2.44e-04
 3.96682e+16	8.43e-01	1.57e-01	2.41e-04
 3.96696e+16	8.47e-01	1.53e-01	2.39e-04
 3.96710e+16	8.50e-01	1.50e-01	2.36e-04
 3.96724e+16	8.53e-01	1.46e-01	2.34e-04
 3.96738e+16	8.57e-01	1.43e-01	2.32e-04
 3.96751e+16	8.60e-01	1.40e-01	2.29e-04
 3.96765e+16	8.63e-01	1.37e-01	2.26e-04
 3.96779e+16	8.66e-01	1.34e-01	2.24e-04
 3.96793e+16	8.69e-01	1.30e-01	2.21e-04
 3.96808e+16	8.73e-01	1.27e-01	2.18e-04
 3.96822e+16	8.76e-01	1.24e-01	2.15e-04
 3.96838e+16	8.79e-01	1.21e-01	2.13e-04
 3.96855e+16	8.83e-01	1.17e-01	2.09e-04
 3.96874e+16	8.86e-01	1.13e-01	2.06e-04
 3.96895e+16	8.90e-01	1.09e-01	2.01e-04
 3.96917e+16	8.95e-01	1.05e-01	1.97e-04
 3.96938e+16	8.98e-01	1.01e-01	1.93e-04
 3.96958e+16	9.02e-01	9.80e-02	1.88e-04
 3.96977e+16	9.05e-01	9.46e-02	1.84e-04
 3.96995e+16	9.08e-01	9.15e-02	1.80e-04
 3.97013e+16	9.11e-01	8.85e-02	1.76e-04
 3.97030e+16	9.14e-01	8.57e-02	1.71e-04
 3.97046e+16	9.17e-01	8.33e-02	1.68e-04
 3.97060e+16	9.19e-01	8.11e-02	1.65e-04
 3.97073e+16	9.21e-01	7.91e-02	1.61e-04
 3.97084e+16	9.22e-01	7.74e-02	1.58e-04
 3.97095e+16	9.24e-01	7.58e-02	1.56e-04
 3.97105e+16	9.26e-01	7.43e-02	1.53e-04
 3.97114e+16	9.27e-01	7.30e-02	1.51e-04
 3.97123e+16	9.28e-01	7.16e-02	1.49e-04
 3.97134e+16	9.30e-01	7.02e-02	1.46e-04
 3.97143e+16	9.31e-01	6.89e-02	1.44e-04
 3.97152e+16	9.32e-01	6.77e-02	1.41e-04
 3.97160e+16	9.33e-01	6.66e-02	1.39e-04
 3.97168e+16	9.34e-01	6.54e-02	1.37e-04
 3.97178e+16	9.36e-01	6.42e-02	1.35e-04
 3.97186e+16	9.37e-01	6.31e-02	1.33e-04
 3.97194e+16	9.38e-01	6.21e-02	1.31e-04
 3.97202e+16	9.39e-01	6.10e-02	1.29e-04
 3.97211e+16	9.40e-01	5.98e-02	1.26e-04
 3.97220e+16	9.41e-01	5.88e-02	1.24e-04
 3.97227e+16	9.42e-01	5.79e-02	1.22e-04
 3.97234e+16	9.43e-01	5.70e-02	1.20e-04
 3.97242e+16	9.44e-01	5.61e-02	1.19e-04
 3.97250e+16	9.45e-01	5.51e-02	1.17e-04
 3.97257e+16	9.46e-01	5.43e-02	1.15e-04
 3.97264e+16	9.46e-01	5.35e-02	1.13e-04
 3.97270e+16	9.47e-01	5.27e-02	1.11e-04
 3.97277e+16	9.48e-01	5.20e-02	1.10e-04
 3.97284e+16	9.49e-01	5.11e-02	1.08e-04
 3.97291e+16	9.49e-01	5.04e-02	1.06e-04
 3.97297e+16	9.50e-01	4.97e-02	1.05e-04
 3.97303e+16	9.51e-01	4.90e-02	1.03e-04
 3.97310e+16	9.52e-01	4.82e-02	1.01e-04
 3.97317e+16	9.52e-01	4.75e-02	9.98e-05
 3.97323e+16	9.53e-01	4.69e-02	9.83e-05
 3.97329e+16	9.54e-01	4.62e-02	9.69e-05
 3.97336e+16	9.54e-01	4.55e-02	9.53e-05
 3.97342e+16	9.55e-01	4.49e-02	9.38e-05
 3.97348e+16	9.56e-01	4.43e-02	9.24e-05
 3.97355e+16	9.56e-01	4.37e-02	9.10e-05
 3.97361e+16	9.57e-01	4.30e-02	8.95e-05
 3.97368e+16	9.58e-01	4.24e-02	8.81e-05
 3.97373e+16	9.58e-01	4.19e-02	8.69e-05
 3.97379e+16	9.59e-01	4.13e-02	8.56e-05
 3.97386e+16	9.59e-01	4.07e-02	8.43e-05
 3.97392e+16	9.60e-01	4.01e-02	8.29e-05
 3.97399e+16	9.60e-01	3.95e-02	8.16e-05
 3.97406e+16	9.61e-01	3.89e-02	8.03e-05
 3.97413e+16	9.62e-01	3.84e-02	7.90e-05
 3.97418e+16	9.62e-01	3.79e-02	7.78e-05
 3.97425e+16	9.63e-01	3.73e-02	7.66e-05
 3.97432e+16	9.63e-01	3.68e-02	7.54e-05
 3.97438e+16	9.64e-01	3.63e-02	7.43e-05
 3.97445e+16	9.64e-01	3.57e-02	7.31e-05
 3.97455e+16	9.65e-01	3.50e-02	7.16e-05
 3.97464e+16	9.66e-01	3.43e-02	7.01e-05
 3.97473e+16	9.66e-01	3.37e-02	6.87e-05
 3.97482e+16	9.67e-01	3.32e-02	6.75e-05
 3.97489e+16	9.67e-01	3.27e-02	6.65e-05
 3.97497e+16	9.68e-01	3.21e-02	6.53e-05
 3.97506e+16	9.68e-01	3.16e-02	6.41e-05
 3.97514e+16	9.69e-01	3.11e-02	6.30e-05
 3.97523e+16	9.69e-01	3.06e-02	6.18e-05
 3.97532e+16	9.70e-01	3.00e-02	6.07e-05
 3.97541e+16	9.70e-01	2.95e-02	5.96e-05
 3.97549e+16	9.71e-01	2.91e-02	5.87e-05
 3.97557e+16	9.71e-01	2.86e-02	5.76e-05
 3.97566e+16	9.72e-01	2.82e-02	5.66e-05
 3.97575e+16	9.72e-01	2.77e-02	5.57e-05
 3.97584e+16	9.73e-01	2.73e-02	5.47e-05
 3.97594e+16	9.73e-01	2.68e-02	5.37e-05
 3.97603e+16	9.74e-01	2.64e-02	5.28e-05
 3.97613e+16	9.74e-01	2.59e-02	5.18e-05
 3.97624e+16	9.74e-01	2.55e-02	5.08e-05
 3.97634e+16	9.75e-01	2.51e-02	5.00e-05
 3.97644e+16	9.75e-01	2.46e-02	4.90e-05
 3.97656e+16	9.76e-01	2.42e-02	4.80e-05
 3.97666e+16	9.76e-01	2.38e-02	4.72e-05
 3.97678e+16	9.77e-01	2.33e-02	4.63e-05
 3.97690e+16	9.77e-01	2.29e-02	4.54e-05
 3.97702e+16	9.77e-01	2.25e-02	4.46e-05
 3.97714e+16	9.78e-01	2.21e-02	4.37e-05
 3.97728e+16	9.78e-01	2.17e-02	4.28e-05
 3.97740e+16	9.79e-01	2.13e-02	4.21e-05
 3.97753e+16	9.79e-01	2.09e-02	4.12e-05
 3.97770e+16	9.80e-01	2.05e-02	4.02e-05
 3.97789e+16	9.80e-01	2.00e-02	3.93e-05
 3.97806e+16	9.80e-01	1.96e-02	3.84e-05
 3.97822e+16	9.81e-01	1.92e-02	3.77e-05
 3.97839e+16	9.81e-01	1.88e-02	3.68e-05
 3.97857e+16	9.81e-01	1.85e-02	3.61e-05
 3.97874e+16	9.82e-01	1.81e-02	3.54e-05
 3.97892e+16	9.82e-01	1.78e-02	3.46e-05
 3.97916e+16	9.83e-01	1.74e-02	3.37e-05
 3.97942e+16	9.83e-01	1.70e-02	3.30e-05
 3.97965e+16	9.83e-01	1.66e-02	3.22e-05
 3.97991e+16	9.84e-01	1.63e-02	3.15e-05
 3.98018e+16	9.84e-01	1.59e-02	3.08e-05
 3.98044e+16	9.84e-01	1.56e-02	3.02e-05
 3.98071e+16	9.85e-01	1.53e-02	2.95e-05
 3.98107e+16	9.85e-01	1.50e-02	2.87e-05
 3.98146e+16	9.85e-01	1.47e-02	2.81e-05
 3.98181e+16	9.86e-01	1.44e-02	2.75e-05
 3.98220e+16	9.86e-01	1.41e-02	2.69e-05
 3.98270e+16	9.86e-01	1.38e-02	2.62e-05
 3.98324e+16	9.86e-01	1.35e-02	2.57e-05
 3.98384e+16	9.87e-01	1.32e-02	2.50e-05
 3.98461e+16	9.87e-01	1.29e-02	2.44e-05
 3.98544e+16	9.87e-01	1.27e-02	2.39e-05
 3.98636e+16	9.88e-01	1.25e-02	2.33e-05
 3.98754e+16	9.88e-01	1.22e-02	2.27e-05
 3.98909e+16	9.88e-01	1.20e-02	2.21e-05
 3.99109e+16	9.88e-01	1.18e-02	2.14e-05
 3.99370e+16	9.88e-01	1.15e-02	2.07e-05
 3.99709e+16	9.89e-01	1.13e-02	1.98e-05
 4.00076e+16	9.89e-01	1.10e-02	1.90e-05
 4.00477e+16	9.89e-01	1.08e-02	1.82e-05
 4.00910e+16	9.89e-01	1.05e-02	1.74e-05
 4.01304e+16	9.90e-01	1.03e-02	1.67e-05
 4.01736e+16	9.90e-01	1.01e-02	1.59e-05
 4.02203e+16	9.90e-01	9.81e-03	1.52e-05
 4.02627e+16	9.90e-01	9.60e-03	1.45e-05
 4.03092e+16	9.91e-01	9.36e-03	1.38e-05
 4.03594e+16	9.91e-01	9.13e-03	1.32e-05
 4.04051e+16	9.91e-01	8.92e-03	1.26e-05
 4.04552e+16	9.91e-01	8.69e-03	1.19e-05
 4.05092e+16	9.92e-01	8.46e-03	1.13e-05
 4.05584e+16	9.92e-01	8.26e-03	1.08e-05
 4.06123e+16	9.92e-01	8.04e-03	1.02e-05
 4.06705e+16	9.92e-01	7.82e-03	9.70e-06
 4.07234e+16	9.92e-01	7.63e-03	9.23e-06
 4.07814e+16	9.93e-01	7.41e-03	8.72e-06
 4.08568e+16	9.93e-01	7.14e-03	8.10e-06
 4.09451e+16	9.93e-01	6.84e-03	7.46e-06
 4.10369e+16	9.93e-01	6.56e-03	6.86e-06
 4.11311e+16	9.94e-01	6.29e-03	6.30e-06
 4.12292e+16	9.94e-01	6.02e-03	5.78e-06
 4.13312e+16	9.94e-01	5.75e-03	5.29e-06
 4.14370e+16	9.95e-01	5.49e-03	4.82e-06
 4.15464e+16	9.95e-01	5.24e-03	4.40e-06
 4.16585e+16	9.95e-01	5.00e-03	4.00e-06
 4.17726e+16	9.95e-01	4.77e-03	3.64e-06
 4.18886e+16	9.95e-01	4.55e-03	3.31e-06
 4.20071e+16	9.96e-01	4.33e-03	3.01e-06
 4.21281e+16	9.96e-01	4.13e-03	2.74e-06
 4.22514e+16	9.96e-01	3.93e-03	2.48e-06
 4.23771e+16	9.96e-01	3.75e-03	2.25e-06
 4.25052e+16	9.96e-01	3.56e-03	2.04e-06
 4.26359e+16	9.97e-01	3.39e-03	1.85e-06
 4.27691e+16	9.97e-01	3.23e-03	1.68e-06
 4.29029e+16	9.97e-01	3.07e-03	1.52e-06
 4.30387e+16	9.97e-01	2.92e-03	1.37e-06
 4.31798e+16	9.97e-01	2.78e-03	1.24e-06
 4.33245e+16	9.97e-01	2.64e-03	1.12e-06
 4.34715e+16	9.97e-01	2.50e-03	1.01e-06
 4.36212e+16	9.98e-01	2.37e-03	9.07e-07
 4.37741e+16	9.98e-01	2.25e-03	8.16e-07
 4.39301e+16	9.98e-01	2.13e-03	7.33e-07
 4.40892e+16	9.98e-01	2.02e-03	6.58e-07
 4.42517e+16	9.98e-01	1.92e-03	5.89e-07
 4.44177e+16	9.98e-01	1.81e-03	5.27e-07
 4.45874e+16	9.98e-01	1.71e-03	4.71e-07
 4.47609e+16	9.98e-01	1.62e-03	4.21e-07
 4.49382e+16	9.98e-01	1.53e-03	3.75e-07
 4.51195e+16	9.99e-01	1.44e-03	3.34e-07
 4.53051e+16	9.99e-01	1.36e-03	2.96e-07
 4.54952e+16	9.99e-01	1.28e-03	2.63e-07
 4.56899e+16	9.99e-01	1.21e-03	2.33e-07
 4.58896e+16	9.99e-01	1.14e-03	2.05e-07
 4.60943e+16	9.99e-01	1.07e-03	1.81e-07
 4.63044e+16	9.99e-01	1.00e-03	1.59e-07
 4.65205e+16	9.99e-01	9.42e-04	1.40e-07
 4.67427e+16	9.99e-01	8.82e-04	1.22e-07
 4.69714e+16	9.99e-01	8.26e-04	1.07e-07
 4.72071e+16	9.99e-01	7.72e-04	9.28e-08
 4.74467e+16	9.99e-01	7.22e-04	8.07e-08
 4.76919e+16	9.99e-01	6.73e-04	6.99e-08
 4.79499e+16	9.99e-01	6.26e-04	6.02e-08
 4.82206e+16	9.99e-01	5.81e-04	5.15e-08
 4.85010e+16	9.99e-01	5.38e-04	4.39e-08
 4.87915e+16	1.00e+00	4.97e-04	3.72e-08
 4.90942e+16	1.00e+00	4.58e-04	3.14e-08
 4.94110e+16	1.00e+00	4.21e-04	2.62e-08
 4.97440e+16	1.00e+00	3.85e-04	2.18e-08
 5.00941e+16	1.00e+00	3.51e-04	1.80e-08
 5.04646e+16	1.00e+00	3.19e-04	1.46e-08
 5.08549e+16	1.00e+00	2.88e-04	1.18e-08
 5.12700e+16	1.00e+00	2.59e-04	9.43e-09
 5.17174e+16	1.00e+00	2.30e-04	7.39e-09
 5.21975e+16	1.00e+00	2.04e-04	5.70e-09
 5.27164e+16	1.00e+00	1.78e-04	4.31e-09
 5.32842e+16	1.00e+00	1.54e-04	3.17e-09
 5.39024e+16	1.00e+00	1.31e-04	2.27e-09
 5.46042e+16	1.00e+00	1.08e-04	1.55e-09
 5.54522e+16	1.00e+00	8.63e-05	9.75e-10
 5.64442e+16	1.00e+00	6.66e-05	5.77e-10
 5.75125e+16	1.00e+00	5.03e-05	3.30e-10
 5.86498e+16	1.00e+00	3.73e-05	1.82e-10
 5.98785e+16	1.00e+00	2.71e-05	9.67e-11
 6.11792e+16	1.00e+00	1.94e-05	5.02e-11
 6.25459e+16	1.00e+00	1.38e-05	2.55e-11
 6.39928e+16	1.00e+00	9.63e-06	1.26e-11
 6.55218e+16	1.00e+00	6.64e-06	6.12e-12
 6.70879e+16	1.00e+00	4.59e-06	2.98e-12
 6.86540e+16	1.00e+00	3.20e-06	1.47e-12
 7.02201e+16	1.00e+00	2.25e-06	7.42e-13
 7.17862e+16	1.00e+00	1.60e-06	3.79e-13
 7.33523e+16	1.00e+00	1.14e-06	1.97e-13
 7.49184e+16	1.00e+00	8.21e-07	1.04e-13
 7.64845e+16	1.00e+00	5.97e-07	5.56e-14
 7.80506e+16	1.00e+00	4.36e-07	3.02e-14
 7.96166e+16	1.00e+00	3.22e-07	1.67e-14
 8.11827e+16	1.00e+00	2.39e-07	9.31e-15
 8.27488e+16	1.00e+00	1.79e-07	5.28e-15
 8.45498e+16	1.00e+00	1.28e-07	2.74e-15
 8.66164e+16	1.00e+00	8.88e-08	1.34e-15
 8.87136e+16	1.00e+00	6.22e-08	6.65e-16
 9.09740e+16	1.00e+00	4.26e-08	3.16e-16
 9.34210e+16	1.00e+00	2.88e-08	1.46e-16
 9.58917e+16	1.00e+00	1.96e-08	6.88e-17
 9.83624e+16	1.00e+00	1.36e-08	3.31e-17
 1.00952e+17	1.00e+00	9.28e-09	1.56e-17
 1.03700e+17	1.00e+00	6.29e-09	7.25e-18
 1.06515e+17	1.00e+00	4.28e-09	3.38e-18
 1.09357e+17	1.00e+00	2.94e-09	1.60e-18
 1.12199e+17	1.00e+00	2.04e-09	7.75e-19
 1.15041e+17	1.00e+00	1.43e-09	3.83e-19
 1.17883e+17	1.00e+00	1.01e-09	1.92e-19
 1.20726e+17	1.00e+00	7.20e-10	9.83e-20
 1.23568e+17	1.00e+00	5.18e-10	5.10e-20
 1.26411e+17	1.00e+00	3.75e-10	2.69e-20
 1.29253e+17	1.00e+00	2.74e-10	1.44e-20
 1.32096e+17	1.00e+00	2.02e-10	7.82e-21
 1.34938e+17	1.00e+00	1.49e-10	0.00e+00
 1.37781e+17	1.00e+00	1.12e-10	0.00e+00
 1.40623e+17	1.00e+00	8.38e-11	0.00e+00
 1.43609e+17	1.00e+00	6.24e-11	0.00e+00
 1.46740e+17	1.00e+00	4.63e-11	0.00e+00
 1.50269e+17	1.00e+00	3.31e-11	0.00e+00
 1.54198e+17	1.00e+00	2.33e-11	0.00e+00
 1.58203e+17	1.00e+00	1.65e-11	0.00e+00
 1.62382e+17	1.00e+00	1.17e-11	0.00e+00
 1.66722e+17	1.00e+00	8.40e-12	0.00e+00
 1.71165e+17	1.00e+00	6.12e-12	0.00e+00
 1.75695e+17	1.00e+00	4.56e-12	0.00e+00
 1.80311e+17	1.00e+00	3.49e-12	0.00e+00
 1.84971e+17	1.00e+00	2.75e-12	0.00e+00
 1.89631e+17	1.00e+00	2.26e-12	0.00e+00
 1.94476e+17	1.00e+00	1.91e-12	0.00e+00
 1.99577e+17	1.00e+00	1.64e-12	0.00e+00
 2.04802e+17	1.00e+00	1.44e-12	0.00e+00
 2.10127e+17	1.00e+00	1.31e-12	0.00e+00
 2.15734e+17	1.00e+00	1.22e-12	0.00e+00
 2.21662e+17	1.00e+00	1.12e-12	0.00e+00
 2.27601e+17	1.00e+00	1.06e-12	0.00e+00
 2.33392e+17	1.00e+00	1.03e-12	0.00e+00
 2.39059e+17	1.00e+00	1.03e-12	0.00e+00
 2.44630e+17	1.00e+00	1.02e-12	0.00e+00
 2.50090e+17	1.00e+00	1.02e-12	0.00e+00
 2.55399e+17	1.00e+00	1.03e-12	0.00e+00
 2.60521e+17	1.00e+00	1.04e-12	0.00e+00
 2.65433e+17	1.00e+00	1.05e-12	0.00e+00
 2.70124e+17	1.00e+00	1.07e-12	0.00e+00
 2.74589e+17	1.00e+00	1.09e-12	0.00e+00
 2.78836e+17	1.00e+00	1.11e-12	0.00e+00
 2.82875e+17	1.00e+00	1.13e-12	0.00e+00
 2.86707e+17	1.00e+00	1.15e-12	0.00e+00
 2.90332e+17	1.00e+00	1.17e-12	0.00e+00
 2.93756e+17	1.00e+00	1.19e-12	0.00e+00
 2.96987e+17	1.00e+00	1.21e-12	0.00e+00
 3.00037e+17	1.00e+00	1.23e-12	0.00e+00
 3.02915e+17	1.00e+00	1.25e-12	0.00e+00
 3.05631e+17	1.00e+00	1.26e-12	0.00e+00
 3.08195e+17	1.00e+00	1.28e-12	0.00e+00
 3.10615e+17	1.00e+00	1.29e-12	0.00e+00
 3.12901e+17	1.00e+00	1.31e-12	0.00e+00
 3.15059e+17	1.00e+00	1.32e-12	0.00e+00
 3.17097e+17	1.00e+00	1.34e-12	0.00e+00
 3.19024e+17	1.00e+00	1.35e-12	0.00e+00
 3.20847e+17	1.00e+00	1.36e-12	0.00e+00
 3.22571e+17	1.00e+00	1.37e-12	0.00e+00
 3.24202e+17	1.00e+00	1.38e-12	0.00e+00
 3.25747e+17	1.00e+00	1.39e-12	0.00e+00
 3.27210e+17	1.00e+00	1.40e-12	0.00e+00
 3.28597e+17	1.00e+00	1.41e-12	0.00e+00
 3.29912e+17	1.00e+00	1.42e-12	0.00e+00
 3.31160e+17	1.00e+00	1.43e-12	0.00e+00
 3.32344e+17	1.00e+00	1.43e-12	0.00e+00
 3.33469e+17	1.00e+00	1.44e-12	0.00e+00
 3.34537e+17	1.00e+00	1.45e-12	0.00e+00
 3.35553e+17	1.00e+00	1.45e-12	0.00e+00
 3.36519e+17	1.00e+00	1.46e-12	0.00e+00
 3.37438e+17	1.00e+00	1.46e-12	0.00e+00
 3.38314e+17	1.00e+00	1.47e-12	0.00e+00
 3.39149e+17	1.00e+00	1.47e-12	0.00e+00
 3.39944e+17	1.00e+00	1.48e-12	0.00e+00
 3.40704e+17	1.00e+00	1.48e-12	0.00e+00
 3.41429e+17	1.00e+00	1.49e-12	0.00e+00
 3.42123e+17	1.00e+00	1.49e-12	0.00e+00
 3.42786e+17	1.00e+00	1.49e-12	0.00e+00
 3.43422e+17	1.00e+00	1.50e-12	0.00e+00
 3.44031e+17	1.00e+00	1.50e-12	0.00e+00
 3.44616e+17	1.00e+00	1.50e-12	0.00e+00
 3.45179e+17	1.00e+00	1.50e-12	0.00e+00
 3.45720e+17	1.00e+00	1.51e-12	0.00e+00
 3.46242e+17	1.00e+00	1.51e-12	0.00e+00
 3.46746e+17	1.00e+00	1.51e-12	0.00e+00
 3.47234e+17	1.00e+00	1.51e-12	0.00e+00
 3.47707e+17	1.00e+00	1.52e-12	0.00e+00
 3.48167e+17	1.00e+00	1.52e-12	0.00e+00
 3.48616e+17	1.00e+00	1.52e-12	0.00e+00
 3.49054e+17	1.00e+00	1.52e-12	0.00e+00
 3.49484e+17	1.00e+00	1.52e-12	0.00e+00
 3.49907e+17	1.00e+00	1.52e-12	0.00e+00
 3.50324e+17	1.00e+00	1.53e-12	0.00e+00
 3.50739e+17	1.00e+00	1.53e-12	0.00e+00
 3.51152e+17	1.00e+00	1.53e-12	0.00e+00
 3.51567e+17	1.00e+00	1.53e-12	0.00e+00
 3.51985e+17	1.00e+00	1.53e-12	0.00e+00
 3.52411e+17	1.00e+00	1.53e-12	0.00e+00
 3.52847e+17	1.00e+00	1.53e-12	0.00e+00
 3.53297e+17	1.00e+00	1.53e-12	0.00e+00
 3.53767e+17	1.00e+00	1.53e-12	0.00e+00
 3.54265e+17	1.00e+00	1.53e-12	0.00e+00
 3.54797e+17	1.00e+00	1.53e-12	0.00e+00
 3.55375e+17	1.00e+00	1.53e-12	0.00e+00
 3.56015e+17	1.00e+00	1.52e-12	0.00e+00
 3.56736e+17	1.00e+00	1.52e-12	0.00e+00
 3.57567e+17	1.00e+00	1.51e-12	0.00e+00
 3.58551e+17	1.00e+00	1.50e-12	0.00e+00
 3.59747e+17	1.00e+00	1.49e-12	0.00e+00
 3.61250e+17	1.00e+00	1.47e-12	0.00e+00
 3.63187e+17	1.00e+00	1.43e-12	0.00e+00
 3.65704e+17	1.00e+00	1.38e-12	0.00e+00
 3.68977e+17	1.00e+00	1.30e-12	0.00e+00
 3.73231e+17	1.00e+00	1.19e-12	0.00e+00
 3.78762e+17	1.00e+00	1.05e-12	0.00e+00
 3.85952e+17	1.00e+00	8.84e-13	0.00e+00
 3.95299e+17	1.00e+00	6.99e-13	0.00e+00
 4.07450e+17	1.00e+00	5.07e-13	0.00e+00
 4.22604e+17	1.00e+00	3.28e-13	0.00e+00
 4.39508e+17	1.00e+00	2.14e-13	0.00e+00
 4.57089e+17	1.00e+00	1.87e-13	0.00e+00
 4.75372e+17	1.00e+00	1.64e-13	0.00e+00
 4.94387e+17	1.00e+00	1.43e-13	0.00e+00
 5.14163e+17	1.00e+00	1.24e-13	0.00e+00
 5.34729e+17	1.00e+00	1.06e-13	0.00e+00
 5.56118e+17	1.00e+00	8.93e-14	0.00e+00
 5.78363e+17	1.00e+00	7.44e-14	0.00e+00
 6.01498e+17	1.00e+00	6.12e-14	0.00e+00
 6.24248e+17	1.00e+00	4.94e-14	0.00e+00
 6.44483e+17	1.00e+00	5.75e-14	0.00e+00
 6.61940e+17	1.00e+00	8.40e-14	0.00e+00
 6.77878e+17	1.00e+00	1.04e-13	0.00e+00
 6.93359e+17	1.00e+00	1.07e-13	0.00e+00
 7.08478e+17	1.00e+00	9.82e-14	0.00e+00
 7.22398e+17	1.00e+00	9.53e-14	0.00e+00
 7.34392e+17	1.00e+00	1.05e-13	0.00e+00
 7.44552e+17	1.00e+00	1.20e-13	0.00e+00
 7.53506e+17	1.00e+00	1.29e-13	0.00e+00
 7.61190e+17	1.00e+00	1.28e-13	0.00e+00
 7.66730e+17	1.00e+00	1.35e-13	0.00e+00
 7.70016e+17	1.00e+00	1.51e-13	0.00e+00
 7.71877e+17	1.00e+00	1.64e-13	0.00e+00
 7.72994e+17	1.00e+00	1.71e-13	0.00e+00
 7.73663e+17	1.00e+00	1.75e-13	0.00e+00
 7.74108e+17	1.00e+00	1.78e-13	0.00e+00
 7.74545e+17	1.00e+00	1.80e-13	0.00e+00
 7.75099e+17	1.00e+00	1.81e-13	0.00e+00
 7.75685e+17	1.00e+00	1.83e-13	0.00e+00
 7.76191e+17	1.00e+00	1.83e-13	0.00e+00
 7.76603e+17	1.00e+00	1.84e-13	0.00e+00
 7.76960e+17	1.00e+00	1.85e-13	0.00e+00
 7.77317e+17	1.00e+00	1.85e-13	0.00e+00
 7.77684e+17	1.00e+00	1.85e-13	0.00e+00
 7.78051e+17	1.00e+00	1.85e-13	0.00e+00
 7.78383e+17	1.00e+00	1.85e-13	0.00e+00
 7.78662e+17	1.00e+00	1.85e-13	0.00e+00
 7.78918e+17	1.00e+00	1.84e-13	0.00e+00
 7.79188e+17	1.00e+00	1.84e-13	0.00e+00
 7.79465e+17	1.00e+00	1.84e-13	0.00e+00
 7.79725e+17	1.00e+00	1.84e-13	0.00e+00
 7.79962e+17	1.00e+00	1.83e-13	0.00e+00
 7.80186e+17	1.00e+00	1.83e-13	0.00e+00
 7.80406e+17	1.00e+00	1.82e-13	0.00e+00
 7.80625e+17	1.00e+00	1.82e-13	0.00e+00
 7.80840e+17	1.00e+00	1.81e-13	0.00e+00
 7.81050e+17	1.00e+00	1.81e-13	0.00e+00
 7.81255e+17	1.00e+00	1.80e-13	0.00e+00
 7.81446e+17	1.00e+00	1.80e-13	0.00e+00
 7.81628e+17	1.00e+00	1.79e-13	0.00e+00
 7.81818e+17	1.00e+00	1.79e-13	0.00e+00
 7.82016e+17	1.00e+00	1.78e-13	0.00e+00
 7.82209e+17	1.00e+00	1.78e-13	0.00e+00
 7.82392e+17	1.00e+00	1.77e-13	0.00e+00
 7.82570e+17	1.00e+00	1.77e-13	0.00e+00
 7.82750e+17	1.00e+00	1.76e-13	0.00e+00
 7.82938e+17	1.00e+00	1.75e-13	0.00e+00
 7.83130e+17	1.00e+00	1.74e-13	0.00e+00
 7.83315e+17	1.00e+00	1.74e-13	0.00e+00
 7.83495e+17	1.00e+00	1.73e-13	0.00e+00
 7.83683e+17	1.00e+00	1.72e-13	0.00e+00
 7.83878e+17	1.00e+00	1.71e-13	0.00e+00
 7.84071e+17	1.00e+00	1.71e-13	0.00e+00
 7.84263e+17	1.00e+00	1.70e-13	0.00e+00
 7.84465e+17	1.00e+00	1.69e-13	0.00e+00
 7.84671e+17	1.00e+00	1.68e-13	0.00e+00
 7.84886e+17	1.00e+00	1.67e-13	0.00e+00
 7.85107e+17	1.00e+00	1.66e-13	0.00e+00
 7.85326e+17	1.00e+00	1.65e-13	0.00e+00
 7.85541e+17	1.00e+00	1.64e-13	0.00e+00
 7.85766e+17	1.00e+00	1.63e-13	0.00e+00
 7.86001e+17	1.00e+00	1.61e-13	0.00e+00
 7.86243e+17	1.00e+00	1.60e-13	0.00e+00
 7.86486e+17	1.00e+00	1.59e-13	0.00e+00
 7.86724e+17	1.00e+00	1.58e-13	0.00e+00
 7.86975e+17	1.00e+00	1.56e-13	0.00e+00
 7.87243e+17	1.00e+00	1.55e-13	0.00e+00
 7.87523e+17	1.00e+00	1.53e-13	0.00e+00
 7.87813e+17	1.00e+00	1.52e-13	0.00e+00
 7.88100e+17	1.00e+00	1.50e-13	0.00e+00
 7.88385e+17	1.00e+00	1.49e-13	0.00e+00
 7.88676e+17	1.00e+00	1.47e-13	0.00e+00
 7.88980e+17	1.00e+00	1.45e-13	0.00e+00
 7.89300e+17	1.00e+00	1.43e-13	0.00e+00
 7.89623e+17	1.00e+00	1.42e-13	0.00e+00
 7.89954e+17	1.00e+00	1.40e-13	0.00e+00
 7.90296e+17	1.00e+00	1.38e-13	0.00e+00
 7.90653e+17	1.00e+00	1.36e-13	0.00e+00
 7.91026e+17	1.00e+00	1.33e-13	0.00e+00
 7.91402e+17	1.00e+00	1.31e-13	0.00e+00
 7.91780e+17	1.00e+00	1.29e-13	0.00e+00
 7.92167e+17	1.00e+00	1.27e-13	0.00e+00
 7.92568e+17	1.00e+00	1.24e-13	0.00e+00
 7.92983e+17	1.00e+00	1.22e-13	0.00e+00
 7.93397e+17	1.00e+00	1.20e-13	0.00e+00
 7.93838e+17	1.00e+00	1.17e-13	0.00e+00
 7.94311e+17	1.00e+00	1.14e-13	0.00e+00
 7.94772e+17	1.00e+00	1.11e-13	0.00e+00
 7.95217e+17	1.00e+00	1.09e-13	0.00e+00
 7.95686e+17	1.00e+00	1.06e-13	0.00e+00
 7.96195e+17	1.00e+00	1.04e-13	0.00e+00
 7.96718e+17	1.00e+00	1.01e-13	0.00e+00
 7.97229e+17	1.00e+00	9.76e-14	0.00e+00
 7.97722e+17	1.00e+00	9.49e-14	0.00e+00
 7.98237e+17	1.00e+00	9.22e-14	0.00e+00
 7.98802e+17	1.00e+00	8.92e-14	0.00e+00
 7.99391e+17	1.00e+00	8.60e-14	0.00e+00
 7.99965e+17	1.00e+00	8.29e-14	0.00e+00
 8.00526e+17	1.00e+00	8.00e-14	0.00e+00
 8.01099e+17	1.00e+00	7.71e-14	0.00e+00
 8.01707e+17	1.00e+00	7.42e-14	0.00e+00
 8.02340e+17	1.00e+00	7.10e-14	0.00e+00
 8.02972e+17	1.00e+00	6.79e-14	0.00e+00
 8.03592e+17	1.00e+00	6.50e-14	0.00e+00
 8.04238e+17	1.00e+00	6.22e-14	0.00e+00
 8.04916e+17	1.00e+00	5.91e-14	0.00e+00
 8.05601e+17	1.00e+00	5.61e-14	0.00e+00
 8.06276e+17	1.00e+00	5.32e-14	0.00e+00
 8.06958e+17	1.00e+00	5.05e-14	0.00e+00
 8.07668e+17	1.00e+00	4.77e-14	0.00e+00
 8.08427e+17	1.00e+00	4.48e-14	0.00e+00
 8.09203e+17	1.00e+00	4.19e-14	0.00e+00
 8.09953e+17	1.00e+00	3.91e-14	0.00e+00
 8.10676e+17	1.00e+00	3.66e-14	0.00e+00
 8.11441e+17	1.00e+00	3.43e-14	0.00e+00
 8.12296e+17	1.00e+00	3.17e-14	0.00e+00
 8.13150e+17	1.00e+00	2.91e-14	0.00e+00
 8.13891e+17	1.00e+00	2.68e-14	0.00e+00
 8.14489e+17	1.00e+00	2.51e-14	0.00e+00
 8.15008e+17	1.00e+00	2.37e-14	0.00e+00
 8.15512e+17	1.00e+00	2.25e-14	0.00e+00
 8.16025e+17	1.00e+00	2.13e-14	0.00e+00
 8.16526e+17	1.00e+00	2.02e-14	0.00e+00
 8.16988e+17	1.00e+00	1.91e-14	0.00e+00
 8.17411e+17	1.00e+00	1.82e-14	0.00e+00
 8.17807e+17	1.00e+00	1.74e-14	0.00e+00
 8.18193e+17	1.00e+00	1.67e-14	0.00e+00
 8.18571e+17	1.00e+00	1.60e-14	0.00e+00
 8.18938e+17	1.00e+00	1.53e-14	0.00e+00
 8.19287e+17	1.00e+00	1.46e-14	0.00e+00
 8.19617e+17	1.00e+00	1.41e-14	0.00e+00
 8.19935e+17	1.00e+00	1.35e-14	0.00e+00
 8.20245e+17	1.00e+00	1.30e-14	0.00e+00
 8.20546e+17	1.00e+00	1.25e-14	0.00e+00
