#depth	N	N+	N+2	N+3	N+4	N+5	N+6	N+7
 1.49634e+10	0.00e+00	0.00e+00	2.52e-30	3.54e-20	9.07e-11	7.33e-01	2.67e-01	3.64e-05
 4.54887e+10	0.00e+00	4.50e-41	3.25e-30	4.24e-20	1.00e-10	7.48e-01	2.52e-01	3.17e-05
 7.72350e+10	0.00e+00	0.00e+00	4.20e-30	5.05e-20	1.10e-10	7.63e-01	2.37e-01	2.76e-05
 1.10251e+11	0.00e+00	8.77e-41	5.42e-30	6.03e-20	1.22e-10	7.77e-01	2.23e-01	2.40e-05
 1.41014e+11	0.00e+00	0.00e+00	6.80e-30	7.05e-20	1.33e-10	7.89e-01	2.11e-01	2.11e-05
 1.68056e+11	0.00e+00	1.52e-40	8.25e-30	8.05e-20	1.43e-10	7.99e-01	2.01e-01	1.89e-05
 1.98210e+11	0.00e+00	0.00e+00	1.02e-29	9.29e-20	1.54e-10	8.10e-01	1.90e-01	1.68e-05
 2.34523e+11	0.00e+00	2.74e-40	1.29e-29	1.10e-19	1.69e-10	8.21e-01	1.79e-01	1.46e-05
 2.71059e+11	0.00e+00	0.00e+00	1.63e-29	1.29e-19	1.84e-10	8.32e-01	1.68e-01	1.28e-05
 3.04527e+11	0.00e+00	4.88e-40	2.00e-29	1.48e-19	1.99e-10	8.41e-01	1.59e-01	1.13e-05
 3.41787e+11	0.00e+00	0.00e+00	2.50e-29	1.72e-19	2.15e-10	8.51e-01	1.49e-01	9.94e-06
 3.85067e+11	0.00e+00	9.03e-40	3.19e-29	2.04e-19	2.36e-10	8.61e-01	1.39e-01	8.58e-06
 4.27442e+11	0.00e+00	0.00e+00	4.03e-29	2.38e-19	2.56e-10	8.69e-01	1.31e-01	7.46e-06
 4.67416e+11	0.00e+00	1.62e-39	4.97e-29	2.75e-19	2.77e-10	8.77e-01	1.23e-01	6.57e-06
 5.11944e+11	0.00e+00	0.00e+00	6.23e-29	3.21e-19	3.00e-10	8.85e-01	1.15e-01	5.72e-06
 5.62348e+11	0.00e+00	3.01e-39	7.97e-29	3.79e-19	3.28e-10	8.93e-01	1.07e-01	4.91e-06
 6.12793e+11	0.00e+00	0.00e+00	1.01e-28	4.45e-19	3.56e-10	9.00e-01	9.97e-02	4.24e-06
 6.65255e+11	0.00e+00	5.63e-39	1.28e-28	5.23e-19	3.88e-10	9.07e-01	9.28e-02	3.66e-06
 7.21791e+11	0.00e+00	0.00e+00	1.63e-28	6.17e-19	4.23e-10	9.14e-01	8.61e-02	3.14e-06
 7.80590e+11	0.00e+00	1.07e-38	2.08e-28	7.27e-19	4.61e-10	9.20e-01	7.98e-02	2.69e-06
 8.41740e+11	0.00e+00	0.00e+00	2.66e-28	8.58e-19	5.02e-10	9.26e-01	7.40e-02	2.30e-06
 9.05337e+11	0.00e+00	2.05e-38	3.39e-28	1.01e-18	5.46e-10	9.31e-01	6.85e-02	1.97e-06
 9.71477e+11	0.00e+00	0.00e+00	4.32e-28	1.19e-18	5.95e-10	9.37e-01	6.34e-02	1.68e-06
 1.04026e+12	0.00e+00	3.90e-38	5.51e-28	1.40e-18	6.47e-10	9.41e-01	5.87e-02	1.44e-06
 1.11180e+12	0.00e+00	0.00e+00	7.02e-28	1.65e-18	7.04e-10	9.46e-01	5.43e-02	1.23e-06
 1.18620e+12	0.00e+00	7.41e-38	8.95e-28	1.95e-18	7.66e-10	9.50e-01	5.01e-02	1.05e-06
 1.26357e+12	0.00e+00	0.00e+00	1.14e-27	2.29e-18	8.32e-10	9.54e-01	4.63e-02	8.95e-07
 1.34404e+12	0.00e+00	1.41e-37	1.45e-27	2.70e-18	9.05e-10	9.57e-01	4.28e-02	0.00e+00
 1.42773e+12	0.00e+00	0.00e+00	1.85e-27	3.18e-18	9.84e-10	9.61e-01	3.95e-02	0.00e+00
 1.50964e+12	0.00e+00	2.63e-37	2.33e-27	3.70e-18	1.06e-09	9.63e-01	3.66e-02	0.00e+00
 1.58544e+12	0.00e+00	0.00e+00	2.85e-27	4.25e-18	1.14e-09	9.66e-01	3.42e-02	0.00e+00
 1.66940e+12	0.00e+00	4.62e-37	3.55e-27	4.92e-18	1.23e-09	9.68e-01	3.18e-02	0.00e+00
 1.76610e+12	0.00e+00	0.00e+00	4.53e-27	5.79e-18	1.34e-09	9.71e-01	2.93e-02	0.00e+00
 1.86119e+12	0.00e+00	8.64e-37	5.70e-27	6.76e-18	1.44e-09	9.73e-01	2.71e-02	0.00e+00
 1.96009e+12	0.00e+00	0.00e+00	7.17e-27	7.89e-18	1.56e-09	9.75e-01	2.51e-02	0.00e+00
 2.06842e+12	0.00e+00	1.62e-36	9.15e-27	9.29e-18	1.70e-09	9.77e-01	2.31e-02	0.00e+00
 2.17838e+12	4.47e-47	2.22e-36	1.16e-26	1.09e-17	1.84e-09	9.79e-01	2.13e-02	0.00e+00
 2.29275e+12	0.00e+00	0.00e+00	1.47e-26	1.28e-17	2.00e-09	9.80e-01	1.97e-02	0.00e+00
 2.41438e+12	0.00e+00	4.21e-36	1.88e-26	1.51e-17	2.17e-09	9.82e-01	1.81e-02	0.00e+00
 2.54089e+12	1.49e-46	5.83e-36	2.40e-26	1.77e-17	2.36e-09	9.83e-01	1.66e-02	0.00e+00
 2.67245e+12	0.00e+00	0.00e+00	3.06e-26	2.09e-17	2.56e-09	9.85e-01	1.53e-02	0.00e+00
 2.80927e+12	0.00e+00	1.12e-35	3.91e-26	2.46e-17	2.78e-09	9.86e-01	1.41e-02	0.00e+00
 2.95157e+12	5.03e-46	1.55e-35	5.00e-26	2.91e-17	3.02e-09	9.87e-01	1.30e-02	0.00e+00
 3.09956e+12	0.00e+00	0.00e+00	6.39e-26	3.43e-17	3.29e-09	9.88e-01	1.19e-02	0.00e+00
 3.25347e+12	0.00e+00	2.97e-35	8.18e-26	4.05e-17	3.57e-09	9.89e-01	1.09e-02	0.00e+00
 3.39838e+12	1.65e-45	4.00e-35	1.02e-25	4.70e-17	3.86e-09	9.90e-01	1.01e-02	0.00e+00
 3.52826e+12	0.00e+00	0.00e+00	1.24e-25	5.36e-17	4.12e-09	9.91e-01	9.49e-03	0.00e+00
 3.67414e+12	0.00e+00	6.85e-35	1.54e-25	6.18e-17	4.43e-09	9.91e-01	8.83e-03	0.00e+00
 3.84670e+12	4.83e-45	9.45e-35	1.96e-25	7.28e-17	4.81e-09	9.92e-01	8.12e-03	0.00e+00
 4.01918e+12	0.00e+00	0.00e+00	2.47e-25	8.52e-17	5.21e-09	9.93e-01	7.50e-03	0.00e+00
 4.18147e+12	0.00e+00	1.71e-34	3.06e-25	9.83e-17	5.60e-09	9.93e-01	6.97e-03	0.00e+00
 4.36156e+12	1.47e-44	2.31e-34	3.85e-25	1.15e-16	6.05e-09	9.94e-01	6.45e-03	0.00e+00
 4.56595e+12	0.00e+00	3.22e-34	4.94e-25	1.36e-16	6.59e-09	9.94e-01	5.92e-03	0.00e+00
 4.76998e+12	3.33e-44	4.44e-34	6.30e-25	1.60e-16	7.16e-09	9.95e-01	5.45e-03	0.00e+00
 4.98218e+12	0.00e+00	6.12e-34	8.02e-25	1.88e-16	7.77e-09	9.95e-01	5.01e-03	0.00e+00
 5.21139e+12	7.53e-44	8.55e-34	1.03e-24	2.24e-16	8.48e-09	9.95e-01	4.60e-03	0.00e+00
 5.44978e+12	0.00e+00	1.20e-33	1.33e-24	2.65e-16	9.25e-09	9.96e-01	4.21e-03	0.00e+00
 5.67473e+12	1.67e-43	1.62e-33	1.68e-24	3.10e-16	1.00e-08	9.96e-01	3.89e-03	0.00e+00
 5.87730e+12	0.00e+00	2.11e-33	2.05e-24	3.56e-16	1.07e-08	9.96e-01	3.63e-03	0.00e+00
 6.10530e+12	3.36e-43	2.83e-33	2.56e-24	4.13e-16	1.16e-08	9.97e-01	3.37e-03	0.00e+00
 6.37382e+12	0.00e+00	3.94e-33	3.29e-24	4.90e-16	1.26e-08	9.97e-01	3.09e-03	0.00e+00
 6.64119e+12	7.53e-43	5.42e-33	4.19e-24	5.78e-16	1.37e-08	9.97e-01	2.84e-03	0.00e+00
 6.89263e+12	0.00e+00	7.24e-33	5.22e-24	6.71e-16	1.48e-08	9.97e-01	2.63e-03	0.00e+00
 7.17165e+12	1.59e-42	9.88e-33	6.61e-24	7.88e-16	1.61e-08	9.98e-01	2.43e-03	0.00e+00
 7.48844e+12	0.00e+00	1.39e-32	8.57e-24	9.41e-16	1.76e-08	9.98e-01	2.22e-03	0.00e+00
 7.80190e+12	3.64e-42	1.92e-32	1.10e-23	1.11e-15	1.92e-08	9.98e-01	2.04e-03	0.00e+00
 8.12791e+12	0.00e+00	2.66e-32	1.41e-23	1.32e-15	2.09e-08	9.98e-01	1.87e-03	0.00e+00
 8.48295e+12	8.35e-42	3.75e-32	1.83e-23	1.58e-15	2.29e-08	9.98e-01	1.71e-03	0.00e+00
 8.84044e+12	0.00e+00	5.23e-32	2.36e-23	1.88e-15	2.51e-08	9.98e-01	1.56e-03	0.00e+00
 9.21223e+12	1.90e-41	7.29e-32	3.04e-23	2.24e-15	2.74e-08	9.99e-01	1.43e-03	0.00e+00
 9.59738e+12	0.00e+00	1.02e-31	3.92e-23	2.67e-15	3.00e-08	9.99e-01	1.31e-03	0.00e+00
 9.97658e+12	4.24e-41	1.39e-31	4.99e-23	3.16e-15	3.27e-08	9.99e-01	1.20e-03	0.00e+00
 1.03842e+13	0.00e+00	1.93e-31	6.41e-23	3.76e-15	3.57e-08	9.99e-01	1.10e-03	0.00e+00
 1.08295e+13	9.70e-41	2.71e-31	8.35e-23	4.51e-15	3.93e-08	9.99e-01	1.00e-03	0.00e+00
 1.12926e+13	0.00e+00	3.82e-31	1.09e-22	5.42e-15	4.32e-08	9.99e-01	9.11e-04	0.00e+00
 1.17743e+13	2.25e-40	5.37e-31	1.42e-22	6.52e-15	4.76e-08	9.99e-01	8.29e-04	0.00e+00
 1.22751e+13	0.00e+00	7.55e-31	1.84e-22	7.84e-15	5.24e-08	9.99e-01	7.54e-04	0.00e+00
 1.27285e+13	4.94e-40	1.02e-30	2.32e-22	9.22e-15	5.70e-08	9.99e-01	6.94e-04	0.00e+00
 1.31068e+13	0.00e+00	1.29e-30	2.79e-22	1.05e-14	6.10e-08	9.99e-01	6.49e-04	0.00e+00
 1.35214e+13	9.06e-40	1.66e-30	3.40e-22	1.21e-14	6.56e-08	9.99e-01	6.04e-04	0.00e+00
 1.40459e+13	0.00e+00	2.27e-30	4.33e-22	1.43e-14	7.18e-08	9.99e-01	5.53e-04	0.00e+00
 1.45925e+13	1.94e-39	3.09e-30	5.52e-22	1.70e-14	7.86e-08	9.99e-01	5.06e-04	0.00e+00
 1.50595e+13	0.00e+00	3.99e-30	6.74e-22	1.96e-14	8.47e-08	1.00e+00	4.70e-04	0.00e+00
 1.55437e+13	3.61e-39	5.14e-30	8.23e-22	2.26e-14	9.13e-08	1.00e+00	4.37e-04	0.00e+00
 1.61487e+13	0.00e+00	6.99e-30	1.05e-21	2.68e-14	1.00e-07	1.00e+00	3.99e-04	0.00e+00
 1.67622e+13	7.55e-39	9.42e-30	1.32e-21	3.17e-14	1.09e-07	1.00e+00	3.66e-04	0.00e+00
 1.72946e+13	0.00e+00	1.21e-29	1.61e-21	3.65e-14	1.18e-07	1.00e+00	3.40e-04	0.00e+00
 1.78701e+13	1.40e-38	1.57e-29	1.97e-21	4.23e-14	1.27e-07	1.00e+00	3.15e-04	0.00e+00
 1.85743e+13	0.00e+00	2.12e-29	2.51e-21	5.03e-14	1.40e-07	1.00e+00	2.88e-04	0.00e+00
 1.92923e+13	2.91e-38	2.86e-29	3.18e-21	5.96e-14	1.53e-07	1.00e+00	2.63e-04	0.00e+00
 1.99473e+13	0.00e+00	3.71e-29	3.90e-21	6.91e-14	1.66e-07	1.00e+00	2.43e-04	0.00e+00
 2.06739e+13	5.59e-38	4.90e-29	4.86e-21	8.10e-14	1.80e-07	1.00e+00	2.24e-04	0.00e+00
 2.15212e+13	0.00e+00	6.68e-29	6.22e-21	9.67e-14	1.98e-07	1.00e+00	2.04e-04	0.00e+00
 2.23614e+13	1.16e-37	8.96e-29	7.85e-21	1.15e-13	2.17e-07	1.00e+00	1.87e-04	0.00e+00
 2.31632e+13	0.00e+00	1.17e-28	9.72e-21	1.34e-13	2.36e-07	1.00e+00	1.72e-04	0.00e+00
 2.40476e+13	2.27e-37	1.56e-28	1.22e-20	1.57e-13	2.57e-07	1.00e+00	1.58e-04	0.00e+00
 2.50395e+13	0.00e+00	2.12e-28	1.56e-20	1.88e-13	2.83e-07	1.00e+00	1.44e-04	0.00e+00
 2.60350e+13	4.71e-37	2.85e-28	1.96e-20	2.22e-13	3.10e-07	1.00e+00	1.31e-04	0.00e+00
 2.69263e+13	0.00e+00	3.68e-28	2.40e-20	2.57e-13	3.35e-07	1.00e+00	1.22e-04	0.00e+00
 2.77183e+13	8.35e-37	4.57e-28	2.86e-20	2.91e-13	3.58e-07	1.00e+00	1.14e-04	0.00e+00
 2.86164e+13	0.00e+00	5.81e-28	3.45e-20	3.34e-13	3.85e-07	1.00e+00	1.06e-04	0.00e+00
 2.96154e+13	1.53e-36	7.52e-28	4.23e-20	3.87e-13	4.17e-07	1.00e+00	9.81e-05	0.00e+00
 3.05522e+13	0.00e+00	9.49e-28	5.09e-20	4.42e-13	4.48e-07	1.00e+00	9.14e-05	0.00e+00
 3.15766e+13	2.73e-36	1.21e-27	6.18e-20	5.08e-13	4.83e-07	1.00e+00	8.49e-05	0.00e+00
 3.27252e+13	0.00e+00	1.59e-27	7.63e-20	5.91e-13	5.24e-07	1.00e+00	7.84e-05	0.00e+00
 3.38161e+13	5.08e-36	2.03e-27	9.26e-20	6.79e-13	5.64e-07	1.00e+00	7.28e-05	0.00e+00
 3.50151e+13	0.00e+00	2.63e-27	1.14e-19	7.87e-13	6.11e-07	1.00e+00	6.74e-05	0.00e+00
 3.63572e+13	9.78e-36	3.47e-27	1.42e-19	9.22e-13	6.65e-07	1.00e+00	6.20e-05	0.00e+00
 3.76308e+13	0.00e+00	4.49e-27	1.73e-19	1.06e-12	7.18e-07	1.00e+00	5.74e-05	0.00e+00
 3.88060e+13	1.76e-35	5.64e-27	2.08e-19	1.21e-12	7.70e-07	1.00e+00	5.36e-05	0.00e+00
 4.01077e+13	0.00e+00	7.21e-27	2.52e-19	1.39e-12	8.28e-07	1.00e+00	4.99e-05	0.00e+00
 4.15691e+13	3.29e-35	9.41e-27	3.10e-19	1.61e-12	8.97e-07	1.00e+00	4.61e-05	0.00e+00
 4.29531e+13	0.00e+00	1.20e-26	3.76e-19	1.85e-12	9.65e-07	1.00e+00	4.29e-05	0.00e+00
 4.44675e+13	6.06e-35	1.55e-26	4.60e-19	2.14e-12	1.04e-06	1.00e+00	3.97e-05	0.00e+00
 4.61425e+13	0.00e+00	2.05e-26	5.71e-19	2.49e-12	1.13e-06	1.00e+00	3.67e-05	0.00e+00
 4.76963e+13	1.14e-34	2.62e-26	6.93e-19	2.86e-12	1.22e-06	1.00e+00	3.41e-05	0.00e+00
 4.93863e+13	0.00e+00	3.40e-26	8.49e-19	3.30e-12	1.31e-06	1.00e+00	3.16e-05	0.00e+00
 5.12778e+13	2.21e-34	4.49e-26	1.06e-18	3.85e-12	1.43e-06	1.00e+00	2.91e-05	0.00e+00
 5.30645e+13	3.03e-34	5.81e-26	1.29e-18	4.43e-12	1.54e-06	1.00e+00	2.71e-05	0.00e+00
 5.50081e+13	4.20e-34	7.60e-26	1.59e-18	5.14e-12	1.66e-06	1.00e+00	2.51e-05	0.00e+00
 5.71747e+13	5.98e-34	1.01e-25	1.99e-18	6.02e-12	1.81e-06	1.00e+00	2.30e-05	0.00e+00
 5.92351e+13	8.28e-34	1.32e-25	2.45e-18	6.96e-12	1.95e-06	1.00e+00	2.14e-05	0.00e+00
 6.14415e+13	1.16e-33	1.74e-25	3.03e-18	8.08e-12	2.11e-06	1.00e+00	1.98e-05	0.00e+00
 6.39291e+13	1.67e-33	2.34e-25	3.82e-18	9.50e-12	2.30e-06	1.00e+00	1.81e-05	0.00e+00
 6.63918e+13	2.36e-33	3.11e-25	4.77e-18	1.11e-11	2.49e-06	1.00e+00	1.67e-05	0.00e+00
 6.89530e+13	3.36e-33	4.15e-25	5.95e-18	1.29e-11	2.70e-06	1.00e+00	1.55e-05	0.00e+00
 7.17410e+13	4.85e-33	5.59e-25	7.50e-18	1.52e-11	2.94e-06	1.00e+00	1.42e-05	0.00e+00
 7.46406e+13	7.01e-33	7.55e-25	9.46e-18	1.78e-11	3.20e-06	1.00e+00	1.31e-05	0.00e+00
 7.76561e+13	1.01e-32	1.02e-24	1.19e-17	2.10e-11	3.48e-06	1.00e+00	1.20e-05	0.00e+00
 8.06179e+13	1.44e-32	1.35e-24	1.48e-17	2.44e-11	3.77e-06	1.00e+00	1.11e-05	0.00e+00
 8.33757e+13	1.97e-32	1.75e-24	1.81e-17	2.80e-11	4.04e-06	1.00e+00	1.04e-05	0.00e+00
 8.64182e+13	2.76e-32	2.30e-24	2.23e-17	3.23e-11	4.36e-06	1.00e+00	9.61e-06	0.00e+00
 8.95439e+13	3.86e-32	3.02e-24	2.75e-17	3.73e-11	4.70e-06	1.00e+00	8.92e-06	0.00e+00
 9.21659e+13	5.07e-32	3.76e-24	3.26e-17	4.19e-11	4.99e-06	1.00e+00	8.40e-06	0.00e+00
 9.49386e+13	6.72e-32	4.72e-24	3.88e-17	4.72e-11	5.31e-06	1.00e+00	7.90e-06	0.00e+00
 9.84509e+13	9.48e-32	6.24e-24	4.80e-17	5.47e-11	5.73e-06	1.00e+00	7.33e-06	0.00e+00
 1.02112e+14	1.34e-31	8.27e-24	5.96e-17	6.33e-11	6.18e-06	1.00e+00	6.79e-06	0.00e+00
 1.05368e+14	1.81e-31	1.05e-23	7.17e-17	7.18e-11	6.59e-06	1.00e+00	6.37e-06	0.00e+00
 1.08909e+14	2.49e-31	1.36e-23	8.71e-17	8.20e-11	7.05e-06	1.00e+00	5.95e-06	0.00e+00
 1.12852e+14	3.49e-31	1.79e-23	1.07e-16	9.47e-11	7.59e-06	1.00e+00	5.53e-06	0.00e+00
 1.16529e+14	4.76e-31	2.30e-23	1.30e-16	1.08e-10	8.11e-06	1.00e+00	5.18e-06	0.00e+00
 1.20523e+14	6.59e-31	2.99e-23	1.59e-16	1.23e-10	8.69e-06	1.00e+00	4.83e-06	0.00e+00
 1.24979e+14	9.35e-31	3.96e-23	1.96e-16	1.43e-10	9.36e-06	1.00e+00	4.49e-06	0.00e+00
 1.29153e+14	1.29e-30	5.12e-23	2.39e-16	1.63e-10	1.00e-05	1.00e+00	4.20e-06	0.00e+00
 1.33699e+14	1.80e-30	6.71e-23	2.93e-16	1.87e-10	1.07e-05	1.00e+00	3.91e-06	0.00e+00
 1.38775e+14	2.58e-30	8.98e-23	3.65e-16	2.17e-10	1.16e-05	1.00e+00	3.63e-06	0.00e+00
 1.43543e+14	3.60e-30	1.17e-22	4.46e-16	2.48e-10	1.24e-05	1.00e+00	3.39e-06	0.00e+00
 1.48736e+14	5.09e-30	1.55e-22	5.51e-16	2.86e-10	1.33e-05	1.00e+00	3.15e-06	0.00e+00
 1.54547e+14	7.40e-30	2.09e-22	6.92e-16	3.33e-10	1.44e-05	1.00e+00	2.92e-06	0.00e+00
 1.60055e+14	1.04e-29	2.76e-22	8.52e-16	3.83e-10	1.55e-05	1.00e+00	2.72e-06	0.00e+00
 1.65952e+14	1.49e-29	3.67e-22	1.06e-15	4.43e-10	1.66e-05	1.00e+00	2.53e-06	0.00e+00
 1.72620e+14	2.19e-29	5.00e-22	1.34e-15	5.19e-10	1.80e-05	1.00e+00	2.33e-06	0.00e+00
 1.79185e+14	3.17e-29	6.71e-22	1.67e-15	6.02e-10	1.94e-05	1.00e+00	2.17e-06	0.00e+00
 1.86014e+14	4.58e-29	9.02e-22	2.08e-15	6.99e-10	2.09e-05	1.00e+00	2.01e-06	0.00e+00
 1.93484e+14	6.74e-29	1.23e-21	2.63e-15	8.18e-10	2.26e-05	1.00e+00	1.86e-06	0.00e+00
 2.01083e+14	9.85e-29	1.67e-21	3.31e-15	9.54e-10	2.45e-05	1.00e+00	1.72e-06	0.00e+00
 2.08986e+14	1.44e-28	2.26e-21	4.17e-15	1.11e-09	2.64e-05	1.00e+00	1.59e-06	0.00e+00
 2.16893e+14	2.07e-28	3.03e-21	5.20e-15	1.29e-09	2.85e-05	1.00e+00	1.47e-06	0.00e+00
 2.24383e+14	2.89e-28	3.96e-21	6.36e-15	1.48e-09	3.05e-05	1.00e+00	1.38e-06	0.00e+00
 2.32655e+14	4.13e-28	5.27e-21	7.89e-15	1.71e-09	3.28e-05	1.00e+00	1.28e-06	0.00e+00
 2.40937e+14	5.81e-28	6.94e-21	9.72e-15	1.97e-09	3.53e-05	1.00e+00	1.19e-06	0.00e+00
 2.47813e+14	7.66e-28	8.66e-21	1.15e-14	2.20e-09	3.73e-05	1.00e+00	1.13e-06	0.00e+00
 2.55106e+14	1.02e-27	1.09e-20	1.36e-14	2.47e-09	3.96e-05	1.00e+00	1.06e-06	0.00e+00
 2.64427e+14	1.44e-27	1.44e-20	1.69e-14	2.86e-09	4.26e-05	1.00e+00	9.86e-07	0.00e+00
 2.74202e+14	2.06e-27	1.92e-20	2.10e-14	3.30e-09	4.59e-05	1.00e+00	0.00e+00	0.00e+00
 2.82853e+14	2.79e-27	2.45e-20	2.52e-14	3.74e-09	4.88e-05	1.00e+00	0.00e+00	0.00e+00
 2.92230e+14	3.83e-27	3.16e-20	3.06e-14	4.26e-09	5.22e-05	1.00e+00	0.00e+00	0.00e+00
 3.03495e+14	5.52e-27	4.24e-20	3.83e-14	4.96e-09	5.64e-05	1.00e+00	0.00e+00	0.00e+00
 3.14898e+14	7.90e-27	5.66e-20	4.77e-14	5.76e-09	6.08e-05	1.00e+00	0.00e+00	0.00e+00
 3.25583e+14	1.09e-26	7.36e-20	5.82e-14	6.58e-09	6.51e-05	1.00e+00	0.00e+00	0.00e+00
 3.37464e+14	1.55e-26	9.73e-20	7.20e-14	7.60e-09	7.01e-05	1.00e+00	0.00e+00	0.00e+00
 3.50047e+14	2.21e-26	1.30e-19	8.96e-14	8.81e-09	7.56e-05	1.00e+00	0.00e+00	0.00e+00
 3.61229e+14	2.99e-26	1.66e-19	1.08e-13	9.99e-09	8.06e-05	1.00e+00	0.00e+00	0.00e+00
 3.73261e+14	4.11e-26	2.14e-19	1.31e-13	1.14e-08	8.63e-05	1.00e+00	0.00e+00	0.00e+00
 3.87678e+14	5.93e-26	2.88e-19	1.64e-13	1.33e-08	9.33e-05	1.00e+00	0.00e+00	0.00e+00
 4.01871e+14	8.38e-26	3.81e-19	2.03e-13	1.53e-08	1.00e-04	1.00e+00	0.00e+00	0.00e+00
 4.14520e+14	1.13e-25	4.85e-19	2.45e-13	1.74e-08	1.07e-04	1.00e+00	0.00e+00	0.00e+00
 4.28481e+14	1.56e-25	6.28e-19	2.98e-13	1.99e-08	1.15e-04	1.00e+00	0.00e+00	0.00e+00
 4.45115e+14	2.25e-25	8.44e-19	3.73e-13	2.32e-08	1.24e-04	1.00e+00	0.00e+00	0.00e+00
 4.61609e+14	3.19e-25	1.12e-18	4.63e-13	2.68e-08	1.34e-04	1.00e+00	0.00e+00	0.00e+00
 4.76680e+14	4.36e-25	1.44e-18	5.61e-13	3.05e-08	1.43e-04	1.00e+00	0.00e+00	0.00e+00
 4.93516e+14	6.08e-25	1.89e-18	6.89e-13	3.51e-08	1.54e-04	1.00e+00	0.00e+00	0.00e+00
 5.13107e+14	8.84e-25	2.55e-18	8.67e-13	4.10e-08	1.66e-04	1.00e+00	0.00e+00	0.00e+00
 5.32352e+14	1.26e-24	3.40e-18	1.08e-12	4.76e-08	1.79e-04	1.00e+00	0.00e+00	0.00e+00
 5.50555e+14	1.74e-24	4.41e-18	1.32e-12	5.45e-08	1.92e-04	1.00e+00	0.00e+00	0.00e+00
 5.70796e+14	2.47e-24	5.85e-18	1.63e-12	6.30e-08	2.07e-04	1.00e+00	0.00e+00	0.00e+00
 5.93658e+14	3.60e-24	7.93e-18	2.06e-12	7.37e-08	2.25e-04	1.00e+00	0.00e+00	0.00e+00
 6.15334e+14	5.10e-24	1.05e-17	2.55e-12	8.51e-08	2.42e-04	1.00e+00	0.00e+00	0.00e+00
 6.35068e+14	6.90e-24	1.34e-17	3.07e-12	9.66e-08	2.58e-04	1.00e+00	0.00e+00	0.00e+00
 6.57404e+14	9.64e-24	1.76e-17	3.77e-12	1.11e-07	2.77e-04	1.00e+00	0.00e+00	0.00e+00
 6.83444e+14	1.40e-23	2.38e-17	4.74e-12	1.30e-07	3.00e-04	1.00e+00	0.00e+00	0.00e+00
 7.08408e+14	1.99e-23	3.14e-17	5.87e-12	1.50e-07	3.23e-04	1.00e+00	0.00e+00	0.00e+00
 7.30969e+14	2.69e-23	4.01e-17	7.07e-12	1.70e-07	3.44e-04	1.00e+00	0.00e+00	0.00e+00
 7.52238e+14	3.55e-23	5.02e-17	8.38e-12	1.91e-07	3.65e-04	1.00e+00	0.00e+00	0.00e+00
 7.75827e+14	4.78e-23	6.39e-17	1.01e-11	2.16e-07	3.89e-04	1.00e+00	0.00e+00	0.00e+00
 8.02193e+14	6.61e-23	8.29e-17	1.23e-11	2.47e-07	4.17e-04	1.00e+00	0.00e+00	0.00e+00
 8.27090e+14	8.90e-23	1.05e-16	1.47e-11	2.79e-07	4.43e-04	1.00e+00	0.00e+00	0.00e+00
 8.54375e+14	1.22e-22	1.36e-16	1.78e-11	3.17e-07	4.74e-04	1.00e+00	0.00e+00	0.00e+00
 8.84937e+14	1.72e-22	1.79e-16	2.20e-11	3.65e-07	5.09e-04	9.99e-01	0.00e+00	0.00e+00
 9.13763e+14	2.34e-22	2.30e-16	2.66e-11	4.15e-07	5.43e-04	9.99e-01	0.00e+00	0.00e+00
 9.45242e+14	3.26e-22	2.99e-16	3.25e-11	4.76e-07	5.82e-04	9.99e-01	0.00e+00	0.00e+00
 9.80039e+14	4.63e-22	3.97e-16	4.03e-11	5.50e-07	6.27e-04	9.99e-01	0.00e+00	0.00e+00
 1.01216e+15	6.34e-22	5.12e-16	4.88e-11	6.25e-07	6.69e-04	9.99e-01	0.00e+00	0.00e+00
 1.04691e+15	8.80e-22	6.66e-16	5.96e-11	7.16e-07	7.17e-04	9.99e-01	0.00e+00	0.00e+00
 1.08578e+15	1.26e-21	8.87e-16	7.40e-11	8.28e-07	7.72e-04	9.99e-01	0.00e+00	0.00e+00
 1.12232e+15	1.73e-21	1.15e-15	9.00e-11	9.45e-07	8.26e-04	9.99e-01	0.00e+00	0.00e+00
 1.16217e+15	2.43e-21	1.51e-15	1.11e-10	1.09e-06	8.86e-04	9.99e-01	0.00e+00	0.00e+00
 1.20648e+15	3.48e-21	2.02e-15	1.38e-10	1.26e-06	9.58e-04	9.99e-01	0.00e+00	0.00e+00
 1.24788e+15	4.84e-21	2.63e-15	1.69e-10	1.45e-06	1.03e-03	9.99e-01	0.00e+00	0.00e+00
 1.29285e+15	6.80e-21	3.46e-15	2.08e-10	1.67e-06	1.10e-03	9.99e-01	0.00e+00	0.00e+00
 1.34318e+15	9.82e-21	4.66e-15	2.61e-10	1.94e-06	1.19e-03	9.99e-01	0.00e+00	0.00e+00
 1.39094e+15	1.37e-20	6.10e-15	3.21e-10	2.23e-06	1.28e-03	9.99e-01	0.00e+00	0.00e+00
 1.44203e+15	1.94e-20	8.08e-15	3.97e-10	2.58e-06	1.38e-03	9.99e-01	0.00e+00	0.00e+00
 1.49974e+15	2.81e-20	1.09e-14	5.00e-10	3.02e-06	1.50e-03	9.98e-01	0.00e+00	0.00e+00
 1.55662e+15	4.00e-20	1.45e-14	6.23e-10	3.51e-06	1.62e-03	9.98e-01	0.00e+00	0.00e+00
 1.61578e+15	5.67e-20	1.93e-14	7.76e-10	4.08e-06	1.75e-03	9.98e-01	0.00e+00	0.00e+00
 1.67853e+15	8.09e-20	2.58e-14	9.71e-10	4.76e-06	1.90e-03	9.98e-01	0.00e+00	0.00e+00
 1.73100e+15	1.08e-19	3.27e-14	1.16e-09	5.38e-06	2.03e-03	9.98e-01	0.00e+00	0.00e+00
 1.77149e+15	1.34e-19	3.89e-14	1.33e-09	5.91e-06	2.13e-03	9.98e-01	0.00e+00	0.00e+00
 1.81537e+15	1.68e-19	4.68e-14	1.54e-09	6.52e-06	2.24e-03	9.98e-01	0.00e+00	0.00e+00
 1.87241e+15	2.22e-19	5.90e-14	1.84e-09	7.39e-06	2.40e-03	9.98e-01	0.00e+00	0.00e+00
 1.93431e+15	2.99e-19	7.52e-14	2.23e-09	8.43e-06	2.57e-03	9.97e-01	0.00e+00	0.00e+00
 1.99020e+15	3.86e-19	9.29e-14	2.63e-09	9.45e-06	2.73e-03	9.97e-01	0.00e+00	0.00e+00
 2.05051e+15	5.07e-19	1.16e-13	3.13e-09	1.07e-05	2.91e-03	9.97e-01	0.00e+00	0.00e+00
 2.12630e+15	7.00e-19	1.52e-13	3.87e-09	1.23e-05	3.15e-03	9.97e-01	0.00e+00	0.00e+00
 2.20258e+15	9.58e-19	1.97e-13	4.75e-09	1.42e-05	3.41e-03	9.97e-01	0.00e+00	0.00e+00
 2.26742e+15	1.24e-18	2.43e-13	5.62e-09	1.60e-05	3.63e-03	9.96e-01	0.00e+00	0.00e+00
 2.33704e+15	1.61e-18	3.03e-13	6.70e-09	1.81e-05	3.88e-03	9.96e-01	0.00e+00	0.00e+00
 2.42392e+15	2.21e-18	3.95e-13	8.28e-09	2.10e-05	4.21e-03	9.96e-01	0.00e+00	0.00e+00
 2.51349e+15	3.03e-18	5.13e-13	1.02e-08	2.43e-05	4.57e-03	9.95e-01	0.00e+00	0.00e+00
 2.59306e+15	3.96e-18	6.41e-13	1.22e-08	2.75e-05	4.89e-03	9.95e-01	0.00e+00	0.00e+00
 2.67941e+15	5.21e-18	8.09e-13	1.48e-08	3.14e-05	5.27e-03	9.95e-01	0.00e+00	0.00e+00
 2.78280e+15	7.21e-18	1.06e-12	1.84e-08	3.67e-05	5.74e-03	9.94e-01	0.00e+00	0.00e+00
 2.88476e+15	9.78e-18	1.37e-12	2.27e-08	4.24e-05	6.22e-03	9.94e-01	0.00e+00	0.00e+00
 2.97605e+15	1.27e-17	1.71e-12	2.72e-08	4.81e-05	6.68e-03	9.93e-01	0.00e+00	0.00e+00
 3.07706e+15	1.68e-17	2.17e-12	3.29e-08	5.50e-05	7.20e-03	9.93e-01	0.00e+00	0.00e+00
 3.19684e+15	2.31e-17	2.84e-12	4.11e-08	6.42e-05	7.86e-03	9.92e-01	0.00e+00	0.00e+00
 3.31545e+15	3.13e-17	3.68e-12	5.08e-08	7.43e-05	8.54e-03	9.91e-01	0.00e+00	0.00e+00
 3.42453e+15	4.10e-17	4.62e-12	6.13e-08	8.47e-05	9.19e-03	9.91e-01	0.00e+00	0.00e+00
 3.54684e+15	5.49e-17	5.92e-12	7.52e-08	9.75e-05	9.95e-03	9.90e-01	0.00e+00	0.00e+00
 3.68831e+15	7.59e-17	7.80e-12	9.44e-08	1.14e-04	1.09e-02	9.89e-01	0.00e+00	0.00e+00
 3.82681e+15	1.03e-16	1.01e-11	1.17e-07	1.32e-04	1.18e-02	9.88e-01	0.00e+00	0.00e+00
 3.95893e+15	1.57e-16	1.29e-11	1.43e-07	1.52e-04	1.28e-02	9.87e-01	0.00e+00	0.00e+00
 4.10540e+15	2.13e-16	1.67e-11	1.77e-07	1.76e-04	1.39e-02	9.86e-01	0.00e+00	0.00e+00
 4.24341e+15	2.80e-16	2.11e-11	2.15e-07	2.01e-04	1.50e-02	9.85e-01	0.00e+00	0.00e+00
 4.34709e+15	3.43e-16	2.50e-11	2.47e-07	2.21e-04	1.58e-02	9.84e-01	0.00e+00	0.00e+00
 4.45331e+15	4.19e-16	2.97e-11	2.85e-07	2.43e-04	1.67e-02	9.83e-01	0.00e+00	0.00e+00
 4.59139e+15	5.42e-16	3.69e-11	3.41e-07	2.75e-04	1.79e-02	9.82e-01	0.00e+00	0.00e+00
 4.74002e+15	7.08e-16	4.64e-11	4.12e-07	3.13e-04	1.93e-02	9.80e-01	0.00e+00	0.00e+00
 4.87294e+15	8.90e-16	5.64e-11	4.85e-07	3.49e-04	2.05e-02	9.79e-01	0.00e+00	0.00e+00
 5.01631e+15	1.14e-15	6.95e-11	5.76e-07	3.92e-04	2.19e-02	9.78e-01	0.00e+00	0.00e+00
 5.19930e+15	1.54e-15	9.02e-11	7.14e-07	4.53e-04	2.37e-02	9.76e-01	0.00e+00	0.00e+00
 5.38429e+15	2.07e-15	1.16e-10	8.80e-07	5.22e-04	2.57e-02	9.74e-01	0.00e+00	0.00e+00
 5.53912e+15	2.62e-15	1.42e-10	1.04e-06	5.84e-04	2.74e-02	9.72e-01	0.00e+00	0.00e+00
 5.70427e+15	3.37e-15	1.76e-10	1.24e-06	6.57e-04	2.92e-02	9.70e-01	0.00e+00	0.00e+00
 5.91358e+15	4.59e-15	2.30e-10	1.54e-06	7.60e-04	3.17e-02	9.68e-01	0.00e+00	0.00e+00
 6.13318e+15	6.26e-15	3.00e-10	1.92e-06	8.80e-04	3.44e-02	9.65e-01	0.00e+00	0.00e+00
 6.33009e+15	8.16e-15	3.77e-10	2.32e-06	9.98e-04	3.69e-02	9.62e-01	0.00e+00	0.00e+00
 6.54463e+15	1.09e-14	4.82e-10	2.84e-06	1.14e-03	3.98e-02	9.59e-01	0.00e+00	0.00e+00
 6.79923e+15	1.52e-14	6.41e-10	3.59e-06	1.33e-03	4.33e-02	9.55e-01	0.00e+00	0.00e+00
 7.04872e+15	2.07e-14	8.35e-10	4.47e-06	1.54e-03	4.69e-02	9.52e-01	0.00e+00	0.00e+00
 7.27464e+15	2.70e-14	1.05e-09	5.40e-06	1.75e-03	5.03e-02	9.48e-01	0.00e+00	0.00e+00
 7.52708e+15	3.64e-14	1.36e-09	6.65e-06	2.00e-03	5.42e-02	9.44e-01	0.00e+00	0.00e+00
 7.82317e+15	5.11e-14	1.81e-09	8.43e-06	2.35e-03	5.90e-02	9.39e-01	0.00e+00	0.00e+00
 8.11395e+15	7.00e-14	2.38e-09	1.05e-05	2.72e-03	6.39e-02	9.33e-01	0.00e+00	0.00e+00
 8.38482e+15	9.29e-14	3.03e-09	1.29e-05	3.10e-03	6.87e-02	9.28e-01	0.00e+00	0.00e+00
 8.68871e+15	1.27e-13	3.96e-09	1.60e-05	3.58e-03	7.42e-02	9.22e-01	0.00e+00	0.00e+00
 8.98052e+15	1.70e-13	5.08e-09	1.96e-05	4.09e-03	7.97e-02	9.16e-01	0.00e+00	0.00e+00
 9.19659e+15	2.10e-13	6.08e-09	2.27e-05	4.50e-03	8.39e-02	9.12e-01	0.00e+00	0.00e+00
 9.41427e+15	2.59e-13	7.27e-09	2.62e-05	4.95e-03	8.82e-02	9.07e-01	0.00e+00	0.00e+00
 9.69726e+15	3.38e-13	9.11e-09	3.14e-05	5.57e-03	9.40e-02	9.00e-01	0.00e+00	0.00e+00
 1.00037e+16	4.47e-13	1.16e-08	3.81e-05	6.33e-03	1.01e-01	8.93e-01	0.00e+00	0.00e+00
 1.02775e+16	5.68e-13	1.42e-08	4.49e-05	7.05e-03	1.06e-01	8.87e-01	0.00e+00	0.00e+00
 1.05701e+16	7.35e-13	1.76e-08	5.35e-05	7.90e-03	1.13e-01	8.79e-01	0.00e+00	0.00e+00
 1.09502e+16	1.02e-12	2.32e-08	6.67e-05	9.14e-03	1.22e-01	8.69e-01	0.00e+00	0.00e+00
 1.13345e+16	1.38e-12	3.02e-08	8.25e-05	1.05e-02	1.31e-01	8.59e-01	0.00e+00	0.00e+00
 1.16456e+16	1.76e-12	3.71e-08	9.75e-05	1.17e-02	1.38e-01	8.50e-01	0.00e+00	0.00e+00
 1.19712e+16	2.28e-12	4.60e-08	1.16e-04	1.31e-02	1.46e-01	8.40e-01	0.00e+00	0.00e+00
 1.23946e+16	3.14e-12	6.03e-08	1.44e-04	1.51e-02	1.57e-01	8.28e-01	0.00e+00	0.00e+00
 1.28367e+16	4.32e-12	7.91e-08	1.79e-04	1.74e-02	1.69e-01	8.14e-01	0.00e+00	0.00e+00
 1.32128e+16	5.60e-12	9.86e-08	2.14e-04	1.95e-02	1.79e-01	8.01e-01	0.00e+00	0.00e+00
 1.36111e+16	7.41e-12	1.25e-07	2.58e-04	2.21e-02	1.90e-01	7.88e-01	0.00e+00	0.00e+00
 1.41129e+16	1.04e-11	1.66e-07	3.25e-04	2.56e-02	2.04e-01	7.70e-01	0.00e+00	0.00e+00
 1.46097e+16	1.42e-11	2.16e-07	4.03e-04	2.94e-02	2.18e-01	7.52e-01	0.00e+00	0.00e+00
 1.50190e+16	1.83e-11	2.68e-07	4.80e-04	3.30e-02	2.30e-01	7.37e-01	0.00e+00	0.00e+00
 1.54544e+16	2.40e-11	3.37e-07	5.77e-04	3.71e-02	2.42e-01	7.20e-01	0.00e+00	0.00e+00
 1.60145e+16	3.37e-11	4.48e-07	7.25e-04	4.29e-02	2.59e-01	6.98e-01	0.00e+00	0.00e+00
 1.65737e+16	4.61e-11	5.85e-07	9.02e-04	4.93e-02	2.75e-01	6.74e-01	0.00e+00	0.00e+00
 1.69897e+16	5.75e-11	7.07e-07	1.05e-03	5.45e-02	2.87e-01	6.57e-01	0.00e+00	0.00e+00
 1.73823e+16	7.18e-11	8.52e-07	1.23e-03	5.99e-02	2.99e-01	6.40e-01	0.00e+00	0.00e+00
 1.78928e+16	9.52e-11	1.08e-06	1.48e-03	6.75e-02	3.14e-01	6.17e-01	0.00e+00	0.00e+00
 1.84060e+16	1.24e-10	1.35e-06	1.78e-03	7.57e-02	3.28e-01	5.94e-01	0.00e+00	0.00e+00
 1.88283e+16	1.53e-10	1.61e-06	2.06e-03	8.30e-02	3.40e-01	5.75e-01	0.00e+00	0.00e+00
 1.92828e+16	1.94e-10	1.97e-06	2.43e-03	9.17e-02	3.52e-01	5.54e-01	0.00e+00	0.00e+00
 1.97871e+16	2.49e-10	2.44e-06	2.89e-03	1.02e-01	3.66e-01	5.29e-01	0.00e+00	0.00e+00
 2.02650e+16	3.14e-10	2.96e-06	3.39e-03	1.12e-01	3.77e-01	5.07e-01	0.00e+00	0.00e+00
 2.07955e+16	4.11e-10	3.72e-06	4.07e-03	1.25e-01	3.90e-01	4.80e-01	0.00e+00	0.00e+00
 2.13567e+16	5.33e-10	4.63e-06	4.89e-03	1.40e-01	4.02e-01	4.53e-01	0.00e+00	0.00e+00
 2.18279e+16	6.62e-10	5.57e-06	5.70e-03	1.53e-01	4.12e-01	4.30e-01	0.00e+00	0.00e+00
 2.22414e+16	8.06e-10	6.57e-06	6.52e-03	1.65e-01	4.19e-01	4.09e-01	0.00e+00	0.00e+00
 2.27097e+16	1.01e-09	7.96e-06	7.62e-03	1.80e-01	4.27e-01	3.85e-01	0.00e+00	0.00e+00
 2.32241e+16	1.30e-09	9.78e-06	9.01e-03	1.98e-01	4.34e-01	3.59e-01	0.00e+00	0.00e+00
 2.36875e+16	1.61e-09	1.17e-05	1.04e-02	2.15e-01	4.38e-01	3.37e-01	0.00e+00	0.00e+00
 2.41070e+16	1.95e-09	1.38e-05	1.20e-02	2.31e-01	4.41e-01	3.16e-01	0.00e+00	0.00e+00
 2.45804e+16	2.50e-09	1.69e-05	1.40e-02	2.51e-01	4.44e-01	2.92e-01	0.00e+00	0.00e+00
 2.50576e+16	3.10e-09	2.02e-05	1.63e-02	2.71e-01	4.44e-01	2.69e-01	0.00e+00	0.00e+00
 2.54360e+16	3.72e-09	2.35e-05	1.85e-02	2.89e-01	4.42e-01	2.50e-01	0.00e+00	0.00e+00
 2.57724e+16	4.44e-09	2.72e-05	2.07e-02	3.05e-01	4.40e-01	2.34e-01	0.00e+00	0.00e+00
 2.61580e+16	5.48e-09	3.23e-05	2.36e-02	3.25e-01	4.36e-01	2.15e-01	0.00e+00	0.00e+00
 2.65674e+16	6.68e-09	3.80e-05	2.71e-02	3.46e-01	4.30e-01	1.96e-01	0.00e+00	0.00e+00
 2.69202e+16	8.14e-09	4.46e-05	3.06e-02	3.66e-01	4.24e-01	1.80e-01	0.00e+00	0.00e+00
 2.72302e+16	9.65e-09	5.11e-05	3.41e-02	3.83e-01	4.17e-01	1.66e-01	0.00e+00	0.00e+00
 2.75718e+16	1.13e-08	5.86e-05	3.85e-02	4.04e-01	4.07e-01	1.51e-01	0.00e+00	0.00e+00
 2.79392e+16	1.44e-08	7.08e-05	4.40e-02	4.26e-01	3.95e-01	1.35e-01	0.00e+00	0.00e+00
 2.82474e+16	1.73e-08	8.18e-05	4.93e-02	4.45e-01	3.84e-01	1.22e-01	0.00e+00	0.00e+00
 2.85027e+16	2.05e-08	9.35e-05	5.44e-02	4.62e-01	3.73e-01	1.11e-01	0.00e+00	0.00e+00
 2.87820e+16	2.35e-08	1.05e-04	6.04e-02	4.81e-01	3.59e-01	9.97e-02	0.00e+00	0.00e+00
 2.90857e+16	2.85e-08	1.23e-04	6.79e-02	5.01e-01	3.43e-01	8.79e-02	0.00e+00	0.00e+00
 2.93459e+16	3.60e-08	1.46e-04	7.57e-02	5.19e-01	3.28e-01	7.75e-02	0.00e+00	0.00e+00
 2.95524e+16	3.98e-08	1.59e-04	8.20e-02	5.33e-01	3.15e-01	7.03e-02	0.00e+00	0.00e+00
 2.97643e+16	4.65e-08	1.80e-04	8.96e-02	5.48e-01	3.00e-01	6.25e-02	0.00e+00	0.00e+00
 2.99958e+16	5.51e-08	2.05e-04	9.86e-02	5.64e-01	2.83e-01	5.45e-02	0.00e+00	0.00e+00
 3.01978e+16	6.48e-08	2.32e-04	1.08e-01	5.78e-01	2.67e-01	4.77e-02	0.00e+00	0.00e+00
 3.03658e+16	7.48e-08	2.59e-04	1.16e-01	5.90e-01	2.52e-01	4.22e-02	0.00e+00	0.00e+00
 3.05190e+16	8.94e-08	2.94e-04	1.24e-01	6.00e-01	2.38e-01	3.71e-02	0.00e+00	0.00e+00
 3.06653e+16	1.00e-07	3.22e-04	1.32e-01	6.10e-01	2.24e-01	3.27e-02	0.00e+00	0.00e+00
 3.08281e+16	1.17e-07	3.61e-04	1.43e-01	6.21e-01	2.08e-01	2.79e-02	0.00e+00	0.00e+00
 3.09947e+16	1.36e-07	4.04e-04	1.54e-01	6.32e-01	1.91e-01	2.34e-02	0.00e+00	0.00e+00
 3.11254e+16	1.50e-07	4.36e-04	1.63e-01	6.40e-01	1.77e-01	2.02e-02	0.00e+00	0.00e+00
 3.12342e+16	1.75e-07	4.85e-04	1.71e-01	6.46e-01	1.64e-01	1.74e-02	0.00e+00	0.00e+00
 3.13372e+16	1.93e-07	5.22e-04	1.79e-01	6.52e-01	1.53e-01	1.50e-02	0.00e+00	0.00e+00
 3.14529e+16	2.21e-07	5.76e-04	1.89e-01	6.59e-01	1.39e-01	1.25e-02	0.00e+00	0.00e+00
 3.15581e+16	2.37e-07	6.10e-04	1.98e-01	6.64e-01	1.27e-01	1.05e-02	0.00e+00	0.00e+00
 3.16321e+16	2.65e-07	6.59e-04	2.05e-01	6.67e-01	1.18e-01	9.12e-03	0.00e+00	0.00e+00
 3.16942e+16	2.85e-07	6.94e-04	2.11e-01	6.70e-01	1.11e-01	8.06e-03	0.00e+00	0.00e+00
 3.17580e+16	3.07e-07	7.32e-04	2.17e-01	6.73e-01	1.03e-01	7.01e-03	0.00e+00	0.00e+00
 3.18409e+16	3.39e-07	7.87e-04	2.25e-01	6.76e-01	9.29e-02	5.78e-03	0.00e+00	0.00e+00
 3.19236e+16	3.73e-07	8.42e-04	2.33e-01	6.78e-01	8.36e-02	4.73e-03	0.00e+00	0.00e+00
 3.19884e+16	4.01e-07	8.88e-04	2.39e-01	6.80e-01	7.64e-02	3.99e-03	0.00e+00	0.00e+00
 3.20550e+16	4.36e-07	9.42e-04	2.46e-01	6.81e-01	6.90e-02	3.29e-03	0.00e+00	0.00e+00
 3.21290e+16	4.76e-07	1.00e-03	2.53e-01	6.82e-01	6.14e-02	2.64e-03	0.00e+00	0.00e+00
 3.21984e+16	5.17e-07	1.06e-03	2.60e-01	6.82e-01	5.46e-02	2.12e-03	0.00e+00	0.00e+00
 3.22744e+16	5.66e-07	1.13e-03	2.67e-01	6.82e-01	4.76e-02	1.63e-03	0.00e+00	0.00e+00
 3.23571e+16	6.21e-07	1.21e-03	2.75e-01	6.82e-01	4.08e-02	1.22e-03	0.00e+00	0.00e+00
 3.24336e+16	6.77e-07	1.29e-03	2.82e-01	6.81e-01	3.51e-02	9.22e-04	0.00e+00	0.00e+00
 3.25183e+16	7.46e-07	1.38e-03	2.90e-01	6.79e-01	2.95e-02	6.62e-04	0.00e+00	0.00e+00
 3.26284e+16	8.41e-07	1.50e-03	2.99e-01	6.75e-01	2.33e-02	4.25e-04	0.00e+00	0.00e+00
 3.27443e+16	9.46e-07	1.63e-03	3.09e-01	6.71e-01	1.83e-02	2.67e-04	0.00e+00	0.00e+00
 3.28503e+16	1.05e-06	1.75e-03	3.17e-01	6.67e-01	1.46e-02	1.73e-04	0.00e+00	0.00e+00
 3.29706e+16	1.18e-06	1.89e-03	3.25e-01	6.61e-01	1.12e-02	1.05e-04	0.00e+00	0.00e+00
 3.31270e+16	1.35e-06	2.07e-03	3.36e-01	6.54e-01	8.11e-03	5.61e-05	0.00e+00	0.00e+00
 3.33304e+16	1.60e-06	2.32e-03	3.49e-01	6.43e-01	5.42e-03	2.55e-05	0.00e+00	0.00e+00
 3.35948e+16	1.98e-06	2.67e-03	3.65e-01	6.29e-01	3.33e-03	9.72e-06	0.00e+00	0.00e+00
 3.39385e+16	2.58e-06	3.19e-03	3.86e-01	6.09e-01	1.87e-03	3.07e-06	0.00e+00	0.00e+00
 3.43001e+16	3.46e-06	3.87e-03	4.09e-01	5.86e-01	1.09e-03	1.03e-06	0.00e+00	0.00e+00
 3.46015e+16	4.49e-06	4.60e-03	4.30e-01	5.65e-01	7.18e-04	4.47e-07	0.00e+00	0.00e+00
 3.48608e+16	5.65e-06	5.37e-03	4.49e-01	5.45e-01	5.09e-04	0.00e+00	0.00e+00	0.00e+00
 3.51490e+16	7.37e-06	6.43e-03	4.72e-01	5.21e-01	3.49e-04	0.00e+00	0.00e+00	0.00e+00
 3.53996e+16	9.48e-06	7.63e-03	4.93e-01	4.99e-01	2.58e-04	0.00e+00	0.00e+00	0.00e+00
 3.55375e+16	1.10e-05	8.43e-03	5.06e-01	4.85e-01	2.19e-04	0.00e+00	0.00e+00	0.00e+00
 3.56528e+16	1.24e-05	9.16e-03	5.17e-01	4.74e-01	1.89e-04	0.00e+00	0.00e+00	0.00e+00
 3.58027e+16	1.46e-05	1.02e-02	5.31e-01	4.58e-01	1.56e-04	0.00e+00	0.00e+00	0.00e+00
 3.59699e+16	1.76e-05	1.16e-02	5.48e-01	4.40e-01	1.27e-04	0.00e+00	0.00e+00	0.00e+00
 3.61209e+16	2.11e-05	1.32e-02	5.64e-01	4.23e-01	1.05e-04	0.00e+00	0.00e+00	0.00e+00
 3.62489e+16	2.47e-05	1.47e-02	5.78e-01	4.07e-01	8.91e-05	0.00e+00	0.00e+00	0.00e+00
 3.63857e+16	2.93e-05	1.65e-02	5.93e-01	3.90e-01	7.43e-05	0.00e+00	0.00e+00	0.00e+00
 3.65360e+16	3.57e-05	1.90e-02	6.10e-01	3.71e-01	6.09e-05	0.00e+00	0.00e+00	0.00e+00
 3.66550e+16	4.21e-05	2.13e-02	6.24e-01	3.55e-01	5.21e-05	0.00e+00	0.00e+00	0.00e+00
 3.67356e+16	4.73e-05	2.31e-02	6.33e-01	3.44e-01	4.66e-05	0.00e+00	0.00e+00	0.00e+00
 3.68154e+16	5.30e-05	2.50e-02	6.43e-01	3.32e-01	4.16e-05	0.00e+00	0.00e+00	0.00e+00
 3.69192e+16	6.18e-05	2.77e-02	6.55e-01	3.17e-01	3.57e-05	0.00e+00	0.00e+00	0.00e+00
 3.70270e+16	7.30e-05	3.12e-02	6.67e-01	3.01e-01	3.05e-05	0.00e+00	0.00e+00	0.00e+00
 3.71134e+16	8.38e-05	3.43e-02	6.77e-01	2.88e-01	2.67e-05	0.00e+00	0.00e+00	0.00e+00
 3.71846e+16	9.43e-05	3.72e-02	6.85e-01	2.77e-01	2.39e-05	0.00e+00	0.00e+00	0.00e+00
 3.72627e+16	1.07e-04	4.07e-02	6.94e-01	2.65e-01	2.11e-05	0.00e+00	0.00e+00	0.00e+00
 3.73506e+16	1.25e-04	4.52e-02	7.04e-01	2.51e-01	1.82e-05	0.00e+00	0.00e+00	0.00e+00
 3.74310e+16	1.44e-04	5.00e-02	7.12e-01	2.38e-01	1.59e-05	0.00e+00	0.00e+00	0.00e+00
 3.74999e+16	1.64e-04	5.47e-02	7.19e-01	2.26e-01	1.40e-05	0.00e+00	0.00e+00	0.00e+00
 3.75643e+16	1.85e-04	5.95e-02	7.25e-01	2.16e-01	1.25e-05	0.00e+00	0.00e+00	0.00e+00
 3.76384e+16	2.13e-04	6.56e-02	7.31e-01	2.03e-01	1.08e-05	0.00e+00	0.00e+00	0.00e+00
 3.77174e+16	2.50e-04	7.32e-02	7.37e-01	1.90e-01	9.26e-06	0.00e+00	0.00e+00	0.00e+00
 3.77838e+16	2.87e-04	8.05e-02	7.41e-01	1.78e-01	8.08e-06	0.00e+00	0.00e+00	0.00e+00
 3.78402e+16	3.24e-04	8.75e-02	7.43e-01	1.69e-01	7.17e-06	0.00e+00	0.00e+00	0.00e+00
 3.79022e+16	3.70e-04	9.59e-02	7.46e-01	1.58e-01	6.24e-06	0.00e+00	0.00e+00	0.00e+00
 3.79706e+16	4.32e-04	1.07e-01	7.47e-01	1.46e-01	5.32e-06	0.00e+00	0.00e+00	0.00e+00
 3.80313e+16	4.99e-04	1.17e-01	7.46e-01	1.36e-01	4.59e-06	0.00e+00	0.00e+00	0.00e+00
 3.80839e+16	5.64e-04	1.28e-01	7.45e-01	1.27e-01	4.02e-06	0.00e+00	0.00e+00	0.00e+00
 3.81414e+16	6.50e-04	1.41e-01	7.42e-01	1.17e-01	3.44e-06	0.00e+00	0.00e+00	0.00e+00
 3.82043e+16	7.63e-04	1.56e-01	7.36e-01	1.07e-01	2.89e-06	0.00e+00	0.00e+00	0.00e+00
 3.82595e+16	8.83e-04	1.72e-01	7.29e-01	9.76e-02	2.45e-06	0.00e+00	0.00e+00	0.00e+00
 3.83071e+16	1.00e-03	1.88e-01	7.21e-01	8.98e-02	2.11e-06	0.00e+00	0.00e+00	0.00e+00
 3.83592e+16	1.16e-03	2.06e-01	7.11e-01	8.14e-02	1.77e-06	0.00e+00	0.00e+00	0.00e+00
 3.84170e+16	1.37e-03	2.30e-01	6.97e-01	7.23e-02	1.45e-06	0.00e+00	0.00e+00	0.00e+00
 3.84694e+16	1.59e-03	2.54e-01	6.80e-01	6.42e-02	1.18e-06	0.00e+00	0.00e+00	0.00e+00
 3.85155e+16	1.83e-03	2.77e-01	6.63e-01	5.73e-02	9.82e-07	0.00e+00	0.00e+00	0.00e+00
 3.85663e+16	2.13e-03	3.06e-01	6.42e-01	5.00e-02	0.00e+00	0.00e+00	0.00e+00	0.00e+00
 3.86232e+16	2.56e-03	3.43e-01	6.13e-01	4.22e-02	0.00e+00	0.00e+00	0.00e+00	0.00e+00
 3.86760e+16	3.06e-03	3.81e-01	5.81e-01	3.54e-02	0.00e+00	0.00e+00	0.00e+00	0.00e+00
 3.87231e+16	3.57e-03	4.19e-01	5.48e-01	2.96e-02	0.00e+00	0.00e+00	0.00e+00	0.00e+00
 3.87682e+16	4.17e-03	4.58e-01	5.13e-01	2.45e-02	0.00e+00	0.00e+00	0.00e+00	0.00e+00
 3.88124e+16	4.89e-03	5.00e-01	4.75e-01	2.00e-02	0.00e+00	0.00e+00	0.00e+00	0.00e+00
 3.88547e+16	5.69e-03	5.43e-01	4.35e-01	1.60e-02	0.00e+00	0.00e+00	0.00e+00	0.00e+00
 3.88940e+16	6.58e-03	5.86e-01	3.95e-01	1.27e-02	0.00e+00	0.00e+00	0.00e+00	0.00e+00
 3.89307e+16	7.49e-03	6.26e-01	3.57e-01	1.00e-02	0.00e+00	0.00e+00	0.00e+00	0.00e+00
 3.89658e+16	8.55e-03	6.66e-01	3.18e-01	7.78e-03	0.00e+00	0.00e+00	0.00e+00	0.00e+00
 3.89996e+16	9.71e-03	7.04e-01	2.80e-01	5.92e-03	0.00e+00	0.00e+00	0.00e+00	0.00e+00
 3.90313e+16	1.10e-02	7.40e-01	2.44e-01	4.46e-03	0.00e+00	0.00e+00	0.00e+00	0.00e+00
 3.90610e+16	1.23e-02	7.73e-01	2.12e-01	3.33e-03	0.00e+00	0.00e+00	0.00e+00	0.00e+00
 3.90892e+16	1.38e-02	8.02e-01	1.82e-01	2.45e-03	0.00e+00	0.00e+00	0.00e+00	0.00e+00
 3.91165e+16	1.54e-02	8.28e-01	1.54e-01	1.78e-03	0.00e+00	0.00e+00	0.00e+00	0.00e+00
 3.91426e+16	1.70e-02	8.52e-01	1.30e-01	1.28e-03	0.00e+00	0.00e+00	0.00e+00	0.00e+00
 3.91679e+16	1.89e-02	8.72e-01	1.08e-01	8.99e-04	0.00e+00	0.00e+00	0.00e+00	0.00e+00
 3.91921e+16	2.10e-02	8.89e-01	8.91e-02	6.24e-04	0.00e+00	0.00e+00	0.00e+00	0.00e+00
 3.92149e+16	2.31e-02	9.03e-01	7.30e-02	4.30e-04	0.00e+00	0.00e+00	0.00e+00	0.00e+00
 3.92364e+16	2.54e-02	9.15e-01	5.96e-02	2.95e-04	0.00e+00	0.00e+00	0.00e+00	0.00e+00
 3.92565e+16	2.78e-02	9.23e-01	4.86e-02	2.02e-04	0.00e+00	0.00e+00	0.00e+00	0.00e+00
 3.92754e+16	3.04e-02	9.30e-01	3.96e-02	1.39e-04	0.00e+00	0.00e+00	0.00e+00	0.00e+00
 3.92934e+16	3.30e-02	9.35e-01	3.22e-02	9.50e-05	0.00e+00	0.00e+00	0.00e+00	0.00e+00
 3.93105e+16	3.58e-02	9.38e-01	2.61e-02	6.48e-05	0.00e+00	0.00e+00	0.00e+00	0.00e+00
 3.93268e+16	3.87e-02	9.40e-01	2.12e-02	4.42e-05	0.00e+00	0.00e+00	0.00e+00	0.00e+00
 3.93424e+16	4.18e-02	9.41e-01	1.71e-02	3.01e-05	0.00e+00	0.00e+00	0.00e+00	0.00e+00
 3.93573e+16	4.50e-02	9.41e-01	1.39e-02	2.05e-05	0.00e+00	0.00e+00	0.00e+00	0.00e+00
 3.93716e+16	4.84e-02	9.40e-01	1.12e-02	1.39e-05	0.00e+00	0.00e+00	0.00e+00	0.00e+00
 3.93853e+16	5.20e-02	9.39e-01	9.06e-03	9.45e-06	0.00e+00	0.00e+00	0.00e+00	0.00e+00
 3.93983e+16	5.56e-02	9.37e-01	7.35e-03	6.46e-06	0.00e+00	0.00e+00	0.00e+00	0.00e+00
 3.94101e+16	5.91e-02	9.35e-01	6.04e-03	4.53e-06	0.00e+00	0.00e+00	0.00e+00	0.00e+00
 3.94204e+16	6.23e-02	9.33e-01	5.07e-03	3.30e-06	0.00e+00	0.00e+00	0.00e+00	0.00e+00
 3.94296e+16	6.56e-02	9.30e-01	4.31e-03	2.45e-06	0.00e+00	0.00e+00	0.00e+00	0.00e+00
 3.94388e+16	6.88e-02	9.28e-01	3.65e-03	1.81e-06	0.00e+00	0.00e+00	0.00e+00	0.00e+00
 3.94461e+16	7.17e-02	9.25e-01	3.20e-03	1.43e-06	0.00e+00	0.00e+00	0.00e+00	0.00e+00
 3.94508e+16	7.32e-02	9.24e-01	2.93e-03	1.22e-06	0.00e+00	0.00e+00	0.00e+00	0.00e+00
 3.94551e+16	7.50e-02	9.22e-01	2.70e-03	1.05e-06	0.00e+00	0.00e+00	0.00e+00	0.00e+00
 3.94601e+16	7.72e-02	9.20e-01	2.46e-03	8.78e-07	0.00e+00	0.00e+00	0.00e+00	0.00e+00
 3.94655e+16	7.95e-02	9.18e-01	2.21e-03	0.00e+00	0.00e+00	0.00e+00	0.00e+00	0.00e+00
 3.94707e+16	8.19e-02	9.16e-01	1.99e-03	0.00e+00	0.00e+00	0.00e+00	0.00e+00	0.00e+00
 3.94756e+16	8.42e-02	9.14e-01	1.81e-03	0.00e+00	0.00e+00	0.00e+00	0.00e+00	0.00e+00
 3.94805e+16	8.65e-02	9.12e-01	1.64e-03	0.00e+00	0.00e+00	0.00e+00	0.00e+00	0.00e+00
 3.94853e+16	8.90e-02	9.09e-01	1.49e-03	0.00e+00	0.00e+00	0.00e+00	0.00e+00	0.00e+00
 3.94901e+16	9.17e-02	9.07e-01	1.34e-03	0.00e+00	0.00e+00	0.00e+00	0.00e+00	0.00e+00
 3.94949e+16	9.42e-02	9.05e-01	1.22e-03	0.00e+00	0.00e+00	0.00e+00	0.00e+00	0.00e+00
 3.94996e+16	9.69e-02	9.02e-01	1.10e-03	0.00e+00	0.00e+00	0.00e+00	0.00e+00	0.00e+00
 3.95041e+16	9.95e-02	8.99e-01	9.99e-04	0.00e+00	0.00e+00	0.00e+00	0.00e+00	0.00e+00
 3.95087e+16	1.02e-01	8.97e-01	9.03e-04	0.00e+00	0.00e+00	0.00e+00	0.00e+00	0.00e+00
 3.95133e+16	1.05e-01	8.94e-01	8.18e-04	0.00e+00	0.00e+00	0.00e+00	0.00e+00	0.00e+00
 3.95177e+16	1.08e-01	8.91e-01	7.40e-04	0.00e+00	0.00e+00	0.00e+00	0.00e+00	0.00e+00
 3.95221e+16	1.12e-01	8.88e-01	6.70e-04	0.00e+00	0.00e+00	0.00e+00	0.00e+00	0.00e+00
 3.95265e+16	1.15e-01	8.84e-01	6.06e-04	0.00e+00	0.00e+00	0.00e+00	0.00e+00	0.00e+00
 3.95309e+16	1.18e-01	8.81e-01	5.47e-04	0.00e+00	0.00e+00	0.00e+00	0.00e+00	0.00e+00
 3.95351e+16	1.22e-01	8.77e-01	4.96e-04	0.00e+00	0.00e+00	0.00e+00	0.00e+00	0.00e+00
 3.95393e+16	1.26e-01	8.74e-01	4.49e-04	0.00e+00	0.00e+00	0.00e+00	0.00e+00	0.00e+00
 3.95434e+16	1.30e-01	8.70e-01	4.06e-04	0.00e+00	0.00e+00	0.00e+00	0.00e+00	0.00e+00
 3.95476e+16	1.34e-01	8.66e-01	3.67e-04	0.00e+00	0.00e+00	0.00e+00	0.00e+00	0.00e+00
 3.95517e+16	1.38e-01	8.61e-01	3.31e-04	0.00e+00	0.00e+00	0.00e+00	0.00e+00	0.00e+00
 3.95557e+16	1.43e-01	8.57e-01	3.00e-04	0.00e+00	0.00e+00	0.00e+00	0.00e+00	0.00e+00
 3.95596e+16	1.48e-01	8.51e-01	2.71e-04	0.00e+00	0.00e+00	0.00e+00	0.00e+00	0.00e+00
 3.95636e+16	1.53e-01	8.46e-01	2.44e-04	0.00e+00	0.00e+00	0.00e+00	0.00e+00	0.00e+00
 3.95674e+16	1.59e-01	8.41e-01	2.21e-04	0.00e+00	0.00e+00	0.00e+00	0.00e+00	0.00e+00
 3.95712e+16	1.65e-01	8.35e-01	1.99e-04	0.00e+00	0.00e+00	0.00e+00	0.00e+00	0.00e+00
 3.95750e+16	1.71e-01	8.29e-01	1.80e-04	0.00e+00	0.00e+00	0.00e+00	0.00e+00	0.00e+00
 3.95787e+16	1.78e-01	8.22e-01	1.62e-04	0.00e+00	0.00e+00	0.00e+00	0.00e+00	0.00e+00
 3.95824e+16	1.85e-01	8.15e-01	1.47e-04	0.00e+00	0.00e+00	0.00e+00	0.00e+00	0.00e+00
 3.95859e+16	1.92e-01	8.07e-01	1.33e-04	0.00e+00	0.00e+00	0.00e+00	0.00e+00	0.00e+00
 3.95894e+16	2.01e-01	7.99e-01	1.20e-04	0.00e+00	0.00e+00	0.00e+00	0.00e+00	0.00e+00
 3.95928e+16	2.10e-01	7.90e-01	1.08e-04	0.00e+00	0.00e+00	0.00e+00	0.00e+00	0.00e+00
 3.95961e+16	2.19e-01	7.81e-01	9.81e-05	0.00e+00	0.00e+00	0.00e+00	0.00e+00	0.00e+00
 3.95993e+16	2.29e-01	7.71e-01	8.87e-05	0.00e+00	0.00e+00	0.00e+00	0.00e+00	0.00e+00
 3.96026e+16	2.39e-01	7.61e-01	8.01e-05	0.00e+00	0.00e+00	0.00e+00	0.00e+00	0.00e+00
 3.96057e+16	2.49e-01	7.51e-01	7.24e-05	0.00e+00	0.00e+00	0.00e+00	0.00e+00	0.00e+00
 3.96088e+16	2.61e-01	7.39e-01	6.54e-05	0.00e+00	0.00e+00	0.00e+00	0.00e+00	0.00e+00
 3.96119e+16	2.74e-01	7.26e-01	5.90e-05	0.00e+00	0.00e+00	0.00e+00	0.00e+00	0.00e+00
