#depth	N	N+	N+2	N+3	N+4	N+5	N+6	N+7
 1.49634e+10	0.00e+00	0.00e+00	2.12e-28	7.36e-19	4.63e-10	9.21e-01	7.95e-02	2.66e-06
 4.54887e+10	0.00e+00	1.52e-38	2.71e-28	8.68e-19	5.05e-10	9.26e-01	7.36e-02	2.28e-06
 7.72350e+10	0.00e+00	0.00e+00	3.45e-28	1.02e-18	5.50e-10	9.32e-01	6.82e-02	1.95e-06
 1.10251e+11	0.00e+00	2.89e-38	4.40e-28	1.21e-18	5.98e-10	9.37e-01	6.31e-02	1.67e-06
 1.44588e+11	0.00e+00	0.00e+00	5.61e-28	1.42e-18	6.51e-10	9.42e-01	5.84e-02	1.42e-06
 1.80298e+11	0.00e+00	5.51e-38	7.15e-28	1.67e-18	7.08e-10	9.46e-01	5.40e-02	1.22e-06
 2.17437e+11	0.00e+00	0.00e+00	9.11e-28	1.97e-18	7.70e-10	9.50e-01	4.99e-02	1.04e-06
 2.56061e+11	0.00e+00	1.05e-37	1.16e-27	2.32e-18	8.38e-10	9.54e-01	4.61e-02	8.85e-07
 2.96231e+11	0.00e+00	0.00e+00	1.48e-27	2.73e-18	9.11e-10	9.57e-01	4.25e-02	0.00e+00
 3.38007e+11	0.00e+00	1.99e-37	1.89e-27	3.21e-18	9.90e-10	9.61e-01	3.93e-02	0.00e+00
 3.78907e+11	0.00e+00	0.00e+00	2.37e-27	3.75e-18	1.07e-09	9.64e-01	3.64e-02	0.00e+00
 4.16797e+11	0.00e+00	3.54e-37	2.91e-27	4.30e-18	1.15e-09	9.66e-01	3.40e-02	0.00e+00
 4.58750e+11	0.00e+00	0.00e+00	3.62e-27	4.98e-18	1.24e-09	9.68e-01	3.16e-02	0.00e+00
 5.07027e+11	0.00e+00	6.53e-37	4.61e-27	5.86e-18	1.34e-09	9.71e-01	2.91e-02	0.00e+00
 5.54537e+11	0.00e+00	0.00e+00	5.80e-27	6.84e-18	1.45e-09	9.73e-01	2.69e-02	0.00e+00
 6.03948e+11	0.00e+00	1.20e-36	7.31e-27	7.99e-18	1.57e-09	9.75e-01	2.49e-02	0.00e+00
 6.58033e+11	3.11e-47	1.66e-36	9.32e-27	9.40e-18	1.71e-09	9.77e-01	2.30e-02	0.00e+00
 7.12980e+11	0.00e+00	0.00e+00	1.18e-26	1.10e-17	1.85e-09	9.79e-01	2.12e-02	0.00e+00
 7.70125e+11	0.00e+00	3.13e-36	1.50e-26	1.29e-17	2.01e-09	9.80e-01	1.95e-02	0.00e+00
 8.30857e+11	1.03e-46	4.32e-36	1.91e-26	1.53e-17	2.18e-09	9.82e-01	1.80e-02	0.00e+00
 8.94018e+11	0.00e+00	0.00e+00	2.44e-26	1.80e-17	2.37e-09	9.83e-01	1.65e-02	0.00e+00
 9.59705e+11	0.00e+00	8.27e-36	3.12e-26	2.12e-17	2.58e-09	9.85e-01	1.52e-02	0.00e+00
 1.02802e+12	3.46e-46	1.15e-35	3.99e-26	2.50e-17	2.80e-09	9.86e-01	1.40e-02	0.00e+00
 1.09907e+12	0.00e+00	0.00e+00	5.10e-26	2.94e-17	3.04e-09	9.87e-01	1.29e-02	0.00e+00
 1.17296e+12	0.00e+00	2.20e-35	6.52e-26	3.47e-17	3.31e-09	9.88e-01	1.18e-02	0.00e+00
 1.24980e+12	1.18e-45	3.05e-35	8.34e-26	4.10e-17	3.60e-09	9.89e-01	1.09e-02	0.00e+00
 1.32218e+12	0.00e+00	0.00e+00	1.04e-25	4.76e-17	3.88e-09	9.90e-01	1.01e-02	0.00e+00
 1.38710e+12	0.00e+00	5.31e-35	1.27e-25	5.43e-17	4.15e-09	9.91e-01	9.43e-03	0.00e+00
 1.46004e+12	3.34e-45	7.04e-35	1.57e-25	6.27e-17	4.46e-09	9.91e-01	8.77e-03	0.00e+00
 1.54626e+12	0.00e+00	0.00e+00	2.00e-25	7.38e-17	4.84e-09	9.92e-01	8.07e-03	0.00e+00
 1.63241e+12	0.00e+00	1.32e-34	2.52e-25	8.64e-17	5.24e-09	9.93e-01	7.45e-03	0.00e+00
 1.71355e+12	1.05e-44	1.76e-34	3.12e-25	9.97e-17	5.64e-09	9.93e-01	6.93e-03	0.00e+00
 1.80355e+12	0.00e+00	2.38e-34	3.93e-25	1.16e-16	6.09e-09	9.94e-01	6.40e-03	0.00e+00
 1.90561e+12	2.31e-44	3.32e-34	5.05e-25	1.38e-16	6.64e-09	9.94e-01	5.88e-03	0.00e+00
 2.00760e+12	0.00e+00	4.57e-34	6.43e-25	1.62e-16	7.21e-09	9.95e-01	5.41e-03	0.00e+00
 2.11367e+12	5.14e-44	6.30e-34	8.20e-25	1.91e-16	7.83e-09	9.95e-01	4.98e-03	0.00e+00
 2.22814e+12	0.00e+00	8.80e-34	1.06e-24	2.27e-16	8.54e-09	9.95e-01	4.56e-03	0.00e+00
 2.33545e+12	1.14e-43	1.19e-33	1.33e-24	2.65e-16	9.23e-09	9.96e-01	4.22e-03	0.00e+00
 2.43113e+12	0.00e+00	1.55e-33	1.62e-24	3.03e-16	9.88e-09	9.96e-01	3.94e-03	0.00e+00
 2.53864e+12	2.25e-43	2.06e-33	2.01e-24	3.51e-16	1.06e-08	9.96e-01	3.66e-03	0.00e+00
 2.66636e+12	0.00e+00	2.85e-33	2.57e-24	4.14e-16	1.16e-08	9.97e-01	3.36e-03	0.00e+00
 2.79464e+12	5.04e-43	3.93e-33	3.28e-24	4.89e-16	1.26e-08	9.97e-01	3.09e-03	0.00e+00
 2.91414e+12	0.00e+00	5.23e-33	4.08e-24	5.67e-16	1.36e-08	9.97e-01	2.87e-03	0.00e+00
 3.04673e+12	1.05e-42	7.10e-33	5.14e-24	6.64e-16	1.47e-08	9.97e-01	2.65e-03	0.00e+00
 3.19852e+12	0.00e+00	9.99e-33	6.67e-24	7.93e-16	1.61e-08	9.98e-01	2.42e-03	0.00e+00
 3.34730e+12	2.41e-42	1.38e-32	8.52e-24	9.37e-16	1.75e-08	9.98e-01	2.23e-03	0.00e+00
 3.50202e+12	0.00e+00	1.90e-32	1.09e-23	1.11e-15	1.91e-08	9.98e-01	2.04e-03	0.00e+00
 3.67203e+12	5.48e-42	2.67e-32	1.41e-23	1.32e-15	2.09e-08	9.98e-01	1.87e-03	0.00e+00
 3.84347e+12	0.00e+00	3.73e-32	1.82e-23	1.58e-15	2.29e-08	9.98e-01	1.71e-03	0.00e+00
 4.02176e+12	1.25e-41	5.20e-32	2.35e-23	1.88e-15	2.50e-08	9.98e-01	1.56e-03	0.00e+00
 4.21256e+12	0.00e+00	7.33e-32	3.05e-23	2.25e-15	2.74e-08	9.99e-01	1.43e-03	0.00e+00
 4.40127e+12	2.88e-41	1.02e-31	3.92e-23	2.67e-15	3.00e-08	9.99e-01	1.31e-03	0.00e+00
 4.59752e+12	0.00e+00	1.41e-31	5.04e-23	3.18e-15	3.28e-08	9.99e-01	1.20e-03	0.00e+00
 4.81135e+12	6.59e-41	1.99e-31	6.56e-23	3.81e-15	3.60e-08	9.99e-01	1.09e-03	0.00e+00
 5.03373e+12	0.00e+00	2.80e-31	8.54e-23	4.58e-15	3.96e-08	9.99e-01	9.93e-04	0.00e+00
 5.26501e+12	1.54e-40	3.94e-31	1.11e-22	5.51e-15	4.36e-08	9.99e-01	9.04e-04	0.00e+00
 5.50553e+12	0.00e+00	5.54e-31	1.45e-22	6.62e-15	4.80e-08	9.99e-01	8.23e-04	0.00e+00
 5.75568e+12	3.56e-40	7.79e-31	1.89e-22	7.97e-15	5.28e-08	9.99e-01	7.48e-04	0.00e+00
 5.98216e+12	0.00e+00	1.05e-30	2.37e-22	9.36e-15	5.75e-08	9.99e-01	6.88e-04	0.00e+00
 6.17127e+12	6.88e-40	1.33e-30	2.85e-22	1.07e-14	6.14e-08	9.99e-01	6.44e-04	0.00e+00
 6.37861e+12	0.00e+00	1.72e-30	3.48e-22	1.23e-14	6.62e-08	9.99e-01	5.99e-04	0.00e+00
 6.64068e+12	1.38e-39	2.34e-30	4.44e-22	1.46e-14	7.24e-08	9.99e-01	5.49e-04	0.00e+00
 6.91374e+12	0.00e+00	3.19e-30	5.65e-22	1.73e-14	7.93e-08	9.99e-01	5.02e-04	0.00e+00
 7.14720e+12	2.75e-39	4.11e-30	6.90e-22	1.99e-14	8.54e-08	1.00e+00	4.66e-04	0.00e+00
 7.38935e+12	0.00e+00	5.31e-30	8.43e-22	2.30e-14	9.21e-08	1.00e+00	4.33e-04	0.00e+00
 7.69170e+12	5.46e-39	7.21e-30	1.07e-21	2.73e-14	1.01e-07	1.00e+00	3.96e-04	0.00e+00
 7.99822e+12	0.00e+00	9.72e-30	1.36e-21	3.23e-14	1.10e-07	1.00e+00	3.63e-04	0.00e+00
 8.26442e+12	1.06e-38	1.25e-29	1.65e-21	3.71e-14	1.19e-07	1.00e+00	3.37e-04	0.00e+00
 8.55228e+12	0.00e+00	1.62e-29	2.02e-21	4.30e-14	1.29e-07	1.00e+00	3.12e-04	0.00e+00
 8.90425e+12	2.11e-38	2.19e-29	2.58e-21	5.12e-14	1.41e-07	1.00e+00	2.85e-04	0.00e+00
 9.26307e+12	0.00e+00	2.95e-29	3.26e-21	6.06e-14	1.54e-07	1.00e+00	2.61e-04	0.00e+00
 9.59074e+12	4.14e-38	3.83e-29	4.00e-21	7.03e-14	1.67e-07	1.00e+00	2.41e-04	0.00e+00
 9.95440e+12	0.00e+00	5.06e-29	4.99e-21	8.25e-14	1.82e-07	1.00e+00	2.22e-04	0.00e+00
 1.03781e+13	8.45e-38	6.90e-29	6.38e-21	9.85e-14	2.00e-07	1.00e+00	2.02e-04	0.00e+00
 1.07979e+13	0.00e+00	9.25e-29	8.06e-21	1.17e-13	2.19e-07	1.00e+00	1.85e-04	0.00e+00
 1.11987e+13	1.67e-37	1.21e-28	9.98e-21	1.36e-13	2.38e-07	1.00e+00	1.70e-04	0.00e+00
 1.16409e+13	0.00e+00	1.61e-28	1.25e-20	1.60e-13	2.60e-07	1.00e+00	1.56e-04	0.00e+00
 1.21364e+13	3.43e-37	2.19e-28	1.60e-20	1.91e-13	2.86e-07	1.00e+00	1.42e-04	0.00e+00
 1.26342e+13	0.00e+00	2.94e-28	2.02e-20	2.26e-13	3.13e-07	1.00e+00	1.30e-04	0.00e+00
 1.30801e+13	6.66e-37	3.80e-28	2.46e-20	2.62e-13	3.38e-07	1.00e+00	1.21e-04	0.00e+00
 1.34581e+13	0.00e+00	4.68e-28	2.91e-20	2.95e-13	3.61e-07	1.00e+00	1.13e-04	0.00e+00
 1.38657e+13	1.12e-36	5.82e-28	3.45e-20	3.34e-13	3.86e-07	1.00e+00	1.06e-04	0.00e+00
 1.43929e+13	0.00e+00	7.64e-28	4.29e-20	3.90e-13	4.19e-07	1.00e+00	9.76e-05	0.00e+00
 1.49427e+13	2.17e-36	1.00e-27	5.32e-20	4.56e-13	4.56e-07	1.00e+00	8.99e-05	0.00e+00
 1.54137e+13	0.00e+00	1.26e-27	6.36e-20	5.18e-13	4.88e-07	1.00e+00	8.40e-05	0.00e+00
 1.59153e+13	3.79e-36	1.59e-27	7.65e-20	5.92e-13	5.24e-07	1.00e+00	7.83e-05	0.00e+00
 1.65377e+13	0.00e+00	2.11e-27	9.54e-20	6.93e-13	5.71e-07	1.00e+00	7.20e-05	0.00e+00
 1.71772e+13	7.45e-36	2.78e-27	1.19e-19	8.11e-13	6.21e-07	1.00e+00	6.63e-05	0.00e+00
 1.77529e+13	0.00e+00	3.53e-27	1.43e-19	9.29e-13	6.67e-07	1.00e+00	6.17e-05	0.00e+00
 1.83855e+13	1.36e-35	4.56e-27	1.75e-19	1.07e-12	7.21e-07	1.00e+00	5.72e-05	0.00e+00
 1.90772e+13	0.00e+00	5.97e-27	2.17e-19	1.25e-12	7.82e-07	1.00e+00	5.28e-05	0.00e+00
 1.97067e+13	2.52e-35	7.56e-27	2.61e-19	1.43e-12	8.39e-07	1.00e+00	4.92e-05	0.00e+00
 2.03861e+13	0.00e+00	9.70e-27	3.17e-19	1.64e-12	9.03e-07	1.00e+00	4.58e-05	0.00e+00
 2.11488e+13	4.73e-35	1.27e-26	3.92e-19	1.90e-12	9.79e-07	1.00e+00	4.23e-05	0.00e+00
 2.18711e+13	0.00e+00	1.62e-26	4.75e-19	2.18e-12	1.05e-06	1.00e+00	3.93e-05	0.00e+00
 2.26613e+13	8.77e-35	2.10e-26	5.82e-19	2.52e-12	1.14e-06	1.00e+00	3.64e-05	0.00e+00
 2.35364e+13	0.00e+00	2.78e-26	7.24e-19	2.94e-12	1.23e-06	1.00e+00	3.36e-05	0.00e+00
 2.43501e+13	1.67e-34	3.56e-26	8.80e-19	3.38e-12	1.33e-06	1.00e+00	3.12e-05	0.00e+00
 2.52364e+13	2.30e-34	4.64e-26	1.08e-18	3.90e-12	1.43e-06	1.00e+00	2.90e-05	0.00e+00
 2.62289e+13	3.25e-34	6.16e-26	1.35e-18	4.57e-12	1.56e-06	1.00e+00	2.67e-05	0.00e+00
 2.71681e+13	4.47e-34	7.99e-26	1.65e-18	5.26e-12	1.68e-06	1.00e+00	2.48e-05	0.00e+00
 2.81830e+13	6.23e-34	1.05e-25	2.04e-18	6.10e-12	1.82e-06	1.00e+00	2.29e-05	0.00e+00
 2.93136e+13	8.88e-34	1.40e-25	2.56e-18	7.16e-12	1.98e-06	1.00e+00	2.11e-05	0.00e+00
 3.04021e+13	1.24e-33	1.84e-25	3.16e-18	8.29e-12	2.14e-06	1.00e+00	1.95e-05	0.00e+00
 3.15608e+13	1.74e-33	2.42e-25	3.92e-18	9.64e-12	2.31e-06	1.00e+00	1.80e-05	0.00e+00
 3.28531e+13	2.51e-33	3.27e-25	4.94e-18	1.13e-11	2.52e-06	1.00e+00	1.66e-05	0.00e+00
 3.41481e+13	3.58e-33	4.36e-25	6.18e-18	1.32e-11	2.74e-06	1.00e+00	1.53e-05	0.00e+00
 3.54948e+13	5.11e-33	5.82e-25	7.73e-18	1.55e-11	2.97e-06	1.00e+00	1.41e-05	0.00e+00
 3.69445e+13	7.37e-33	7.86e-25	9.74e-18	1.82e-11	3.23e-06	1.00e+00	1.30e-05	0.00e+00
 3.84522e+13	1.07e-32	1.06e-24	1.23e-17	2.13e-11	3.51e-06	1.00e+00	1.19e-05	0.00e+00
 3.99345e+13	1.52e-32	1.41e-24	1.53e-17	2.48e-11	3.80e-06	1.00e+00	1.10e-05	0.00e+00
 4.13179e+13	2.08e-32	1.82e-24	1.86e-17	2.85e-11	4.08e-06	1.00e+00	1.03e-05	0.00e+00
 4.25692e+13	2.75e-32	2.29e-24	2.22e-17	3.21e-11	4.34e-06	1.00e+00	9.65e-06	0.00e+00
 4.39064e+13	3.67e-32	2.89e-24	2.66e-17	3.63e-11	4.63e-06	1.00e+00	9.05e-06	0.00e+00
 4.55704e+13	5.20e-32	3.83e-24	3.30e-17	4.22e-11	5.00e-06	1.00e+00	8.38e-06	0.00e+00
 4.72345e+13	7.28e-32	5.04e-24	4.07e-17	4.87e-11	5.39e-06	1.00e+00	7.78e-06	0.00e+00
 4.86601e+13	9.64e-32	6.32e-24	4.84e-17	5.48e-11	5.73e-06	1.00e+00	7.32e-06	0.00e+00
 5.02003e+13	1.30e-31	8.03e-24	5.81e-17	6.21e-11	6.11e-06	1.00e+00	6.87e-06	0.00e+00
 5.21072e+13	1.84e-31	1.07e-23	7.22e-17	7.21e-11	6.59e-06	1.00e+00	6.37e-06	0.00e+00
 5.40208e+13	2.60e-31	1.41e-23	8.92e-17	8.32e-11	7.10e-06	1.00e+00	5.91e-06	0.00e+00
 5.56733e+13	3.47e-31	1.78e-23	1.07e-16	9.38e-11	7.55e-06	1.00e+00	5.56e-06	0.00e+00
 5.74564e+13	4.69e-31	2.27e-23	1.28e-16	1.06e-10	8.05e-06	1.00e+00	5.22e-06	0.00e+00
 5.96485e+13	6.71e-31	3.03e-23	1.60e-16	1.24e-10	8.69e-06	1.00e+00	4.83e-06	0.00e+00
 6.18591e+13	9.51e-31	4.01e-23	1.98e-16	1.43e-10	9.36e-06	1.00e+00	4.49e-06	0.00e+00
 6.38153e+13	1.29e-30	5.11e-23	2.38e-16	1.62e-10	9.96e-06	1.00e+00	4.22e-06	0.00e+00
 6.59542e+13	1.77e-30	6.61e-23	2.89e-16	1.84e-10	1.07e-05	1.00e+00	3.95e-06	0.00e+00
 6.85213e+13	2.56e-30	8.89e-23	3.61e-16	2.15e-10	1.15e-05	1.00e+00	3.65e-06	0.00e+00
 7.10800e+13	3.65e-30	1.18e-22	4.49e-16	2.48e-10	1.24e-05	1.00e+00	3.39e-06	0.00e+00
 7.34074e+13	5.00e-30	1.52e-22	5.43e-16	2.82e-10	1.32e-05	1.00e+00	3.18e-06	0.00e+00
 7.59991e+13	7.01e-30	2.00e-22	6.66e-16	3.24e-10	1.42e-05	1.00e+00	2.97e-06	0.00e+00
 7.90282e+13	1.03e-29	2.71e-22	8.40e-16	3.79e-10	1.53e-05	1.00e+00	2.74e-06	0.00e+00
 8.20155e+13	1.47e-29	3.63e-22	1.05e-15	4.39e-10	1.65e-05	1.00e+00	2.54e-06	0.00e+00
 8.48372e+13	2.05e-29	4.74e-22	1.28e-15	5.02e-10	1.77e-05	1.00e+00	2.38e-06	0.00e+00
 8.79755e+13	2.93e-29	6.30e-22	1.59e-15	5.80e-10	1.90e-05	1.00e+00	2.21e-06	0.00e+00
 9.15244e+13	4.32e-29	8.59e-22	2.00e-15	6.79e-10	2.06e-05	1.00e+00	2.04e-06	0.00e+00
 9.50826e+13	6.28e-29	1.16e-21	2.51e-15	7.90e-10	2.22e-05	1.00e+00	1.89e-06	0.00e+00
 9.87830e+13	9.13e-29	1.57e-21	3.15e-15	9.19e-10	2.40e-05	1.00e+00	1.75e-06	0.00e+00
 1.02764e+14	1.34e-28	2.14e-21	3.98e-15	1.08e-09	2.60e-05	1.00e+00	1.62e-06	0.00e+00
 1.06616e+14	1.93e-28	2.86e-21	4.95e-15	1.25e-09	2.80e-05	1.00e+00	1.50e-06	0.00e+00
 1.10232e+14	2.68e-28	3.72e-21	6.04e-15	1.42e-09	2.99e-05	1.00e+00	1.41e-06	0.00e+00
 1.14282e+14	3.81e-28	4.93e-21	7.48e-15	1.64e-09	3.22e-05	1.00e+00	1.31e-06	0.00e+00
 1.18368e+14	5.37e-28	6.50e-21	9.22e-15	1.89e-09	3.45e-05	1.00e+00	1.22e-06	0.00e+00
 1.21754e+14	7.08e-28	8.12e-21	1.09e-14	2.12e-09	3.65e-05	1.00e+00	1.15e-06	0.00e+00
 1.25333e+14	9.40e-28	1.02e-20	1.29e-14	2.38e-09	3.87e-05	1.00e+00	1.09e-06	0.00e+00
 1.29918e+14	1.33e-27	1.35e-20	1.60e-14	2.74e-09	4.17e-05	1.00e+00	1.01e-06	0.00e+00
 1.34732e+14	1.90e-27	1.79e-20	1.99e-14	3.17e-09	4.49e-05	1.00e+00	9.38e-07	0.00e+00
 1.38975e+14	2.57e-27	2.29e-20	2.39e-14	3.59e-09	4.78e-05	1.00e+00	0.00e+00	0.00e+00
 1.43557e+14	3.53e-27	2.95e-20	2.89e-14	4.09e-09	5.10e-05	1.00e+00	0.00e+00	0.00e+00
 1.49084e+14	5.09e-27	3.96e-20	3.62e-14	4.76e-09	5.51e-05	1.00e+00	0.00e+00	0.00e+00
 1.54697e+14	7.27e-27	5.29e-20	4.51e-14	5.51e-09	5.94e-05	1.00e+00	0.00e+00	0.00e+00
 1.59936e+14	1.00e-26	6.86e-20	5.49e-14	6.30e-09	6.36e-05	1.00e+00	0.00e+00	0.00e+00
 1.65765e+14	1.42e-26	9.06e-20	6.79e-14	7.27e-09	6.85e-05	1.00e+00	0.00e+00	0.00e+00
 1.71969e+14	2.03e-26	1.21e-19	8.44e-14	8.43e-09	7.38e-05	1.00e+00	0.00e+00	0.00e+00
 1.77486e+14	2.75e-26	1.54e-19	1.02e-13	9.57e-09	7.88e-05	1.00e+00	0.00e+00	0.00e+00
 1.83411e+14	3.77e-26	1.99e-19	1.24e-13	1.09e-08	8.43e-05	1.00e+00	0.00e+00	0.00e+00
 1.90510e+14	5.43e-26	2.68e-19	1.55e-13	1.27e-08	9.11e-05	1.00e+00	0.00e+00	0.00e+00
 1.97492e+14	7.68e-26	3.54e-19	1.92e-13	1.47e-08	9.81e-05	1.00e+00	0.00e+00	0.00e+00
 2.03704e+14	1.04e-25	4.51e-19	2.30e-13	1.66e-08	1.05e-04	1.00e+00	0.00e+00	0.00e+00
 2.10558e+14	1.42e-25	5.82e-19	2.80e-13	1.90e-08	1.12e-04	1.00e+00	0.00e+00	0.00e+00
 2.18735e+14	2.05e-25	7.82e-19	3.51e-13	2.22e-08	1.21e-04	1.00e+00	0.00e+00	0.00e+00
 2.26853e+14	2.91e-25	1.04e-18	4.35e-13	2.57e-08	1.31e-04	1.00e+00	0.00e+00	0.00e+00
 2.34262e+14	3.97e-25	1.33e-18	5.27e-13	2.92e-08	1.40e-04	1.00e+00	0.00e+00	0.00e+00
 2.42529e+14	5.53e-25	1.74e-18	6.47e-13	3.36e-08	1.50e-04	1.00e+00	0.00e+00	0.00e+00
 2.52161e+14	8.03e-25	2.36e-18	8.14e-13	3.93e-08	1.63e-04	1.00e+00	0.00e+00	0.00e+00
 2.61627e+14	1.14e-24	3.14e-18	1.01e-12	4.55e-08	1.75e-04	1.00e+00	0.00e+00	0.00e+00
 2.70561e+14	1.58e-24	4.07e-18	1.24e-12	5.21e-08	1.88e-04	1.00e+00	0.00e+00	0.00e+00
 2.80504e+14	2.23e-24	5.39e-18	1.53e-12	6.02e-08	2.02e-04	1.00e+00	0.00e+00	0.00e+00
 2.91754e+14	3.26e-24	7.31e-18	1.93e-12	7.05e-08	2.20e-04	1.00e+00	0.00e+00	0.00e+00
 3.03012e+14	4.70e-24	9.82e-18	2.42e-12	8.21e-08	2.37e-04	1.00e+00	0.00e+00	0.00e+00
 3.13570e+14	6.53e-24	1.28e-17	2.96e-12	9.42e-08	2.55e-04	1.00e+00	0.00e+00	0.00e+00
 3.24992e+14	9.23e-24	1.69e-17	3.66e-12	1.09e-07	2.74e-04	1.00e+00	0.00e+00	0.00e+00
 3.37758e+14	1.34e-23	2.29e-17	4.60e-12	1.27e-07	2.97e-04	1.00e+00	0.00e+00	0.00e+00
 3.49690e+14	1.87e-23	3.00e-17	5.65e-12	1.46e-07	3.18e-04	1.00e+00	0.00e+00	0.00e+00
 3.60749e+14	2.53e-23	3.82e-17	6.79e-12	1.65e-07	3.39e-04	1.00e+00	0.00e+00	0.00e+00
 3.71410e+14	3.36e-23	4.79e-17	8.07e-12	1.86e-07	3.60e-04	1.00e+00	0.00e+00	0.00e+00
 3.83269e+14	4.55e-23	6.13e-17	9.73e-12	2.11e-07	3.84e-04	1.00e+00	0.00e+00	0.00e+00
 3.96392e+14	6.30e-23	7.97e-17	1.19e-11	2.41e-07	4.11e-04	1.00e+00	0.00e+00	0.00e+00
 4.08610e+14	8.46e-23	1.01e-16	1.42e-11	2.72e-07	4.38e-04	1.00e+00	0.00e+00	0.00e+00
 4.21948e+14	1.16e-22	1.30e-16	1.72e-11	3.09e-07	4.67e-04	1.00e+00	0.00e+00	0.00e+00
 4.36968e+14	1.62e-22	1.71e-16	2.12e-11	3.56e-07	5.02e-04	9.99e-01	0.00e+00	0.00e+00
 4.51266e+14	2.22e-22	2.20e-16	2.56e-11	4.05e-07	5.36e-04	9.99e-01	0.00e+00	0.00e+00
 4.66943e+14	3.09e-22	2.87e-16	3.14e-11	4.64e-07	5.75e-04	9.99e-01	0.00e+00	0.00e+00
 4.84216e+14	4.41e-22	3.82e-16	3.90e-11	5.37e-07	6.19e-04	9.99e-01	0.00e+00	0.00e+00
 5.00089e+14	6.02e-22	4.91e-16	4.72e-11	6.11e-07	6.61e-04	9.99e-01	0.00e+00	0.00e+00
 5.17251e+14	8.39e-22	6.40e-16	5.77e-11	6.99e-07	7.07e-04	9.99e-01	0.00e+00	0.00e+00
 5.36471e+14	1.19e-21	8.51e-16	7.16e-11	8.09e-07	7.63e-04	9.99e-01	0.00e+00	0.00e+00
 5.54578e+14	1.65e-21	1.10e-15	8.72e-11	9.24e-07	8.16e-04	9.99e-01	0.00e+00	0.00e+00
 5.74325e+14	2.31e-21	1.45e-15	1.07e-10	1.06e-06	8.76e-04	9.99e-01	0.00e+00	0.00e+00
 5.96259e+14	3.32e-21	1.94e-15	1.34e-10	1.24e-06	9.46e-04	9.99e-01	0.00e+00	0.00e+00
 6.16716e+14	4.60e-21	2.52e-15	1.63e-10	1.41e-06	1.01e-03	9.99e-01	0.00e+00	0.00e+00
 6.38942e+14	6.46e-21	3.32e-15	2.02e-10	1.63e-06	1.09e-03	9.99e-01	0.00e+00	0.00e+00
 6.63826e+14	9.33e-21	4.47e-15	2.53e-10	1.90e-06	1.18e-03	9.99e-01	0.00e+00	0.00e+00
 6.87429e+14	1.30e-20	5.86e-15	3.11e-10	2.18e-06	1.27e-03	9.99e-01	0.00e+00	0.00e+00
 7.12680e+14	1.84e-20	7.74e-15	3.84e-10	2.52e-06	1.37e-03	9.99e-01	0.00e+00	0.00e+00
 7.41217e+14	2.67e-20	1.05e-14	4.85e-10	2.96e-06	1.48e-03	9.99e-01	0.00e+00	0.00e+00
 7.69313e+14	3.80e-20	1.39e-14	6.03e-10	3.43e-06	1.60e-03	9.98e-01	0.00e+00	0.00e+00
 7.98532e+14	5.40e-20	1.85e-14	7.51e-10	3.99e-06	1.73e-03	9.98e-01	0.00e+00	0.00e+00
 8.30503e+14	7.79e-20	2.50e-14	9.46e-10	4.67e-06	1.88e-03	9.98e-01	0.00e+00	0.00e+00
 8.62070e+14	1.10e-19	3.32e-14	1.18e-09	5.43e-06	2.03e-03	9.98e-01	0.00e+00	0.00e+00
 8.88300e+14	1.46e-19	4.17e-14	1.40e-09	6.12e-06	2.17e-03	9.98e-01	0.00e+00	0.00e+00
 9.09486e+14	1.81e-19	4.97e-14	1.61e-09	6.73e-06	2.28e-03	9.98e-01	0.00e+00	0.00e+00
 9.33002e+14	2.28e-19	6.02e-14	1.87e-09	7.46e-06	2.41e-03	9.98e-01	0.00e+00	0.00e+00
 9.63572e+14	3.05e-19	7.64e-14	2.26e-09	8.50e-06	2.58e-03	9.97e-01	0.00e+00	0.00e+00
 9.96331e+14	4.13e-19	9.81e-14	2.75e-09	9.73e-06	2.77e-03	9.97e-01	0.00e+00	0.00e+00
 1.02540e+15	5.36e-19	1.21e-13	3.25e-09	1.09e-05	2.95e-03	9.97e-01	0.00e+00	0.00e+00
 1.05664e+15	6.99e-19	1.51e-13	3.86e-09	1.23e-05	3.15e-03	9.97e-01	0.00e+00	0.00e+00
 1.09580e+15	9.67e-19	1.98e-13	4.78e-09	1.43e-05	3.41e-03	9.97e-01	0.00e+00	0.00e+00
 1.13554e+15	1.32e-18	2.57e-13	5.88e-09	1.65e-05	3.69e-03	9.96e-01	0.00e+00	0.00e+00
 1.16998e+15	1.72e-18	3.20e-13	6.99e-09	1.86e-05	3.94e-03	9.96e-01	0.00e+00	0.00e+00
 1.20723e+15	2.25e-18	4.00e-13	8.37e-09	2.11e-05	4.23e-03	9.96e-01	0.00e+00	0.00e+00
 1.25287e+15	3.11e-18	5.24e-13	1.04e-08	2.45e-05	4.59e-03	9.95e-01	0.00e+00	0.00e+00
 1.29896e+15	4.24e-18	6.79e-13	1.28e-08	2.84e-05	4.98e-03	9.95e-01	0.00e+00	0.00e+00
 1.33995e+15	5.52e-18	8.47e-13	1.53e-08	3.22e-05	5.34e-03	9.95e-01	0.00e+00	0.00e+00
 1.38475e+15	7.30e-18	1.07e-12	1.85e-08	3.68e-05	5.75e-03	9.94e-01	0.00e+00	0.00e+00
 1.43829e+15	1.01e-17	1.40e-12	2.31e-08	4.29e-05	6.26e-03	9.94e-01	0.00e+00	0.00e+00
 1.49126e+15	1.37e-17	1.82e-12	2.84e-08	4.96e-05	6.79e-03	9.93e-01	0.00e+00	0.00e+00
 1.53912e+15	1.78e-17	2.27e-12	3.41e-08	5.63e-05	7.30e-03	9.93e-01	0.00e+00	0.00e+00
 1.59225e+15	2.36e-17	2.89e-12	4.16e-08	6.46e-05	7.88e-03	9.92e-01	0.00e+00	0.00e+00
 1.65474e+15	3.26e-17	3.79e-12	5.20e-08	7.54e-05	8.60e-03	9.91e-01	0.00e+00	0.00e+00
 1.71635e+15	4.42e-17	4.92e-12	6.43e-08	8.74e-05	9.35e-03	9.91e-01	0.00e+00	0.00e+00
 1.77359e+15	5.81e-17	6.20e-12	7.78e-08	9.97e-05	1.01e-02	9.90e-01	0.00e+00	0.00e+00
 1.83774e+15	7.81e-17	7.97e-12	9.57e-08	1.15e-04	1.09e-02	9.89e-01	0.00e+00	0.00e+00
 1.91128e+15	1.08e-16	1.05e-11	1.20e-07	1.35e-04	1.19e-02	9.88e-01	0.00e+00	0.00e+00
 1.98372e+15	1.72e-16	1.37e-11	1.50e-07	1.57e-04	1.30e-02	9.87e-01	0.00e+00	0.00e+00
 2.05906e+15	2.36e-16	1.79e-11	1.86e-07	1.82e-04	1.41e-02	9.86e-01	0.00e+00	0.00e+00
 2.12765e+15	3.11e-16	2.26e-11	2.26e-07	2.07e-04	1.52e-02	9.85e-01	0.00e+00	0.00e+00
 2.17885e+15	3.80e-16	2.67e-11	2.60e-07	2.28e-04	1.61e-02	9.84e-01	0.00e+00	0.00e+00
 2.23175e+15	4.65e-16	3.17e-11	2.99e-07	2.51e-04	1.70e-02	9.83e-01	0.00e+00	0.00e+00
 2.30052e+15	6.02e-16	3.95e-11	3.58e-07	2.84e-04	1.82e-02	9.82e-01	0.00e+00	0.00e+00
 2.37525e+15	7.90e-16	4.97e-11	4.32e-07	3.23e-04	1.96e-02	9.80e-01	0.00e+00	0.00e+00
 2.44288e+15	1.00e-15	6.07e-11	5.10e-07	3.61e-04	2.08e-02	9.79e-01	0.00e+00	0.00e+00
 2.51595e+15	1.29e-15	7.51e-11	6.08e-07	4.06e-04	2.23e-02	9.77e-01	0.00e+00	0.00e+00
 2.60840e+15	1.76e-15	9.78e-11	7.55e-07	4.70e-04	2.42e-02	9.75e-01	0.00e+00	0.00e+00
 2.70132e+15	2.37e-15	1.26e-10	9.30e-07	5.41e-04	2.61e-02	9.73e-01	0.00e+00	0.00e+00
 2.77946e+15	3.02e-15	1.55e-10	1.10e-06	6.06e-04	2.79e-02	9.72e-01	0.00e+00	0.00e+00
 2.86314e+15	3.90e-15	1.93e-10	1.32e-06	6.82e-04	2.98e-02	9.70e-01	0.00e+00	0.00e+00
 2.96866e+15	5.35e-15	2.52e-10	1.64e-06	7.89e-04	3.23e-02	9.67e-01	0.00e+00	0.00e+00
 3.07926e+15	7.34e-15	3.29e-10	2.04e-06	9.14e-04	3.50e-02	9.64e-01	0.00e+00	0.00e+00
 3.17893e+15	9.65e-15	4.16e-10	2.47e-06	1.04e-03	3.76e-02	9.61e-01	0.00e+00	0.00e+00
 3.28769e+15	1.30e-14	5.34e-10	3.03e-06	1.19e-03	4.05e-02	9.58e-01	0.00e+00	0.00e+00
 3.41617e+15	1.82e-14	7.12e-10	3.83e-06	1.39e-03	4.41e-02	9.54e-01	0.00e+00	0.00e+00
 3.54194e+15	2.49e-14	9.32e-10	4.76e-06	1.60e-03	4.78e-02	9.51e-01	0.00e+00	0.00e+00
 3.65663e+15	3.30e-14	1.18e-09	5.78e-06	1.82e-03	5.12e-02	9.47e-01	0.00e+00	0.00e+00
 3.78524e+15	4.48e-14	1.53e-09	7.12e-06	2.09e-03	5.52e-02	9.43e-01	0.00e+00	0.00e+00
 3.93511e+15	6.33e-14	2.05e-09	9.04e-06	2.45e-03	6.02e-02	9.37e-01	0.00e+00	0.00e+00
 4.08204e+15	8.73e-14	2.70e-09	1.13e-05	2.83e-03	6.51e-02	9.32e-01	0.00e+00	0.00e+00
 4.22071e+15	1.18e-13	3.48e-09	1.38e-05	3.24e-03	7.00e-02	9.27e-01	0.00e+00	0.00e+00
 4.37543e+15	1.62e-13	4.57e-09	1.72e-05	3.74e-03	7.56e-02	9.21e-01	0.00e+00	0.00e+00
 4.52252e+15	2.17e-13	5.86e-09	2.11e-05	4.27e-03	8.11e-02	9.15e-01	0.00e+00	0.00e+00
 4.63220e+15	2.68e-13	7.03e-09	2.44e-05	4.71e-03	8.54e-02	9.10e-01	0.00e+00	0.00e+00
 4.74348e+15	3.33e-13	8.42e-09	2.82e-05	5.18e-03	8.98e-02	9.05e-01	0.00e+00	0.00e+00
 4.88814e+15	4.35e-13	1.06e-08	3.39e-05	5.83e-03	9.57e-02	8.98e-01	0.00e+00	0.00e+00
 5.04511e+15	5.76e-13	1.34e-08	4.11e-05	6.62e-03	1.02e-01	8.91e-01	0.00e+00	0.00e+00
 5.18619e+15	7.38e-13	1.65e-08	4.87e-05	7.39e-03	1.08e-01	8.84e-01	0.00e+00	0.00e+00
 5.33771e+15	9.60e-13	2.07e-08	5.81e-05	8.29e-03	1.15e-01	8.77e-01	0.00e+00	0.00e+00
 5.53184e+15	1.33e-12	2.73e-08	7.24e-05	9.57e-03	1.24e-01	8.67e-01	0.00e+00	0.00e+00
 5.72743e+15	1.82e-12	3.55e-08	8.94e-05	1.10e-02	1.33e-01	8.56e-01	0.00e+00	0.00e+00
 5.88858e+15	2.34e-12	4.39e-08	1.06e-04	1.23e-02	1.40e-01	8.47e-01	0.00e+00	0.00e+00
 6.05888e+15	3.05e-12	5.48e-08	1.26e-04	1.37e-02	1.49e-01	8.37e-01	0.00e+00	0.00e+00
 6.27826e+15	4.22e-12	7.20e-08	1.57e-04	1.58e-02	1.60e-01	8.24e-01	0.00e+00	0.00e+00
 6.50690e+15	5.84e-12	9.47e-08	1.95e-04	1.82e-02	1.71e-01	8.10e-01	0.00e+00	0.00e+00
 6.70487e+15	7.67e-12	1.19e-07	2.34e-04	2.05e-02	1.82e-01	7.98e-01	0.00e+00	0.00e+00
 6.91748e+15	1.02e-11	1.52e-07	2.82e-04	2.31e-02	1.93e-01	7.84e-01	0.00e+00	0.00e+00
 7.17843e+15	1.44e-11	2.03e-07	3.55e-04	2.68e-02	2.07e-01	7.66e-01	0.00e+00	0.00e+00
 7.43555e+15	1.98e-11	2.64e-07	4.38e-04	3.07e-02	2.20e-01	7.49e-01	0.00e+00	0.00e+00
 7.65617e+15	2.58e-11	3.31e-07	5.23e-04	3.44e-02	2.32e-01	7.33e-01	0.00e+00	0.00e+00
 7.89600e+15	3.44e-11	4.21e-07	6.31e-04	3.87e-02	2.45e-01	7.15e-01	0.00e+00	0.00e+00
 8.16254e+15	4.64e-11	5.41e-07	7.70e-04	4.39e-02	2.60e-01	6.96e-01	0.00e+00	0.00e+00
 8.41258e+15	6.09e-11	6.80e-07	9.23e-04	4.93e-02	2.73e-01	6.77e-01	0.00e+00	0.00e+00
 8.63045e+15	7.67e-11	8.26e-07	1.08e-03	5.43e-02	2.85e-01	6.60e-01	0.00e+00	0.00e+00
 8.85770e+15	9.75e-11	1.01e-06	1.26e-03	5.99e-02	2.97e-01	6.42e-01	0.00e+00	0.00e+00
 9.10779e+15	1.25e-10	1.25e-06	1.49e-03	6.65e-02	3.10e-01	6.22e-01	0.00e+00	0.00e+00
 9.34077e+15	1.57e-10	1.51e-06	1.73e-03	7.29e-02	3.22e-01	6.04e-01	0.00e+00	0.00e+00
 9.59688e+15	2.03e-10	1.86e-06	2.04e-03	8.07e-02	3.35e-01	5.83e-01	0.00e+00	0.00e+00
 9.87419e+15	2.61e-10	2.30e-06	2.42e-03	8.95e-02	3.48e-01	5.60e-01	0.00e+00	0.00e+00
 1.01307e+16	3.29e-10	2.79e-06	2.82e-03	9.82e-02	3.60e-01	5.39e-01	0.00e+00	0.00e+00
 1.04157e+16	4.27e-10	3.46e-06	3.34e-03	1.09e-01	3.72e-01	5.16e-01	0.00e+00	0.00e+00
 1.07240e+16	5.54e-10	4.31e-06	3.97e-03	1.21e-01	3.85e-01	4.90e-01	0.00e+00	0.00e+00
 1.10094e+16	7.02e-10	5.25e-06	4.64e-03	1.32e-01	3.96e-01	4.67e-01	0.00e+00	0.00e+00
 1.12811e+16	8.73e-10	6.29e-06	5.36e-03	1.44e-01	4.05e-01	4.45e-01	0.00e+00	0.00e+00
 1.15883e+16	1.13e-09	7.78e-06	6.33e-03	1.58e-01	4.15e-01	4.20e-01	0.00e+00	0.00e+00
 1.19173e+16	1.45e-09	9.60e-06	7.48e-03	1.74e-01	4.25e-01	3.94e-01	0.00e+00	0.00e+00
 1.22075e+16	1.80e-09	1.15e-05	8.64e-03	1.89e-01	4.31e-01	3.71e-01	0.00e+00	0.00e+00
 1.25179e+16	2.30e-09	1.40e-05	1.01e-02	2.06e-01	4.37e-01	3.47e-01	0.00e+00	0.00e+00
 1.28567e+16	2.95e-09	1.73e-05	1.19e-02	2.25e-01	4.42e-01	3.21e-01	0.00e+00	0.00e+00
 1.31609e+16	3.67e-09	2.06e-05	1.37e-02	2.42e-01	4.45e-01	2.99e-01	0.00e+00	0.00e+00
 1.34276e+16	4.43e-09	2.41e-05	1.55e-02	2.58e-01	4.46e-01	2.80e-01	0.00e+00	0.00e+00
 1.37167e+16	5.50e-09	2.87e-05	1.78e-02	2.77e-01	4.46e-01	2.59e-01	0.00e+00	0.00e+00
 1.40299e+16	6.88e-09	3.46e-05	2.05e-02	2.97e-01	4.45e-01	2.38e-01	0.00e+00	0.00e+00
 1.43066e+16	8.29e-09	4.03e-05	2.32e-02	3.15e-01	4.42e-01	2.20e-01	0.00e+00	0.00e+00
 1.45563e+16	9.91e-09	4.66e-05	2.60e-02	3.32e-01	4.38e-01	2.04e-01	0.00e+00	0.00e+00
 1.48391e+16	1.23e-08	5.53e-05	2.96e-02	3.52e-01	4.32e-01	1.86e-01	0.00e+00	0.00e+00
 1.51396e+16	1.53e-08	6.60e-05	3.39e-02	3.73e-01	4.25e-01	1.68e-01	0.00e+00	0.00e+00
 1.53967e+16	1.83e-08	7.65e-05	3.80e-02	3.91e-01	4.17e-01	1.54e-01	0.00e+00	0.00e+00
 1.56280e+16	2.18e-08	8.78e-05	4.22e-02	4.08e-01	4.08e-01	1.41e-01	0.00e+00	0.00e+00
 1.58920e+16	2.66e-08	1.03e-04	4.77e-02	4.28e-01	3.97e-01	1.27e-01	0.00e+00	0.00e+00
 1.61734e+16	3.32e-08	1.23e-04	5.43e-02	4.49e-01	3.84e-01	1.13e-01	0.00e+00	0.00e+00
 1.64117e+16	3.97e-08	1.42e-04	6.05e-02	4.66e-01	3.72e-01	1.02e-01	0.00e+00	0.00e+00
 1.66193e+16	4.69e-08	1.61e-04	6.67e-02	4.81e-01	3.60e-01	9.21e-02	0.00e+00	0.00e+00
 1.68528e+16	5.66e-08	1.87e-04	7.45e-02	4.98e-01	3.45e-01	8.18e-02	0.00e+00	0.00e+00
 1.71021e+16	7.06e-08	2.22e-04	8.41e-02	5.16e-01	3.29e-01	7.13e-02	0.00e+00	0.00e+00
 1.73110e+16	8.41e-08	2.55e-04	9.30e-02	5.30e-01	3.13e-01	6.33e-02	0.00e+00	0.00e+00
 1.74884e+16	9.84e-08	2.88e-04	1.01e-01	5.42e-01	3.00e-01	5.67e-02	0.00e+00	0.00e+00
 1.76855e+16	1.13e-07	3.23e-04	1.12e-01	5.54e-01	2.84e-01	4.99e-02	0.00e+00	0.00e+00
 1.79002e+16	1.38e-07	3.77e-04	1.24e-01	5.67e-01	2.65e-01	4.28e-02	0.00e+00	0.00e+00
 1.80838e+16	1.74e-07	4.47e-04	1.37e-01	5.77e-01	2.48e-01	3.67e-02	0.00e+00	0.00e+00
 1.82276e+16	2.01e-07	4.99e-04	1.48e-01	5.85e-01	2.34e-01	3.25e-02	0.00e+00	0.00e+00
 1.83731e+16	2.25e-07	5.47e-04	1.59e-01	5.92e-01	2.20e-01	2.85e-02	0.00e+00	0.00e+00
 1.85624e+16	2.89e-07	6.57e-04	1.77e-01	5.99e-01	2.00e-01	2.33e-02	0.00e+00	0.00e+00
 1.87328e+16	3.33e-07	7.36e-04	1.93e-01	6.04e-01	1.82e-01	1.95e-02	0.00e+00	0.00e+00
 1.88448e+16	4.04e-07	8.43e-04	2.06e-01	6.07e-01	1.69e-01	1.67e-02	0.00e+00	0.00e+00
 1.89337e+16	4.49e-07	9.12e-04	2.17e-01	6.08e-01	1.59e-01	1.49e-02	0.00e+00	0.00e+00
 1.90117e+16	4.92e-07	9.77e-04	2.26e-01	6.10e-01	1.50e-01	1.33e-02	0.00e+00	0.00e+00
 1.90986e+16	5.37e-07	1.05e-03	2.37e-01	6.11e-01	1.40e-01	1.17e-02	0.00e+00	0.00e+00
 1.91964e+16	6.30e-07	1.17e-03	2.50e-01	6.10e-01	1.29e-01	9.84e-03	0.00e+00	0.00e+00
 1.92757e+16	6.83e-07	1.25e-03	2.60e-01	6.10e-01	1.20e-01	8.61e-03	0.00e+00	0.00e+00
 1.93459e+16	7.81e-07	1.37e-03	2.71e-01	6.09e-01	1.11e-01	7.42e-03	0.00e+00	0.00e+00
 1.94159e+16	8.36e-07	1.44e-03	2.81e-01	6.08e-01	1.03e-01	6.50e-03	0.00e+00	0.00e+00
 1.94856e+16	9.29e-07	1.56e-03	2.92e-01	6.06e-01	9.47e-02	5.55e-03	0.00e+00	0.00e+00
 1.95595e+16	1.04e-06	1.68e-03	3.03e-01	6.04e-01	8.64e-02	4.66e-03	0.00e+00	0.00e+00
 1.96226e+16	1.14e-06	1.81e-03	3.13e-01	6.02e-01	7.92e-02	3.97e-03	0.00e+00	0.00e+00
 1.96784e+16	1.28e-06	1.95e-03	3.23e-01	5.99e-01	7.30e-02	3.39e-03	0.00e+00	0.00e+00
 1.97307e+16	1.36e-06	2.04e-03	3.31e-01	5.96e-01	6.75e-02	2.94e-03	0.00e+00	0.00e+00
 1.97887e+16	1.52e-06	2.21e-03	3.41e-01	5.93e-01	6.12e-02	2.44e-03	0.00e+00	0.00e+00
 1.98510e+16	1.68e-06	2.37e-03	3.52e-01	5.89e-01	5.50e-02	2.00e-03	0.00e+00	0.00e+00
 1.99092e+16	1.84e-06	2.54e-03	3.61e-01	5.85e-01	4.95e-02	1.65e-03	0.00e+00	0.00e+00
 1.99752e+16	2.06e-06	2.74e-03	3.72e-01	5.80e-01	4.35e-02	1.30e-03	0.00e+00	0.00e+00
 2.00467e+16	2.30e-06	2.96e-03	3.84e-01	5.74e-01	3.77e-02	9.95e-04	0.00e+00	0.00e+00
 2.01119e+16	2.56e-06	3.19e-03	3.94e-01	5.69e-01	3.28e-02	7.69e-04	0.00e+00	0.00e+00
 2.01835e+16	2.88e-06	3.46e-03	4.06e-01	5.62e-01	2.79e-02	5.69e-04	0.00e+00	0.00e+00
 2.02632e+16	3.25e-06	3.77e-03	4.18e-01	5.55e-01	2.33e-02	4.06e-04	0.00e+00	0.00e+00
 2.03402e+16	3.66e-06	4.10e-03	4.29e-01	5.47e-01	1.94e-02	2.90e-04	0.00e+00	0.00e+00
 2.04274e+16	4.19e-06	4.49e-03	4.42e-01	5.38e-01	1.57e-02	1.94e-04	0.00e+00	0.00e+00
 2.05406e+16	4.95e-06	5.04e-03	4.58e-01	5.25e-01	1.19e-02	1.15e-04	0.00e+00	0.00e+00
 2.06623e+16	5.87e-06	5.67e-03	4.73e-01	5.12e-01	8.85e-03	6.61e-05	0.00e+00	0.00e+00
 2.07769e+16	6.90e-06	6.32e-03	4.88e-01	4.99e-01	6.72e-03	3.92e-05	0.00e+00	0.00e+00
 2.09079e+16	8.23e-06	7.12e-03	5.04e-01	4.84e-01	4.92e-03	2.16e-05	0.00e+00	0.00e+00
 2.10783e+16	1.03e-05	8.30e-03	5.24e-01	4.64e-01	3.32e-03	1.02e-05	0.00e+00	0.00e+00
 2.12253e+16	1.26e-05	9.49e-03	5.42e-01	4.46e-01	2.44e-03	5.60e-06	0.00e+00	0.00e+00
 2.13085e+16	1.41e-05	1.02e-02	5.52e-01	4.36e-01	2.06e-03	4.02e-06	0.00e+00	0.00e+00
 2.13833e+16	1.57e-05	1.10e-02	5.61e-01	4.26e-01	1.75e-03	2.94e-06	0.00e+00	0.00e+00
 2.14806e+16	1.79e-05	1.20e-02	5.73e-01	4.14e-01	1.42e-03	1.97e-06	0.00e+00	0.00e+00
 2.16071e+16	2.14e-05	1.36e-02	5.88e-01	3.97e-01	1.09e-03	1.18e-06	0.00e+00	0.00e+00
 2.17363e+16	2.59e-05	1.54e-02	6.04e-01	3.80e-01	8.43e-04	7.18e-07	0.00e+00	0.00e+00
 2.18386e+16	3.02e-05	1.71e-02	6.17e-01	3.65e-01	6.89e-04	0.00e+00	0.00e+00	0.00e+00
 2.19271e+16	3.45e-05	1.87e-02	6.28e-01	3.52e-01	5.77e-04	0.00e+00	0.00e+00	0.00e+00
 2.20115e+16	3.95e-05	2.04e-02	6.39e-01	3.40e-01	4.87e-04	0.00e+00	0.00e+00	0.00e+00
 2.20910e+16	4.48e-05	2.23e-02	6.49e-01	3.28e-01	4.15e-04	0.00e+00	0.00e+00	0.00e+00
 2.21808e+16	5.19e-05	2.46e-02	6.61e-01	3.14e-01	3.45e-04	0.00e+00	0.00e+00	0.00e+00
 2.22760e+16	6.09e-05	2.74e-02	6.73e-01	2.99e-01	2.84e-04	0.00e+00	0.00e+00	0.00e+00
 2.23547e+16	7.00e-05	3.01e-02	6.83e-01	2.87e-01	2.42e-04	0.00e+00	0.00e+00	0.00e+00
 2.24205e+16	7.87e-05	3.26e-02	6.91e-01	2.76e-01	2.11e-04	0.00e+00	0.00e+00	0.00e+00
 2.24930e+16	8.98e-05	3.56e-02	7.00e-01	2.64e-01	1.81e-04	0.00e+00	0.00e+00	0.00e+00
 2.25746e+16	1.04e-04	3.95e-02	7.10e-01	2.50e-01	1.51e-04	0.00e+00	0.00e+00	0.00e+00
 2.26484e+16	1.21e-04	4.35e-02	7.18e-01	2.38e-01	1.29e-04	0.00e+00	0.00e+00	0.00e+00
 2.27115e+16	1.37e-04	4.73e-02	7.25e-01	2.27e-01	1.12e-04	0.00e+00	0.00e+00	0.00e+00
 2.27803e+16	1.57e-04	5.20e-02	7.33e-01	2.15e-01	9.55e-05	0.00e+00	0.00e+00	0.00e+00
 2.28550e+16	1.84e-04	5.77e-02	7.40e-01	2.02e-01	8.03e-05	0.00e+00	0.00e+00	0.00e+00
 2.29203e+16	2.12e-04	6.35e-02	7.45e-01	1.91e-01	6.87e-05	0.00e+00	0.00e+00	0.00e+00
 2.29763e+16	2.39e-04	6.90e-02	7.49e-01	1.81e-01	5.98e-05	0.00e+00	0.00e+00	0.00e+00
 2.30373e+16	2.75e-04	7.57e-02	7.53e-01	1.70e-01	5.11e-05	0.00e+00	0.00e+00	0.00e+00
 2.31042e+16	3.21e-04	8.40e-02	7.57e-01	1.59e-01	4.29e-05	0.00e+00	0.00e+00	0.00e+00
 2.31635e+16	3.71e-04	9.25e-02	7.59e-01	1.49e-01	3.66e-05	0.00e+00	0.00e+00	0.00e+00
 2.32146e+16	4.20e-04	1.01e-01	7.59e-01	1.40e-01	3.17e-05	0.00e+00	0.00e+00	0.00e+00
 2.32702e+16	4.83e-04	1.10e-01	7.59e-01	1.30e-01	2.69e-05	0.00e+00	0.00e+00	0.00e+00
 2.33312e+16	5.66e-04	1.23e-01	7.57e-01	1.19e-01	2.24e-05	0.00e+00	0.00e+00	0.00e+00
 2.33850e+16	6.56e-04	1.35e-01	7.54e-01	1.10e-01	1.89e-05	0.00e+00	0.00e+00	0.00e+00
 2.34315e+16	7.45e-04	1.47e-01	7.50e-01	1.02e-01	1.62e-05	0.00e+00	0.00e+00	0.00e+00
 2.34829e+16	8.60e-04	1.62e-01	7.44e-01	9.40e-02	1.36e-05	0.00e+00	0.00e+00	0.00e+00
 2.35394e+16	1.01e-03	1.80e-01	7.35e-01	8.48e-02	1.11e-05	0.00e+00	0.00e+00	0.00e+00
 2.35897e+16	1.18e-03	1.98e-01	7.24e-01	7.67e-02	9.20e-06	0.00e+00	0.00e+00	0.00e+00
 2.36335e+16	1.35e-03	2.16e-01	7.12e-01	6.99e-02	7.73e-06	0.00e+00	0.00e+00	0.00e+00
 2.36817e+16	1.58e-03	2.38e-01	6.98e-01	6.25e-02	6.31e-06	0.00e+00	0.00e+00	0.00e+00
 2.37355e+16	1.88e-03	2.66e-01	6.78e-01	5.46e-02	4.97e-06	0.00e+00	0.00e+00	0.00e+00
 2.37846e+16	2.22e-03	2.94e-01	6.56e-01	4.77e-02	3.93e-06	0.00e+00	0.00e+00	0.00e+00
 2.38286e+16	2.58e-03	3.23e-01	6.33e-01	4.16e-02	3.13e-06	0.00e+00	0.00e+00	0.00e+00
 2.38776e+16	3.05e-03	3.58e-01	6.04e-01	3.54e-02	2.39e-06	0.00e+00	0.00e+00	0.00e+00
 2.39325e+16	3.73e-03	4.02e-01	5.66e-01	2.88e-02	1.72e-06	0.00e+00	0.00e+00	0.00e+00
 2.39816e+16	4.49e-03	4.47e-01	5.25e-01	2.33e-02	1.24e-06	0.00e+00	0.00e+00	0.00e+00
 2.40222e+16	5.27e-03	4.87e-01	4.89e-01	1.92e-02	9.24e-07	0.00e+00	0.00e+00	0.00e+00
 2.40583e+16	6.05e-03	5.25e-01	4.53e-01	1.59e-02	0.00e+00	0.00e+00	0.00e+00	0.00e+00
 2.40985e+16	7.09e-03	5.68e-01	4.12e-01	1.25e-02	0.00e+00	0.00e+00	0.00e+00	0.00e+00
 2.41409e+16	8.41e-03	6.17e-01	3.65e-01	9.46e-03	0.00e+00	0.00e+00	0.00e+00	0.00e+00
 2.41755e+16	9.73e-03	6.59e-01	3.24e-01	7.28e-03	0.00e+00	0.00e+00	0.00e+00	0.00e+00
 2.42031e+16	1.09e-02	6.92e-01	2.91e-01	5.80e-03	0.00e+00	0.00e+00	0.00e+00	0.00e+00
 2.42326e+16	1.24e-02	7.26e-01	2.57e-01	4.45e-03	0.00e+00	0.00e+00	0.00e+00	0.00e+00
 2.42653e+16	1.42e-02	7.63e-01	2.19e-01	3.22e-03	0.00e+00	0.00e+00	0.00e+00	0.00e+00
 2.42942e+16	1.62e-02	7.95e-01	1.86e-01	2.34e-03	0.00e+00	0.00e+00	0.00e+00	0.00e+00
 2.43183e+16	1.80e-02	8.20e-01	1.60e-01	1.74e-03	0.00e+00	0.00e+00	0.00e+00	0.00e+00
 2.43404e+16	1.99e-02	8.41e-01	1.38e-01	1.31e-03	0.00e+00	0.00e+00	0.00e+00	0.00e+00
 2.43622e+16	2.20e-02	8.60e-01	1.17e-01	9.63e-04	0.00e+00	0.00e+00	0.00e+00	0.00e+00
 2.43871e+16	2.47e-02	8.78e-01	9.65e-02	6.63e-04	0.00e+00	0.00e+00	0.00e+00	0.00e+00
 2.44136e+16	2.81e-02	8.95e-01	7.64e-02	4.31e-04	0.00e+00	0.00e+00	0.00e+00	0.00e+00
 2.44357e+16	3.14e-02	9.07e-01	6.15e-02	2.89e-04	0.00e+00	0.00e+00	0.00e+00	0.00e+00
 2.44537e+16	3.43e-02	9.15e-01	5.09e-02	2.05e-04	0.00e+00	0.00e+00	0.00e+00	0.00e+00
 2.44730e+16	3.78e-02	9.21e-01	4.11e-02	1.38e-04	0.00e+00	0.00e+00	0.00e+00	0.00e+00
 2.44937e+16	4.23e-02	9.25e-01	3.22e-02	8.87e-05	0.00e+00	0.00e+00	0.00e+00	0.00e+00
 2.45117e+16	4.67e-02	9.28e-01	2.55e-02	5.85e-05	0.00e+00	0.00e+00	0.00e+00	0.00e+00
 2.45268e+16	5.07e-02	9.28e-01	2.08e-02	4.05e-05	0.00e+00	0.00e+00	0.00e+00	0.00e+00
 2.45426e+16	5.55e-02	9.28e-01	1.67e-02	2.70e-05	0.00e+00	0.00e+00	0.00e+00	0.00e+00
 2.45595e+16	6.07e-02	9.26e-01	1.30e-02	1.72e-05	0.00e+00	0.00e+00	0.00e+00	0.00e+00
 2.45742e+16	6.62e-02	9.24e-01	1.03e-02	1.14e-05	0.00e+00	0.00e+00	0.00e+00	0.00e+00
 2.45867e+16	7.13e-02	9.20e-01	8.40e-03	7.91e-06	0.00e+00	0.00e+00	0.00e+00	0.00e+00
 2.45983e+16	7.64e-02	9.17e-01	6.90e-03	5.56e-06	0.00e+00	0.00e+00	0.00e+00	0.00e+00
 2.46096e+16	8.16e-02	9.13e-01	5.68e-03	3.91e-06	0.00e+00	0.00e+00	0.00e+00	0.00e+00
 2.46200e+16	8.68e-02	9.08e-01	4.71e-03	2.79e-06	0.00e+00	0.00e+00	0.00e+00	0.00e+00
 2.46294e+16	9.18e-02	9.04e-01	3.97e-03	2.05e-06	0.00e+00	0.00e+00	0.00e+00	0.00e+00
 2.46366e+16	9.55e-02	9.01e-01	3.47e-03	1.62e-06	0.00e+00	0.00e+00	0.00e+00	0.00e+00
 2.46412e+16	9.82e-02	8.99e-01	3.18e-03	1.38e-06	0.00e+00	0.00e+00	0.00e+00	0.00e+00
 2.46454e+16	1.01e-01	8.96e-01	2.93e-03	1.19e-06	0.00e+00	0.00e+00	0.00e+00	0.00e+00
 2.46503e+16	1.04e-01	8.94e-01	2.66e-03	1.00e-06	0.00e+00	0.00e+00	0.00e+00	0.00e+00
 2.46557e+16	1.07e-01	8.90e-01	2.39e-03	8.24e-07	0.00e+00	0.00e+00	0.00e+00	0.00e+00
 2.46610e+16	1.11e-01	8.87e-01	2.15e-03	0.00e+00	0.00e+00	0.00e+00	0.00e+00	0.00e+00
 2.46659e+16	1.14e-01	8.84e-01	1.95e-03	0.00e+00	0.00e+00	0.00e+00	0.00e+00	0.00e+00
 2.46706e+16	1.17e-01	8.81e-01	1.77e-03	0.00e+00	0.00e+00	0.00e+00	0.00e+00	0.00e+00
 2.46754e+16	1.21e-01	8.78e-01	1.60e-03	0.00e+00	0.00e+00	0.00e+00	0.00e+00	0.00e+00
 2.46802e+16	1.24e-01	8.75e-01	1.45e-03	0.00e+00	0.00e+00	0.00e+00	0.00e+00	0.00e+00
 2.46849e+16	1.27e-01	8.71e-01	1.31e-03	0.00e+00	0.00e+00	0.00e+00	0.00e+00	0.00e+00
 2.46895e+16	1.31e-01	8.68e-01	1.18e-03	0.00e+00	0.00e+00	0.00e+00	0.00e+00	0.00e+00
 2.46941e+16	1.35e-01	8.64e-01	1.07e-03	0.00e+00	0.00e+00	0.00e+00	0.00e+00	0.00e+00
 2.46987e+16	1.39e-01	8.60e-01	9.67e-04	0.00e+00	0.00e+00	0.00e+00	0.00e+00	0.00e+00
 2.47032e+16	1.43e-01	8.56e-01	8.75e-04	0.00e+00	0.00e+00	0.00e+00	0.00e+00	0.00e+00
 2.47077e+16	1.47e-01	8.52e-01	7.90e-04	0.00e+00	0.00e+00	0.00e+00	0.00e+00	0.00e+00
 2.47122e+16	1.51e-01	8.48e-01	7.13e-04	0.00e+00	0.00e+00	0.00e+00	0.00e+00	0.00e+00
 2.47165e+16	1.56e-01	8.43e-01	6.45e-04	0.00e+00	0.00e+00	0.00e+00	0.00e+00	0.00e+00
 2.47208e+16	1.60e-01	8.39e-01	5.84e-04	0.00e+00	0.00e+00	0.00e+00	0.00e+00	0.00e+00
 2.47251e+16	1.65e-01	8.35e-01	5.26e-04	0.00e+00	0.00e+00	0.00e+00	0.00e+00	0.00e+00
 2.47294e+16	1.70e-01	8.30e-01	4.75e-04	0.00e+00	0.00e+00	0.00e+00	0.00e+00	0.00e+00
 2.47336e+16	1.75e-01	8.25e-01	4.29e-04	0.00e+00	0.00e+00	0.00e+00	0.00e+00	0.00e+00
 2.47377e+16	1.80e-01	8.19e-01	3.87e-04	0.00e+00	0.00e+00	0.00e+00	0.00e+00	0.00e+00
 2.47418e+16	1.86e-01	8.14e-01	3.49e-04	0.00e+00	0.00e+00	0.00e+00	0.00e+00	0.00e+00
 2.47460e+16	1.91e-01	8.08e-01	3.14e-04	0.00e+00	0.00e+00	0.00e+00	0.00e+00	0.00e+00
 2.47500e+16	1.98e-01	8.02e-01	2.84e-04	0.00e+00	0.00e+00	0.00e+00	0.00e+00	0.00e+00
 2.47539e+16	2.04e-01	7.96e-01	2.56e-04	0.00e+00	0.00e+00	0.00e+00	0.00e+00	0.00e+00
 2.47579e+16	2.11e-01	7.89e-01	2.30e-04	0.00e+00	0.00e+00	0.00e+00	0.00e+00	0.00e+00
 2.47619e+16	2.17e-01	7.82e-01	2.07e-04	0.00e+00	0.00e+00	0.00e+00	0.00e+00	0.00e+00
 2.47658e+16	2.25e-01	7.75e-01	1.86e-04	0.00e+00	0.00e+00	0.00e+00	0.00e+00	0.00e+00
 2.47696e+16	2.33e-01	7.67e-01	1.68e-04	0.00e+00	0.00e+00	0.00e+00	0.00e+00	0.00e+00
 2.47733e+16	2.41e-01	7.59e-01	1.52e-04	0.00e+00	0.00e+00	0.00e+00	0.00e+00	0.00e+00
 2.47770e+16	2.50e-01	7.50e-01	1.36e-04	0.00e+00	0.00e+00	0.00e+00	0.00e+00	0.00e+00
 2.47806e+16	2.60e-01	7.40e-01	1.23e-04	0.00e+00	0.00e+00	0.00e+00	0.00e+00	0.00e+00
 2.47841e+16	2.68e-01	7.32e-01	1.11e-04	0.00e+00	0.00e+00	0.00e+00	0.00e+00	0.00e+00
 2.47876e+16	2.79e-01	7.21e-01	9.98e-05	0.00e+00	0.00e+00	0.00e+00	0.00e+00	0.00e+00
 2.47911e+16	2.89e-01	7.11e-01	9.00e-05	0.00e+00	0.00e+00	0.00e+00	0.00e+00	0.00e+00
 2.47944e+16	3.02e-01	6.98e-01	8.10e-05	0.00e+00	0.00e+00	0.00e+00	0.00e+00	0.00e+00
 2.47977e+16	3.14e-01	6.86e-01	7.30e-05	0.00e+00	0.00e+00	0.00e+00	0.00e+00	0.00e+00
 2.48010e+16	3.25e-01	6.75e-01	6.58e-05	0.00e+00	0.00e+00	0.00e+00	0.00e+00	0.00e+00
 2.48043e+16	3.39e-01	6.61e-01	5.91e-05	0.00e+00	0.00e+00	0.00e+00	0.00e+00	0.00e+00
 2.48075e+16	3.53e-01	6.47e-01	5.30e-05	0.00e+00	0.00e+00	0.00e+00	0.00e+00	0.00e+00
 2.48107e+16	3.68e-01	6.32e-01	4.76e-05	0.00e+00	0.00e+00	0.00e+00	0.00e+00	0.00e+00
 2.48138e+16	3.84e-01	6.16e-01	4.27e-05	0.00e+00	0.00e+00	0.00e+00	0.00e+00	0.00e+00
 2.48169e+16	4.01e-01	5.99e-01	3.82e-05	0.00e+00	0.00e+00	0.00e+00	0.00e+00	0.00e+00
 2.48200e+16	4.21e-01	5.79e-01	3.40e-05	0.00e+00	0.00e+00	0.00e+00	0.00e+00	0.00e+00
 2.48231e+16	4.40e-01	5.60e-01	3.03e-05	0.00e+00	0.00e+00	0.00e+00	0.00e+00	0.00e+00
 2.48261e+16	4.59e-01	5.40e-01	2.70e-05	0.00e+00	0.00e+00	0.00e+00	0.00e+00	0.00e+00
 2.48291e+16	4.80e-01	5.20e-01	2.40e-05	0.00e+00	0.00e+00	0.00e+00	0.00e+00	0.00e+00
 2.48321e+16	5.02e-01	4.98e-01	2.12e-05	0.00e+00	0.00e+00	0.00e+00	0.00e+00	0.00e+00
 2.48351e+16	5.24e-01	4.76e-01	1.88e-05	0.00e+00	0.00e+00	0.00e+00	0.00e+00	0.00e+00
 2.48381e+16	5.47e-01	4.53e-01	1.65e-05	0.00e+00	0.00e+00	0.00e+00	0.00e+00	0.00e+00
 2.48410e+16	5.71e-01	4.29e-01	1.45e-05	0.00e+00	0.00e+00	0.00e+00	0.00e+00	0.00e+00
 2.48440e+16	5.95e-01	4.05e-01	1.27e-05	0.00e+00	0.00e+00	0.00e+00	0.00e+00	0.00e+00
 2.48469e+16	6.20e-01	3.80e-01	1.11e-05	0.00e+00	0.00e+00	0.00e+00	0.00e+00	0.00e+00
 2.48495e+16	6.41e-01	3.59e-01	9.83e-06	0.00e+00	0.00e+00	0.00e+00	0.00e+00	0.00e+00
 2.48515e+16	6.57e-01	3.43e-01	8.96e-06	0.00e+00	0.00e+00	0.00e+00	0.00e+00	0.00e+00
 2.48532e+16	6.72e-01	3.28e-01	8.20e-06	0.00e+00	0.00e+00	0.00e+00	0.00e+00	0.00e+00
 2.48551e+16	6.87e-01	3.13e-01	7.48e-06	0.00e+00	0.00e+00	0.00e+00	0.00e+00	0.00e+00
 2.48571e+16	7.04e-01	2.96e-01	6.73e-06	0.00e+00	0.00e+00	0.00e+00	0.00e+00	0.00e+00
 2.48590e+16	7.19e-01	2.81e-01	6.12e-06	0.00e+00	0.00e+00	0.00e+00	0.00e+00	0.00e+00
 2.48608e+16	7.32e-01	2.68e-01	5.62e-06	0.00e+00	0.00e+00	0.00e+00	0.00e+00	0.00e+00
 2.48626e+16	7.46e-01	2.54e-01	5.09e-06	0.00e+00	0.00e+00	0.00e+00	0.00e+00	0.00e+00
