#depth	C	C+	C+2	C+3	C+4	C+5	C+6	C[1]	C[2]	C[3]	C+[1]	C+[2]	CO
 1.49634e+10	4.84e-45	5.11e-34	6.85e-24	2.10e-14	3.38e-04	4.94e-01	5.06e-01	0.00e+00	0.00e+00	0.00e+00	0.00e+00	0.00e+00	4.25e-143
 4.54887e+10	0.00e+00	7.31e-34	9.06e-24	2.57e-14	3.81e-04	5.14e-01	4.86e-01	0.00e+00	0.00e+00	0.00e+00	0.00e+00	0.00e+00	4.92e-209
 7.72350e+10	1.16e-44	1.05e-33	1.20e-23	3.13e-14	4.29e-04	5.34e-01	4.66e-01	0.00e+00	0.00e+00	0.00e+00	0.00e+00	0.00e+00	4.20e-142
 1.10251e+11	0.00e+00	1.49e-33	1.58e-23	3.81e-14	4.83e-04	5.53e-01	4.46e-01	0.00e+00	0.00e+00	0.00e+00	0.00e+00	0.00e+00	1.85e-208
 1.44588e+11	2.76e-44	2.13e-33	2.08e-23	4.64e-14	5.43e-04	5.73e-01	4.27e-01	0.00e+00	0.00e+00	0.00e+00	0.00e+00	0.00e+00	4.12e-141
 1.80298e+11	0.00e+00	3.03e-33	2.73e-23	5.64e-14	6.09e-04	5.92e-01	4.07e-01	0.00e+00	0.00e+00	0.00e+00	0.00e+00	0.00e+00	6.84e-208
 2.17437e+11	6.57e-44	4.31e-33	3.59e-23	6.84e-14	6.83e-04	6.11e-01	3.88e-01	0.00e+00	0.00e+00	0.00e+00	0.00e+00	0.00e+00	4.05e-140
 2.56061e+11	0.00e+00	6.14e-33	4.72e-23	8.30e-14	7.65e-04	6.30e-01	3.70e-01	0.00e+00	0.00e+00	0.00e+00	0.00e+00	0.00e+00	2.51e-207
 2.96231e+11	1.56e-43	8.72e-33	6.19e-23	1.01e-13	8.55e-04	6.48e-01	3.51e-01	0.00e+00	0.00e+00	0.00e+00	0.00e+00	0.00e+00	3.97e-139
 3.38007e+11	0.00e+00	1.24e-32	8.12e-23	1.22e-13	9.55e-04	6.66e-01	3.33e-01	0.00e+00	0.00e+00	0.00e+00	0.00e+00	0.00e+00	9.01e-207
 3.78907e+11	3.59e-43	1.72e-32	1.05e-22	1.45e-13	1.06e-03	6.82e-01	3.17e-01	0.00e+00	0.00e+00	0.00e+00	0.00e+00	0.00e+00	3.64e-138
 4.16797e+11	0.00e+00	2.31e-32	1.31e-22	1.71e-13	1.16e-03	6.97e-01	3.02e-01	0.00e+00	0.00e+00	0.00e+00	0.00e+00	0.00e+00	3.22e-206
 4.58750e+11	7.58e-43	3.16e-32	1.67e-22	2.02e-13	1.28e-03	7.12e-01	2.87e-01	0.00e+00	0.00e+00	0.00e+00	0.00e+00	0.00e+00	2.67e-137
 5.07027e+11	0.00e+00	4.48e-32	2.19e-22	2.44e-13	1.43e-03	7.28e-01	2.71e-01	0.00e+00	0.00e+00	0.00e+00	0.00e+00	0.00e+00	8.79e-206
 5.54537e+11	1.74e-42	6.22e-32	2.82e-22	2.91e-13	1.58e-03	7.42e-01	2.56e-01	0.00e+00	0.00e+00	0.00e+00	0.00e+00	0.00e+00	2.46e-136
 6.03948e+11	0.00e+00	8.66e-32	3.63e-22	3.47e-13	1.74e-03	7.56e-01	2.42e-01	0.00e+00	0.00e+00	0.00e+00	0.00e+00	0.00e+00	2.76e-205
 6.58033e+11	4.01e-42	1.22e-31	4.74e-22	4.18e-13	1.93e-03	7.71e-01	2.27e-01	0.00e+00	0.00e+00	0.00e+00	0.00e+00	0.00e+00	2.29e-135
 7.12980e+11	0.00e+00	1.72e-31	6.15e-22	5.01e-13	2.14e-03	7.84e-01	2.14e-01	0.00e+00	0.00e+00	0.00e+00	0.00e+00	0.00e+00	7.45e-205
 7.70125e+11	9.26e-42	2.41e-31	7.98e-22	6.00e-13	2.37e-03	7.97e-01	2.01e-01	0.00e+00	0.00e+00	0.00e+00	0.00e+00	0.00e+00	2.14e-134
 8.30857e+11	0.00e+00	3.41e-31	1.04e-21	7.22e-13	2.63e-03	8.09e-01	1.88e-01	0.00e+00	0.00e+00	0.00e+00	0.00e+00	0.00e+00	1.43e-204
 8.94018e+11	2.18e-41	4.82e-31	1.36e-21	8.68e-13	2.91e-03	8.21e-01	1.76e-01	0.00e+00	0.00e+00	0.00e+00	0.00e+00	0.00e+00	2.12e-133
 9.59705e+11	0.00e+00	6.82e-31	1.77e-21	1.04e-12	3.22e-03	8.32e-01	1.64e-01	0.00e+00	0.00e+00	0.00e+00	0.00e+00	0.00e+00	0.00e+00
 1.02802e+12	5.13e-41	9.65e-31	2.31e-21	1.25e-12	3.57e-03	8.43e-01	1.53e-01	0.00e+00	0.00e+00	0.00e+00	0.00e+00	0.00e+00	2.10e-132
 1.09907e+12	0.00e+00	1.37e-30	3.01e-21	1.50e-12	3.95e-03	8.53e-01	1.43e-01	0.00e+00	0.00e+00	0.00e+00	0.00e+00	0.00e+00	0.00e+00
 1.17296e+12	1.21e-40	1.93e-30	3.93e-21	1.81e-12	4.37e-03	8.62e-01	1.33e-01	0.00e+00	0.00e+00	0.00e+00	0.00e+00	0.00e+00	2.10e-131
 1.24980e+12	0.00e+00	2.74e-30	5.12e-21	2.17e-12	4.83e-03	8.71e-01	1.24e-01	0.00e+00	0.00e+00	0.00e+00	0.00e+00	0.00e+00	0.00e+00
 1.32218e+12	2.75e-40	3.75e-30	6.52e-21	2.56e-12	5.29e-03	8.79e-01	1.16e-01	0.00e+00	0.00e+00	0.00e+00	0.00e+00	0.00e+00	1.90e-130
 1.38710e+12	0.00e+00	4.94e-30	8.04e-21	2.96e-12	5.72e-03	8.85e-01	1.10e-01	0.00e+00	0.00e+00	0.00e+00	0.00e+00	0.00e+00	0.00e+00
 1.46004e+12	5.58e-40	6.66e-30	1.01e-20	3.47e-12	6.23e-03	8.91e-01	1.03e-01	0.00e+00	0.00e+00	0.00e+00	0.00e+00	0.00e+00	1.27e-129
 1.54626e+12	0.00e+00	9.39e-30	1.31e-20	4.15e-12	6.87e-03	8.98e-01	9.54e-02	0.00e+00	0.00e+00	0.00e+00	0.00e+00	0.00e+00	0.00e+00
 1.63241e+12	1.28e-39	1.30e-29	1.69e-20	4.93e-12	7.55e-03	9.04e-01	8.88e-02	0.00e+00	0.00e+00	0.00e+00	0.00e+00	0.00e+00	1.18e-128
 1.71355e+12	0.00e+00	1.76e-29	2.12e-20	5.77e-12	8.22e-03	9.09e-01	8.32e-02	0.00e+00	0.00e+00	0.00e+00	0.00e+00	0.00e+00	0.00e+00
 1.80355e+12	2.77e-39	2.43e-29	2.72e-20	6.83e-12	9.01e-03	9.14e-01	7.74e-02	0.00e+00	0.00e+00	0.00e+00	0.00e+00	0.00e+00	9.26e-128
 1.90561e+12	0.00e+00	3.46e-29	3.56e-20	8.22e-12	9.95e-03	9.18e-01	7.16e-02	0.00e+00	0.00e+00	0.00e+00	0.00e+00	0.00e+00	0.00e+00
 2.00760e+12	6.53e-39	4.87e-29	4.62e-20	9.83e-12	1.10e-02	9.23e-01	6.63e-02	0.00e+00	0.00e+00	0.00e+00	0.00e+00	0.00e+00	9.20e-127
 2.11367e+12	0.00e+00	6.84e-29	5.98e-20	1.17e-11	1.21e-02	9.27e-01	6.14e-02	0.00e+00	0.00e+00	0.00e+00	0.00e+00	0.00e+00	0.00e+00
 2.22814e+12	1.55e-38	9.77e-29	7.86e-20	1.41e-11	1.33e-02	9.30e-01	5.66e-02	0.00e+00	0.00e+00	0.00e+00	0.00e+00	0.00e+00	9.21e-126
 2.33545e+12	0.00e+00	1.35e-28	1.00e-19	1.67e-11	1.46e-02	9.33e-01	5.25e-02	0.00e+00	0.00e+00	0.00e+00	0.00e+00	0.00e+00	0.00e+00
 2.43113e+12	3.24e-38	1.78e-28	1.24e-19	1.93e-11	1.57e-02	9.35e-01	4.92e-02	0.00e+00	0.00e+00	0.00e+00	0.00e+00	0.00e+00	6.66e-125
 2.53864e+12	0.00e+00	2.41e-28	1.57e-19	2.26e-11	1.71e-02	9.37e-01	4.59e-02	0.00e+00	0.00e+00	0.00e+00	0.00e+00	0.00e+00	0.00e+00
 2.66636e+12	7.25e-38	3.40e-28	2.04e-19	2.71e-11	1.88e-02	9.39e-01	4.23e-02	0.00e+00	0.00e+00	0.00e+00	0.00e+00	0.00e+00	5.70e-124
 2.79464e+12	0.00e+00	4.79e-28	2.65e-19	3.24e-11	2.07e-02	9.40e-01	3.90e-02	0.00e+00	0.00e+00	0.00e+00	0.00e+00	0.00e+00	0.00e+00
 2.91414e+12	1.62e-37	6.50e-28	3.34e-19	3.80e-11	2.25e-02	9.41e-01	3.63e-02	0.00e+00	0.00e+00	0.00e+00	0.00e+00	0.00e+00	4.79e-123
 3.04673e+12	0.00e+00	8.99e-28	4.28e-19	4.49e-11	2.46e-02	9.42e-01	3.35e-02	0.00e+00	0.00e+00	0.00e+00	0.00e+00	0.00e+00	0.00e+00
 3.19852e+12	3.79e-37	1.30e-27	5.66e-19	5.44e-11	2.72e-02	9.42e-01	3.07e-02	0.00e+00	0.00e+00	0.00e+00	0.00e+00	0.00e+00	4.63e-122
 3.34730e+12	0.00e+00	1.83e-27	7.35e-19	6.50e-11	2.98e-02	9.42e-01	2.82e-02	0.00e+00	0.00e+00	0.00e+00	0.00e+00	0.00e+00	0.00e+00
 3.50202e+12	8.87e-37	2.57e-27	9.56e-19	7.76e-11	3.27e-02	9.41e-01	2.59e-02	0.00e+00	0.00e+00	0.00e+00	0.00e+00	0.00e+00	4.42e-121
 3.67203e+12	0.00e+00	3.69e-27	1.26e-18	9.36e-11	3.60e-02	9.40e-01	2.37e-02	0.00e+00	0.00e+00	0.00e+00	0.00e+00	0.00e+00	0.00e+00
 3.84347e+12	2.16e-36	5.29e-27	1.66e-18	1.13e-10	3.97e-02	9.39e-01	2.17e-02	0.00e+00	0.00e+00	0.00e+00	0.00e+00	0.00e+00	4.68e-120
 4.02176e+12	0.00e+00	7.54e-27	2.17e-18	1.36e-10	4.36e-02	9.37e-01	1.98e-02	0.00e+00	0.00e+00	0.00e+00	0.00e+00	0.00e+00	0.00e+00
 4.21256e+12	5.28e-36	1.09e-26	2.88e-18	1.64e-10	4.81e-02	9.34e-01	1.80e-02	0.00e+00	0.00e+00	0.00e+00	0.00e+00	0.00e+00	4.98e-119
 4.40127e+12	0.00e+00	1.54e-26	3.76e-18	1.97e-10	5.27e-02	9.31e-01	1.65e-02	0.00e+00	0.00e+00	0.00e+00	0.00e+00	0.00e+00	0.00e+00
 4.59752e+12	1.25e-35	2.19e-26	4.91e-18	2.36e-10	5.78e-02	9.27e-01	1.50e-02	0.00e+00	0.00e+00	0.00e+00	0.00e+00	0.00e+00	4.91e-118
 4.81135e+12	0.00e+00	3.16e-26	6.51e-18	2.85e-10	6.36e-02	9.23e-01	1.37e-02	0.00e+00	0.00e+00	0.00e+00	0.00e+00	0.00e+00	0.00e+00
 5.03373e+12	3.11e-35	4.57e-26	8.63e-18	3.45e-10	7.00e-02	9.18e-01	1.24e-02	0.00e+00	0.00e+00	0.00e+00	0.00e+00	0.00e+00	5.42e-117
 5.26501e+12	0.00e+00	6.59e-26	1.14e-17	4.17e-10	7.69e-02	9.12e-01	1.12e-02	0.00e+00	0.00e+00	0.00e+00	0.00e+00	0.00e+00	0.00e+00
 5.50553e+12	7.71e-35	9.52e-26	1.52e-17	5.04e-10	8.45e-02	9.05e-01	1.01e-02	0.00e+00	0.00e+00	0.00e+00	0.00e+00	0.00e+00	5.96e-116
 5.75568e+12	1.21e-34	1.37e-25	2.01e-17	6.10e-10	9.28e-02	8.98e-01	9.15e-03	0.00e+00	0.00e+00	0.00e+00	0.00e+00	0.00e+00	3.80e-98
 5.98216e+12	1.80e-34	1.89e-25	2.57e-17	7.20e-10	1.01e-01	8.91e-01	8.36e-03	0.00e+00	0.00e+00	0.00e+00	0.00e+00	0.00e+00	0.00e+00
 6.17127e+12	2.46e-34	2.44e-25	3.12e-17	8.20e-10	1.07e-01	8.85e-01	7.78e-03	0.00e+00	0.00e+00	0.00e+00	0.00e+00	0.00e+00	1.29e-114
 6.37861e+12	3.46e-34	3.21e-25	3.87e-17	9.47e-10	1.15e-01	8.78e-01	7.18e-03	0.00e+00	0.00e+00	0.00e+00	0.00e+00	0.00e+00	3.97e-97
 6.64068e+12	5.23e-34	4.49e-25	5.00e-17	1.13e-09	1.25e-01	8.69e-01	6.51e-03	0.00e+00	0.00e+00	0.00e+00	0.00e+00	0.00e+00	0.00e+00
 6.91374e+12	7.90e-34	6.27e-25	6.47e-17	1.34e-09	1.36e-01	8.59e-01	5.89e-03	0.00e+00	0.00e+00	0.00e+00	0.00e+00	0.00e+00	2.81e-113
 7.14720e+12	1.11e-33	8.26e-25	8.00e-17	1.54e-09	1.45e-01	8.50e-01	5.42e-03	0.00e+00	0.00e+00	0.00e+00	0.00e+00	0.00e+00	5.31e-96
 7.38935e+12	1.55e-33	1.09e-24	9.88e-17	1.78e-09	1.55e-01	8.40e-01	4.98e-03	0.00e+00	0.00e+00	0.00e+00	0.00e+00	0.00e+00	1.30e-283
 7.69170e+12	2.34e-33	1.51e-24	1.28e-16	2.11e-09	1.68e-01	8.28e-01	4.49e-03	0.00e+00	0.00e+00	0.00e+00	0.00e+00	0.00e+00	5.03e-112
 7.99822e+12	3.47e-33	2.08e-24	1.64e-16	2.49e-09	1.81e-01	8.15e-01	4.05e-03	0.00e+00	0.00e+00	0.00e+00	0.00e+00	0.00e+00	6.76e-95
 8.26442e+12	4.82e-33	2.72e-24	2.01e-16	2.86e-09	1.93e-01	8.04e-01	3.71e-03	0.00e+00	0.00e+00	0.00e+00	0.00e+00	0.00e+00	3.49e-111
 8.55228e+12	6.79e-33	3.59e-24	2.49e-16	3.29e-09	2.05e-01	7.91e-01	3.39e-03	0.00e+00	0.00e+00	0.00e+00	0.00e+00	0.00e+00	3.03e-94
 8.90425e+12	1.02e-32	4.98e-24	3.20e-16	3.89e-09	2.21e-01	7.76e-01	3.03e-03	0.00e+00	0.00e+00	0.00e+00	0.00e+00	0.00e+00	2.58e-110
 9.26307e+12	1.50e-32	6.84e-24	4.09e-16	4.58e-09	2.38e-01	7.59e-01	2.72e-03	0.00e+00	0.00e+00	0.00e+00	0.00e+00	0.00e+00	1.79e-93
 9.59074e+12	2.11e-32	9.01e-24	5.07e-16	5.28e-09	2.53e-01	7.45e-01	2.47e-03	0.00e+00	0.00e+00	0.00e+00	0.00e+00	0.00e+00	1.86e-109
 9.95440e+12	3.03e-32	1.21e-23	6.35e-16	6.13e-09	2.70e-01	7.28e-01	2.22e-03	0.00e+00	0.00e+00	0.00e+00	0.00e+00	0.00e+00	8.69e-93
 1.03781e+13	4.54e-32	1.68e-23	8.18e-16	7.23e-09	2.89e-01	7.09e-01	1.97e-03	0.00e+00	0.00e+00	0.00e+00	0.00e+00	0.00e+00	1.50e-108
 1.07979e+13	6.63e-32	2.28e-23	1.04e-15	8.45e-09	3.08e-01	6.90e-01	1.75e-03	0.00e+00	0.00e+00	0.00e+00	0.00e+00	0.00e+00	5.11e-92
 1.11987e+13	9.37e-32	3.02e-23	1.29e-15	9.72e-09	3.27e-01	6.72e-01	1.57e-03	0.00e+00	0.00e+00	0.00e+00	0.00e+00	0.00e+00	1.11e-107
 1.16409e+13	1.35e-31	4.05e-23	1.61e-15	1.13e-08	3.46e-01	6.52e-01	1.40e-03	0.00e+00	0.00e+00	0.00e+00	0.00e+00	0.00e+00	2.58e-91
 1.21364e+13	1.99e-31	5.54e-23	2.05e-15	1.32e-08	3.68e-01	6.30e-01	1.24e-03	0.00e+00	0.00e+00	0.00e+00	0.00e+00	0.00e+00	9.05e-107
 1.26342e+13	2.89e-31	7.48e-23	2.58e-15	1.53e-08	3.90e-01	6.09e-01	1.09e-03	0.00e+00	0.00e+00	0.00e+00	0.00e+00	0.00e+00	1.49e-90
 1.30801e+13	3.97e-31	9.67e-23	3.14e-15	1.73e-08	4.09e-01	5.90e-01	9.80e-04	0.00e+00	0.00e+00	0.00e+00	0.00e+00	0.00e+00	6.30e-106
 1.34581e+13	5.15e-31	1.19e-22	3.68e-15	1.92e-08	4.25e-01	5.74e-01	8.97e-04	0.00e+00	0.00e+00	0.00e+00	0.00e+00	0.00e+00	5.69e-90
 1.38657e+13	6.74e-31	1.48e-22	4.34e-15	2.13e-08	4.41e-01	5.58e-01	8.16e-04	0.00e+00	0.00e+00	0.00e+00	0.00e+00	0.00e+00	2.83e-105
 1.43929e+13	9.43e-31	1.94e-22	5.32e-15	2.42e-08	4.62e-01	5.37e-01	7.24e-04	0.00e+00	0.00e+00	0.00e+00	0.00e+00	0.00e+00	2.35e-89
 1.49427e+13	1.32e-30	2.53e-22	6.52e-15	2.76e-08	4.83e-01	5.16e-01	6.41e-04	0.00e+00	0.00e+00	0.00e+00	0.00e+00	0.00e+00	1.93e-104
 1.54137e+13	1.73e-30	3.15e-22	7.70e-15	3.06e-08	5.00e-01	4.99e-01	5.79e-04	0.00e+00	0.00e+00	0.00e+00	0.00e+00	0.00e+00	9.88e-89
 1.59153e+13	2.30e-30	3.95e-22	9.13e-15	3.40e-08	5.18e-01	4.81e-01	5.21e-04	0.00e+00	0.00e+00	0.00e+00	0.00e+00	0.00e+00	9.68e-104
 1.65377e+13	3.21e-30	5.16e-22	1.12e-14	3.85e-08	5.39e-01	4.60e-01	4.58e-04	0.00e+00	0.00e+00	0.00e+00	0.00e+00	0.00e+00	4.30e-88
 1.71772e+13	4.46e-30	6.71e-22	1.36e-14	4.36e-08	5.60e-01	4.39e-01	4.02e-04	0.00e+00	0.00e+00	0.00e+00	0.00e+00	0.00e+00	6.75e-103
 1.77529e+13	5.93e-30	8.41e-22	1.61e-14	4.83e-08	5.78e-01	4.22e-01	3.60e-04	0.00e+00	0.00e+00	0.00e+00	0.00e+00	0.00e+00	1.88e-87
 1.83855e+13	8.00e-30	1.07e-21	1.92e-14	5.39e-08	5.97e-01	4.03e-01	3.19e-04	0.00e+00	0.00e+00	0.00e+00	0.00e+00	0.00e+00	3.79e-102
 1.90772e+13	1.10e-29	1.37e-21	2.32e-14	6.03e-08	6.16e-01	3.84e-01	2.80e-04	0.00e+00	0.00e+00	0.00e+00	0.00e+00	0.00e+00	8.35e-87
 1.97067e+13	1.44e-29	1.70e-21	2.73e-14	6.66e-08	6.33e-01	3.67e-01	2.50e-04	0.00e+00	0.00e+00	0.00e+00	0.00e+00	0.00e+00	2.19e-101
 2.03861e+13	1.92e-29	2.13e-21	3.22e-14	7.36e-08	6.50e-01	3.50e-01	2.21e-04	0.00e+00	0.00e+00	0.00e+00	0.00e+00	0.00e+00	3.29e-86
 2.11488e+13	2.61e-29	2.72e-21	3.85e-14	8.19e-08	6.68e-01	3.32e-01	1.94e-04	0.00e+00	0.00e+00	0.00e+00	0.00e+00	0.00e+00	1.30e-100
 2.18711e+13	3.45e-29	3.39e-21	4.53e-14	9.03e-08	6.84e-01	3.16e-01	1.72e-04	0.00e+00	0.00e+00	0.00e+00	0.00e+00	0.00e+00	1.40e-85
 2.26613e+13	4.63e-29	4.28e-21	5.37e-14	9.98e-08	7.00e-01	3.00e-01	1.51e-04	0.00e+00	0.00e+00	0.00e+00	0.00e+00	0.00e+00	7.41e-100
 2.35364e+13	6.33e-29	5.47e-21	6.44e-14	1.11e-07	7.17e-01	2.83e-01	1.32e-04	0.00e+00	0.00e+00	0.00e+00	0.00e+00	0.00e+00	6.37e-85
 2.43501e+13	8.36e-29	6.81e-21	7.55e-14	1.22e-07	7.32e-01	2.68e-01	1.16e-04	0.00e+00	0.00e+00	0.00e+00	0.00e+00	0.00e+00	4.52e-99
 2.52364e+13	1.12e-28	8.56e-21	8.93e-14	1.34e-07	7.47e-01	2.53e-01	1.02e-04	0.00e+00	0.00e+00	0.00e+00	0.00e+00	0.00e+00	2.68e-84
 2.62289e+13	1.53e-28	1.09e-20	1.07e-13	1.49e-07	7.62e-01	2.38e-01	8.79e-05	0.00e+00	0.00e+00	0.00e+00	0.00e+00	0.00e+00	2.92e-98
 2.71681e+13	2.04e-28	1.37e-20	1.25e-13	1.63e-07	7.75e-01	2.25e-01	7.70e-05	0.00e+00	0.00e+00	0.00e+00	0.00e+00	0.00e+00	1.22e-83
 2.81830e+13	2.74e-28	1.72e-20	1.48e-13	1.80e-07	7.89e-01	2.11e-01	6.70e-05	0.00e+00	0.00e+00	0.00e+00	0.00e+00	0.00e+00	1.78e-97
 2.93136e+13	3.76e-28	2.21e-20	1.77e-13	1.99e-07	8.02e-01	1.98e-01	5.77e-05	0.00e+00	0.00e+00	0.00e+00	0.00e+00	0.00e+00	5.84e-83
 3.04021e+13	5.04e-28	2.77e-20	2.09e-13	2.18e-07	8.14e-01	1.86e-01	5.02e-05	0.00e+00	0.00e+00	0.00e+00	0.00e+00	0.00e+00	1.19e-96
 3.15608e+13	6.80e-28	3.50e-20	2.47e-13	2.40e-07	8.26e-01	1.74e-01	4.35e-05	0.00e+00	0.00e+00	0.00e+00	0.00e+00	0.00e+00	2.69e-82
 3.28531e+13	9.37e-28	4.48e-20	2.95e-13	2.65e-07	8.38e-01	1.62e-01	3.72e-05	0.00e+00	0.00e+00	0.00e+00	0.00e+00	0.00e+00	8.33e-96
 3.41481e+13	1.27e-27	5.69e-20	3.49e-13	2.91e-07	8.49e-01	1.51e-01	3.20e-05	0.00e+00	0.00e+00	0.00e+00	0.00e+00	0.00e+00	1.37e-81
 3.54948e+13	1.73e-27	7.22e-20	4.13e-13	3.20e-07	8.59e-01	1.41e-01	2.76e-05	0.00e+00	0.00e+00	0.00e+00	0.00e+00	0.00e+00	5.83e-95
 3.69445e+13	2.38e-27	9.22e-20	4.92e-13	3.52e-07	8.69e-01	1.31e-01	2.36e-05	0.00e+00	0.00e+00	0.00e+00	0.00e+00	0.00e+00	6.99e-81
 3.84522e+13	3.27e-27	1.18e-19	5.84e-13	3.87e-07	8.78e-01	1.22e-01	2.02e-05	0.00e+00	0.00e+00	0.00e+00	0.00e+00	0.00e+00	4.37e-94
 3.99345e+13	4.41e-27	1.48e-19	6.87e-13	4.22e-07	8.86e-01	1.14e-01	1.74e-05	0.00e+00	0.00e+00	0.00e+00	0.00e+00	0.00e+00	3.53e-80
 4.13179e+13	5.77e-27	1.82e-19	7.95e-13	4.57e-07	8.93e-01	1.07e-01	1.52e-05	0.00e+00	0.00e+00	0.00e+00	0.00e+00	0.00e+00	2.67e-93
 4.25692e+13	7.30e-27	2.19e-19	9.02e-13	4.90e-07	8.99e-01	1.01e-01	1.35e-05	0.00e+00	0.00e+00	0.00e+00	0.00e+00	0.00e+00	1.34e-79
 4.39064e+13	9.33e-27	2.64e-19	1.03e-12	5.25e-07	9.05e-01	9.54e-02	1.20e-05	0.00e+00	0.00e+00	0.00e+00	0.00e+00	0.00e+00	1.24e-92
 4.55704e+13	1.25e-26	3.30e-19	1.20e-12	5.72e-07	9.11e-01	8.89e-02	1.03e-05	0.00e+00	0.00e+00	0.00e+00	0.00e+00	0.00e+00	5.57e-79
 4.72345e+13	1.66e-26	4.10e-19	1.40e-12	6.20e-07	9.17e-01	8.31e-02	8.98e-06	0.00e+00	0.00e+00	0.00e+00	0.00e+00	0.00e+00	7.86e-92
 4.86601e+13	2.10e-26	4.90e-19	1.58e-12	6.62e-07	9.21e-01	7.86e-02	7.99e-06	0.00e+00	0.00e+00	0.00e+00	0.00e+00	0.00e+00	2.21e-78
 5.02003e+13	2.68e-26	5.92e-19	1.80e-12	7.09e-07	9.26e-01	7.41e-02	7.07e-06	0.00e+00	0.00e+00	0.00e+00	0.00e+00	0.00e+00	3.68e-91
 5.21072e+13	3.60e-26	7.41e-19	2.11e-12	7.70e-07	9.31e-01	6.90e-02	6.10e-06	0.00e+00	0.00e+00	0.00e+00	0.00e+00	0.00e+00	9.38e-78
 5.40208e+13	4.79e-26	9.20e-19	2.45e-12	8.33e-07	9.36e-01	6.44e-02	5.29e-06	0.00e+00	0.00e+00	0.00e+00	0.00e+00	0.00e+00	2.37e-90
 5.56733e+13	6.07e-26	1.10e-18	2.77e-12	8.89e-07	9.39e-01	6.08e-02	4.70e-06	0.00e+00	0.00e+00	0.00e+00	0.00e+00	0.00e+00	3.82e-77
 5.74564e+13	7.79e-26	1.33e-18	3.15e-12	9.51e-07	9.43e-01	5.72e-02	4.15e-06	0.00e+00	0.00e+00	0.00e+00	0.00e+00	0.00e+00	1.14e-89
 5.96485e+13	1.05e-25	1.67e-18	3.68e-12	1.03e-06	9.47e-01	5.32e-02	3.57e-06	0.00e+00	0.00e+00	0.00e+00	0.00e+00	0.00e+00	1.65e-76
 6.18591e+13	1.39e-25	2.07e-18	4.27e-12	1.11e-06	9.50e-01	4.96e-02	3.10e-06	0.00e+00	0.00e+00	0.00e+00	0.00e+00	0.00e+00	3.59e-76
 6.38153e+13	1.79e-25	2.50e-18	4.85e-12	1.19e-06	9.53e-01	4.68e-02	2.74e-06	0.00e+00	0.00e+00	0.00e+00	0.00e+00	0.00e+00	7.02e-76
 6.59542e+13	2.32e-25	3.04e-18	5.55e-12	1.28e-06	9.56e-01	4.39e-02	2.40e-06	0.00e+00	0.00e+00	0.00e+00	0.00e+00	0.00e+00	1.42e-75
 6.85213e+13	3.13e-25	3.83e-18	6.48e-12	1.38e-06	9.59e-01	4.07e-02	2.07e-06	0.00e+00	0.00e+00	0.00e+00	0.00e+00	0.00e+00	3.21e-75
 7.10800e+13	4.19e-25	4.77e-18	7.53e-12	1.49e-06	9.62e-01	3.79e-02	1.79e-06	0.00e+00	0.00e+00	0.00e+00	0.00e+00	0.00e+00	7.07e-75
 7.34074e+13	5.40e-25	5.78e-18	8.57e-12	1.60e-06	9.64e-01	3.57e-02	1.57e-06	0.00e+00	0.00e+00	0.00e+00	0.00e+00	0.00e+00	1.42e-74
 7.59991e+13	7.11e-25	7.11e-18	9.87e-12	1.72e-06	9.67e-01	3.33e-02	1.37e-06	0.00e+00	0.00e+00	0.00e+00	0.00e+00	0.00e+00	2.99e-74
 7.90282e+13	9.69e-25	8.99e-18	1.16e-11	1.86e-06	9.69e-01	3.09e-02	1.18e-06	0.00e+00	0.00e+00	0.00e+00	0.00e+00	0.00e+00	6.93e-74
 8.20155e+13	1.30e-24	1.12e-17	1.34e-11	2.01e-06	9.71e-01	2.87e-02	1.02e-06	0.00e+00	0.00e+00	0.00e+00	0.00e+00	0.00e+00	1.55e-73
 8.48372e+13	1.70e-24	1.37e-17	1.54e-11	2.16e-06	9.73e-01	2.69e-02	8.89e-07	0.00e+00	0.00e+00	0.00e+00	0.00e+00	0.00e+00	3.22e-73
 8.79755e+13	2.27e-24	1.71e-17	1.78e-11	2.32e-06	9.75e-01	2.51e-02	0.00e+00	0.00e+00	0.00e+00	0.00e+00	0.00e+00	0.00e+00	7.06e-73
 9.15244e+13	3.10e-24	2.16e-17	2.09e-11	2.52e-06	9.77e-01	2.32e-02	0.00e+00	0.00e+00	0.00e+00	0.00e+00	0.00e+00	0.00e+00	1.66e-72
 9.50826e+13	4.20e-24	2.71e-17	2.43e-11	2.72e-06	9.78e-01	2.15e-02	0.00e+00	0.00e+00	0.00e+00	0.00e+00	0.00e+00	0.00e+00	3.79e-72
 9.87830e+13	5.68e-24	3.41e-17	2.84e-11	2.94e-06	9.80e-01	2.00e-02	0.00e+00	0.00e+00	0.00e+00	0.00e+00	0.00e+00	0.00e+00	8.66e-72
 1.02764e+14	7.77e-24	4.31e-17	3.33e-11	3.19e-06	9.82e-01	1.85e-02	0.00e+00	0.00e+00	0.00e+00	0.00e+00	0.00e+00	0.00e+00	2.04e-71
 1.06616e+14	1.04e-23	5.37e-17	3.86e-11	3.44e-06	9.83e-01	1.72e-02	0.00e+00	0.00e+00	0.00e+00	0.00e+00	1.72e-17	3.65e-17	4.51e-71
 1.10232e+14	1.35e-23	6.56e-17	4.41e-11	3.68e-06	9.84e-01	1.61e-02	0.00e+00	0.00e+00	0.00e+00	0.00e+00	2.18e-17	4.38e-17	9.29e-71
 1.14282e+14	1.80e-23	8.13e-17	5.10e-11	3.96e-06	9.85e-01	1.50e-02	0.00e+00	0.00e+00	0.00e+00	0.00e+00	2.70e-17	5.43e-17	2.03e-70
 1.18368e+14	2.38e-23	1.00e-16	5.87e-11	4.26e-06	9.86e-01	1.40e-02	0.00e+00	0.00e+00	0.00e+00	0.00e+00	3.33e-17	6.70e-17	4.32e-70
 1.21754e+14	2.97e-23	1.19e-16	6.58e-11	4.51e-06	9.87e-01	1.32e-02	0.00e+00	0.00e+00	0.00e+00	0.00e+00	3.94e-17	7.92e-17	7.95e-70
 1.25333e+14	3.74e-23	1.41e-16	7.39e-11	4.78e-06	9.88e-01	1.25e-02	0.00e+00	0.00e+00	0.00e+00	0.00e+00	4.68e-17	9.41e-17	1.48e-69
 1.29918e+14	4.96e-23	1.74e-16	8.54e-11	5.15e-06	9.88e-01	1.16e-02	0.00e+00	0.00e+00	0.00e+00	0.00e+00	5.79e-17	1.17e-16	3.22e-69
 1.34732e+14	6.61e-23	2.17e-16	9.89e-11	5.55e-06	9.89e-01	1.08e-02	0.00e+00	0.00e+00	0.00e+00	0.00e+00	7.19e-17	1.45e-16	7.03e-69
 1.38975e+14	8.44e-23	2.61e-16	1.12e-10	5.91e-06	9.90e-01	1.01e-02	0.00e+00	0.00e+00	0.00e+00	0.00e+00	8.65e-17	1.74e-16	1.39e-68
 1.43557e+14	1.09e-22	3.16e-16	1.28e-10	6.32e-06	9.91e-01	9.49e-03	0.00e+00	0.00e+00	0.00e+00	0.00e+00	1.05e-16	2.11e-16	2.75e-68
 1.49084e+14	1.47e-22	3.96e-16	1.49e-10	6.83e-06	9.91e-01	8.79e-03	0.00e+00	0.00e+00	0.00e+00	0.00e+00	1.31e-16	2.64e-16	6.18e-68
 1.54697e+14	1.96e-22	4.93e-16	1.73e-10	7.37e-06	9.92e-01	8.16e-03	0.00e+00	0.00e+00	0.00e+00	0.00e+00	1.64e-16	3.29e-16	1.36e-67
 1.59936e+14	2.55e-22	6.01e-16	1.97e-10	7.89e-06	9.92e-01	7.63e-03	0.00e+00	0.00e+00	0.00e+00	0.00e+00	1.99e-16	4.02e-16	2.78e-67
 1.65765e+14	3.37e-22	7.44e-16	2.28e-10	8.50e-06	9.93e-01	7.09e-03	0.00e+00	0.00e+00	0.00e+00	0.00e+00	2.47e-16	4.97e-16	5.97e-67
 1.71969e+14	4.51e-22	9.26e-16	2.65e-10	9.17e-06	9.93e-01	6.58e-03	0.00e+00	0.00e+00	0.00e+00	0.00e+00	3.07e-16	6.19e-16	1.31e-66
 1.77486e+14	5.77e-22	1.12e-15	3.01e-10	9.79e-06	9.94e-01	6.17e-03	0.00e+00	0.00e+00	0.00e+00	0.00e+00	3.70e-16	7.46e-16	2.57e-66
 1.83411e+14	7.47e-22	1.36e-15	3.44e-10	1.05e-05	9.94e-01	5.77e-03	0.00e+00	0.00e+00	0.00e+00	0.00e+00	4.50e-16	9.07e-16	5.17e-66
 1.90510e+14	1.01e-21	1.70e-15	4.01e-10	1.13e-05	9.95e-01	5.34e-03	0.00e+00	0.00e+00	0.00e+00	0.00e+00	5.64e-16	1.14e-15	1.16e-65
 1.97492e+14	1.33e-21	2.11e-15	4.64e-10	1.22e-05	9.95e-01	4.96e-03	0.00e+00	0.00e+00	0.00e+00	0.00e+00	6.99e-16	1.41e-15	2.49e-65
 2.03704e+14	1.70e-21	2.53e-15	5.26e-10	1.30e-05	9.95e-01	4.66e-03	0.00e+00	0.00e+00	0.00e+00	0.00e+00	8.40e-16	1.69e-15	4.82e-65
 2.10558e+14	2.20e-21	3.08e-15	6.02e-10	1.40e-05	9.96e-01	4.35e-03	0.00e+00	0.00e+00	0.00e+00	0.00e+00	1.02e-15	2.06e-15	9.74e-65
 2.18735e+14	2.97e-21	3.87e-15	7.03e-10	1.51e-05	9.96e-01	4.02e-03	0.00e+00	0.00e+00	0.00e+00	0.00e+00	1.28e-15	2.58e-15	2.19e-64
 2.26853e+14	3.95e-21	4.80e-15	8.15e-10	1.63e-05	9.96e-01	3.73e-03	0.00e+00	0.00e+00	0.00e+00	0.00e+00	1.59e-15	3.21e-15	4.74e-64
 2.34262e+14	5.07e-21	5.81e-15	9.29e-10	1.74e-05	9.96e-01	3.49e-03	0.00e+00	0.00e+00	0.00e+00	0.00e+00	1.93e-15	3.88e-15	9.41e-64
 2.42529e+14	6.65e-21	7.13e-15	1.07e-09	1.87e-05	9.97e-01	3.25e-03	0.00e+00	0.00e+00	0.00e+00	0.00e+00	2.36e-15	4.77e-15	1.96e-63
 2.52161e+14	9.01e-21	8.99e-15	1.25e-09	2.03e-05	9.97e-01	3.00e-03	0.00e+00	0.00e+00	0.00e+00	0.00e+00	2.98e-15	6.01e-15	4.48e-63
 2.61627e+14	1.20e-20	1.12e-14	1.45e-09	2.19e-05	9.97e-01	2.78e-03	0.00e+00	0.00e+00	0.00e+00	0.00e+00	3.71e-15	7.47e-15	9.83e-63
 2.70561e+14	1.56e-20	1.36e-14	1.66e-09	2.35e-05	9.97e-01	2.60e-03	0.00e+00	0.00e+00	0.00e+00	0.00e+00	4.52e-15	9.12e-15	2.01e-62
 2.80504e+14	2.07e-20	1.69e-14	1.93e-09	2.53e-05	9.98e-01	2.41e-03	0.00e+00	0.00e+00	0.00e+00	0.00e+00	5.60e-15	1.13e-14	4.32e-62
 2.91754e+14	2.81e-20	2.13e-14	2.26e-09	2.75e-05	9.98e-01	2.22e-03	0.00e+00	0.00e+00	0.00e+00	0.00e+00	7.06e-15	1.43e-14	9.94e-62
 3.03012e+14	3.79e-20	2.67e-14	2.63e-09	2.97e-05	9.98e-01	2.06e-03	0.00e+00	0.00e+00	0.00e+00	0.00e+00	8.84e-15	1.78e-14	2.24e-61
 3.13570e+14	4.95e-20	3.27e-14	3.02e-09	3.19e-05	9.98e-01	1.92e-03	0.00e+00	0.00e+00	0.00e+00	0.00e+00	1.08e-14	2.19e-14	4.64e-61
 3.24992e+14	6.54e-20	4.04e-14	3.49e-09	3.43e-05	9.98e-01	1.78e-03	0.00e+00	0.00e+00	0.00e+00	0.00e+00	1.34e-14	2.70e-14	9.95e-61
 3.37758e+14	8.84e-20	5.07e-14	4.08e-09	3.72e-05	9.98e-01	1.65e-03	0.00e+00	0.00e+00	0.00e+00	0.00e+00	1.68e-14	3.39e-14	2.26e-60
 3.49690e+14	1.16e-19	6.23e-14	4.69e-09	3.99e-05	9.98e-01	1.54e-03	0.00e+00	0.00e+00	0.00e+00	0.00e+00	2.06e-14	4.17e-14	4.77e-60
 3.60749e+14	1.48e-19	7.49e-14	5.31e-09	4.25e-05	9.99e-01	1.44e-03	0.00e+00	0.00e+00	0.00e+00	0.00e+00	2.48e-14	5.01e-14	9.27e-60
 3.71410e+14	1.86e-19	8.90e-14	5.97e-09	4.52e-05	9.99e-01	1.36e-03	0.00e+00	0.00e+00	0.00e+00	0.00e+00	2.95e-14	5.96e-14	1.73e-59
 3.83269e+14	2.38e-19	1.07e-13	6.78e-09	4.82e-05	9.99e-01	1.27e-03	0.00e+00	0.00e+00	0.00e+00	0.00e+00	3.55e-14	7.18e-14	3.39e-59
 3.96392e+14	3.10e-19	1.31e-13	7.76e-09	5.16e-05	9.99e-01	1.19e-03	0.00e+00	0.00e+00	0.00e+00	0.00e+00	4.33e-14	8.76e-14	6.99e-59
 4.08610e+14	3.93e-19	1.57e-13	8.77e-09	5.49e-05	9.99e-01	1.12e-03	0.00e+00	0.00e+00	0.00e+00	0.00e+00	5.18e-14	1.05e-13	1.34e-58
 4.21948e+14	5.06e-19	1.90e-13	9.97e-09	5.86e-05	9.99e-01	1.05e-03	0.00e+00	0.00e+00	0.00e+00	0.00e+00	6.27e-14	1.27e-13	2.68e-58
 4.36968e+14	6.65e-19	2.33e-13	1.15e-08	6.30e-05	9.99e-01	9.73e-04	0.00e+00	0.00e+00	0.00e+00	0.00e+00	7.71e-14	1.56e-13	5.67e-58
 4.51266e+14	8.57e-19	2.83e-13	1.31e-08	6.72e-05	9.99e-01	9.12e-04	0.00e+00	0.00e+00	0.00e+00	0.00e+00	9.33e-14	1.89e-13	1.14e-57
 4.66943e+14	1.12e-18	3.46e-13	1.50e-08	7.21e-05	9.99e-01	8.50e-04	0.00e+00	0.00e+00	0.00e+00	0.00e+00	1.14e-13	2.32e-13	2.36e-57
 4.84216e+14	1.49e-18	4.29e-13	1.73e-08	7.76e-05	9.99e-01	7.89e-04	0.00e+00	0.00e+00	0.00e+00	0.00e+00	1.42e-13	2.88e-13	5.20e-57
 5.00089e+14	1.92e-18	5.20e-13	1.98e-08	8.30e-05	9.99e-01	7.39e-04	0.00e+00	0.00e+00	0.00e+00	0.00e+00	1.72e-13	3.48e-13	1.04e-56
 5.17251e+14	2.50e-18	6.35e-13	2.26e-08	8.88e-05	9.99e-01	6.90e-04	0.00e+00	0.00e+00	0.00e+00	0.00e+00	2.10e-13	4.26e-13	2.16e-56
 5.36471e+14	3.33e-18	7.88e-13	2.62e-08	9.58e-05	9.99e-01	6.40e-04	0.00e+00	0.00e+00	0.00e+00	0.00e+00	2.60e-13	5.28e-13	4.72e-56
 5.54578e+14	4.32e-18	9.60e-13	2.99e-08	1.02e-04	9.99e-01	5.98e-04	0.00e+00	0.00e+00	0.00e+00	0.00e+00	3.17e-13	6.44e-13	9.68e-56
 5.74325e+14	5.68e-18	1.18e-12	3.44e-08	1.10e-04	9.99e-01	5.57e-04	0.00e+00	0.00e+00	0.00e+00	0.00e+00	3.89e-13	7.92e-13	2.05e-55
 5.96259e+14	7.62e-18	1.47e-12	4.00e-08	1.19e-04	9.99e-01	5.15e-04	0.00e+00	0.00e+00	0.00e+00	0.00e+00	4.86e-13	9.88e-13	4.59e-55
 6.16716e+14	9.91e-18	1.80e-12	4.58e-08	1.27e-04	9.99e-01	4.81e-04	0.00e+00	0.00e+00	0.00e+00	0.00e+00	5.93e-13	1.21e-12	9.49e-55
 6.38942e+14	1.31e-17	2.22e-12	5.28e-08	1.37e-04	9.99e-01	4.47e-04	0.00e+00	0.00e+00	0.00e+00	0.00e+00	7.30e-13	1.49e-12	2.03e-54
 6.63826e+14	1.76e-17	2.78e-12	6.16e-08	1.48e-04	9.99e-01	4.13e-04	0.00e+00	0.00e+00	0.00e+00	0.00e+00	9.15e-13	1.86e-12	4.61e-54
 6.87429e+14	2.31e-17	3.42e-12	7.09e-08	1.59e-04	9.99e-01	3.84e-04	0.00e+00	0.00e+00	0.00e+00	0.00e+00	1.12e-12	2.29e-12	9.73e-54
 7.12680e+14	3.05e-17	4.22e-12	8.20e-08	1.72e-04	9.99e-01	3.56e-04	0.00e+00	0.00e+00	0.00e+00	0.00e+00	1.39e-12	2.83e-12	2.10e-53
 7.41217e+14	4.13e-17	5.32e-12	9.62e-08	1.86e-04	9.99e-01	3.28e-04	0.00e+00	0.00e+00	0.00e+00	0.00e+00	1.75e-12	3.57e-12	4.85e-53
 7.69313e+14	5.49e-17	6.62e-12	1.12e-07	2.01e-04	9.99e-01	3.04e-04	0.00e+00	4.52e-18	1.36e-17	2.27e-17	2.17e-12	4.44e-12	1.07e-52
 7.98532e+14	7.31e-17	8.23e-12	1.30e-07	2.18e-04	1.00e+00	2.81e-04	0.00e+00	6.02e-18	1.81e-17	3.02e-17	2.70e-12	5.53e-12	2.36e-52
 8.30503e+14	9.86e-17	1.04e-11	1.52e-07	2.36e-04	1.00e+00	2.58e-04	0.00e+00	8.12e-18	2.44e-17	4.08e-17	3.40e-12	6.96e-12	5.40e-52
 8.62070e+14	1.31e-16	1.29e-11	1.77e-07	2.56e-04	1.00e+00	2.39e-04	0.00e+00	1.08e-17	3.24e-17	5.41e-17	4.22e-12	8.65e-12	1.18e-51
 8.88300e+14	1.64e-16	1.53e-11	2.00e-07	2.73e-04	1.00e+00	2.24e-04	0.00e+00	1.36e-17	4.07e-17	6.80e-17	5.03e-12	1.03e-11	2.23e-51
 9.09486e+14	1.96e-16	1.76e-11	2.20e-07	2.87e-04	9.99e-01	2.13e-04	0.00e+00	1.62e-17	4.86e-17	8.12e-17	5.76e-12	1.18e-11	3.64e-51
 9.33002e+14	2.38e-16	2.04e-11	2.44e-07	3.03e-04	9.99e-01	2.02e-04	0.00e+00	1.96e-17	5.88e-17	9.83e-17	6.67e-12	1.37e-11	6.20e-51
 9.63572e+14	3.02e-16	2.45e-11	2.79e-07	3.25e-04	9.99e-01	1.88e-04	0.00e+00	2.49e-17	7.48e-17	1.25e-16	8.03e-12	1.65e-11	1.21e-50
 9.96331e+14	3.87e-16	2.98e-11	3.20e-07	3.50e-04	9.99e-01	1.75e-04	0.00e+00	3.20e-17	9.61e-17	1.61e-16	9.74e-12	2.00e-11	2.42e-50
 1.02540e+15	4.79e-16	3.51e-11	3.59e-07	3.72e-04	9.99e-01	1.64e-04	0.00e+00	3.96e-17	1.19e-16	1.99e-16	1.15e-11	2.36e-11	4.40e-50
 1.05664e+15	5.97e-16	4.17e-11	4.07e-07	3.98e-04	9.99e-01	1.54e-04	0.00e+00	4.94e-17	1.48e-16	2.48e-16	1.36e-11	2.80e-11	8.14e-50
 1.09580e+15	7.80e-16	5.13e-11	4.72e-07	4.31e-04	9.99e-01	1.42e-04	0.00e+00	6.45e-17	1.94e-16	3.24e-16	1.68e-11	3.45e-11	1.73e-49
 1.13554e+15	1.01e-15	6.29e-11	5.46e-07	4.66e-04	9.99e-01	1.31e-04	0.00e+00	8.37e-17	2.51e-16	4.20e-16	2.06e-11	4.23e-11	3.58e-49
 1.16998e+15	1.25e-15	7.45e-11	6.17e-07	4.98e-04	9.99e-01	1.23e-04	0.00e+00	1.04e-16	3.12e-16	5.22e-16	2.44e-11	5.01e-11	6.62e-49
 1.20723e+15	1.56e-15	8.88e-11	7.02e-07	5.35e-04	9.99e-01	1.15e-04	0.00e+00	1.30e-16	3.89e-16	6.51e-16	2.90e-11	5.97e-11	1.24e-48
 1.25287e+15	2.04e-15	1.10e-10	8.17e-07	5.81e-04	9.99e-01	1.06e-04	0.00e+00	1.69e-16	5.09e-16	8.50e-16	3.58e-11	7.37e-11	2.66e-48
 1.29896e+15	2.63e-15	1.34e-10	9.47e-07	6.30e-04	9.99e-01	9.75e-05	0.00e+00	2.19e-16	6.57e-16	1.10e-15	4.38e-11	9.03e-11	5.53e-48
 1.33995e+15	3.27e-15	1.59e-10	1.08e-06	6.76e-04	9.99e-01	9.10e-05	0.00e+00	2.72e-16	8.17e-16	1.36e-15	5.21e-11	1.07e-10	1.03e-47
 1.38475e+15	4.11e-15	1.91e-10	1.23e-06	7.29e-04	9.99e-01	8.45e-05	0.00e+00	3.42e-16	1.03e-15	1.72e-15	6.25e-11	1.29e-10	2.01e-47
 1.43829e+15	5.34e-15	2.36e-10	1.44e-06	7.94e-04	9.99e-01	7.76e-05	0.00e+00	4.45e-16	1.34e-15	2.23e-15	7.71e-11	1.59e-10	4.34e-47
 1.49126e+15	6.84e-15	2.88e-10	1.67e-06	8.62e-04	9.99e-01	7.15e-05	0.00e+00	5.71e-16	1.71e-15	2.86e-15	9.41e-11	1.94e-10	9.00e-47
 1.53912e+15	8.47e-15	3.42e-10	1.89e-06	9.27e-04	9.99e-01	6.66e-05	0.00e+00	7.08e-16	2.13e-15	3.55e-15	1.12e-10	2.30e-10	1.70e-46
 1.59225e+15	1.07e-14	4.12e-10	2.17e-06	1.00e-03	9.99e-01	6.17e-05	0.00e+00	8.91e-16	2.68e-15	4.47e-15	1.35e-10	2.77e-10	3.38e-46
 1.65474e+15	1.38e-14	5.08e-10	2.54e-06	1.09e-03	9.99e-01	5.66e-05	0.00e+00	1.16e-15	3.47e-15	5.80e-15	1.66e-10	3.42e-10	7.36e-46
 1.71635e+15	1.71e-14	6.19e-10	2.95e-06	1.19e-03	9.99e-01	5.21e-05	0.00e+00	1.43e-15	4.29e-15	7.18e-15	2.03e-10	4.17e-10	1.52e-45
 1.77359e+15	2.11e-14	7.40e-10	3.37e-06	1.28e-03	9.99e-01	4.83e-05	0.00e+00	1.77e-15	5.32e-15	8.89e-15	2.42e-10	4.98e-10	2.95e-45
 1.83774e+15	2.66e-14	8.96e-10	3.89e-06	1.39e-03	9.99e-01	4.46e-05	0.00e+00	2.23e-15	6.71e-15	1.12e-14	2.93e-10	6.03e-10	6.08e-45
 1.91128e+15	3.42e-14	1.11e-09	4.56e-06	1.52e-03	9.98e-01	4.08e-05	0.00e+00	2.88e-15	8.64e-15	1.44e-14	3.62e-10	7.45e-10	1.35e-44
 1.98372e+15	4.33e-14	1.35e-09	5.30e-06	1.66e-03	9.98e-01	3.75e-05	0.00e+00	3.65e-15	1.09e-14	1.83e-14	4.43e-10	9.10e-10	2.88e-44
 2.05906e+15	5.47e-14	1.65e-09	6.15e-06	1.81e-03	9.98e-01	3.45e-05	0.00e+00	4.62e-15	1.39e-14	2.32e-14	5.41e-10	1.11e-09	6.17e-44
 2.12765e+15	6.70e-14	1.97e-09	7.02e-06	1.95e-03	9.98e-01	3.21e-05	0.00e+00	5.67e-15	1.70e-14	2.84e-14	6.45e-10	1.32e-09	1.20e-43
 2.17885e+15	7.76e-14	2.24e-09	7.72e-06	2.06e-03	9.98e-01	3.04e-05	0.00e+00	6.57e-15	1.97e-14	3.29e-14	7.32e-10	1.50e-09	1.96e-43
 2.23175e+15	9.01e-14	2.54e-09	8.50e-06	2.18e-03	9.98e-01	2.88e-05	0.00e+00	7.63e-15	2.29e-14	3.83e-14	8.33e-10	1.71e-09	3.20e-43
 2.30052e+15	1.09e-13	2.99e-09	9.61e-06	2.33e-03	9.98e-01	2.69e-05	0.00e+00	9.23e-15	2.77e-14	4.63e-14	9.81e-10	2.01e-09	5.98e-43
 2.37525e+15	1.32e-13	3.55e-09	1.09e-05	2.51e-03	9.97e-01	2.51e-05	0.00e+00	1.12e-14	3.37e-14	5.63e-14	1.16e-09	2.39e-09	1.17e-42
 2.44288e+15	1.57e-13	4.12e-09	1.22e-05	2.68e-03	9.97e-01	2.35e-05	0.00e+00	1.33e-14	4.00e-14	6.68e-14	1.35e-09	2.77e-09	2.09e-42
 2.51595e+15	1.88e-13	4.83e-09	1.37e-05	2.86e-03	9.97e-01	2.21e-05	0.00e+00	1.60e-14	4.79e-14	8.00e-14	1.58e-09	3.25e-09	3.89e-42
 2.60840e+15	2.33e-13	5.87e-09	1.59e-05	3.11e-03	9.97e-01	2.04e-05	0.00e+00	1.99e-14	5.97e-14	9.97e-14	1.93e-09	3.94e-09	8.42e-42
 2.70132e+15	2.87e-13	7.08e-09	1.83e-05	3.37e-03	9.97e-01	1.89e-05	0.00e+00	2.45e-14	7.35e-14	1.23e-13	2.32e-09	4.76e-09	1.77e-41
 2.77946e+15	3.40e-13	8.25e-09	2.05e-05	3.60e-03	9.96e-01	1.77e-05	0.00e+00	2.90e-14	8.71e-14	1.46e-13	2.71e-09	5.54e-09	3.19e-41
 2.86314e+15	4.06e-13	9.68e-09	2.30e-05	3.85e-03	9.96e-01	1.66e-05	0.00e+00	3.47e-14	1.04e-13	1.74e-13	3.18e-09	6.50e-09	6.02e-41
 2.96866e+15	5.02e-13	1.18e-08	2.66e-05	4.18e-03	9.96e-01	1.54e-05	0.00e+00	4.30e-14	1.29e-13	2.15e-13	3.87e-09	7.91e-09	1.30e-40
 3.07926e+15	6.20e-13	1.43e-08	3.08e-05	4.55e-03	9.95e-01	1.42e-05	0.00e+00	5.32e-14	1.60e-13	2.67e-13	4.71e-09	9.63e-09	2.85e-40
 3.17893e+15	7.47e-13	1.70e-08	3.49e-05	4.89e-03	9.95e-01	1.33e-05	0.00e+00	6.42e-14	1.93e-13	3.22e-13	5.59e-09	1.14e-08	5.60e-40
 3.28769e+15	9.10e-13	2.04e-08	4.00e-05	5.28e-03	9.95e-01	1.24e-05	0.00e+00	7.83e-14	2.35e-13	3.92e-13	6.72e-09	1.37e-08	1.15e-39
 3.41617e+15	1.13e-12	2.52e-08	4.66e-05	5.76e-03	9.94e-01	1.15e-05	0.00e+00	9.75e-14	2.93e-13	4.89e-13	8.29e-09	1.69e-08	2.63e-39
 3.54194e+15	1.39e-12	3.07e-08	5.38e-05	6.25e-03	9.94e-01	1.07e-05	0.00e+00	1.20e-13	3.59e-13	6.00e-13	1.01e-08	2.06e-08	5.67e-39
 3.65663e+15	1.66e-12	3.65e-08	6.11e-05	6.72e-03	9.93e-01	1.00e-05	0.00e+00	1.44e-13	4.31e-13	7.19e-13	1.20e-08	2.45e-08	1.12e-38
 3.78524e+15	2.04e-12	4.40e-08	7.01e-05	7.27e-03	9.93e-01	9.33e-06	0.00e+00	1.76e-13	5.29e-13	8.84e-13	1.45e-08	2.95e-08	2.34e-38
 3.93511e+15	2.53e-12	5.45e-08	8.19e-05	7.94e-03	9.92e-01	8.65e-06	0.00e+00	2.19e-13	6.57e-13	1.10e-12	1.80e-08	3.66e-08	5.31e-38
 4.08204e+15	3.13e-12	6.66e-08	9.47e-05	8.62e-03	9.91e-01	8.06e-06	0.00e+00	2.71e-13	8.13e-13	1.36e-12	2.19e-08	4.46e-08	1.14e-37
 4.22071e+15	3.77e-12	8.01e-08	1.08e-04	9.30e-03	9.91e-01	7.58e-06	0.00e+00	3.27e-13	9.82e-13	1.64e-12	2.64e-08	5.37e-08	2.31e-37
 4.37543e+15	4.62e-12	9.76e-08	1.25e-04	1.01e-02	9.90e-01	7.10e-06	0.00e+00	4.01e-13	1.20e-12	2.01e-12	3.22e-08	6.54e-08	4.96e-37
 4.52252e+15	5.54e-12	1.17e-07	1.43e-04	1.09e-02	9.89e-01	6.70e-06	0.00e+00	4.81e-13	1.44e-12	2.41e-12	3.86e-08	7.85e-08	9.77e-37
 4.63220e+15	6.27e-12	1.34e-07	1.57e-04	1.15e-02	9.88e-01	6.44e-06	0.00e+00	5.45e-13	1.64e-12	2.73e-12	4.41e-08	8.95e-08	1.61e-36
 4.74348e+15	7.21e-12	1.52e-07	1.73e-04	1.21e-02	9.88e-01	6.18e-06	0.00e+00	6.28e-13	1.88e-12	3.15e-12	5.03e-08	1.02e-07	2.64e-36
 4.88814e+15	8.62e-12	1.80e-07	1.95e-04	1.30e-02	9.87e-01	5.87e-06	0.00e+00	7.52e-13	2.26e-12	3.76e-12	5.94e-08	1.21e-07	4.93e-36
 5.04511e+15	1.03e-11	2.14e-07	2.21e-04	1.39e-02	9.86e-01	5.57e-06	0.00e+00	9.01e-13	2.70e-12	4.51e-12	7.07e-08	1.43e-07	9.38e-36
 5.18619e+15	1.21e-11	2.50e-07	2.47e-04	1.48e-02	9.85e-01	5.34e-06	0.00e+00	1.06e-12	3.17e-12	5.29e-12	8.25e-08	1.67e-07	1.64e-35
 5.33771e+15	1.43e-11	2.94e-07	2.77e-04	1.58e-02	9.84e-01	5.11e-06	0.00e+00	1.25e-12	3.76e-12	6.27e-12	9.70e-08	1.97e-07	3.00e-35
 5.53184e+15	1.77e-11	3.60e-07	3.21e-04	1.72e-02	9.83e-01	4.85e-06	0.00e+00	1.55e-12	4.65e-12	7.77e-12	1.19e-07	2.41e-07	6.28e-35
 5.72743e+15	2.16e-11	4.37e-07	3.69e-04	1.86e-02	9.81e-01	4.62e-06	0.00e+00	1.89e-12	5.67e-12	9.46e-12	1.44e-07	2.92e-07	1.27e-34
 5.88858e+15	2.53e-11	5.10e-07	4.12e-04	1.98e-02	9.80e-01	4.45e-06	0.00e+00	2.22e-12	6.67e-12	1.11e-11	1.69e-07	3.42e-07	2.20e-34
 6.05888e+15	3.03e-11	6.00e-07	4.63e-04	2.11e-02	9.78e-01	4.29e-06	0.00e+00	2.66e-12	7.97e-12	1.33e-11	1.99e-07	4.02e-07	3.96e-34
 6.27826e+15	3.76e-11	7.35e-07	5.35e-04	2.29e-02	9.77e-01	4.08e-06	0.00e+00	3.30e-12	9.91e-12	1.65e-11	2.43e-07	4.92e-07	8.15e-34
 6.50690e+15	4.65e-11	9.00e-07	6.19e-04	2.49e-02	9.75e-01	3.91e-06	0.00e+00	4.10e-12	1.23e-11	2.05e-11	2.98e-07	6.02e-07	1.65e-33
 6.70487e+15	5.59e-11	1.07e-06	7.00e-04	2.66e-02	9.73e-01	3.79e-06	0.00e+00	4.93e-12	1.48e-11	2.47e-11	3.53e-07	7.14e-07	2.97e-33
 6.91748e+15	6.80e-11	1.28e-06	7.96e-04	2.86e-02	9.71e-01	3.66e-06	0.00e+00	6.00e-12	1.80e-11	3.00e-11	4.23e-07	8.56e-07	5.57e-33
 7.17843e+15	8.59e-11	1.58e-06	9.28e-04	3.12e-02	9.68e-01	3.52e-06	0.00e+00	7.59e-12	2.28e-11	3.80e-11	5.24e-07	1.06e-06	1.14e-32
 7.43555e+15	1.06e-10	1.93e-06	1.07e-03	3.38e-02	9.65e-01	3.39e-06	0.00e+00	9.37e-12	2.81e-11	4.69e-11	6.40e-07	1.29e-06	2.22e-32
 7.65617e+15	1.28e-10	2.29e-06	1.21e-03	3.62e-02	9.63e-01	3.31e-06	0.00e+00	1.13e-11	3.39e-11	5.65e-11	7.57e-07	1.53e-06	3.89e-32
 7.89600e+15	1.57e-10	2.74e-06	1.38e-03	3.90e-02	9.60e-01	3.22e-06	0.00e+00	1.39e-11	4.16e-11	6.94e-11	9.08e-07	1.83e-06	7.12e-32
 8.16254e+15	1.92e-10	3.32e-06	1.58e-03	4.21e-02	9.56e-01	3.12e-06	0.00e+00	1.70e-11	5.11e-11	8.52e-11	1.10e-06	2.22e-06	1.34e-31
 8.41258e+15	2.33e-10	3.95e-06	1.79e-03	4.53e-02	9.53e-01	3.04e-06	0.00e+00	2.07e-11	6.20e-11	1.03e-10	1.31e-06	2.64e-06	2.35e-31
 8.63045e+15	2.77e-10	4.58e-06	2.00e-03	4.81e-02	9.50e-01	2.99e-06	0.00e+00	2.46e-11	7.37e-11	1.23e-10	1.52e-06	3.06e-06	3.75e-31
 8.85770e+15	3.25e-10	5.35e-06	2.23e-03	5.12e-02	9.47e-01	2.92e-06	0.00e+00	2.89e-11	8.68e-11	1.45e-10	1.77e-06	3.57e-06	6.22e-31
 9.10779e+15	3.94e-10	6.30e-06	2.52e-03	5.48e-02	9.43e-01	2.87e-06	0.00e+00	3.50e-11	1.05e-10	1.75e-10	2.09e-06	4.21e-06	1.04e-30
 9.34077e+15	4.63e-10	7.30e-06	2.81e-03	5.83e-02	9.39e-01	2.81e-06	0.00e+00	4.13e-11	1.24e-10	2.06e-10	2.42e-06	4.88e-06	1.64e-30
 9.59688e+15	5.61e-10	8.61e-06	3.16e-03	6.24e-02	9.34e-01	2.77e-06	0.00e+00	5.01e-11	1.50e-10	2.50e-10	2.86e-06	5.75e-06	2.77e-30
 9.87419e+15	6.75e-10	1.02e-05	3.58e-03	6.69e-02	9.30e-01	2.71e-06	0.00e+00	6.03e-11	1.81e-10	3.02e-10	3.38e-06	6.80e-06	4.61e-30
 1.01307e+16	8.04e-10	1.19e-05	4.01e-03	7.13e-02	9.25e-01	2.66e-06	0.00e+00	7.18e-11	2.15e-10	3.59e-10	3.94e-06	7.93e-06	7.34e-30
 1.04157e+16	9.92e-10	1.41e-05	4.56e-03	7.65e-02	9.19e-01	2.62e-06	0.00e+00	8.88e-11	2.66e-10	4.44e-10	4.69e-06	9.44e-06	1.25e-29
 1.07240e+16	1.21e-09	1.69e-05	5.20e-03	8.25e-02	9.12e-01	2.58e-06	0.00e+00	1.08e-10	3.25e-10	5.43e-10	5.60e-06	1.13e-05	2.10e-29
 1.10094e+16	1.47e-09	1.98e-05	5.87e-03	8.82e-02	9.06e-01	2.54e-06	0.00e+00	1.32e-10	3.95e-10	6.58e-10	6.58e-06	1.32e-05	3.36e-29
 1.12811e+16	1.73e-09	2.30e-05	6.58e-03	9.39e-02	8.99e-01	2.50e-06	0.00e+00	1.56e-10	4.67e-10	7.79e-10	7.65e-06	1.54e-05	5.21e-29
 1.15883e+16	2.15e-09	2.75e-05	7.51e-03	1.01e-01	8.91e-01	2.47e-06	0.00e+00	1.93e-10	5.80e-10	9.68e-10	9.14e-06	1.84e-05	8.78e-29
 1.19173e+16	2.65e-09	3.28e-05	8.60e-03	1.09e-01	8.82e-01	2.43e-06	0.00e+00	2.38e-10	7.15e-10	1.19e-09	1.09e-05	2.19e-05	1.45e-28
 1.22075e+16	3.18e-09	3.83e-05	9.68e-03	1.16e-01	8.74e-01	2.41e-06	0.00e+00	2.86e-10	8.59e-10	1.43e-09	1.27e-05	2.56e-05	2.22e-28
 1.25179e+16	3.89e-09	4.55e-05	1.10e-02	1.25e-01	8.64e-01	2.37e-06	0.00e+00	3.51e-10	1.05e-09	1.75e-09	1.51e-05	3.04e-05	3.63e-28
 1.28567e+16	4.85e-09	5.46e-05	1.27e-02	1.35e-01	8.53e-01	2.34e-06	0.00e+00	4.38e-10	1.31e-09	2.19e-09	1.81e-05	3.64e-05	6.00e-28
 1.31609e+16	5.88e-09	6.40e-05	1.43e-02	1.44e-01	8.42e-01	2.32e-06	0.00e+00	5.32e-10	1.60e-09	2.66e-09	2.13e-05	4.27e-05	9.21e-28
 1.34276e+16	7.00e-09	7.37e-05	1.60e-02	1.52e-01	8.32e-01	2.30e-06	0.00e+00	6.34e-10	1.90e-09	3.17e-09	2.45e-05	4.92e-05	1.34e-27
 1.37167e+16	8.43e-09	8.65e-05	1.81e-02	1.62e-01	8.19e-01	2.27e-06	0.00e+00	7.63e-10	2.29e-09	3.82e-09	2.88e-05	5.77e-05	2.09e-27
 1.40299e+16	1.05e-08	1.02e-04	2.06e-02	1.74e-01	8.05e-01	2.26e-06	0.00e+00	9.49e-10	2.85e-09	4.74e-09	3.41e-05	6.83e-05	3.29e-27
 1.43066e+16	1.24e-08	1.18e-04	2.32e-02	1.84e-01	7.92e-01	2.24e-06	0.00e+00	1.12e-09	3.37e-09	5.62e-09	3.94e-05	7.90e-05	4.76e-27
 1.45563e+16	1.46e-08	1.36e-04	2.58e-02	1.95e-01	7.79e-01	2.23e-06	0.00e+00	1.33e-09	3.98e-09	6.64e-09	4.52e-05	9.05e-05	6.86e-27
 1.48391e+16	1.79e-08	1.60e-04	2.93e-02	2.07e-01	7.63e-01	2.21e-06	0.00e+00	1.63e-09	4.88e-09	8.14e-09	5.32e-05	1.07e-04	1.07e-26
 1.51396e+16	2.23e-08	1.89e-04	3.34e-02	2.21e-01	7.45e-01	2.22e-06	0.00e+00	2.03e-09	6.10e-09	1.02e-08	6.30e-05	1.26e-04	1.68e-26
 1.53967e+16	2.68e-08	2.19e-04	3.75e-02	2.34e-01	7.28e-01	2.21e-06	0.00e+00	2.44e-09	7.32e-09	1.22e-08	7.28e-05	1.46e-04	2.44e-26
 1.56280e+16	3.17e-08	2.50e-04	4.17e-02	2.46e-01	7.12e-01	2.21e-06	0.00e+00	2.89e-09	8.68e-09	1.45e-08	8.34e-05	1.67e-04	3.50e-26
 1.58920e+16	3.85e-08	2.94e-04	4.72e-02	2.61e-01	6.91e-01	2.20e-06	0.00e+00	3.51e-09	1.05e-08	1.75e-08	9.78e-05	1.96e-04	5.35e-26
 1.61734e+16	4.82e-08	3.50e-04	5.41e-02	2.78e-01	6.68e-01	2.22e-06	0.00e+00	4.40e-09	1.32e-08	2.20e-08	1.16e-04	2.33e-04	8.61e-26
 1.64117e+16	5.80e-08	4.04e-04	6.07e-02	2.93e-01	6.46e-01	2.24e-06	0.00e+00	5.30e-09	1.59e-08	2.65e-08	1.35e-04	2.70e-04	1.26e-25
 1.66193e+16	6.89e-08	4.62e-04	6.74e-02	3.06e-01	6.26e-01	2.25e-06	0.00e+00	6.30e-09	1.89e-08	3.15e-08	1.54e-04	3.08e-04	1.79e-25
 1.68528e+16	8.31e-08	5.38e-04	7.60e-02	3.23e-01	6.01e-01	2.24e-06	0.00e+00	7.61e-09	2.28e-08	3.80e-08	1.79e-04	3.59e-04	2.71e-25
 1.71021e+16	1.04e-07	6.40e-04	8.68e-02	3.41e-01	5.71e-01	2.28e-06	0.00e+00	9.54e-09	2.86e-08	4.77e-08	2.13e-04	4.27e-04	4.43e-25
 1.73110e+16	1.25e-07	7.37e-04	9.70e-02	3.57e-01	5.45e-01	2.32e-06	6.12e-12	1.15e-08	3.43e-08	5.72e-08	2.45e-04	4.91e-04	6.51e-25
 1.74884e+16	1.47e-07	8.35e-04	1.07e-01	3.71e-01	5.21e-01	2.34e-06	0.00e+00	1.35e-08	4.04e-08	6.73e-08	2.78e-04	5.57e-04	9.19e-25
 1.76855e+16	1.77e-07	9.46e-04	1.19e-01	3.87e-01	4.93e-01	2.34e-06	6.95e-12	1.63e-08	4.88e-08	8.13e-08	3.15e-04	6.31e-04	1.29e-24
 1.79002e+16	2.18e-07	1.11e-03	1.34e-01	4.05e-01	4.60e-01	2.35e-06	0.00e+00	2.01e-08	6.01e-08	1.00e-07	3.69e-04	7.38e-04	2.00e-24
 1.80838e+16	2.65e-07	1.31e-03	1.50e-01	4.21e-01	4.27e-01	2.46e-06	0.00e+00	2.43e-08	7.30e-08	1.22e-07	4.35e-04	8.71e-04	3.41e-24
