#depth	O	O+	O+2	O+3	O+4	O+5	O+6	O+7	O+8	O[1]	O[2]	O[3]
 1.49634e+10	0.00e+00	6.97e-45	1.94e-34	5.06e-25	1.94e-16	1.01e-08	1.00e+00	9.89e-07	0.00e+00	0.00e+00	0.00e+00	0.00e+00
 4.54887e+10	0.00e+00	0.00e+00	2.66e-34	6.42e-25	2.28e-16	1.09e-08	1.00e+00	0.00e+00	0.00e+00	0.00e+00	0.00e+00	0.00e+00
 7.72350e+10	0.00e+00	1.54e-44	3.66e-34	8.15e-25	2.67e-16	1.18e-08	1.00e+00	0.00e+00	0.00e+00	0.00e+00	0.00e+00	0.00e+00
 1.10251e+11	0.00e+00	0.00e+00	5.02e-34	1.03e-24	3.13e-16	1.28e-08	1.00e+00	0.00e+00	0.00e+00	0.00e+00	0.00e+00	0.00e+00
 1.41682e+11	0.00e+00	3.30e-44	6.73e-34	1.29e-24	3.63e-16	1.38e-08	1.00e+00	0.00e+00	0.00e+00	0.00e+00	0.00e+00	0.00e+00
 1.70477e+11	0.00e+00	0.00e+00	8.71e-34	1.56e-24	4.13e-16	1.47e-08	1.00e+00	0.00e+00	0.00e+00	0.00e+00	0.00e+00	0.00e+00
 2.03128e+11	0.00e+00	6.50e-44	1.16e-33	1.94e-24	4.77e-16	1.58e-08	1.00e+00	0.00e+00	0.00e+00	0.00e+00	0.00e+00	0.00e+00
 2.40978e+11	0.00e+00	0.00e+00	1.59e-33	2.46e-24	5.59e-16	1.71e-08	1.00e+00	0.00e+00	0.00e+00	0.00e+00	0.00e+00	0.00e+00
 2.78764e+11	0.00e+00	1.41e-43	2.15e-33	3.09e-24	6.52e-16	1.85e-08	1.00e+00	0.00e+00	0.00e+00	0.00e+00	0.00e+00	0.00e+00
 3.18061e+11	0.00e+00	0.00e+00	2.93e-33	3.89e-24	7.61e-16	1.99e-08	1.00e+00	0.00e+00	0.00e+00	0.00e+00	0.00e+00	0.00e+00
 3.60710e+11	0.00e+00	3.09e-43	4.03e-33	4.95e-24	8.94e-16	2.16e-08	1.00e+00	0.00e+00	0.00e+00	0.00e+00	0.00e+00	0.00e+00
 4.04187e+11	0.00e+00	0.00e+00	5.52e-33	6.27e-24	1.05e-15	2.34e-08	1.00e+00	0.00e+00	0.00e+00	0.00e+00	0.00e+00	0.00e+00
 4.49402e+11	0.00e+00	6.77e-43	7.56e-33	7.95e-24	1.23e-15	2.54e-08	1.00e+00	0.00e+00	0.00e+00	0.00e+00	0.00e+00	0.00e+00
 4.97305e+11	0.00e+00	0.00e+00	1.04e-32	1.01e-23	1.44e-15	2.75e-08	1.00e+00	0.00e+00	0.00e+00	0.00e+00	0.00e+00	0.00e+00
 5.47124e+11	0.00e+00	1.51e-42	1.44e-32	1.29e-23	1.70e-15	2.98e-08	1.00e+00	0.00e+00	0.00e+00	0.00e+00	0.00e+00	0.00e+00
 5.98936e+11	0.00e+00	0.00e+00	1.98e-32	1.65e-23	2.00e-15	3.24e-08	1.00e+00	0.00e+00	0.00e+00	0.00e+00	0.00e+00	0.00e+00
 6.52820e+11	0.00e+00	3.38e-42	2.74e-32	2.10e-23	2.35e-15	3.52e-08	1.00e+00	0.00e+00	0.00e+00	0.00e+00	0.00e+00	0.00e+00
 7.08859e+11	0.00e+00	0.00e+00	3.78e-32	2.68e-23	2.77e-15	3.82e-08	1.00e+00	0.00e+00	0.00e+00	0.00e+00	0.00e+00	0.00e+00
 7.67141e+11	0.00e+00	7.58e-42	5.23e-32	3.42e-23	3.27e-15	4.15e-08	1.00e+00	0.00e+00	0.00e+00	0.00e+00	0.00e+00	0.00e+00
 8.21934e+11	0.00e+00	0.00e+00	7.01e-32	4.27e-23	3.79e-15	4.47e-08	1.00e+00	0.00e+00	0.00e+00	0.00e+00	0.00e+00	0.00e+00
 8.70925e+11	0.00e+00	1.50e-41	9.04e-32	5.17e-23	4.32e-15	4.77e-08	1.00e+00	0.00e+00	0.00e+00	0.00e+00	0.00e+00	0.00e+00
 9.25918e+11	0.00e+00	0.00e+00	1.19e-31	6.37e-23	4.97e-15	5.12e-08	1.00e+00	0.00e+00	0.00e+00	0.00e+00	0.00e+00	0.00e+00
 9.91105e+11	0.00e+00	3.15e-41	1.64e-31	8.10e-23	5.84e-15	5.56e-08	1.00e+00	0.00e+00	0.00e+00	0.00e+00	0.00e+00	0.00e+00
 1.05662e+12	0.00e+00	0.00e+00	2.23e-31	1.02e-22	6.84e-15	6.02e-08	1.00e+00	0.00e+00	0.00e+00	0.00e+00	0.00e+00	0.00e+00
 1.11810e+12	0.00e+00	6.56e-41	2.94e-31	1.26e-22	7.88e-15	6.46e-08	1.00e+00	0.00e+00	0.00e+00	0.00e+00	0.00e+00	0.00e+00
 1.18609e+12	0.00e+00	0.00e+00	3.97e-31	1.58e-22	9.18e-15	6.98e-08	1.00e+00	0.00e+00	0.00e+00	0.00e+00	0.00e+00	0.00e+00
 1.26346e+12	0.00e+00	1.43e-40	5.52e-31	2.03e-22	1.09e-14	7.60e-08	1.00e+00	0.00e+00	0.00e+00	0.00e+00	0.00e+00	0.00e+00
 1.34065e+12	0.00e+00	0.00e+00	7.56e-31	2.58e-22	1.28e-14	8.25e-08	1.00e+00	0.00e+00	0.00e+00	0.00e+00	0.00e+00	0.00e+00
 1.42094e+12	0.00e+00	3.15e-40	1.04e-30	3.28e-22	1.50e-14	8.96e-08	1.00e+00	0.00e+00	0.00e+00	0.00e+00	0.00e+00	0.00e+00
 1.50770e+12	0.00e+00	0.00e+00	1.44e-30	4.21e-22	1.78e-14	9.76e-08	1.00e+00	0.00e+00	0.00e+00	0.00e+00	0.00e+00	0.00e+00
 1.59794e+12	0.00e+00	7.18e-40	2.01e-30	5.41e-22	2.11e-14	1.06e-07	1.00e+00	0.00e+00	0.00e+00	0.00e+00	0.00e+00	0.00e+00
 1.68303e+12	0.00e+00	0.00e+00	2.71e-30	6.80e-22	2.47e-14	1.15e-07	1.00e+00	0.00e+00	0.00e+00	0.00e+00	0.00e+00	0.00e+00
 1.75962e+12	0.00e+00	1.45e-39	3.53e-30	8.30e-22	2.83e-14	1.23e-07	1.00e+00	0.00e+00	0.00e+00	0.00e+00	0.00e+00	0.00e+00
 1.84588e+12	0.00e+00	0.00e+00	4.70e-30	1.03e-21	3.28e-14	1.33e-07	1.00e+00	0.00e+00	0.00e+00	0.00e+00	0.00e+00	0.00e+00
 1.94749e+12	0.00e+00	3.10e-39	6.51e-30	1.32e-21	3.88e-14	1.45e-07	1.00e+00	0.00e+00	0.00e+00	0.00e+00	0.00e+00	0.00e+00
 2.04903e+12	0.00e+00	0.00e+00	8.91e-30	1.68e-21	4.58e-14	1.58e-07	1.00e+00	0.00e+00	0.00e+00	0.00e+00	0.00e+00	0.00e+00
 2.14466e+12	0.00e+00	6.53e-39	1.19e-29	2.09e-21	5.31e-14	1.70e-07	1.00e+00	0.00e+00	0.00e+00	0.00e+00	0.00e+00	0.00e+00
 2.25039e+12	0.00e+00	0.00e+00	1.61e-29	2.64e-21	6.24e-14	1.85e-07	1.00e+00	0.00e+00	0.00e+00	0.00e+00	0.00e+00	0.00e+00
 2.37033e+12	0.00e+00	1.45e-38	2.25e-29	3.41e-21	7.44e-14	2.02e-07	1.00e+00	0.00e+00	0.00e+00	0.00e+00	0.00e+00	0.00e+00
 2.48893e+12	0.00e+00	0.00e+00	3.09e-29	4.36e-21	8.80e-14	2.20e-07	1.00e+00	0.00e+00	0.00e+00	0.00e+00	0.00e+00	0.00e+00
 2.61228e+12	0.00e+00	3.19e-38	4.26e-29	5.57e-21	1.04e-13	2.40e-07	1.00e+00	0.00e+00	0.00e+00	0.00e+00	0.00e+00	0.00e+00
 2.74670e+12	0.00e+00	0.00e+00	5.95e-29	7.20e-21	1.24e-13	2.63e-07	1.00e+00	0.00e+00	0.00e+00	0.00e+00	0.00e+00	0.00e+00
 2.88239e+12	0.00e+00	7.22e-38	8.25e-29	9.25e-21	1.48e-13	2.88e-07	1.00e+00	0.00e+00	0.00e+00	0.00e+00	0.00e+00	0.00e+00
 3.02350e+12	0.00e+00	0.00e+00	1.14e-28	1.19e-20	1.76e-13	3.15e-07	1.00e+00	0.00e+00	0.00e+00	0.00e+00	0.00e+00	0.00e+00
 3.16903e+12	0.00e+00	1.61e-37	1.58e-28	1.53e-20	2.10e-13	3.45e-07	1.00e+00	0.00e+00	0.00e+00	0.00e+00	0.00e+00	0.00e+00
 3.31194e+12	0.00e+00	0.00e+00	2.14e-28	1.93e-20	2.48e-13	3.76e-07	1.00e+00	0.00e+00	0.00e+00	0.00e+00	0.00e+00	0.00e+00
 3.46589e+12	0.00e+00	3.47e-37	2.95e-28	2.47e-20	2.94e-13	4.11e-07	1.00e+00	0.00e+00	0.00e+00	0.00e+00	0.00e+00	0.00e+00
 3.63445e+12	0.00e+00	0.00e+00	4.11e-28	3.20e-20	3.53e-13	4.52e-07	1.00e+00	0.00e+00	0.00e+00	0.00e+00	0.00e+00	0.00e+00
 3.80976e+12	0.00e+00	7.88e-37	5.74e-28	4.15e-20	4.24e-13	4.97e-07	1.00e+00	0.00e+00	0.00e+00	0.00e+00	0.00e+00	0.00e+00
 3.99208e+12	0.00e+00	0.00e+00	8.01e-28	5.38e-20	5.09e-13	5.47e-07	1.00e+00	0.00e+00	0.00e+00	0.00e+00	0.00e+00	0.00e+00
 4.18169e+12	0.00e+00	1.78e-36	1.12e-27	6.97e-20	6.12e-13	6.03e-07	1.00e+00	0.00e+00	0.00e+00	0.00e+00	0.00e+00	0.00e+00
 4.35314e+12	7.79e-46	2.53e-36	1.49e-27	8.73e-20	7.18e-13	6.56e-07	1.00e+00	0.00e+00	0.00e+00	0.00e+00	0.00e+00	0.00e+00
 4.49592e+12	0.00e+00	0.00e+00	1.88e-27	1.05e-19	8.18e-13	7.03e-07	1.00e+00	0.00e+00	0.00e+00	0.00e+00	0.00e+00	0.00e+00
 4.65231e+12	0.00e+00	4.52e-36	2.40e-27	1.27e-19	9.39e-13	7.56e-07	1.00e+00	0.00e+00	0.00e+00	0.00e+00	0.00e+00	0.00e+00
 4.85048e+12	2.41e-45	6.51e-36	3.24e-27	1.61e-19	1.11e-12	8.28e-07	1.00e+00	0.00e+00	0.00e+00	0.00e+00	0.00e+00	0.00e+00
 5.05728e+12	0.00e+00	0.00e+00	4.37e-27	2.04e-19	1.32e-12	9.07e-07	1.00e+00	0.00e+00	0.00e+00	0.00e+00	0.00e+00	0.00e+00
 5.23272e+12	0.00e+00	1.26e-35	5.59e-27	2.48e-19	1.52e-12	9.78e-07	1.00e+00	0.00e+00	0.00e+00	0.00e+00	0.00e+00	0.00e+00
 5.41306e+12	7.51e-45	1.69e-35	7.13e-27	3.00e-19	1.75e-12	1.05e-06	1.00e+00	0.00e+00	0.00e+00	0.00e+00	0.00e+00	0.00e+00
 5.64025e+12	0.00e+00	0.00e+00	9.57e-27	3.80e-19	2.07e-12	1.16e-06	1.00e+00	0.00e+00	0.00e+00	0.00e+00	0.00e+00	0.00e+00
 5.87112e+12	0.00e+00	3.41e-35	1.28e-26	4.78e-19	2.45e-12	1.26e-06	1.00e+00	0.00e+00	0.00e+00	0.00e+00	0.00e+00	0.00e+00
 6.06899e+12	2.42e-44	4.53e-35	1.62e-26	5.77e-19	2.81e-12	1.36e-06	1.00e+00	0.00e+00	0.00e+00	0.00e+00	0.00e+00	0.00e+00
 6.28119e+12	0.00e+00	6.08e-35	2.06e-26	7.02e-19	3.24e-12	1.47e-06	1.00e+00	0.00e+00	0.00e+00	0.00e+00	0.00e+00	0.00e+00
 6.54412e+12	5.17e-44	8.62e-35	2.76e-26	8.86e-19	3.84e-12	1.62e-06	1.00e+00	0.00e+00	0.00e+00	0.00e+00	0.00e+00	0.00e+00
 6.81383e+12	0.00e+00	1.21e-34	3.68e-26	1.12e-18	4.54e-12	1.77e-06	1.00e+00	0.00e+00	0.00e+00	0.00e+00	0.00e+00	0.00e+00
 7.05637e+12	1.09e-43	1.63e-34	4.71e-26	1.36e-18	5.25e-12	1.92e-06	1.00e+00	0.00e+00	0.00e+00	0.00e+00	0.00e+00	0.00e+00
 7.32277e+12	0.00e+00	2.22e-34	6.11e-26	1.68e-18	6.12e-12	2.09e-06	1.00e+00	0.00e+00	0.00e+00	0.00e+00	0.00e+00	0.00e+00
 7.63777e+12	2.39e-43	3.16e-34	8.21e-26	2.13e-18	7.29e-12	2.30e-06	1.00e+00	0.00e+00	0.00e+00	0.00e+00	0.00e+00	0.00e+00
 7.95346e+12	0.00e+00	4.42e-34	1.09e-25	2.68e-18	8.62e-12	2.52e-06	1.00e+00	0.00e+00	0.00e+00	0.00e+00	0.00e+00	0.00e+00
 8.25263e+12	5.07e-43	5.99e-34	1.41e-25	3.30e-18	1.00e-11	2.74e-06	1.00e+00	0.00e+00	0.00e+00	0.00e+00	0.00e+00	0.00e+00
 8.58353e+12	0.00e+00	8.29e-34	1.85e-25	4.12e-18	1.18e-11	3.00e-06	1.00e+00	0.00e+00	0.00e+00	0.00e+00	0.00e+00	0.00e+00
 8.95679e+12	1.12e-42	1.18e-33	2.49e-25	5.23e-18	1.41e-11	3.31e-06	1.00e+00	0.00e+00	0.00e+00	0.00e+00	0.00e+00	0.00e+00
 9.32927e+12	0.00e+00	1.64e-33	3.30e-25	6.58e-18	1.66e-11	3.63e-06	1.00e+00	0.00e+00	0.00e+00	0.00e+00	0.00e+00	0.00e+00
 9.65829e+12	2.29e-42	2.18e-33	4.20e-25	8.00e-18	1.91e-11	3.93e-06	1.00e+00	0.00e+00	0.00e+00	0.00e+00	0.00e+00	0.00e+00
 9.93416e+12	0.00e+00	2.74e-33	5.10e-25	9.37e-18	2.15e-11	4.19e-06	1.00e+00	0.00e+00	0.00e+00	0.00e+00	0.00e+00	0.00e+00
 1.02310e+13	3.97e-42	3.48e-33	6.25e-25	1.11e-17	2.42e-11	4.48e-06	1.00e+00	0.00e+00	0.00e+00	0.00e+00	0.00e+00	0.00e+00
 1.06169e+13	0.00e+00	4.71e-33	8.07e-25	1.36e-17	2.81e-11	4.87e-06	1.00e+00	0.00e+00	0.00e+00	0.00e+00	0.00e+00	0.00e+00
 1.10205e+13	8.01e-42	6.37e-33	1.04e-24	1.68e-17	3.27e-11	5.30e-06	1.00e+00	0.00e+00	0.00e+00	0.00e+00	0.00e+00	0.00e+00
 1.13648e+13	0.00e+00	8.18e-33	1.29e-24	2.00e-17	3.70e-11	5.69e-06	1.00e+00	0.00e+00	0.00e+00	0.00e+00	0.00e+00	0.00e+00
 1.17299e+13	1.44e-41	1.06e-32	1.61e-24	2.38e-17	4.20e-11	6.11e-06	1.00e+00	0.00e+00	0.00e+00	0.00e+00	0.00e+00	0.00e+00
 1.21899e+13	0.00e+00	1.44e-32	2.10e-24	2.96e-17	4.91e-11	6.66e-06	1.00e+00	0.00e+00	0.00e+00	0.00e+00	0.00e+00	0.00e+00
 1.26638e+13	2.97e-41	1.97e-32	2.73e-24	3.66e-17	5.72e-11	7.26e-06	1.00e+00	0.00e+00	0.00e+00	0.00e+00	0.00e+00	0.00e+00
 1.30801e+13	0.00e+00	2.56e-32	3.41e-24	4.40e-17	6.51e-11	7.81e-06	1.00e+00	0.00e+00	0.00e+00	0.00e+00	0.00e+00	0.00e+00
 1.35312e+13	5.54e-41	3.37e-32	4.31e-24	5.32e-17	7.46e-11	8.43e-06	1.00e+00	0.00e+00	0.00e+00	0.00e+00	0.00e+00	0.00e+00
 1.40305e+13	0.00e+00	4.52e-32	5.54e-24	6.52e-17	8.62e-11	9.15e-06	1.00e+00	0.00e+00	0.00e+00	0.00e+00	0.00e+00	0.00e+00
 1.44925e+13	1.05e-40	5.87e-32	6.93e-24	7.83e-17	9.81e-11	9.84e-06	1.00e+00	0.00e+00	0.00e+00	0.00e+00	0.00e+00	0.00e+00
 1.49933e+13	0.00e+00	7.75e-32	8.78e-24	9.48e-17	1.12e-10	1.06e-05	1.00e+00	0.00e+00	0.00e+00	0.00e+00	0.00e+00	0.00e+00
 1.55507e+13	2.05e-40	1.04e-31	1.13e-23	1.17e-16	1.30e-10	1.15e-05	1.00e+00	0.00e+00	0.00e+00	0.00e+00	0.00e+00	0.00e+00
 1.60711e+13	0.00e+00	1.36e-31	1.42e-23	1.40e-16	1.48e-10	1.24e-05	1.00e+00	0.00e+00	0.00e+00	0.00e+00	0.00e+00	0.00e+00
 1.66373e+13	3.87e-40	1.81e-31	1.81e-23	1.71e-16	1.70e-10	1.34e-05	1.00e+00	0.00e+00	0.00e+00	0.00e+00	0.00e+00	0.00e+00
 1.72669e+13	0.00e+00	2.46e-31	2.35e-23	2.11e-16	1.97e-10	1.46e-05	1.00e+00	0.00e+00	0.00e+00	0.00e+00	0.00e+00	0.00e+00
 1.78553e+13	7.56e-40	3.24e-31	2.97e-23	2.55e-16	2.25e-10	1.57e-05	1.00e+00	0.00e+00	0.00e+00	0.00e+00	0.00e+00	0.00e+00
 1.84965e+13	0.00e+00	4.34e-31	3.81e-23	3.11e-16	2.58e-10	1.70e-05	1.00e+00	0.00e+00	0.00e+00	0.00e+00	0.00e+00	0.00e+00
 1.92127e+13	1.52e-39	5.93e-31	4.98e-23	3.87e-16	3.00e-10	1.85e-05	1.00e+00	0.00e+00	0.00e+00	0.00e+00	0.00e+00	0.00e+00
 1.98871e+13	0.00e+00	7.91e-31	6.36e-23	4.71e-16	3.43e-10	1.99e-05	1.00e+00	0.00e+00	0.00e+00	0.00e+00	0.00e+00	0.00e+00
 2.06245e+13	3.02e-39	1.07e-30	8.24e-23	5.79e-16	3.96e-10	2.16e-05	1.00e+00	0.00e+00	0.00e+00	0.00e+00	0.00e+00	0.00e+00
 2.14503e+13	0.00e+00	1.49e-30	1.09e-22	7.25e-16	4.63e-10	2.35e-05	1.00e+00	0.00e+00	0.00e+00	0.00e+00	0.00e+00	0.00e+00
 2.22328e+13	6.24e-39	2.02e-30	1.41e-22	8.90e-16	5.33e-10	2.54e-05	1.00e+00	0.00e+00	0.00e+00	0.00e+00	0.00e+00	0.00e+00
 2.30734e+13	0.00e+00	2.77e-30	1.84e-22	1.10e-15	6.16e-10	2.76e-05	1.00e+00	0.00e+00	0.00e+00	0.00e+00	0.00e+00	0.00e+00
 2.40262e+13	1.34e-38	3.90e-30	2.46e-22	1.39e-15	7.22e-10	3.01e-05	1.00e+00	0.00e+00	0.00e+00	0.00e+00	0.00e+00	0.00e+00
 2.49667e+13	0.00e+00	5.43e-30	3.25e-22	1.73e-15	8.40e-10	3.28e-05	1.00e+00	0.00e+00	0.00e+00	0.00e+00	0.00e+00	0.00e+00
 2.59447e+13	2.88e-38	7.57e-30	4.30e-22	2.16e-15	9.76e-10	3.56e-05	1.00e+00	0.00e+00	0.00e+00	0.00e+00	0.00e+00	0.00e+00
 2.70124e+13	0.00e+00	1.07e-29	5.77e-22	2.73e-15	1.14e-09	3.88e-05	1.00e+00	0.00e+00	0.00e+00	0.00e+00	0.00e+00	0.00e+00
 2.81228e+13	6.55e-38	1.54e-29	7.77e-22	3.45e-15	1.34e-09	4.23e-05	1.00e+00	0.00e+00	0.00e+00	0.00e+00	0.00e+00	0.00e+00
 2.92081e+13	0.00e+00	2.14e-29	1.03e-21	4.29e-15	1.55e-09	4.59e-05	1.00e+00	0.00e+00	0.00e+00	0.00e+00	0.00e+00	0.00e+00
 3.02008e+13	1.35e-37	2.87e-29	1.31e-21	5.21e-15	1.77e-09	4.93e-05	1.00e+00	0.00e+00	0.00e+00	0.00e+00	0.00e+00	0.00e+00
 3.10853e+13	0.00e+00	3.71e-29	1.63e-21	6.16e-15	1.98e-09	5.24e-05	1.00e+00	0.00e+00	0.00e+00	0.00e+00	0.00e+00	0.00e+00
 3.20306e+13	2.50e-37	4.86e-29	2.03e-21	7.33e-15	2.23e-09	5.58e-05	1.00e+00	0.00e+00	0.00e+00	0.00e+00	0.00e+00	0.00e+00
 3.32312e+13	0.00e+00	6.80e-29	2.68e-21	9.09e-15	2.58e-09	6.03e-05	1.00e+00	0.00e+00	0.00e+00	0.00e+00	0.00e+00	0.00e+00
 3.44527e+13	5.35e-37	9.35e-29	3.51e-21	1.12e-14	2.97e-09	6.51e-05	1.00e+00	0.00e+00	0.00e+00	0.00e+00	0.00e+00	0.00e+00
 3.54828e+13	0.00e+00	1.23e-28	4.38e-21	1.33e-14	3.33e-09	6.92e-05	1.00e+00	0.00e+00	0.00e+00	0.00e+00	0.00e+00	0.00e+00
 3.65751e+13	1.02e-36	1.62e-28	5.51e-21	1.59e-14	3.75e-09	7.37e-05	1.00e+00	0.00e+00	0.00e+00	0.00e+00	0.00e+00	0.00e+00
 3.79513e+13	0.00e+00	2.29e-28	7.31e-21	1.97e-14	4.34e-09	7.96e-05	1.00e+00	0.00e+00	0.00e+00	0.00e+00	0.00e+00	0.00e+00
 3.93579e+13	2.25e-36	3.18e-28	9.61e-21	2.44e-14	5.00e-09	8.59e-05	1.00e+00	0.00e+00	0.00e+00	0.00e+00	0.00e+00	0.00e+00
 4.05607e+13	0.00e+00	4.22e-28	1.21e-20	2.91e-14	5.63e-09	9.14e-05	1.00e+00	0.00e+00	0.00e+00	0.00e+00	0.00e+00	0.00e+00
 4.18371e+13	4.42e-36	5.64e-28	1.53e-20	3.50e-14	6.36e-09	9.74e-05	1.00e+00	0.00e+00	0.00e+00	0.00e+00	0.00e+00	0.00e+00
 4.34247e+13	0.00e+00	8.04e-28	2.05e-20	4.35e-14	7.36e-09	1.05e-04	1.00e+00	0.00e+00	0.00e+00	0.00e+00	0.00e+00	0.00e+00
 4.50518e+13	9.96e-36	1.13e-27	2.70e-20	5.40e-14	8.50e-09	1.13e-04	1.00e+00	0.00e+00	0.00e+00	0.00e+00	0.00e+00	0.00e+00
 4.64793e+13	0.00e+00	1.52e-27	3.45e-20	6.49e-14	9.61e-09	1.21e-04	1.00e+00	0.00e+00	0.00e+00	0.00e+00	0.00e+00	0.00e+00
 4.80123e+13	2.06e-35	2.07e-27	4.44e-20	7.85e-14	1.09e-08	1.29e-04	1.00e+00	0.00e+00	0.00e+00	0.00e+00	0.00e+00	0.00e+00
 4.98712e+13	0.00e+00	2.99e-27	5.97e-20	9.83e-14	1.27e-08	1.39e-04	1.00e+00	0.00e+00	0.00e+00	0.00e+00	0.00e+00	0.00e+00
 5.17591e+13	4.80e-35	4.23e-27	7.93e-20	1.22e-13	1.47e-08	1.50e-04	1.00e+00	0.00e+00	0.00e+00	0.00e+00	0.00e+00	0.00e+00
 5.34719e+13	7.03e-35	5.82e-27	1.03e-19	1.48e-13	1.67e-08	1.60e-04	1.00e+00	0.00e+00	0.00e+00	0.00e+00	0.00e+00	0.00e+00
 5.53520e+13	1.05e-34	8.15e-27	1.34e-19	1.82e-13	1.91e-08	1.72e-04	1.00e+00	0.00e+00	0.00e+00	0.00e+00	0.00e+00	0.00e+00
 5.75580e+13	1.66e-34	1.20e-26	1.83e-19	2.29e-13	2.23e-08	1.86e-04	1.00e+00	0.00e+00	0.00e+00	0.00e+00	0.00e+00	0.00e+00
 5.97630e+13	2.55e-34	1.71e-26	2.45e-19	2.86e-13	2.59e-08	2.00e-04	1.00e+00	0.00e+00	0.00e+00	0.00e+00	0.00e+00	0.00e+00
 6.18593e+13	3.82e-34	2.41e-26	3.22e-19	3.51e-13	2.96e-08	2.14e-04	1.00e+00	0.00e+00	0.00e+00	0.00e+00	0.00e+00	0.00e+00
 6.41666e+13	5.91e-34	3.46e-26	4.30e-19	4.36e-13	3.43e-08	2.30e-04	1.00e+00	0.00e+00	0.00e+00	0.00e+00	0.00e+00	0.00e+00
 6.67632e+13	9.34e-34	5.08e-26	5.87e-19	5.51e-13	4.01e-08	2.49e-04	1.00e+00	0.00e+00	0.00e+00	0.00e+00	0.00e+00	0.00e+00
 6.93841e+13	1.48e-33	7.43e-26	7.96e-19	6.93e-13	4.67e-08	2.69e-04	1.00e+00	0.00e+00	0.00e+00	0.00e+00	0.00e+00	0.00e+00
 7.21098e+13	2.34e-33	1.09e-25	1.08e-18	8.71e-13	5.43e-08	2.90e-04	1.00e+00	0.00e+00	0.00e+00	0.00e+00	0.00e+00	0.00e+00
 7.50242e+13	3.75e-33	1.61e-25	1.48e-18	1.10e-12	6.35e-08	3.13e-04	1.00e+00	0.00e+00	0.00e+00	0.00e+00	0.00e+00	0.00e+00
 7.80551e+13	6.00e-33	2.39e-25	2.03e-18	1.39e-12	7.43e-08	3.39e-04	1.00e+00	0.00e+00	0.00e+00	0.00e+00	0.00e+00	0.00e+00
 8.09995e+13	9.22e-33	3.42e-25	2.72e-18	1.74e-12	8.60e-08	3.64e-04	1.00e+00	0.00e+00	0.00e+00	0.00e+00	0.00e+00	0.00e+00
 8.35052e+13	1.33e-32	4.64e-25	3.46e-18	2.08e-12	9.70e-08	3.87e-04	1.00e+00	0.00e+00	0.00e+00	0.00e+00	0.00e+00	0.00e+00
 8.60497e+13	1.91e-32	6.27e-25	4.40e-18	2.49e-12	1.09e-07	4.10e-04	1.00e+00	0.00e+00	0.00e+00	0.00e+00	0.00e+00	0.00e+00
 8.92526e+13	2.95e-32	9.00e-25	5.88e-18	3.09e-12	1.26e-07	4.40e-04	1.00e+00	0.00e+00	0.00e+00	0.00e+00	0.00e+00	0.00e+00
 9.25282e+13	4.48e-32	1.28e-24	7.82e-18	3.83e-12	1.46e-07	4.73e-04	1.00e+00	0.00e+00	0.00e+00	0.00e+00	0.00e+00	0.00e+00
 9.53713e+13	6.44e-32	1.73e-24	9.95e-18	4.58e-12	1.64e-07	5.02e-04	9.99e-01	0.00e+00	0.00e+00	0.00e+00	0.00e+00	0.00e+00
 9.84357e+13	9.43e-32	2.37e-24	1.28e-17	5.53e-12	1.86e-07	5.34e-04	9.99e-01	0.00e+00	0.00e+00	0.00e+00	0.00e+00	0.00e+00
 1.02186e+14	1.47e-31	3.43e-24	1.72e-17	6.91e-12	2.16e-07	5.75e-04	9.99e-01	0.00e+00	0.00e+00	0.00e+00	0.00e+00	0.00e+00
 1.06039e+14	2.24e-31	4.90e-24	2.31e-17	8.61e-12	2.50e-07	6.19e-04	9.99e-01	0.00e+00	0.00e+00	0.00e+00	0.00e+00	0.00e+00
 1.09587e+14	3.32e-31	6.79e-24	3.00e-17	1.05e-11	2.85e-07	6.60e-04	9.99e-01	0.00e+00	0.00e+00	0.00e+00	0.00e+00	0.00e+00
 1.13526e+14	5.07e-31	9.66e-24	3.97e-17	1.29e-11	3.27e-07	7.07e-04	9.99e-01	0.00e+00	0.00e+00	0.00e+00	0.00e+00	0.00e+00
 1.18082e+14	7.94e-31	1.41e-23	5.42e-17	1.63e-11	3.83e-07	7.65e-04	9.99e-01	0.00e+00	0.00e+00	0.00e+00	0.00e+00	0.00e+00
 1.22609e+14	1.25e-30	2.05e-23	7.32e-17	2.04e-11	4.44e-07	8.24e-04	9.99e-01	0.00e+00	0.00e+00	0.00e+00	0.00e+00	0.00e+00
 1.26690e+14	1.80e-30	2.80e-23	9.47e-17	2.48e-11	5.06e-07	8.80e-04	9.99e-01	0.00e+00	0.00e+00	0.00e+00	0.00e+00	0.00e+00
 1.31023e+14	2.70e-30	3.92e-23	1.24e-16	3.03e-11	5.78e-07	9.40e-04	9.99e-01	0.00e+00	0.00e+00	0.00e+00	0.00e+00	0.00e+00
 1.35875e+14	4.04e-30	5.52e-23	1.65e-16	3.76e-11	6.67e-07	1.01e-03	9.99e-01	0.00e+00	0.00e+00	0.00e+00	0.00e+00	0.00e+00
 1.40445e+14	6.03e-30	7.70e-23	2.14e-16	4.58e-11	7.61e-07	1.08e-03	9.99e-01	0.00e+00	0.00e+00	0.00e+00	0.00e+00	0.00e+00
 1.45432e+14	8.88e-30	1.07e-22	2.82e-16	5.64e-11	8.74e-07	1.16e-03	9.99e-01	0.00e+00	0.00e+00	0.00e+00	0.00e+00	0.00e+00
 1.50956e+14	1.38e-29	1.55e-22	3.79e-16	7.04e-11	1.01e-06	1.25e-03	9.99e-01	0.00e+00	0.00e+00	0.00e+00	0.00e+00	0.00e+00
 1.56095e+14	2.00e-29	2.12e-22	4.93e-16	8.59e-11	1.16e-06	1.33e-03	9.99e-01	0.00e+00	0.00e+00	0.00e+00	0.00e+00	0.00e+00
 1.61692e+14	2.99e-29	2.97e-22	6.51e-16	1.06e-10	1.33e-06	1.43e-03	9.99e-01	0.00e+00	0.00e+00	0.00e+00	0.00e+00	0.00e+00
 1.67932e+14	4.61e-29	4.29e-22	8.79e-16	1.33e-10	1.55e-06	1.55e-03	9.98e-01	0.00e+00	0.00e+00	0.00e+00	0.00e+00	0.00e+00
 1.73798e+14	6.91e-29	6.01e-22	1.15e-15	1.63e-10	1.77e-06	1.66e-03	9.98e-01	0.00e+00	0.00e+00	0.00e+00	0.00e+00	0.00e+00
 1.80134e+14	1.02e-28	8.38e-22	1.53e-15	2.01e-10	2.04e-06	1.78e-03	9.98e-01	0.00e+00	0.00e+00	0.00e+00	0.00e+00	0.00e+00
 1.87179e+14	1.61e-28	1.23e-21	2.07e-15	2.53e-10	2.38e-06	1.92e-03	9.98e-01	0.00e+00	0.00e+00	0.00e+00	0.00e+00	0.00e+00
 1.93934e+14	2.35e-28	1.70e-21	2.74e-15	3.13e-10	2.74e-06	2.07e-03	9.98e-01	0.00e+00	0.00e+00	0.00e+00	0.00e+00	0.00e+00
 2.01148e+14	3.56e-28	2.41e-21	3.65e-15	3.89e-10	3.17e-06	2.22e-03	9.98e-01	0.00e+00	0.00e+00	0.00e+00	0.00e+00	0.00e+00
 2.09224e+14	5.52e-28	3.50e-21	4.98e-15	4.91e-10	3.70e-06	2.41e-03	9.98e-01	0.00e+00	0.00e+00	0.00e+00	0.00e+00	0.00e+00
 2.17230e+14	8.59e-28	5.07e-21	6.71e-15	6.15e-10	4.30e-06	2.59e-03	9.97e-01	0.00e+00	0.00e+00	0.00e+00	0.00e+00	0.00e+00
 2.25557e+14	1.28e-27	7.15e-21	9.01e-15	7.69e-10	4.99e-06	2.80e-03	9.97e-01	0.00e+00	0.00e+00	0.00e+00	0.00e+00	0.00e+00
 2.34054e+14	1.94e-27	1.02e-20	1.21e-14	9.58e-10	5.78e-06	3.02e-03	9.97e-01	0.00e+00	0.00e+00	0.00e+00	0.00e+00	0.00e+00
 2.41980e+14	2.85e-27	1.41e-20	1.57e-14	1.17e-09	6.59e-06	3.23e-03	9.97e-01	0.00e+00	0.00e+00	0.00e+00	0.00e+00	0.00e+00
 2.50779e+14	4.24e-27	1.97e-20	2.08e-14	1.45e-09	7.60e-06	3.47e-03	9.97e-01	0.00e+00	0.00e+00	0.00e+00	0.00e+00	0.00e+00
 2.60389e+14	6.32e-27	2.78e-20	2.80e-14	1.81e-09	8.82e-06	3.74e-03	9.96e-01	0.00e+00	0.00e+00	0.00e+00	0.00e+00	0.00e+00
 2.69301e+14	9.38e-27	3.88e-20	3.66e-14	2.21e-09	1.01e-05	4.00e-03	9.96e-01	0.00e+00	0.00e+00	0.00e+00	0.00e+00	0.00e+00
 2.77175e+14	1.26e-26	5.00e-20	4.58e-14	2.62e-09	1.13e-05	4.24e-03	9.96e-01	0.00e+00	0.00e+00	0.00e+00	0.00e+00	0.00e+00
 2.85553e+14	1.76e-26	6.65e-20	5.80e-14	3.13e-09	1.27e-05	4.50e-03	9.95e-01	0.00e+00	0.00e+00	0.00e+00	0.00e+00	0.00e+00
 2.96108e+14	2.67e-26	9.47e-20	7.73e-14	3.89e-09	1.47e-05	4.84e-03	9.95e-01	0.00e+00	0.00e+00	0.00e+00	0.00e+00	0.00e+00
 3.06765e+14	3.86e-26	1.30e-19	1.02e-13	4.80e-09	1.69e-05	5.20e-03	9.95e-01	0.00e+00	0.00e+00	0.00e+00	0.00e+00	0.00e+00
 3.15790e+14	5.41e-26	1.73e-19	1.28e-13	5.71e-09	1.90e-05	5.51e-03	9.94e-01	0.00e+00	0.00e+00	0.00e+00	0.00e+00	0.00e+00
 3.25426e+14	7.35e-26	2.26e-19	1.63e-13	6.82e-09	2.14e-05	5.86e-03	9.94e-01	0.00e+00	0.00e+00	0.00e+00	0.00e+00	0.00e+00
 3.37504e+14	1.12e-25	3.23e-19	2.17e-13	8.48e-09	2.47e-05	6.30e-03	9.94e-01	0.00e+00	0.00e+00	0.00e+00	0.00e+00	0.00e+00
 3.49973e+14	1.63e-25	4.47e-19	2.89e-13	1.05e-08	2.85e-05	6.79e-03	9.93e-01	0.00e+00	0.00e+00	0.00e+00	0.00e+00	0.00e+00
 3.60959e+14	2.32e-25	6.02e-19	3.68e-13	1.26e-08	3.22e-05	7.22e-03	9.93e-01	0.00e+00	0.00e+00	0.00e+00	0.00e+00	0.00e+00
 3.72801e+14	3.24e-25	8.05e-19	4.74e-13	1.53e-08	3.66e-05	7.71e-03	9.92e-01	0.00e+00	0.00e+00	0.00e+00	0.00e+00	0.00e+00
 3.87100e+14	4.96e-25	1.15e-18	6.39e-13	1.92e-08	4.25e-05	8.31e-03	9.92e-01	0.00e+00	0.00e+00	0.00e+00	0.00e+00	0.00e+00
 4.01321e+14	7.08e-25	1.58e-18	8.46e-13	2.38e-08	4.91e-05	8.95e-03	9.91e-01	0.00e+00	0.00e+00	0.00e+00	0.00e+00	0.00e+00
 4.13953e+14	9.93e-25	2.11e-18	1.08e-12	2.86e-08	5.55e-05	9.53e-03	9.90e-01	0.00e+00	0.00e+00	0.00e+00	0.00e+00	0.00e+00
 4.27790e+14	1.44e-24	2.90e-18	1.40e-12	3.47e-08	6.32e-05	1.02e-02	9.90e-01	0.00e+00	0.00e+00	0.00e+00	0.00e+00	0.00e+00
 4.44339e+14	2.10e-24	4.04e-18	1.88e-12	4.35e-08	7.34e-05	1.10e-02	9.89e-01	0.00e+00	0.00e+00	0.00e+00	0.00e+00	0.00e+00
 4.60784e+14	3.18e-24	5.73e-18	2.51e-12	5.40e-08	8.48e-05	1.18e-02	9.88e-01	0.00e+00	0.00e+00	0.00e+00	0.00e+00	0.00e+00
 4.75806e+14	4.33e-24	7.56e-18	3.21e-12	6.53e-08	9.62e-05	1.26e-02	9.87e-01	0.00e+00	0.00e+00	0.00e+00	0.00e+00	0.00e+00
 4.92603e+14	6.32e-24	1.04e-17	4.22e-12	8.03e-08	1.10e-04	1.36e-02	9.86e-01	0.00e+00	0.00e+00	0.00e+00	0.00e+00	0.00e+00
 5.12154e+14	9.46e-24	1.49e-17	5.71e-12	1.01e-07	1.29e-04	1.47e-02	9.85e-01	0.00e+00	0.00e+00	0.00e+00	0.00e+00	0.00e+00
 5.31304e+14	1.40e-23	2.09e-17	7.62e-12	1.26e-07	1.49e-04	1.58e-02	9.84e-01	0.00e+00	0.00e+00	0.00e+00	0.00e+00	0.00e+00
 5.49375e+14	1.95e-23	2.79e-17	9.86e-12	1.53e-07	1.70e-04	1.70e-02	9.83e-01	0.00e+00	0.00e+00	0.00e+00	0.00e+00	0.00e+00
 5.69536e+14	2.86e-23	3.90e-17	1.31e-11	1.90e-07	1.96e-04	1.82e-02	9.82e-01	0.00e+00	0.00e+00	0.00e+00	0.00e+00	0.00e+00
 5.92347e+14	4.18e-23	5.47e-17	1.77e-11	2.40e-07	2.28e-04	1.98e-02	9.80e-01	0.00e+00	0.00e+00	0.00e+00	0.00e+00	0.00e+00
 6.14997e+14	6.22e-23	7.72e-17	2.37e-11	2.99e-07	2.65e-04	2.14e-02	9.78e-01	0.00e+00	0.00e+00	0.00e+00	0.00e+00	0.00e+00
 6.36873e+14	8.67e-23	1.04e-16	3.10e-11	3.68e-07	3.04e-04	2.30e-02	9.77e-01	0.00e+00	0.00e+00	0.00e+00	0.00e+00	0.00e+00
 6.55949e+14	1.17e-22	1.36e-16	3.89e-11	4.38e-07	3.41e-04	2.45e-02	9.75e-01	0.00e+00	0.00e+00	0.00e+00	0.00e+00	0.00e+00
 6.71840e+14	1.49e-22	1.68e-16	4.68e-11	5.05e-07	3.74e-04	2.57e-02	9.74e-01	0.00e+00	0.00e+00	0.00e+00	0.00e+00	0.00e+00
 6.89487e+14	1.93e-22	2.11e-16	5.72e-11	5.89e-07	4.14e-04	2.71e-02	9.72e-01	0.00e+00	0.00e+00	0.00e+00	0.00e+00	0.00e+00
 7.12428e+14	2.63e-22	2.80e-16	7.34e-11	7.14e-07	4.71e-04	2.91e-02	9.70e-01	0.00e+00	0.00e+00	0.00e+00	0.00e+00	0.00e+00
 7.36574e+14	3.67e-22	3.76e-16	9.49e-11	8.70e-07	5.36e-04	3.12e-02	9.68e-01	0.00e+00	0.00e+00	0.00e+00	0.00e+00	0.00e+00
 7.57395e+14	4.82e-22	4.79e-16	1.18e-10	1.03e-06	5.98e-04	3.30e-02	9.66e-01	0.00e+00	0.00e+00	0.00e+00	0.00e+00	0.00e+00
 7.79570e+14	6.38e-22	6.17e-16	1.47e-10	1.22e-06	6.69e-04	3.51e-02	9.64e-01	0.00e+00	0.00e+00	0.00e+00	0.00e+00	0.00e+00
 8.07961e+14	8.94e-22	8.39e-16	1.93e-10	1.50e-06	7.69e-04	3.79e-02	9.61e-01	0.00e+00	0.00e+00	0.00e+00	0.00e+00	0.00e+00
 8.37169e+14	1.26e-21	1.14e-15	2.53e-10	1.85e-06	8.83e-04	4.08e-02	9.58e-01	0.00e+00	0.00e+00	0.00e+00	0.00e+00	0.00e+00
 8.62112e+14	1.68e-21	1.48e-15	3.17e-10	2.20e-06	9.89e-04	4.34e-02	9.56e-01	0.00e+00	0.00e+00	0.00e+00	0.00e+00	0.00e+00
 8.88773e+14	2.25e-21	1.93e-15	4.00e-10	2.63e-06	1.11e-03	4.63e-02	9.53e-01	0.00e+00	0.00e+00	0.00e+00	0.00e+00	0.00e+00
 9.21933e+14	3.19e-21	2.65e-15	5.29e-10	3.27e-06	1.28e-03	5.00e-02	9.49e-01	0.00e+00	0.00e+00	0.00e+00	0.00e+00	0.00e+00
 9.55799e+14	4.51e-21	3.64e-15	6.98e-10	4.04e-06	1.47e-03	5.40e-02	9.44e-01	0.00e+00	0.00e+00	0.00e+00	0.00e+00	0.00e+00
 9.85589e+14	6.04e-21	4.76e-15	8.83e-10	4.84e-06	1.66e-03	5.76e-02	9.41e-01	0.00e+00	0.00e+00	0.00e+00	0.00e+00	0.00e+00
 1.01783e+15	8.20e-21	6.29e-15	1.13e-09	5.85e-06	1.88e-03	6.16e-02	9.37e-01	0.00e+00	0.00e+00	0.00e+00	0.00e+00	0.00e+00
 1.05678e+15	1.18e-20	8.79e-15	1.51e-09	7.30e-06	2.17e-03	6.67e-02	9.31e-01	0.00e+00	0.00e+00	0.00e+00	0.00e+00	0.00e+00
 1.09547e+15	1.67e-20	1.21e-14	1.99e-09	9.02e-06	2.49e-03	7.20e-02	9.26e-01	0.00e+00	0.00e+00	0.00e+00	0.00e+00	0.00e+00
 1.12987e+15	2.26e-20	1.59e-14	2.52e-09	1.08e-05	2.80e-03	7.67e-02	9.21e-01	0.00e+00	0.00e+00	0.00e+00	0.00e+00	0.00e+00
 1.16770e+15	3.09e-20	2.12e-14	3.24e-09	1.31e-05	3.17e-03	8.22e-02	9.15e-01	0.00e+00	0.00e+00	0.00e+00	0.00e+00	0.00e+00
 1.21289e+15	4.48e-20	2.98e-14	4.34e-09	1.64e-05	3.66e-03	8.88e-02	9.08e-01	0.00e+00	0.00e+00	0.00e+00	0.00e+00	0.00e+00
 1.25790e+15	6.39e-20	4.13e-14	5.75e-09	2.03e-05	4.20e-03	9.57e-02	9.00e-01	0.00e+00	0.00e+00	0.00e+00	0.00e+00	0.00e+00
 1.29912e+15	8.69e-20	5.48e-14	7.38e-09	2.44e-05	4.74e-03	1.02e-01	8.93e-01	0.00e+00	0.00e+00	0.00e+00	0.00e+00	0.00e+00
 1.34513e+15	1.24e-19	7.58e-14	9.64e-09	2.99e-05	5.40e-03	1.09e-01	8.85e-01	0.00e+00	0.00e+00	0.00e+00	0.00e+00	0.00e+00
 1.39858e+15	1.83e-19	1.08e-13	1.30e-08	3.76e-05	6.24e-03	1.18e-01	8.75e-01	0.00e+00	0.00e+00	0.00e+00	0.00e+00	0.00e+00
 1.45113e+15	2.66e-19	1.52e-13	1.73e-08	4.65e-05	7.16e-03	1.27e-01	8.66e-01	0.00e+00	0.00e+00	0.00e+00	0.00e+00	0.00e+00
 1.50115e+15	3.74e-19	2.07e-13	2.25e-08	5.66e-05	8.11e-03	1.36e-01	8.56e-01	0.00e+00	0.00e+00	0.00e+00	0.00e+00	0.00e+00
 1.54489e+15	5.00e-19	2.69e-13	2.81e-08	6.68e-05	9.01e-03	1.43e-01	8.47e-01	0.00e+00	0.00e+00	0.00e+00	0.00e+00	0.00e+00
 1.58114e+15	6.35e-19	3.34e-13	3.36e-08	7.63e-05	9.81e-03	1.50e-01	8.40e-01	0.00e+00	0.00e+00	0.00e+00	0.00e+00	0.00e+00
 1.62116e+15	8.21e-19	4.21e-13	4.08e-08	8.81e-05	1.07e-02	1.57e-01	8.32e-01	0.00e+00	0.00e+00	0.00e+00	0.00e+00	0.00e+00
 1.67318e+15	1.13e-18	5.63e-13	5.20e-08	1.06e-04	1.20e-02	1.67e-01	8.21e-01	0.00e+00	0.00e+00	0.00e+00	0.00e+00	0.00e+00
 1.72781e+15	1.55e-18	7.50e-13	6.66e-08	1.27e-04	1.35e-02	1.77e-01	8.10e-01	0.00e+00	0.00e+00	0.00e+00	0.00e+00	0.00e+00
 1.77487e+15	2.05e-18	9.66e-13	8.19e-08	1.48e-04	1.49e-02	1.85e-01	8.00e-01	0.00e+00	0.00e+00	0.00e+00	0.00e+00	0.00e+00
 1.82509e+15	2.74e-18	1.25e-12	1.01e-07	1.73e-04	1.64e-02	1.95e-01	7.89e-01	0.00e+00	0.00e+00	0.00e+00	0.00e+00	0.00e+00
 1.89037e+15	4.06e-18	1.77e-12	1.33e-07	2.11e-04	1.86e-02	2.07e-01	7.74e-01	0.00e+00	0.00e+00	0.00e+00	0.00e+00	0.00e+00
 1.95744e+15	5.69e-18	2.40e-12	1.73e-07	2.57e-04	2.10e-02	2.20e-01	7.59e-01	0.00e+00	0.00e+00	0.00e+00	0.00e+00	0.00e+00
 2.01350e+15	7.71e-18	3.14e-12	2.15e-07	3.01e-04	2.32e-02	2.30e-01	7.46e-01	0.00e+00	0.00e+00	0.00e+00	0.00e+00	0.00e+00
 2.07305e+15	1.05e-17	4.13e-12	2.69e-07	3.53e-04	2.57e-02	2.41e-01	7.33e-01	0.00e+00	0.00e+00	0.00e+00	0.00e+00	0.00e+00
 2.14886e+15	1.57e-17	5.86e-12	3.54e-07	4.31e-04	2.90e-02	2.56e-01	7.15e-01	0.00e+00	0.00e+00	0.00e+00	0.00e+00	0.00e+00
 2.22816e+15	2.25e-17	8.10e-12	4.64e-07	5.26e-04	3.28e-02	2.70e-01	6.97e-01	0.00e+00	0.00e+00	1.31e-17	6.77e-18	2.08e-18
 2.29865e+15	3.20e-17	1.09e-11	5.88e-07	6.23e-04	3.64e-02	2.83e-01	6.80e-01	0.00e+00	0.00e+00	1.83e-17	9.73e-18	3.43e-18
 2.37535e+15	4.54e-17	1.48e-11	7.51e-07	7.44e-04	4.05e-02	2.97e-01	6.62e-01	0.00e+00	0.00e+00	2.60e-17	1.38e-17	4.84e-18
 2.46709e+15	7.09e-17	2.15e-11	9.98e-07	9.13e-04	4.59e-02	3.13e-01	6.40e-01	0.00e+00	0.00e+00	4.07e-17	2.16e-17	7.51e-18
 2.55799e+15	1.04e-16	3.00e-11	1.30e-06	1.11e-03	5.15e-02	3.28e-01	6.19e-01	0.00e+00	0.00e+00	5.96e-17	3.15e-17	1.09e-17
 2.64021e+15	1.42e-16	3.97e-11	1.65e-06	1.31e-03	5.69e-02	3.42e-01	6.00e-01	0.00e+00	0.00e+00	8.18e-17	4.33e-17	1.50e-17
 2.73152e+15	2.05e-16	5.42e-11	2.11e-06	1.56e-03	6.32e-02	3.56e-01	5.79e-01	0.00e+00	0.00e+00	1.18e-16	6.22e-17	2.15e-17
 2.83880e+15	3.24e-16	7.94e-11	2.80e-06	1.90e-03	7.11e-02	3.73e-01	5.54e-01	0.00e+00	0.00e+00	1.87e-16	9.83e-17	3.38e-17
 2.94470e+15	4.83e-16	1.11e-10	3.65e-06	2.29e-03	7.93e-02	3.87e-01	5.31e-01	0.00e+00	0.00e+00	2.78e-16	1.47e-16	5.01e-17
 3.04379e+15	6.92e-16	1.50e-10	4.63e-06	2.71e-03	8.74e-02	4.01e-01	5.09e-01	0.00e+00	0.00e+00	3.99e-16	2.10e-16	7.15e-17
 3.15454e+15	1.02e-15	2.08e-10	5.97e-06	3.24e-03	9.69e-02	4.14e-01	4.86e-01	0.00e+00	0.00e+00	5.88e-16	3.09e-16	1.05e-16
 3.28076e+15	1.49e-15	2.89e-10	7.86e-06	3.92e-03	1.08e-01	4.28e-01	4.60e-01	0.00e+00	0.00e+00	8.57e-16	4.51e-16	1.53e-16
 3.40596e+15	2.34e-15	4.17e-10	1.02e-05	4.71e-03	1.20e-01	4.41e-01	4.35e-01	0.00e+00	0.00e+00	1.35e-15	7.11e-16	2.40e-16
 3.50831e+15	3.23e-15	5.44e-10	1.25e-05	5.42e-03	1.30e-01	4.50e-01	4.15e-01	0.00e+00	0.00e+00	1.87e-15	9.80e-16	3.30e-16
 3.58739e+15	4.11e-15	6.63e-10	1.46e-05	6.02e-03	1.37e-01	4.57e-01	4.00e-01	0.00e+00	0.00e+00	2.37e-15	1.25e-15	4.19e-16
 3.67386e+15	5.31e-15	8.19e-10	1.72e-05	6.73e-03	1.46e-01	4.63e-01	3.84e-01	0.00e+00	0.00e+00	3.07e-15	1.61e-15	5.41e-16
 3.78628e+15	7.35e-15	1.07e-09	2.11e-05	7.73e-03	1.57e-01	4.70e-01	3.64e-01	0.00e+00	0.00e+00	4.25e-15	2.23e-15	7.47e-16
 3.90847e+15	9.91e-15	1.38e-09	2.61e-05	8.93e-03	1.70e-01	4.77e-01	3.44e-01	0.00e+00	0.00e+00	5.73e-15	3.01e-15	1.01e-15
 4.01922e+15	1.34e-14	1.76e-09	3.14e-05	1.01e-02	1.82e-01	4.82e-01	3.26e-01	0.00e+00	0.00e+00	7.77e-15	4.08e-15	1.36e-15
 4.13904e+15	1.84e-14	2.27e-09	3.81e-05	1.15e-02	1.95e-01	4.86e-01	3.07e-01	0.00e+00	0.00e+00	1.06e-14	5.58e-15	1.86e-15
 4.29092e+15	2.82e-14	3.17e-09	4.84e-05	1.35e-02	2.11e-01	4.90e-01	2.85e-01	0.00e+00	0.00e+00	1.63e-14	8.55e-15	2.84e-15
 4.44319e+15	4.03e-14	4.23e-09	6.05e-05	1.57e-02	2.28e-01	4.92e-01	2.64e-01	0.00e+00	0.00e+00	2.33e-14	1.22e-14	4.06e-15
 4.57030e+15	5.45e-14	5.38e-09	7.24e-05	1.76e-02	2.42e-01	4.93e-01	2.48e-01	0.00e+00	0.00e+00	3.15e-14	1.65e-14	5.48e-15
 4.70596e+15	7.21e-14	6.78e-09	8.71e-05	1.99e-02	2.56e-01	4.93e-01	2.31e-01	0.00e+00	0.00e+00	4.18e-14	2.19e-14	7.25e-15
 4.87831e+15	1.10e-13	9.38e-09	1.09e-04	2.31e-02	2.75e-01	4.91e-01	2.11e-01	0.00e+00	0.00e+00	6.38e-14	3.35e-14	1.11e-14
 5.05514e+15	1.58e-13	1.25e-08	1.36e-04	2.66e-02	2.94e-01	4.86e-01	1.93e-01	0.00e+00	0.00e+00	9.13e-14	4.79e-14	1.58e-14
 5.20849e+15	2.10e-13	1.57e-08	1.63e-04	2.99e-02	3.10e-01	4.82e-01	1.78e-01	0.00e+00	0.00e+00	1.21e-13	6.36e-14	2.10e-14
 5.37454e+15	2.90e-13	2.02e-08	1.98e-04	3.37e-02	3.27e-01	4.76e-01	1.63e-01	0.00e+00	0.00e+00	1.68e-13	8.80e-14	2.90e-14
 5.57777e+15	4.50e-13	2.82e-08	2.48e-04	3.89e-02	3.48e-01	4.67e-01	1.46e-01	0.00e+00	0.00e+00	2.61e-13	1.37e-13	4.50e-14
 5.77856e+15	6.48e-13	3.73e-08	3.06e-04	4.43e-02	3.67e-01	4.57e-01	1.31e-01	0.00e+00	0.00e+00	3.76e-13	1.97e-13	6.47e-14
 5.95417e+15	8.82e-13	4.73e-08	3.64e-04	4.93e-02	3.84e-01	4.47e-01	1.20e-01	0.00e+00	0.00e+00	5.11e-13	2.68e-13	8.79e-14
 6.14785e+15	1.21e-12	6.07e-08	4.39e-04	5.53e-02	4.01e-01	4.36e-01	1.08e-01	0.00e+00	0.00e+00	7.05e-13	3.69e-13	1.21e-13
 6.38249e+15	1.82e-12	8.22e-08	5.46e-04	6.30e-02	4.21e-01	4.21e-01	9.48e-02	0.00e+00	0.00e+00	1.05e-12	5.51e-13	1.81e-13
 6.60727e+15	2.55e-12	1.07e-07	6.64e-04	7.08e-02	4.39e-01	4.06e-01	8.40e-02	0.00e+00	0.00e+00	1.48e-12	7.74e-13	2.53e-13
 6.79570e+15	3.30e-12	1.31e-07	7.77e-04	7.78e-02	4.53e-01	3.93e-01	7.59e-02	0.00e+00	0.00e+00	1.92e-12	1.00e-12	3.28e-13
 6.99995e+15	4.46e-12	1.65e-07	9.19e-04	8.57e-02	4.67e-01	3.79e-01	6.78e-02	0.00e+00	0.00e+00	2.59e-12	1.35e-12	4.43e-13
 7.25772e+15	6.84e-12	2.24e-07	1.13e-03	9.65e-02	4.83e-01	3.61e-01	5.86e-02	0.00e+00	0.00e+00	3.97e-12	2.08e-12	6.79e-13
 7.48618e+15	9.30e-12	2.83e-07	1.34e-03	1.06e-01	4.96e-01	3.44e-01	5.17e-02	0.00e+00	0.00e+00	5.40e-12	2.83e-12	9.23e-13
 7.64630e+15	1.15e-11	3.33e-07	1.50e-03	1.13e-01	5.05e-01	3.33e-01	4.73e-02	0.00e+00	0.00e+00	6.70e-12	3.51e-12	1.15e-12
 7.81645e+15	1.45e-11	3.95e-07	1.70e-03	1.21e-01	5.13e-01	3.21e-01	4.30e-02	0.00e+00	0.00e+00	8.43e-12	4.41e-12	1.44e-12
 8.03765e+15	1.85e-11	4.78e-07	1.98e-03	1.32e-01	5.22e-01	3.06e-01	3.81e-02	0.00e+00	0.00e+00	1.07e-11	5.62e-12	1.83e-12
 8.28555e+15	2.66e-11	6.21e-07	2.34e-03	1.44e-01	5.32e-01	2.89e-01	3.31e-02	0.00e+00	0.00e+00	1.55e-11	8.10e-12	2.64e-12
 8.50393e+15	3.41e-11	7.50e-07	2.69e-03	1.55e-01	5.38e-01	2.74e-01	2.93e-02	0.00e+00	0.00e+00	1.98e-11	1.04e-11	3.38e-12
 8.72362e+15	4.31e-11	8.99e-07	3.10e-03	1.67e-01	5.44e-01	2.60e-01	2.59e-02	0.00e+00	0.00e+00	2.50e-11	1.31e-11	4.27e-12
 9.00921e+15	6.40e-11	1.19e-06	3.71e-03	1.83e-01	5.49e-01	2.42e-01	2.19e-02	0.00e+00	0.00e+00	3.72e-11	1.95e-11	6.34e-12
 9.28847e+15	8.56e-11	1.49e-06	4.37e-03	1.99e-01	5.53e-01	2.25e-01	1.87e-02	0.00e+00	0.00e+00	4.98e-11	2.61e-11	8.48e-12
 9.50381e+15	1.06e-10	1.75e-06	4.95e-03	2.12e-01	5.54e-01	2.12e-01	1.66e-02	0.00e+00	0.00e+00	6.16e-11	3.23e-11	1.05e-11
 9.72807e+15	1.36e-10	2.10e-06	5.64e-03	2.25e-01	5.55e-01	2.00e-01	1.46e-02	0.00e+00	0.00e+00	7.88e-11	4.13e-11	1.34e-11
 1.00196e+16	1.98e-10	2.75e-06	6.69e-03	2.44e-01	5.54e-01	1.84e-01	1.22e-02	0.00e+00	0.00e+00	1.15e-10	6.04e-11	1.96e-11
 1.03164e+16	2.66e-10	3.43e-06	7.85e-03	2.62e-01	5.51e-01	1.69e-01	1.03e-02	0.00e+00	0.00e+00	1.55e-10	8.10e-11	2.63e-11
 1.05596e+16	3.32e-10	4.08e-06	8.95e-03	2.78e-01	5.47e-01	1.57e-01	8.93e-03	0.00e+00	0.00e+00	1.93e-10	1.01e-10	3.29e-11
 1.07814e+16	4.20e-10	4.85e-06	1.01e-02	2.93e-01	5.42e-01	1.46e-01	7.82e-03	0.00e+00	0.00e+00	2.44e-10	1.28e-10	4.17e-11
 1.10359e+16	5.88e-10	6.12e-06	1.16e-02	3.11e-01	5.36e-01	1.35e-01	6.66e-03	0.00e+00	0.00e+00	3.42e-10	1.79e-10	5.83e-11
 1.13088e+16	7.62e-10	7.45e-06	1.34e-02	3.30e-01	5.28e-01	1.23e-01	5.65e-03	0.00e+00	0.00e+00	4.43e-10	2.32e-10	7.55e-11
 1.15525e+16	9.47e-10	8.82e-06	1.53e-02	3.47e-01	5.19e-01	1.14e-01	4.87e-03	0.00e+00	0.00e+00	5.51e-10	2.89e-10	9.39e-11
 1.17802e+16	1.20e-09	1.05e-05	1.72e-02	3.63e-01	5.10e-01	1.05e-01	4.22e-03	0.00e+00	0.00e+00	6.99e-10	3.67e-10	1.19e-10
 1.20402e+16	1.72e-09	1.34e-05	1.99e-02	3.83e-01	4.98e-01	9.56e-02	3.54e-03	0.00e+00	0.00e+00	9.98e-10	5.23e-10	1.70e-10
 1.23086e+16	2.11e-09	1.59e-05	2.29e-02	4.02e-01	4.85e-01	8.68e-02	2.99e-03	0.00e+00	0.00e+00	1.23e-09	6.44e-10	2.10e-10
 1.25388e+16	2.94e-09	2.00e-05	2.61e-02	4.20e-01	4.72e-01	7.92e-02	2.54e-03	0.00e+00	0.00e+00	1.71e-09	8.97e-10	2.92e-10
 1.27229e+16	3.56e-09	2.31e-05	2.88e-02	4.33e-01	4.62e-01	7.37e-02	2.25e-03	0.00e+00	0.00e+00	2.07e-09	1.09e-09	3.53e-10
 1.28959e+16	4.37e-09	2.68e-05	3.19e-02	4.46e-01	4.51e-01	6.86e-02	1.99e-03	0.00e+00	0.00e+00	2.54e-09	1.33e-09	4.34e-10
 1.31210e+16	5.57e-09	3.22e-05	3.62e-02	4.63e-01	4.36e-01	6.22e-02	1.69e-03	0.00e+00	0.00e+00	3.24e-09	1.70e-09	5.54e-10
 1.33696e+16	7.46e-09	3.99e-05	4.19e-02	4.82e-01	4.19e-01	5.57e-02	1.41e-03	0.00e+00	0.00e+00	4.34e-09	2.28e-09	7.42e-10
 1.35926e+16	9.32e-09	4.75e-05	4.77e-02	4.98e-01	4.03e-01	5.03e-02	1.19e-03	0.00e+00	0.00e+00	5.42e-09	2.84e-09	9.27e-10
 1.37904e+16	1.19e-08	5.70e-05	5.39e-02	5.12e-01	3.87e-01	4.56e-02	1.02e-03	0.00e+00	0.00e+00	6.94e-09	3.64e-09	1.19e-09
 1.39709e+16	1.65e-08	7.08e-05	6.08e-02	5.25e-01	3.72e-01	4.14e-02	8.71e-04	0.00e+00	0.00e+00	9.58e-09	5.03e-09	1.64e-09
 1.41326e+16	2.04e-08	8.31e-05	6.75e-02	5.36e-01	3.58e-01	3.79e-02	7.59e-04	0.00e+00	0.00e+00	1.19e-08	6.24e-09	2.04e-09
 1.43111e+16	2.44e-08	9.62e-05	7.60e-02	5.48e-01	3.41e-01	3.42e-02	6.51e-04	0.00e+00	0.00e+00	1.42e-08	7.47e-09	2.44e-09
 1.45431e+16	3.63e-08	1.28e-04	9.00e-02	5.61e-01	3.18e-01	2.95e-02	5.19e-04	0.00e+00	0.00e+00	2.11e-08	1.11e-08	3.62e-09
 1.47638e+16	5.10e-08	1.64e-04	1.06e-01	5.72e-01	2.96e-01	2.55e-02	4.16e-04	0.00e+00	0.00e+00	2.97e-08	1.56e-08	5.08e-09
 1.49179e+16	6.78e-08	2.00e-04	1.19e-01	5.78e-01	2.79e-01	2.27e-02	3.51e-04	0.00e+00	0.00e+00	3.95e-08	2.07e-08	6.77e-09
 1.50443e+16	8.45e-08	2.35e-04	1.32e-01	5.82e-01	2.65e-01	2.06e-02	3.03e-04	0.00e+00	0.00e+00	4.92e-08	2.58e-08	8.44e-09
 1.51868e+16	1.01e-07	2.72e-04	1.49e-01	5.85e-01	2.47e-01	1.83e-02	2.56e-04	0.00e+00	0.00e+00	5.88e-08	3.09e-08	1.01e-08
 1.53721e+16	1.60e-07	3.73e-04	1.76e-01	5.85e-01	2.23e-01	1.52e-02	1.96e-04	0.00e+00	0.00e+00	9.31e-08	4.89e-08	1.60e-08
 1.55406e+16	2.14e-07	4.66e-04	2.05e-01	5.81e-01	2.01e-01	1.28e-02	1.55e-04	0.00e+00	0.00e+00	1.24e-07	6.54e-08	2.14e-08
 1.56490e+16	2.73e-07	5.56e-04	2.28e-01	5.75e-01	1.86e-01	1.12e-02	1.30e-04	0.00e+00	0.00e+00	1.59e-07	8.37e-08	2.74e-08
 1.57344e+16	3.38e-07	6.46e-04	2.48e-01	5.68e-01	1.73e-01	1.00e-02	1.11e-04	0.00e+00	0.00e+00	1.97e-07	1.04e-07	3.39e-08
 1.58281e+16	3.92e-07	7.27e-04	2.72e-01	5.59e-01	1.59e-01	8.83e-03	9.39e-05	0.00e+00	0.00e+00	2.28e-07	1.20e-07	3.93e-08
 1.59499e+16	5.74e-07	9.45e-04	3.11e-01	5.41e-01	1.40e-01	7.22e-03	7.14e-05	0.00e+00	0.00e+00	3.34e-07	1.76e-07	5.76e-08
 1.60470e+16	7.20e-07	1.11e-03	3.43e-01	5.24e-01	1.26e-01	6.15e-03	5.79e-05	0.00e+00	0.00e+00	4.19e-07	2.20e-07	7.23e-08
 1.60941e+16	8.11e-07	1.21e-03	3.61e-01	5.14e-01	1.18e-01	5.63e-03	5.15e-05	0.00e+00	0.00e+00	4.72e-07	2.48e-07	8.15e-08
 1.61378e+16	9.17e-07	1.32e-03	3.79e-01	5.03e-01	1.11e-01	5.13e-03	4.57e-05	0.00e+00	0.00e+00	5.34e-07	2.81e-07	9.22e-08
 1.61945e+16	1.02e-06	1.43e-03	4.02e-01	4.89e-01	1.02e-01	4.56e-03	3.94e-05	0.00e+00	0.00e+00	5.93e-07	3.12e-07	1.02e-07
 1.62683e+16	1.32e-06	1.71e-03	4.37e-01	4.67e-01	9.04e-02	3.80e-03	3.11e-05	0.00e+00	0.00e+00	7.70e-07	4.05e-07	1.33e-07
 1.63353e+16	1.50e-06	1.88e-03	4.67e-01	4.47e-01	8.07e-02	3.25e-03	2.55e-05	0.00e+00	0.00e+00	8.70e-07	4.58e-07	1.51e-07
 1.63935e+16	1.78e-06	2.12e-03	4.98e-01	4.26e-01	7.17e-02	2.75e-03	2.07e-05	0.00e+00	0.00e+00	1.04e-06	5.46e-07	1.80e-07
 1.64549e+16	2.12e-06	2.39e-03	5.30e-01	4.02e-01	6.29e-02	2.30e-03	1.65e-05	0.00e+00	0.00e+00	1.24e-06	6.52e-07	2.14e-07
 1.65078e+16	2.59e-06	2.71e-03	5.60e-01	3.80e-01	5.55e-02	1.93e-03	1.32e-05	0.00e+00	0.00e+00	1.50e-06	7.94e-07	2.61e-07
 1.65521e+16	2.84e-06	2.90e-03	5.84e-01	3.62e-01	4.99e-02	1.67e-03	1.10e-05	0.00e+00	0.00e+00	1.65e-06	8.70e-07	2.87e-07
 1.65978e+16	3.26e-06	3.18e-03	6.10e-01	3.41e-01	4.39e-02	1.40e-03	8.91e-06	0.00e+00	0.00e+00	1.89e-06	9.99e-07	3.29e-07
 1.66571e+16	4.01e-06	3.63e-03	6.45e-01	3.13e-01	3.69e-02	1.10e-03	6.59e-06	0.00e+00	0.00e+00	2.33e-06	1.23e-06	4.06e-07
 1.67156e+16	4.71e-06	4.03e-03	6.77e-01	2.87e-01	3.09e-02	8.69e-04	4.91e-06	0.00e+00	0.00e+00	2.74e-06	1.45e-06	4.77e-07
 1.67636e+16	5.38e-06	4.39e-03	7.03e-01	2.66e-01	2.63e-02	7.02e-04	3.77e-06	0.00e+00	0.00e+00	3.13e-06	1.65e-06	5.46e-07
 1.68169e+16	6.27e-06	4.83e-03	7.32e-01	2.41e-01	2.17e-02	5.42e-04	2.75e-06	0.00e+00	0.00e+00	3.64e-06	1.93e-06	6.37e-07
 1.68862e+16	7.58e-06	5.43e-03	7.67e-01	2.11e-01	1.67e-02	3.82e-04	1.79e-06	0.00e+00	0.00e+00	4.41e-06	2.33e-06	7.72e-07
 1.69563e+16	9.07e-06	6.04e-03	7.98e-01	1.83e-01	1.27e-02	2.65e-04	1.14e-06	0.00e+00	0.00e+00	5.27e-06	2.79e-06	9.25e-07
 1.70137e+16	1.05e-05	6.58e-03	8.21e-01	1.62e-01	1.00e-02	1.92e-04	7.75e-07	0.00e+00	0.00e+00	6.09e-06	3.22e-06	1.07e-06
 1.70747e+16	1.22e-05	7.17e-03	8.44e-01	1.41e-01	7.66e-03	1.34e-04	0.00e+00	0.00e+00	0.00e+00	7.09e-06	3.75e-06	1.25e-06
 1.71540e+16	1.46e-05	7.94e-03	8.70e-01	1.17e-01	5.36e-03	8.29e-05	0.00e+00	0.00e+00	0.00e+00	8.50e-06	4.50e-06	1.50e-06
 1.72392e+16	1.75e-05	8.76e-03	8.92e-01	9.53e-02	3.65e-03	4.94e-05	0.00e+00	0.00e+00	0.00e+00	1.02e-05	5.40e-06	1.80e-06
