#depth	N	N+	N+2	N+3	N+4	N+5	N+6	N+7
 1.49634e+10	0.00e+00	0.00e+00	7.48e-28	2.33e-18	8.35e-10	9.43e-01	5.71e-02	1.61e-06
 4.54887e+10	0.00e+00	7.77e-38	9.54e-28	2.75e-18	9.08e-10	9.47e-01	5.26e-02	1.36e-06
 7.72350e+10	0.00e+00	0.00e+00	1.22e-27	3.23e-18	9.88e-10	9.51e-01	4.86e-02	1.16e-06
 1.10251e+11	0.00e+00	1.48e-37	1.55e-27	3.81e-18	1.07e-09	9.55e-01	4.49e-02	9.91e-07
 1.41682e+11	0.00e+00	0.00e+00	1.94e-27	4.43e-18	1.16e-09	9.58e-01	4.17e-02	0.00e+00
 1.70477e+11	0.00e+00	2.59e-37	2.36e-27	5.06e-18	1.24e-09	9.61e-01	3.91e-02	0.00e+00
 2.03128e+11	0.00e+00	0.00e+00	2.94e-27	5.85e-18	1.34e-09	9.64e-01	3.64e-02	0.00e+00
 2.40978e+11	0.00e+00	4.77e-37	3.75e-27	6.88e-18	1.45e-09	9.66e-01	3.36e-02	0.00e+00
 2.78764e+11	0.00e+00	0.00e+00	4.73e-27	8.05e-18	1.57e-09	9.69e-01	3.11e-02	0.00e+00
 3.18061e+11	0.00e+00	8.87e-37	5.97e-27	9.42e-18	1.70e-09	9.71e-01	2.88e-02	0.00e+00
 3.60710e+11	0.00e+00	0.00e+00	7.63e-27	1.11e-17	1.85e-09	9.73e-01	2.66e-02	0.00e+00
 4.04187e+11	0.00e+00	1.69e-36	9.70e-27	1.30e-17	2.01e-09	9.75e-01	2.45e-02	0.00e+00
 4.49402e+11	5.02e-47	2.32e-36	1.23e-26	1.53e-17	2.18e-09	9.77e-01	2.26e-02	0.00e+00
 4.97305e+11	0.00e+00	0.00e+00	1.58e-26	1.80e-17	2.37e-09	9.79e-01	2.08e-02	0.00e+00
 5.47124e+11	0.00e+00	4.45e-36	2.01e-26	2.13e-17	2.58e-09	9.81e-01	1.92e-02	0.00e+00
 5.98936e+11	1.70e-46	6.18e-36	2.58e-26	2.51e-17	2.80e-09	9.82e-01	1.77e-02	0.00e+00
 6.52820e+11	0.00e+00	0.00e+00	3.30e-26	2.96e-17	3.05e-09	9.84e-01	1.63e-02	0.00e+00
 7.08859e+11	0.00e+00	1.19e-35	4.22e-26	3.49e-17	3.31e-09	9.85e-01	1.50e-02	0.00e+00
 7.67141e+11	5.82e-46	1.65e-35	5.41e-26	4.12e-17	3.60e-09	9.86e-01	1.38e-02	0.00e+00
 8.21934e+11	0.00e+00	0.00e+00	6.77e-26	4.79e-17	3.89e-09	9.87e-01	1.28e-02	0.00e+00
 8.70925e+11	0.00e+00	2.88e-35	8.23e-26	5.46e-17	4.15e-09	9.88e-01	1.20e-02	0.00e+00
 9.25918e+11	1.66e-45	3.82e-35	1.02e-25	6.30e-17	4.46e-09	9.89e-01	1.11e-02	0.00e+00
 9.91105e+11	0.00e+00	0.00e+00	1.30e-25	7.41e-17	4.85e-09	9.90e-01	1.02e-02	0.00e+00
 1.05662e+12	0.00e+00	7.22e-35	1.64e-25	8.68e-17	5.25e-09	9.91e-01	9.45e-03	0.00e+00
 1.11810e+12	5.21e-45	9.58e-35	2.04e-25	1.00e-16	5.64e-09	9.91e-01	8.80e-03	0.00e+00
 1.18609e+12	0.00e+00	0.00e+00	2.56e-25	1.17e-16	6.10e-09	9.92e-01	8.14e-03	0.00e+00
 1.26346e+12	0.00e+00	1.82e-34	3.30e-25	1.39e-16	6.65e-09	9.93e-01	7.47e-03	0.00e+00
 1.34065e+12	1.73e-44	2.51e-34	4.21e-25	1.63e-16	7.22e-09	9.93e-01	6.88e-03	0.00e+00
 1.42094e+12	0.00e+00	3.46e-34	5.37e-25	1.92e-16	7.85e-09	9.94e-01	6.33e-03	0.00e+00
 1.50770e+12	3.94e-44	4.85e-34	6.93e-25	2.28e-16	8.56e-09	9.94e-01	5.80e-03	0.00e+00
 1.59794e+12	0.00e+00	6.80e-34	8.95e-25	2.71e-16	9.34e-09	9.95e-01	5.32e-03	0.00e+00
 1.68303e+12	8.81e-44	9.25e-34	1.13e-24	3.17e-16	1.01e-08	9.95e-01	4.91e-03	0.00e+00
 1.75962e+12	0.00e+00	1.21e-33	1.38e-24	3.63e-16	1.08e-08	9.95e-01	4.58e-03	0.00e+00
 1.84588e+12	1.78e-43	1.62e-33	1.73e-24	4.22e-16	1.17e-08	9.96e-01	4.25e-03	0.00e+00
 1.94749e+12	0.00e+00	2.27e-33	2.23e-24	5.01e-16	1.27e-08	9.96e-01	3.90e-03	0.00e+00
 2.04903e+12	4.03e-43	3.13e-33	2.85e-24	5.90e-16	1.39e-08	9.96e-01	3.58e-03	0.00e+00
 2.14466e+12	0.00e+00	4.20e-33	3.56e-24	6.87e-16	1.50e-08	9.97e-01	3.32e-03	0.00e+00
 2.25039e+12	8.58e-43	5.76e-33	4.52e-24	8.07e-16	1.63e-08	9.97e-01	3.06e-03	0.00e+00
 2.37033e+12	0.00e+00	8.12e-33	5.88e-24	9.64e-16	1.78e-08	9.97e-01	2.79e-03	0.00e+00
 2.48893e+12	1.98e-42	1.13e-32	7.55e-24	1.14e-15	1.94e-08	9.97e-01	2.56e-03	0.00e+00
 2.61228e+12	0.00e+00	1.57e-32	9.70e-24	1.35e-15	2.12e-08	9.98e-01	2.35e-03	0.00e+00
 2.74670e+12	4.58e-42	2.22e-32	1.26e-23	1.62e-15	2.32e-08	9.98e-01	2.14e-03	0.00e+00
 2.88239e+12	0.00e+00	3.11e-32	1.63e-23	1.93e-15	2.54e-08	9.98e-01	1.96e-03	0.00e+00
 3.02350e+12	1.06e-41	4.35e-32	2.12e-23	2.30e-15	2.78e-08	9.98e-01	1.79e-03	0.00e+00
 3.16903e+12	0.00e+00	6.09e-32	2.74e-23	2.75e-15	3.04e-08	9.98e-01	1.63e-03	0.00e+00
 3.31194e+12	2.37e-41	8.36e-32	3.49e-23	3.25e-15	3.32e-08	9.98e-01	1.50e-03	0.00e+00
 3.46589e+12	0.00e+00	1.16e-31	4.50e-23	3.86e-15	3.63e-08	9.99e-01	1.37e-03	0.00e+00
 3.63445e+12	5.48e-41	1.65e-31	5.88e-23	4.64e-15	3.99e-08	9.99e-01	1.25e-03	0.00e+00
 3.80976e+12	0.00e+00	2.33e-31	7.69e-23	5.59e-15	4.39e-08	9.99e-01	1.13e-03	0.00e+00
 3.99208e+12	1.29e-40	3.29e-31	1.01e-22	6.73e-15	4.84e-08	9.99e-01	1.03e-03	0.00e+00
 4.18169e+12	0.00e+00	4.65e-31	1.31e-22	8.10e-15	5.33e-08	9.99e-01	9.35e-04	0.00e+00
 4.35314e+12	2.85e-40	6.29e-31	1.66e-22	9.53e-15	5.81e-08	9.99e-01	8.59e-04	0.00e+00
 4.49592e+12	0.00e+00	8.01e-31	2.00e-22	1.09e-14	6.22e-08	9.99e-01	8.02e-04	0.00e+00
 4.65231e+12	5.26e-40	1.03e-30	2.45e-22	1.25e-14	6.70e-08	9.99e-01	7.46e-04	0.00e+00
 4.85048e+12	0.00e+00	1.42e-30	3.13e-22	1.49e-14	7.33e-08	9.99e-01	6.81e-04	0.00e+00
 5.05728e+12	1.13e-39	1.94e-30	4.00e-22	1.77e-14	8.04e-08	9.99e-01	6.22e-04	0.00e+00
 5.23272e+12	0.00e+00	2.50e-30	4.89e-22	2.04e-14	8.67e-08	9.99e-01	5.77e-04	0.00e+00
 5.41306e+12	2.11e-39	3.23e-30	5.97e-22	2.35e-14	9.35e-08	9.99e-01	5.36e-04	0.00e+00
 5.64025e+12	0.00e+00	4.39e-30	7.61e-22	2.79e-14	1.02e-07	1.00e+00	4.89e-04	0.00e+00
 5.87112e+12	4.41e-39	5.93e-30	9.65e-22	3.30e-14	1.12e-07	1.00e+00	4.47e-04	0.00e+00
 6.06899e+12	0.00e+00	7.59e-30	1.17e-21	3.80e-14	1.21e-07	1.00e+00	4.15e-04	0.00e+00
 6.28119e+12	8.11e-39	9.80e-30	1.44e-21	4.39e-14	1.31e-07	1.00e+00	3.84e-04	0.00e+00
 6.54412e+12	0.00e+00	1.33e-29	1.83e-21	5.23e-14	1.44e-07	1.00e+00	3.50e-04	0.00e+00
 6.81383e+12	1.67e-38	1.79e-29	2.32e-21	6.20e-14	1.57e-07	1.00e+00	3.19e-04	0.00e+00
 7.05637e+12	0.00e+00	2.31e-29	2.84e-21	7.19e-14	1.71e-07	1.00e+00	2.95e-04	0.00e+00
 7.32277e+12	3.16e-38	3.03e-29	3.53e-21	8.41e-14	1.86e-07	1.00e+00	2.71e-04	0.00e+00
 7.63777e+12	0.00e+00	4.11e-29	4.51e-21	1.00e-13	2.04e-07	1.00e+00	2.46e-04	0.00e+00
 7.95346e+12	6.48e-38	5.51e-29	5.70e-21	1.19e-13	2.24e-07	1.00e+00	2.25e-04	0.00e+00
 8.25263e+12	0.00e+00	7.19e-29	7.06e-21	1.39e-13	2.44e-07	1.00e+00	2.07e-04	0.00e+00
 8.58353e+12	1.25e-37	9.53e-29	8.85e-21	1.64e-13	2.67e-07	1.00e+00	1.89e-04	0.00e+00
 8.95679e+12	0.00e+00	1.29e-28	1.13e-20	1.96e-13	2.95e-07	1.00e+00	1.72e-04	0.00e+00
 9.32927e+12	2.55e-37	1.73e-28	1.43e-20	2.33e-13	3.23e-07	1.00e+00	1.56e-04	0.00e+00
 9.65829e+12	0.00e+00	2.21e-28	1.74e-20	2.69e-13	3.50e-07	1.00e+00	1.45e-04	0.00e+00
 9.93416e+12	4.34e-37	2.69e-28	2.04e-20	3.02e-13	3.73e-07	1.00e+00	1.36e-04	0.00e+00
 1.02310e+13	0.00e+00	3.32e-28	2.41e-20	3.42e-13	3.99e-07	1.00e+00	1.27e-04	0.00e+00
 1.06169e+13	7.61e-37	4.30e-28	2.97e-20	3.98e-13	4.34e-07	1.00e+00	1.17e-04	0.00e+00
 1.10205e+13	0.00e+00	5.59e-28	3.67e-20	4.65e-13	4.73e-07	1.00e+00	1.07e-04	0.00e+00
 1.13648e+13	1.35e-36	6.93e-28	4.36e-20	5.28e-13	5.07e-07	1.00e+00	1.00e-04	0.00e+00
 1.17299e+13	0.00e+00	8.65e-28	5.21e-20	6.01e-13	5.45e-07	1.00e+00	9.32e-05	0.00e+00
 1.21899e+13	2.42e-36	1.13e-27	6.47e-20	7.05e-13	5.94e-07	1.00e+00	8.55e-05	0.00e+00
 1.26638e+13	0.00e+00	1.48e-27	8.02e-20	8.24e-13	6.48e-07	1.00e+00	7.85e-05	0.00e+00
 1.30801e+13	4.36e-36	1.85e-27	9.61e-20	9.41e-13	6.97e-07	1.00e+00	7.30e-05	0.00e+00
 1.35312e+13	0.00e+00	2.34e-27	1.16e-19	1.08e-12	7.53e-07	1.00e+00	6.77e-05	0.00e+00
 1.40305e+13	7.82e-36	3.01e-27	1.42e-19	1.25e-12	8.17e-07	1.00e+00	6.24e-05	0.00e+00
 1.44925e+13	0.00e+00	3.77e-27	1.71e-19	1.43e-12	8.79e-07	1.00e+00	5.80e-05	0.00e+00
 1.49933e+13	1.36e-35	4.77e-27	2.06e-19	1.64e-12	9.48e-07	1.00e+00	5.38e-05	0.00e+00
 1.55507e+13	0.00e+00	6.14e-27	2.53e-19	1.91e-12	1.03e-06	1.00e+00	4.96e-05	0.00e+00
 1.60711e+13	2.42e-35	7.72e-27	3.04e-19	2.18e-12	1.11e-06	1.00e+00	4.61e-05	0.00e+00
 1.66373e+13	0.00e+00	9.82e-27	3.69e-19	2.51e-12	1.20e-06	1.00e+00	4.27e-05	0.00e+00
 1.72669e+13	4.39e-35	1.27e-26	4.54e-19	2.91e-12	1.30e-06	1.00e+00	3.93e-05	0.00e+00
 1.78553e+13	0.00e+00	1.60e-26	5.48e-19	3.34e-12	1.40e-06	1.00e+00	3.65e-05	0.00e+00
 1.84965e+13	7.81e-35	2.05e-26	6.68e-19	3.85e-12	1.52e-06	1.00e+00	3.38e-05	0.00e+00
 1.92127e+13	0.00e+00	2.67e-26	8.25e-19	4.48e-12	1.65e-06	1.00e+00	3.10e-05	0.00e+00
 1.98871e+13	1.43e-34	3.40e-26	1.00e-18	5.15e-12	1.78e-06	1.00e+00	2.88e-05	0.00e+00
 2.06245e+13	1.95e-34	4.39e-26	1.23e-18	5.96e-12	1.93e-06	1.00e+00	2.66e-05	0.00e+00
 2.14503e+13	2.70e-34	5.77e-26	1.53e-18	6.98e-12	2.11e-06	1.00e+00	2.44e-05	0.00e+00
 2.22328e+13	3.66e-34	7.43e-26	1.87e-18	8.06e-12	2.28e-06	1.00e+00	2.25e-05	0.00e+00
 2.30734e+13	5.03e-34	9.66e-26	2.31e-18	9.35e-12	2.47e-06	1.00e+00	2.08e-05	0.00e+00
 2.40262e+13	7.08e-34	1.28e-25	2.90e-18	1.10e-11	2.70e-06	1.00e+00	1.90e-05	0.00e+00
 2.49667e+13	9.84e-34	1.69e-25	3.60e-18	1.28e-11	2.93e-06	1.00e+00	1.75e-05	0.00e+00
 2.59447e+13	1.37e-33	2.22e-25	4.47e-18	1.49e-11	3.19e-06	1.00e+00	1.61e-05	0.00e+00
 2.70124e+13	1.94e-33	2.96e-25	5.62e-18	1.75e-11	3.48e-06	1.00e+00	1.48e-05	0.00e+00
 2.81228e+13	2.77e-33	3.97e-25	7.07e-18	2.06e-11	3.79e-06	1.00e+00	1.36e-05	0.00e+00
 2.92081e+13	3.85e-33	5.21e-25	8.77e-18	2.39e-11	4.11e-06	1.00e+00	1.25e-05	0.00e+00
 3.02008e+13	5.16e-33	6.63e-25	1.06e-17	2.74e-11	4.42e-06	1.00e+00	1.17e-05	0.00e+00
 3.10853e+13	6.65e-33	8.17e-25	1.25e-17	3.07e-11	4.70e-06	1.00e+00	1.10e-05	0.00e+00
 3.20306e+13	8.69e-33	1.02e-24	1.48e-17	3.46e-11	5.00e-06	1.00e+00	1.03e-05	0.00e+00
 3.32312e+13	1.21e-32	1.34e-24	1.83e-17	4.00e-11	5.41e-06	1.00e+00	9.54e-06	0.00e+00
 3.44527e+13	1.66e-32	1.73e-24	2.25e-17	4.62e-11	5.84e-06	1.00e+00	8.83e-06	0.00e+00
 3.54828e+13	2.17e-32	2.16e-24	2.67e-17	5.19e-11	6.21e-06	1.00e+00	8.31e-06	0.00e+00
 3.65751e+13	2.87e-32	2.71e-24	3.18e-17	5.85e-11	6.62e-06	1.00e+00	7.80e-06	0.00e+00
 3.79513e+13	4.04e-32	3.57e-24	3.94e-17	6.77e-11	7.14e-06	1.00e+00	7.23e-06	0.00e+00
 3.93579e+13	5.59e-32	4.67e-24	4.86e-17	7.82e-11	7.71e-06	1.00e+00	6.70e-06	0.00e+00
 4.05607e+13	7.39e-32	5.86e-24	5.79e-17	8.81e-11	8.20e-06	1.00e+00	6.30e-06	0.00e+00
 4.18371e+13	9.87e-32	7.41e-24	6.94e-17	9.96e-11	8.74e-06	1.00e+00	5.91e-06	0.00e+00
 4.34247e+13	1.40e-31	9.85e-24	8.62e-17	1.15e-10	9.43e-06	1.00e+00	5.48e-06	0.00e+00
 4.50518e+13	1.96e-31	1.29e-23	1.07e-16	1.34e-10	1.02e-05	1.00e+00	5.07e-06	0.00e+00
 4.64793e+13	2.64e-31	1.65e-23	1.28e-16	1.51e-10	1.08e-05	1.00e+00	4.77e-06	0.00e+00
 4.80123e+13	3.59e-31	2.11e-23	1.55e-16	1.72e-10	1.16e-05	1.00e+00	4.46e-06	0.00e+00
 4.98712e+13	5.18e-31	2.83e-23	1.94e-16	2.00e-10	1.25e-05	1.00e+00	4.14e-06	0.00e+00
 5.17591e+13	7.30e-31	3.75e-23	2.40e-16	2.31e-10	1.35e-05	1.00e+00	3.83e-06	0.00e+00
 5.34719e+13	1.00e-30	4.84e-23	2.91e-16	2.63e-10	1.44e-05	1.00e+00	3.59e-06	0.00e+00
 5.53520e+13	1.40e-30	6.33e-23	3.57e-16	3.01e-10	1.54e-05	1.00e+00	3.35e-06	0.00e+00
 5.75580e+13	2.06e-30	8.60e-23	4.50e-16	3.52e-10	1.67e-05	1.00e+00	3.10e-06	0.00e+00
 5.97630e+13	2.94e-30	1.15e-22	5.61e-16	4.08e-10	1.80e-05	1.00e+00	2.87e-06	0.00e+00
 6.18593e+13	4.13e-30	1.51e-22	6.88e-16	4.68e-10	1.92e-05	1.00e+00	2.69e-06	0.00e+00
 6.41666e+13	5.93e-30	2.01e-22	8.55e-16	5.41e-10	2.07e-05	1.00e+00	2.50e-06	0.00e+00
 6.67632e+13	8.69e-30	2.74e-22	1.08e-15	6.33e-10	2.24e-05	1.00e+00	2.31e-06	0.00e+00
 6.93841e+13	1.27e-29	3.72e-22	1.36e-15	7.37e-10	2.42e-05	1.00e+00	2.14e-06	0.00e+00
 7.21098e+13	1.87e-29	5.05e-22	1.71e-15	8.58e-10	2.61e-05	1.00e+00	1.98e-06	0.00e+00
 7.50242e+13	2.76e-29	6.90e-22	2.16e-15	1.00e-09	2.82e-05	1.00e+00	1.83e-06	0.00e+00
 7.80551e+13	4.09e-29	9.45e-22	2.74e-15	1.17e-09	3.05e-05	1.00e+00	1.70e-06	0.00e+00
 8.09995e+13	5.85e-29	1.26e-21	3.41e-15	1.36e-09	3.28e-05	1.00e+00	1.58e-06	0.00e+00
 8.35052e+13	7.92e-29	1.61e-21	4.08e-15	1.53e-09	3.48e-05	1.00e+00	1.48e-06	0.00e+00
 8.60497e+13	1.07e-28	2.04e-21	4.89e-15	1.73e-09	3.69e-05	1.00e+00	1.40e-06	0.00e+00
 8.92526e+13	1.54e-28	2.73e-21	6.07e-15	2.00e-09	3.96e-05	1.00e+00	1.30e-06	0.00e+00
 9.25282e+13	2.18e-28	3.61e-21	7.52e-15	2.30e-09	4.26e-05	1.00e+00	1.21e-06	0.00e+00
 9.53713e+13	2.94e-28	4.60e-21	9.01e-15	2.59e-09	4.52e-05	1.00e+00	1.14e-06	0.00e+00
 9.84357e+13	4.05e-28	5.92e-21	1.09e-14	2.94e-09	4.81e-05	1.00e+00	1.07e-06	0.00e+00
 1.02186e+14	5.85e-28	7.95e-21	1.36e-14	3.41e-09	5.18e-05	1.00e+00	9.97e-07	0.00e+00
 1.06039e+14	8.33e-28	1.06e-20	1.69e-14	3.95e-09	5.57e-05	1.00e+00	0.00e+00	0.00e+00
 1.09587e+14	1.15e-27	1.37e-20	2.06e-14	4.50e-09	5.95e-05	1.00e+00	0.00e+00	0.00e+00
 1.13526e+14	1.64e-27	1.82e-20	2.54e-14	5.18e-09	6.38e-05	1.00e+00	0.00e+00	0.00e+00
 1.18082e+14	2.39e-27	2.47e-20	3.21e-14	6.06e-09	6.90e-05	1.00e+00	0.00e+00	0.00e+00
 1.22609e+14	3.48e-27	3.33e-20	4.02e-14	7.03e-09	7.43e-05	1.00e+00	0.00e+00	0.00e+00
 1.26690e+14	4.73e-27	4.28e-20	4.89e-14	8.01e-09	7.94e-05	1.00e+00	0.00e+00	0.00e+00
 1.31023e+14	6.62e-27	5.59e-20	5.97e-14	9.16e-09	8.48e-05	1.00e+00	0.00e+00	0.00e+00
 1.35875e+14	9.28e-27	7.37e-20	7.41e-14	1.06e-08	9.14e-05	1.00e+00	0.00e+00	0.00e+00
 1.40445e+14	1.29e-26	9.61e-20	9.03e-14	1.21e-08	9.75e-05	1.00e+00	0.00e+00	0.00e+00
 1.45432e+14	1.79e-26	1.25e-19	1.11e-13	1.39e-08	1.05e-04	1.00e+00	0.00e+00	0.00e+00
 1.50956e+14	2.59e-26	1.68e-19	1.39e-13	1.61e-08	1.13e-04	1.00e+00	0.00e+00	0.00e+00
 1.56095e+14	3.52e-26	2.17e-19	1.69e-13	1.84e-08	1.21e-04	1.00e+00	0.00e+00	0.00e+00
 1.61692e+14	4.93e-26	2.84e-19	2.09e-13	2.12e-08	1.30e-04	1.00e+00	0.00e+00	0.00e+00
 1.67932e+14	7.07e-26	3.81e-19	2.62e-13	2.46e-08	1.40e-04	1.00e+00	0.00e+00	0.00e+00
 1.73798e+14	9.91e-26	5.00e-19	3.21e-13	2.82e-08	1.50e-04	1.00e+00	0.00e+00	0.00e+00
 1.80134e+14	1.37e-25	6.53e-19	3.97e-13	3.26e-08	1.61e-04	1.00e+00	0.00e+00	0.00e+00
 1.87179e+14	2.00e-25	8.85e-19	4.99e-13	3.79e-08	1.74e-04	1.00e+00	0.00e+00	0.00e+00
 1.93934e+14	2.75e-25	1.15e-18	6.16e-13	4.37e-08	1.87e-04	1.00e+00	0.00e+00	0.00e+00
 2.01148e+14	3.89e-25	1.52e-18	7.65e-13	5.06e-08	2.01e-04	1.00e+00	0.00e+00	0.00e+00
 2.09224e+14	5.61e-25	2.06e-18	9.67e-13	5.92e-08	2.18e-04	1.00e+00	0.00e+00	0.00e+00
 2.17230e+14	8.11e-25	2.76e-18	1.21e-12	6.87e-08	2.35e-04	1.00e+00	0.00e+00	0.00e+00
 2.25557e+14	1.13e-24	3.64e-18	1.51e-12	7.99e-08	2.54e-04	1.00e+00	0.00e+00	0.00e+00
 2.34054e+14	1.60e-24	4.83e-18	1.88e-12	9.26e-08	2.74e-04	1.00e+00	0.00e+00	0.00e+00
 2.41980e+14	2.21e-24	6.27e-18	2.30e-12	1.06e-07	2.93e-04	1.00e+00	0.00e+00	0.00e+00
 2.50779e+14	3.07e-24	8.21e-18	2.84e-12	1.22e-07	3.15e-04	1.00e+00	0.00e+00	0.00e+00
 2.60389e+14	4.28e-24	1.08e-17	3.55e-12	1.42e-07	3.40e-04	1.00e+00	0.00e+00	0.00e+00
 2.69301e+14	5.95e-24	1.41e-17	4.34e-12	1.62e-07	3.63e-04	1.00e+00	0.00e+00	0.00e+00
 2.77175e+14	7.58e-24	1.73e-17	5.15e-12	1.82e-07	3.86e-04	1.00e+00	0.00e+00	0.00e+00
 2.85553e+14	1.00e-23	2.17e-17	6.15e-12	2.05e-07	4.09e-04	1.00e+00	0.00e+00	0.00e+00
 2.96108e+14	1.42e-23	2.88e-17	7.63e-12	2.37e-07	4.40e-04	1.00e+00	0.00e+00	0.00e+00
 3.06765e+14	1.93e-23	3.72e-17	9.41e-12	2.73e-07	4.73e-04	1.00e+00	0.00e+00	0.00e+00
 3.15790e+14	2.55e-23	4.67e-17	1.12e-11	3.06e-07	5.02e-04	9.99e-01	0.00e+00	0.00e+00
 3.25426e+14	3.30e-23	5.78e-17	1.34e-11	3.45e-07	5.33e-04	9.99e-01	0.00e+00	0.00e+00
 3.37504e+14	4.69e-23	7.69e-17	1.66e-11	3.99e-07	5.74e-04	9.99e-01	0.00e+00	0.00e+00
 3.49973e+14	6.40e-23	9.98e-17	2.06e-11	4.61e-07	6.18e-04	9.99e-01	0.00e+00	0.00e+00
 3.60959e+14	8.58e-23	1.27e-16	2.47e-11	5.22e-07	6.58e-04	9.99e-01	0.00e+00	0.00e+00
 3.72801e+14	1.13e-22	1.60e-16	2.99e-11	5.93e-07	7.03e-04	9.99e-01	0.00e+00	0.00e+00
 3.87100e+14	1.61e-22	2.13e-16	3.75e-11	6.90e-07	7.58e-04	9.99e-01	0.00e+00	0.00e+00
 4.01321e+14	2.16e-22	2.74e-16	4.63e-11	7.97e-07	8.17e-04	9.99e-01	0.00e+00	0.00e+00
 4.13953e+14	2.87e-22	3.45e-16	5.57e-11	9.01e-07	8.70e-04	9.99e-01	0.00e+00	0.00e+00
 4.27790e+14	3.91e-22	4.45e-16	6.78e-11	1.03e-06	9.30e-04	9.99e-01	0.00e+00	0.00e+00
 4.44339e+14	5.35e-22	5.81e-16	8.48e-11	1.20e-06	1.01e-03	9.99e-01	0.00e+00	0.00e+00
 4.60784e+14	7.54e-22	7.68e-16	1.05e-10	1.38e-06	1.08e-03	9.99e-01	0.00e+00	0.00e+00
 4.75806e+14	9.74e-22	9.57e-16	1.27e-10	1.57e-06	1.16e-03	9.99e-01	0.00e+00	0.00e+00
 4.92603e+14	1.33e-21	1.24e-15	1.56e-10	1.81e-06	1.24e-03	9.99e-01	0.00e+00	0.00e+00
 5.12154e+14	1.87e-21	1.64e-15	1.96e-10	2.11e-06	1.35e-03	9.99e-01	0.00e+00	0.00e+00
 5.31304e+14	2.59e-21	2.16e-15	2.44e-10	2.44e-06	1.45e-03	9.99e-01	0.00e+00	0.00e+00
 5.49375e+14	3.41e-21	2.72e-15	2.97e-10	2.79e-06	1.56e-03	9.98e-01	0.00e+00	0.00e+00
 5.69536e+14	4.69e-21	3.55e-15	3.68e-10	3.22e-06	1.68e-03	9.98e-01	0.00e+00	0.00e+00
 5.92347e+14	6.43e-21	4.66e-15	4.63e-10	3.77e-06	1.82e-03	9.98e-01	0.00e+00	0.00e+00
 6.14997e+14	8.96e-21	6.14e-15	5.78e-10	4.39e-06	1.97e-03	9.98e-01	0.00e+00	0.00e+00
 6.36873e+14	1.18e-20	7.79e-15	7.09e-10	5.05e-06	2.13e-03	9.98e-01	0.00e+00	0.00e+00
 6.55949e+14	1.52e-20	9.64e-15	8.43e-10	5.68e-06	2.26e-03	9.98e-01	0.00e+00	0.00e+00
 6.71840e+14	1.85e-20	1.14e-14	9.71e-10	6.25e-06	2.38e-03	9.98e-01	0.00e+00	0.00e+00
 6.89487e+14	2.30e-20	1.37e-14	1.13e-09	6.93e-06	2.51e-03	9.97e-01	0.00e+00	0.00e+00
 7.12428e+14	2.97e-20	1.71e-14	1.37e-09	7.90e-06	2.70e-03	9.97e-01	0.00e+00	0.00e+00
 7.36574e+14	3.93e-20	2.17e-14	1.66e-09	9.03e-06	2.90e-03	9.97e-01	0.00e+00	0.00e+00
 7.57395e+14	4.92e-20	2.64e-14	1.96e-09	1.01e-05	3.08e-03	9.97e-01	0.00e+00	0.00e+00
 7.79570e+14	6.22e-20	3.22e-14	2.32e-09	1.13e-05	3.28e-03	9.97e-01	0.00e+00	0.00e+00
 8.07961e+14	8.23e-20	4.11e-14	2.86e-09	1.31e-05	3.54e-03	9.96e-01	0.00e+00	0.00e+00
 8.37169e+14	1.09e-19	5.25e-14	3.52e-09	1.51e-05	3.83e-03	9.96e-01	0.00e+00	0.00e+00
 8.62112e+14	1.39e-19	6.46e-14	4.18e-09	1.70e-05	4.08e-03	9.96e-01	0.00e+00	0.00e+00
 8.88773e+14	1.77e-19	7.95e-14	5.00e-09	1.92e-05	4.36e-03	9.96e-01	0.00e+00	0.00e+00
 9.21933e+14	2.37e-19	1.02e-13	6.20e-09	2.22e-05	4.73e-03	9.95e-01	0.00e+00	0.00e+00
 9.55799e+14	3.15e-19	1.31e-13	7.65e-09	2.56e-05	5.13e-03	9.95e-01	0.00e+00	0.00e+00
 9.85589e+14	4.01e-19	1.62e-13	9.16e-09	2.90e-05	5.48e-03	9.94e-01	0.00e+00	0.00e+00
 1.01783e+15	5.16e-19	2.01e-13	1.11e-08	3.30e-05	5.89e-03	9.94e-01	0.00e+00	0.00e+00
 1.05678e+15	6.99e-19	2.62e-13	1.38e-08	3.83e-05	6.40e-03	9.94e-01	0.00e+00	0.00e+00
 1.09547e+15	9.27e-19	3.35e-13	1.71e-08	4.42e-05	6.94e-03	9.93e-01	0.00e+00	0.00e+00
 1.12987e+15	1.19e-18	4.15e-13	2.05e-08	5.01e-05	7.43e-03	9.93e-01	0.00e+00	0.00e+00
 1.16770e+15	1.54e-18	5.20e-13	2.48e-08	5.71e-05	8.00e-03	9.92e-01	0.00e+00	0.00e+00
 1.21289e+15	2.09e-18	6.78e-13	3.11e-08	6.64e-05	8.71e-03	9.91e-01	0.00e+00	0.00e+00
 1.25790e+15	2.79e-18	8.73e-13	3.86e-08	7.68e-05	9.44e-03	9.90e-01	0.00e+00	0.00e+00
 1.29912e+15	3.59e-18	1.09e-12	4.67e-08	8.74e-05	1.01e-02	9.90e-01	0.00e+00	0.00e+00
 1.34513e+15	4.81e-18	1.40e-12	5.74e-08	1.00e-04	1.10e-02	9.89e-01	0.00e+00	0.00e+00
 1.39858e+15	6.61e-18	1.84e-12	7.24e-08	1.17e-04	1.20e-02	9.88e-01	0.00e+00	0.00e+00
 1.45113e+15	8.96e-18	2.39e-12	9.01e-08	1.36e-04	1.30e-02	9.87e-01	0.00e+00	0.00e+00
 1.50115e+15	1.18e-17	3.04e-12	1.10e-07	1.56e-04	1.40e-02	9.86e-01	0.00e+00	0.00e+00
 1.54489e+15	1.50e-17	3.73e-12	1.31e-07	1.74e-04	1.49e-02	9.85e-01	0.00e+00	0.00e+00
 1.58114e+15	1.82e-17	4.41e-12	1.50e-07	1.91e-04	1.57e-02	9.84e-01	0.00e+00	0.00e+00
 1.62116e+15	2.25e-17	5.28e-12	1.75e-07	2.11e-04	1.66e-02	9.83e-01	0.00e+00	0.00e+00
 1.67318e+15	2.91e-17	6.61e-12	2.11e-07	2.40e-04	1.78e-02	9.82e-01	0.00e+00	0.00e+00
 1.72781e+15	3.76e-17	8.27e-12	2.56e-07	2.73e-04	1.91e-02	9.81e-01	0.00e+00	0.00e+00
 1.77487e+15	4.74e-17	1.01e-11	3.01e-07	3.03e-04	2.02e-02	9.79e-01	0.00e+00	0.00e+00
 1.82509e+15	6.00e-17	1.23e-11	3.56e-07	3.39e-04	2.15e-02	9.78e-01	0.00e+00	0.00e+00
 1.89037e+15	8.30e-17	1.61e-11	4.41e-07	3.90e-04	2.33e-02	9.76e-01	0.00e+00	0.00e+00
 1.95744e+15	1.09e-16	2.06e-11	5.44e-07	4.48e-04	2.51e-02	9.74e-01	0.00e+00	0.00e+00
 2.01350e+15	2.17e-16	2.54e-11	6.45e-07	5.02e-04	2.67e-02	9.73e-01	0.00e+00	0.00e+00
 2.07305e+15	1.96e-16	3.15e-11	7.70e-07	5.63e-04	2.84e-02	9.71e-01	0.00e+00	0.00e+00
 2.14886e+15	2.75e-16	4.16e-11	9.57e-07	6.50e-04	3.07e-02	9.69e-01	0.00e+00	0.00e+00
 2.22816e+15	3.71e-16	5.38e-11	1.19e-06	7.51e-04	3.32e-02	9.66e-01	0.00e+00	0.00e+00
 2.29865e+15	4.92e-16	6.81e-11	1.44e-06	8.50e-04	3.55e-02	9.64e-01	0.00e+00	0.00e+00
 2.37535e+15	6.60e-16	8.71e-11	1.76e-06	9.68e-04	3.81e-02	9.61e-01	0.00e+00	0.00e+00
 2.46709e+15	9.67e-16	1.18e-10	2.22e-06	1.13e-03	4.14e-02	9.57e-01	0.00e+00	0.00e+00
 2.55799e+15	1.33e-15	1.55e-10	2.76e-06	1.30e-03	4.47e-02	9.54e-01	0.00e+00	0.00e+00
 2.64021e+15	1.74e-15	1.94e-10	3.35e-06	1.47e-03	4.78e-02	9.51e-01	0.00e+00	0.00e+00
 2.73152e+15	2.37e-15	2.51e-10	4.11e-06	1.69e-03	5.13e-02	9.47e-01	0.00e+00	0.00e+00
 2.83880e+15	3.51e-15	3.44e-10	5.22e-06	1.97e-03	5.58e-02	9.42e-01	0.00e+00	0.00e+00
 2.94470e+15	4.96e-15	4.57e-10	6.51e-06	2.27e-03	6.02e-02	9.38e-01	0.00e+00	0.00e+00
 3.04379e+15	6.76e-15	5.89e-10	7.97e-06	2.59e-03	6.44e-02	9.33e-01	0.00e+00	0.00e+00
 3.15454e+15	9.44e-15	7.77e-10	9.91e-06	2.99e-03	6.94e-02	9.28e-01	0.00e+00	0.00e+00
 3.28076e+15	1.31e-14	1.03e-09	1.26e-05	3.48e-03	7.51e-02	9.21e-01	0.00e+00	0.00e+00
 3.40596e+15	1.95e-14	1.41e-09	1.58e-05	4.04e-03	8.12e-02	9.15e-01	0.00e+00	0.00e+00
 3.50831e+15	2.58e-14	1.77e-09	1.89e-05	4.54e-03	8.62e-02	9.09e-01	0.00e+00	0.00e+00
 3.58739e+15	3.19e-14	2.11e-09	2.17e-05	4.95e-03	9.01e-02	9.05e-01	0.00e+00	0.00e+00
 3.67386e+15	4.00e-14	2.54e-09	2.50e-05	5.44e-03	9.45e-02	9.00e-01	0.00e+00	0.00e+00
 3.78628e+15	5.34e-14	3.21e-09	3.01e-05	6.12e-03	1.00e-01	8.93e-01	0.00e+00	0.00e+00
 3.90847e+15	6.95e-14	4.03e-09	3.64e-05	6.93e-03	1.07e-01	8.86e-01	0.00e+00	0.00e+00
 4.01922e+15	9.11e-14	5.03e-09	4.31e-05	7.72e-03	1.13e-01	8.79e-01	0.00e+00	0.00e+00
 4.13904e+15	1.21e-13	6.32e-09	5.15e-05	8.66e-03	1.19e-01	8.72e-01	0.00e+00	0.00e+00
 4.29092e+15	1.77e-13	8.55e-09	6.42e-05	9.97e-03	1.28e-01	8.62e-01	0.00e+00	0.00e+00
 4.44319e+15	2.45e-13	1.12e-08	7.91e-05	1.14e-02	1.37e-01	8.52e-01	0.00e+00	0.00e+00
 4.57030e+15	3.22e-13	1.39e-08	9.38e-05	1.27e-02	1.44e-01	8.43e-01	0.00e+00	0.00e+00
 4.70596e+15	4.15e-13	1.73e-08	1.12e-04	1.42e-02	1.52e-01	8.33e-01	0.00e+00	0.00e+00
 4.87831e+15	6.10e-13	2.34e-08	1.39e-04	1.63e-02	1.63e-01	8.20e-01	0.00e+00	0.00e+00
 5.05514e+15	8.48e-13	3.07e-08	1.72e-04	1.87e-02	1.74e-01	8.07e-01	0.00e+00	0.00e+00
 5.20849e+15	1.10e-12	3.83e-08	2.05e-04	2.09e-02	1.83e-01	7.95e-01	0.00e+00	0.00e+00
 5.37454e+15	1.49e-12	4.89e-08	2.48e-04	2.36e-02	1.94e-01	7.82e-01	0.00e+00	0.00e+00
 5.57777e+15	2.22e-12	6.70e-08	3.11e-04	2.72e-02	2.07e-01	7.65e-01	0.00e+00	0.00e+00
 5.77856e+15	3.12e-12	8.84e-08	3.83e-04	3.10e-02	2.20e-01	7.48e-01	0.00e+00	0.00e+00
 5.95417e+15	4.15e-12	1.12e-07	4.58e-04	3.47e-02	2.31e-01	7.33e-01	0.00e+00	0.00e+00
 6.14785e+15	5.61e-12	1.43e-07	5.54e-04	3.90e-02	2.44e-01	7.17e-01	0.00e+00	0.00e+00
 6.38249e+15	8.14e-12	1.93e-07	6.93e-04	4.48e-02	2.59e-01	6.96e-01	0.00e+00	0.00e+00
 6.60727e+15	1.12e-11	2.50e-07	8.48e-04	5.08e-02	2.73e-01	6.75e-01	0.00e+00	0.00e+00
 6.79570e+15	1.43e-11	3.08e-07	1.00e-03	5.62e-02	2.84e-01	6.58e-01	0.00e+00	0.00e+00
 6.99995e+15	1.90e-11	3.87e-07	1.19e-03	6.25e-02	2.97e-01	6.39e-01	0.00e+00	0.00e+00
 7.25772e+15	2.82e-11	5.28e-07	1.48e-03	7.13e-02	3.13e-01	6.14e-01	0.00e+00	0.00e+00
 7.48618e+15	3.77e-11	6.69e-07	1.77e-03	7.94e-02	3.26e-01	5.93e-01	0.00e+00	0.00e+00
 7.64630e+15	4.62e-11	7.89e-07	2.01e-03	8.55e-02	3.35e-01	5.77e-01	0.00e+00	0.00e+00
 7.81645e+15	5.73e-11	9.38e-07	2.29e-03	9.23e-02	3.45e-01	5.61e-01	0.00e+00	0.00e+00
 8.03765e+15	7.23e-11	1.14e-06	2.69e-03	1.02e-01	3.56e-01	5.40e-01	0.00e+00	0.00e+00
 8.28555e+15	1.01e-10	1.49e-06	3.22e-03	1.13e-01	3.69e-01	5.15e-01	0.00e+00	0.00e+00
 8.50393e+15	1.28e-10	1.81e-06	3.74e-03	1.23e-01	3.79e-01	4.95e-01	0.00e+00	0.00e+00
 8.72362e+15	1.60e-10	2.18e-06	4.34e-03	1.34e-01	3.88e-01	4.74e-01	0.00e+00	0.00e+00
 9.00921e+15	2.30e-10	2.88e-06	5.27e-03	1.49e-01	4.00e-01	4.45e-01	0.00e+00	0.00e+00
 9.28847e+15	3.04e-10	3.62e-06	6.27e-03	1.65e-01	4.10e-01	4.20e-01	0.00e+00	0.00e+00
 9.50381e+15	3.72e-10	4.29e-06	7.16e-03	1.77e-01	4.16e-01	4.00e-01	0.00e+00	0.00e+00
 9.72807e+15	4.68e-10	5.16e-06	8.22e-03	1.90e-01	4.22e-01	3.79e-01	0.00e+00	0.00e+00
 1.00196e+16	6.61e-10	6.73e-06	9.84e-03	2.09e-01	4.29e-01	3.52e-01	0.00e+00	0.00e+00
 1.03164e+16	8.71e-10	8.43e-06	1.16e-02	2.29e-01	4.34e-01	3.26e-01	0.00e+00	0.00e+00
 1.05596e+16	1.07e-09	1.00e-05	1.33e-02	2.45e-01	4.36e-01	3.06e-01	0.00e+00	0.00e+00
 1.07814e+16	1.33e-09	1.19e-05	1.51e-02	2.61e-01	4.37e-01	2.87e-01	0.00e+00	0.00e+00
 1.10359e+16	1.79e-09	1.49e-05	1.75e-02	2.80e-01	4.38e-01	2.65e-01	0.00e+00	0.00e+00
 1.13088e+16	2.28e-09	1.81e-05	2.02e-02	3.00e-01	4.36e-01	2.44e-01	0.00e+00	0.00e+00
 1.15525e+16	2.78e-09	2.14e-05	2.30e-02	3.18e-01	4.33e-01	2.26e-01	0.00e+00	0.00e+00
 1.17802e+16	3.44e-09	2.53e-05	2.59e-02	3.36e-01	4.30e-01	2.09e-01	0.00e+00	0.00e+00
 1.20402e+16	4.69e-09	3.19e-05	2.99e-02	3.57e-01	4.24e-01	1.89e-01	0.00e+00	0.00e+00
 1.23086e+16	5.68e-09	3.75e-05	3.42e-02	3.78e-01	4.16e-01	1.72e-01	0.00e+00	0.00e+00
 1.25388e+16	7.53e-09	4.62e-05	3.88e-02	3.97e-01	4.08e-01	1.56e-01	0.00e+00	0.00e+00
 1.27229e+16	8.90e-09	5.27e-05	4.25e-02	4.11e-01	4.01e-01	1.45e-01	0.00e+00	0.00e+00
 1.28959e+16	1.06e-08	6.04e-05	4.66e-02	4.25e-01	3.94e-01	1.34e-01	0.00e+00	0.00e+00
 1.31210e+16	1.31e-08	7.13e-05	5.24e-02	4.44e-01	3.82e-01	1.21e-01	0.00e+00	0.00e+00
 1.33696e+16	1.68e-08	8.64e-05	5.96e-02	4.64e-01	3.69e-01	1.08e-01	0.00e+00	0.00e+00
 1.35926e+16	2.02e-08	1.00e-04	6.67e-02	4.81e-01	3.56e-01	9.64e-02	0.00e+00	0.00e+00
 1.37904e+16	2.48e-08	1.18e-04	7.39e-02	4.96e-01	3.43e-01	8.67e-02	0.00e+00	0.00e+00
 1.39709e+16	3.22e-08	1.42e-04	8.18e-02	5.10e-01	3.30e-01	7.75e-02	0.00e+00	0.00e+00
 1.41326e+16	3.84e-08	1.62e-04	8.92e-02	5.22e-01	3.18e-01	7.03e-02	0.00e+00	0.00e+00
 1.43111e+16	4.43e-08	1.82e-04	9.78e-02	5.35e-01	3.04e-01	6.30e-02	0.00e+00	0.00e+00
 1.45431e+16	6.06e-08	2.30e-04	1.12e-01	5.51e-01	2.84e-01	5.33e-02	0.00e+00	0.00e+00
 1.47638e+16	7.88e-08	2.80e-04	1.26e-01	5.64e-01	2.65e-01	4.52e-02	0.00e+00	0.00e+00
 1.49179e+16	9.80e-08	3.28e-04	1.37e-01	5.73e-01	2.50e-01	3.96e-02	0.00e+00	0.00e+00
 1.50443e+16	1.16e-07	3.71e-04	1.48e-01	5.79e-01	2.38e-01	3.54e-02	0.00e+00	0.00e+00
 1.51868e+16	1.31e-07	4.11e-04	1.60e-01	5.86e-01	2.23e-01	3.11e-02	0.00e+00	0.00e+00
 1.53721e+16	1.85e-07	5.23e-04	1.79e-01	5.93e-01	2.03e-01	2.53e-02	0.00e+00	0.00e+00
 1.55406e+16	2.27e-07	6.12e-04	1.96e-01	5.97e-01	1.85e-01	2.10e-02	0.00e+00	0.00e+00
 1.56490e+16	2.70e-07	6.94e-04	2.10e-01	5.99e-01	1.72e-01	1.83e-02	0.00e+00	0.00e+00
 1.57344e+16	3.14e-07	7.72e-04	2.21e-01	6.00e-01	1.62e-01	1.62e-02	0.00e+00	0.00e+00
 1.58281e+16	3.46e-07	8.33e-04	2.33e-01	6.01e-01	1.52e-01	1.43e-02	0.00e+00	0.00e+00
 1.59499e+16	4.53e-07	1.00e-03	2.51e-01	5.99e-01	1.37e-01	1.16e-02	0.00e+00	0.00e+00
 1.60470e+16	5.27e-07	1.12e-03	2.65e-01	5.98e-01	1.26e-01	9.88e-03	0.00e+00	0.00e+00
 1.60941e+16	5.72e-07	1.19e-03	2.73e-01	5.97e-01	1.20e-01	9.07e-03	0.00e+00	0.00e+00
 1.61378e+16	6.21e-07	1.26e-03	2.80e-01	5.96e-01	1.14e-01	8.29e-03	0.00e+00	0.00e+00
 1.61945e+16	6.63e-07	1.33e-03	2.89e-01	5.94e-01	1.08e-01	7.45e-03	0.00e+00	0.00e+00
 1.62683e+16	7.95e-07	1.50e-03	3.03e-01	5.91e-01	9.86e-02	6.26e-03	0.00e+00	0.00e+00
 1.63353e+16	8.58e-07	1.59e-03	3.13e-01	5.88e-01	9.13e-02	5.45e-03	0.00e+00	0.00e+00
 1.63935e+16	9.66e-07	1.73e-03	3.24e-01	5.85e-01	8.43e-02	4.70e-03	0.00e+00	0.00e+00
 1.64549e+16	1.09e-06	1.88e-03	3.35e-01	5.81e-01	7.73e-02	4.01e-03	0.00e+00	0.00e+00
 1.65078e+16	1.25e-06	2.06e-03	3.46e-01	5.77e-01	7.13e-02	3.43e-03	0.00e+00	0.00e+00
 1.65521e+16	1.32e-06	2.16e-03	3.54e-01	5.75e-01	6.67e-02	3.04e-03	0.00e+00	0.00e+00
 1.65978e+16	1.45e-06	2.30e-03	3.63e-01	5.71e-01	6.17e-02	2.63e-03	0.00e+00	0.00e+00
 1.66571e+16	1.68e-06	2.55e-03	3.75e-01	5.65e-01	5.54e-02	2.15e-03	0.00e+00	0.00e+00
 1.67156e+16	1.88e-06	2.75e-03	3.85e-01	5.60e-01	4.98e-02	1.77e-03	0.00e+00	0.00e+00
 1.67636e+16	2.07e-06	2.94e-03	3.94e-01	5.56e-01	4.54e-02	1.49e-03	0.00e+00	0.00e+00
 1.68169e+16	2.31e-06	3.17e-03	4.05e-01	5.50e-01	4.06e-02	1.21e-03	0.00e+00	0.00e+00
 1.68862e+16	2.65e-06	3.49e-03	4.18e-01	5.43e-01	3.49e-02	9.17e-04	0.00e+00	0.00e+00
 1.69563e+16	3.02e-06	3.82e-03	4.30e-01	5.35e-01	2.99e-02	6.89e-04	0.00e+00	0.00e+00
 1.70137e+16	3.37e-06	4.11e-03	4.40e-01	5.29e-01	2.61e-02	5.37e-04	0.00e+00	0.00e+00
 1.70747e+16	3.78e-06	4.45e-03	4.51e-01	5.22e-01	2.25e-02	4.06e-04	0.00e+00	0.00e+00
 1.71540e+16	4.37e-06	4.91e-03	4.64e-01	5.12e-01	1.84e-02	2.81e-04	0.00e+00	0.00e+00
 1.72392e+16	5.07e-06	5.43e-03	4.78e-01	5.02e-01	1.49e-02	1.88e-04	0.00e+00	0.00e+00
 1.73177e+16	5.80e-06	5.94e-03	4.90e-01	4.92e-01	1.21e-02	1.29e-04	0.00e+00	0.00e+00
 1.74057e+16	6.72e-06	6.54e-03	5.03e-01	4.81e-01	9.64e-03	8.39e-05	0.00e+00	0.00e+00
 1.75200e+16	8.06e-06	7.38e-03	5.19e-01	4.67e-01	7.17e-03	4.80e-05	0.00e+00	0.00e+00
 1.76482e+16	9.82e-06	8.40e-03	5.36e-01	4.51e-01	5.20e-03	2.61e-05	0.00e+00	0.00e+00
 1.77944e+16	1.22e-05	9.71e-03	5.54e-01	4.32e-01	3.62e-03	1.30e-05	0.00e+00	0.00e+00
 1.79201e+16	1.48e-05	1.10e-02	5.70e-01	4.16e-01	2.72e-03	7.56e-06	0.00e+00	0.00e+00
 1.79911e+16	1.64e-05	1.18e-02	5.79e-01	4.07e-01	2.32e-03	5.57e-06	0.00e+00	0.00e+00
 1.80555e+16	1.82e-05	1.26e-02	5.87e-01	3.98e-01	2.00e-03	4.15e-06	0.00e+00	0.00e+00
 1.81393e+16	2.06e-05	1.36e-02	5.98e-01	3.87e-01	1.64e-03	2.85e-06	0.00e+00	0.00e+00
 1.82481e+16	2.43e-05	1.52e-02	6.12e-01	3.72e-01	1.28e-03	1.76e-06	0.00e+00	0.00e+00
 1.83599e+16	2.91e-05	1.71e-02	6.26e-01	3.56e-01	1.00e-03	1.10e-06	0.00e+00	0.00e+00
 1.84495e+16	3.37e-05	1.88e-02	6.37e-01	3.43e-01	8.27e-04	7.59e-07	0.00e+00	0.00e+00
 1.85283e+16	3.83e-05	2.05e-02	6.48e-01	3.31e-01	6.95e-04	0.00e+00	0.00e+00	0.00e+00
 1.86051e+16	4.36e-05	2.23e-02	6.58e-01	3.19e-01	5.87e-04	0.00e+00	0.00e+00	0.00e+00
 1.86787e+16	4.96e-05	2.43e-02	6.67e-01	3.08e-01	4.99e-04	0.00e+00	0.00e+00	0.00e+00
 1.87504e+16	5.62e-05	2.64e-02	6.76e-01	2.97e-01	4.26e-04	0.00e+00	0.00e+00	0.00e+00
 1.88323e+16	6.51e-05	2.91e-02	6.87e-01	2.84e-01	3.53e-04	0.00e+00	0.00e+00	0.00e+00
 1.89172e+16	7.62e-05	3.23e-02	6.98e-01	2.70e-01	2.92e-04	0.00e+00	0.00e+00	0.00e+00
 1.89862e+16	8.70e-05	3.52e-02	7.06e-01	2.58e-01	2.51e-04	0.00e+00	0.00e+00	0.00e+00
 1.90459e+16	9.77e-05	3.80e-02	7.13e-01	2.48e-01	2.18e-04	0.00e+00	0.00e+00	0.00e+00
 1.91134e+16	1.12e-04	4.15e-02	7.21e-01	2.37e-01	1.86e-04	0.00e+00	0.00e+00	0.00e+00
 1.91878e+16	1.30e-04	4.59e-02	7.29e-01	2.24e-01	1.56e-04	0.00e+00	0.00e+00	0.00e+00
 1.92540e+16	1.49e-04	5.03e-02	7.36e-01	2.13e-01	1.33e-04	0.00e+00	0.00e+00	0.00e+00
 1.93113e+16	1.69e-04	5.46e-02	7.42e-01	2.03e-01	1.15e-04	0.00e+00	0.00e+00	0.00e+00
 1.93740e+16	1.94e-04	5.98e-02	7.48e-01	1.92e-01	9.79e-05	0.00e+00	0.00e+00	0.00e+00
 1.94421e+16	2.26e-04	6.62e-02	7.53e-01	1.80e-01	8.21e-05	0.00e+00	0.00e+00	0.00e+00
 1.95016e+16	2.60e-04	7.26e-02	7.57e-01	1.70e-01	7.02e-05	0.00e+00	0.00e+00	0.00e+00
 1.95539e+16	2.93e-04	7.87e-02	7.60e-01	1.61e-01	6.09e-05	0.00e+00	0.00e+00	0.00e+00
 1.96120e+16	3.38e-04	8.65e-02	7.62e-01	1.51e-01	5.15e-05	0.00e+00	0.00e+00	0.00e+00
 1.96751e+16	3.96e-04	9.59e-02	7.64e-01	1.40e-01	4.30e-05	0.00e+00	0.00e+00	0.00e+00
 1.97301e+16	4.56e-04	1.05e-01	7.64e-01	1.31e-01	3.65e-05	0.00e+00	0.00e+00	0.00e+00
 1.97778e+16	5.18e-04	1.14e-01	7.63e-01	1.22e-01	3.15e-05	0.00e+00	0.00e+00	0.00e+00
 1.98301e+16	5.97e-04	1.25e-01	7.60e-01	1.14e-01	2.66e-05	0.00e+00	0.00e+00	0.00e+00
 1.98880e+16	7.01e-04	1.39e-01	7.56e-01	1.04e-01	2.19e-05	0.00e+00	0.00e+00	0.00e+00
 1.99398e+16	8.11e-04	1.53e-01	7.51e-01	9.54e-02	1.83e-05	0.00e+00	0.00e+00	0.00e+00
 1.99846e+16	9.27e-04	1.67e-01	7.44e-01	8.82e-02	1.56e-05	0.00e+00	0.00e+00	0.00e+00
 2.00338e+16	1.07e-03	1.83e-01	7.35e-01	8.03e-02	1.29e-05	0.00e+00	0.00e+00	0.00e+00
 2.00881e+16	1.27e-03	2.04e-01	7.23e-01	7.19e-02	1.04e-05	0.00e+00	0.00e+00	0.00e+00
 2.01370e+16	1.49e-03	2.25e-01	7.09e-01	6.46e-02	8.51e-06	0.00e+00	0.00e+00	0.00e+00
 2.01808e+16	1.71e-03	2.46e-01	6.95e-01	5.82e-02	7.01e-06	0.00e+00	0.00e+00	0.00e+00
 2.02298e+16	2.02e-03	2.72e-01	6.75e-01	5.12e-02	5.57e-06	0.00e+00	0.00e+00	0.00e+00
 2.02838e+16	2.43e-03	3.04e-01	6.50e-01	4.39e-02	4.26e-06	0.00e+00	0.00e+00	0.00e+00
 2.03331e+16	2.90e-03	3.37e-01	6.22e-01	3.76e-02	3.27e-06	0.00e+00	0.00e+00	0.00e+00
 2.03782e+16	3.40e-03	3.71e-01	5.93e-01	3.21e-02	2.52e-06	0.00e+00	0.00e+00	0.00e+00
 2.04292e+16	4.11e-03	4.13e-01	5.56e-01	2.64e-02	1.83e-06	0.00e+00	0.00e+00	0.00e+00
 2.04832e+16	5.05e-03	4.63e-01	5.11e-01	2.08e-02	1.26e-06	0.00e+00	0.00e+00	0.00e+00
 2.05278e+16	6.02e-03	5.08e-01	4.69e-01	1.67e-02	8.99e-07	0.00e+00	0.00e+00	0.00e+00
 2.05650e+16	7.00e-03	5.48e-01	4.31e-01	1.36e-02	0.00e+00	0.00e+00	0.00e+00	0.00e+00
 2.05990e+16	8.00e-03	5.86e-01	3.95e-01	1.10e-02	0.00e+00	0.00e+00	0.00e+00	0.00e+00
 2.06314e+16	9.16e-03	6.23e-01	3.59e-01	8.85e-03	0.00e+00	0.00e+00	0.00e+00	0.00e+00
 2.06631e+16	1.04e-02	6.60e-01	3.22e-01	6.99e-03	0.00e+00	0.00e+00	0.00e+00	0.00e+00
 2.06934e+16	1.19e-02	6.96e-01	2.87e-01	5.47e-03	0.00e+00	0.00e+00	0.00e+00	0.00e+00
 2.07220e+16	1.34e-02	7.29e-01	2.54e-01	4.24e-03	0.00e+00	0.00e+00	0.00e+00	0.00e+00
 2.07493e+16	1.51e-02	7.59e-01	2.23e-01	3.25e-03	0.00e+00	0.00e+00	0.00e+00	0.00e+00
 2.07756e+16	1.69e-02	7.87e-01	1.94e-01	2.46e-03	0.00e+00	0.00e+00	0.00e+00	0.00e+00
 2.08009e+16	1.89e-02	8.12e-01	1.67e-01	1.84e-03	0.00e+00	0.00e+00	0.00e+00	0.00e+00
 2.08253e+16	2.12e-02	8.35e-01	1.42e-01	1.36e-03	0.00e+00	0.00e+00	0.00e+00	0.00e+00
 2.08487e+16	2.35e-02	8.54e-01	1.21e-01	1.00e-03	0.00e+00	0.00e+00	0.00e+00	0.00e+00
 2.08714e+16	2.61e-02	8.71e-01	1.02e-01	7.22e-04	0.00e+00	0.00e+00	0.00e+00	0.00e+00
 2.08937e+16	2.90e-02	8.86e-01	8.46e-02	5.13e-04	0.00e+00	0.00e+00	0.00e+00	0.00e+00
 2.09151e+16	3.23e-02	8.97e-01	6.99e-02	3.61e-04	0.00e+00	0.00e+00	0.00e+00	0.00e+00
 2.09355e+16	3.57e-02	9.07e-01	5.74e-02	2.52e-04	0.00e+00	0.00e+00	0.00e+00	0.00e+00
 2.09555e+16	3.96e-02	9.13e-01	4.68e-02	1.74e-04	0.00e+00	0.00e+00	0.00e+00	0.00e+00
 2.09751e+16	4.38e-02	9.18e-01	3.78e-02	1.18e-04	0.00e+00	0.00e+00	0.00e+00	0.00e+00
 2.09938e+16	4.84e-02	9.21e-01	3.04e-02	7.96e-05	0.00e+00	0.00e+00	0.00e+00	0.00e+00
 2.10114e+16	5.33e-02	9.22e-01	2.45e-02	5.41e-05	0.00e+00	0.00e+00	0.00e+00	0.00e+00
 2.10279e+16	5.84e-02	9.22e-01	1.98e-02	3.70e-05	0.00e+00	0.00e+00	0.00e+00	0.00e+00
 2.10451e+16	6.44e-02	9.20e-01	1.57e-02	2.43e-05	0.00e+00	0.00e+00	0.00e+00	0.00e+00
 2.10623e+16	7.06e-02	9.17e-01	1.23e-02	1.58e-05	0.00e+00	0.00e+00	0.00e+00	0.00e+00
 2.10772e+16	7.72e-02	9.13e-01	9.88e-03	1.06e-05	0.00e+00	0.00e+00	0.00e+00	0.00e+00
 2.10904e+16	8.34e-02	9.09e-01	8.06e-03	7.38e-06	0.00e+00	0.00e+00	0.00e+00	0.00e+00
 2.11027e+16	8.96e-02	9.04e-01	6.62e-03	5.20e-06	0.00e+00	0.00e+00	0.00e+00	0.00e+00
 2.11146e+16	9.59e-02	8.99e-01	5.46e-03	3.67e-06	0.00e+00	0.00e+00	0.00e+00	0.00e+00
 2.11257e+16	1.02e-01	8.93e-01	4.52e-03	2.62e-06	0.00e+00	0.00e+00	0.00e+00	0.00e+00
 2.11360e+16	1.09e-01	8.88e-01	3.79e-03	1.91e-06	0.00e+00	0.00e+00	0.00e+00	0.00e+00
 2.11439e+16	1.14e-01	8.83e-01	3.31e-03	1.50e-06	0.00e+00	0.00e+00	0.00e+00	0.00e+00
 2.11489e+16	1.17e-01	8.80e-01	3.03e-03	1.28e-06	0.00e+00	0.00e+00	0.00e+00	0.00e+00
 2.11534e+16	1.20e-01	8.77e-01	2.79e-03	1.10e-06	0.00e+00	0.00e+00	0.00e+00	0.00e+00
 2.11588e+16	1.24e-01	8.73e-01	2.53e-03	9.24e-07	0.00e+00	0.00e+00	0.00e+00	0.00e+00
 2.11646e+16	1.28e-01	8.70e-01	2.27e-03	0.00e+00	0.00e+00	0.00e+00	0.00e+00	0.00e+00
 2.11702e+16	1.32e-01	8.66e-01	2.04e-03	0.00e+00	0.00e+00	0.00e+00	0.00e+00	0.00e+00
 2.11754e+16	1.37e-01	8.62e-01	1.85e-03	0.00e+00	0.00e+00	0.00e+00	0.00e+00	0.00e+00
 2.11807e+16	1.41e-01	8.58e-01	1.67e-03	0.00e+00	0.00e+00	0.00e+00	0.00e+00	0.00e+00
 2.11859e+16	1.45e-01	8.53e-01	1.51e-03	0.00e+00	0.00e+00	0.00e+00	0.00e+00	0.00e+00
 2.11911e+16	1.50e-01	8.49e-01	1.36e-03	0.00e+00	0.00e+00	0.00e+00	0.00e+00	0.00e+00
 2.11962e+16	1.54e-01	8.44e-01	1.23e-03	0.00e+00	0.00e+00	0.00e+00	0.00e+00	0.00e+00
 2.12012e+16	1.59e-01	8.40e-01	1.11e-03	0.00e+00	0.00e+00	0.00e+00	0.00e+00	0.00e+00
 2.12062e+16	1.64e-01	8.35e-01	1.00e-03	0.00e+00	0.00e+00	0.00e+00	0.00e+00	0.00e+00
 2.12112e+16	1.69e-01	8.30e-01	9.04e-04	0.00e+00	0.00e+00	0.00e+00	0.00e+00	0.00e+00
 2.12161e+16	1.74e-01	8.25e-01	8.15e-04	0.00e+00	0.00e+00	0.00e+00	0.00e+00	0.00e+00
 2.12209e+16	1.79e-01	8.20e-01	7.35e-04	0.00e+00	0.00e+00	0.00e+00	0.00e+00	0.00e+00
 2.12257e+16	1.85e-01	8.15e-01	6.63e-04	0.00e+00	0.00e+00	0.00e+00	0.00e+00	0.00e+00
 2.12304e+16	1.90e-01	8.09e-01	5.97e-04	0.00e+00	0.00e+00	0.00e+00	0.00e+00	0.00e+00
 2.12352e+16	1.96e-01	8.04e-01	5.37e-04	0.00e+00	0.00e+00	0.00e+00	0.00e+00	0.00e+00
 2.12398e+16	2.02e-01	7.98e-01	4.84e-04	0.00e+00	0.00e+00	0.00e+00	0.00e+00	0.00e+00
 2.12443e+16	2.08e-01	7.92e-01	4.37e-04	0.00e+00	0.00e+00	0.00e+00	0.00e+00	0.00e+00
 2.12489e+16	2.15e-01	7.85e-01	3.93e-04	0.00e+00	0.00e+00	0.00e+00	0.00e+00	0.00e+00
 2.12534e+16	2.21e-01	7.79e-01	3.53e-04	0.00e+00	0.00e+00	0.00e+00	0.00e+00	0.00e+00
 2.12579e+16	2.28e-01	7.72e-01	3.18e-04	0.00e+00	0.00e+00	0.00e+00	0.00e+00	0.00e+00
 2.12622e+16	2.35e-01	7.64e-01	2.86e-04	0.00e+00	0.00e+00	0.00e+00	0.00e+00	0.00e+00
 2.12665e+16	2.43e-01	7.57e-01	2.57e-04	0.00e+00	0.00e+00	0.00e+00	0.00e+00	0.00e+00
 2.12709e+16	2.50e-01	7.49e-01	2.31e-04	0.00e+00	0.00e+00	0.00e+00	0.00e+00	0.00e+00
 2.12751e+16	2.59e-01	7.40e-01	2.07e-04	0.00e+00	0.00e+00	0.00e+00	0.00e+00	0.00e+00
 2.12793e+16	2.68e-01	7.32e-01	1.85e-04	0.00e+00	0.00e+00	0.00e+00	0.00e+00	0.00e+00
 2.12835e+16	2.77e-01	7.23e-01	1.66e-04	0.00e+00	0.00e+00	0.00e+00	0.00e+00	0.00e+00
 2.12875e+16	2.86e-01	7.13e-01	1.49e-04	0.00e+00	0.00e+00	0.00e+00	0.00e+00	0.00e+00
 2.12916e+16	2.97e-01	7.03e-01	1.33e-04	0.00e+00	0.00e+00	0.00e+00	0.00e+00	0.00e+00
 2.12955e+16	3.08e-01	6.92e-01	1.19e-04	0.00e+00	0.00e+00	0.00e+00	0.00e+00	0.00e+00
 2.12994e+16	3.18e-01	6.82e-01	1.07e-04	0.00e+00	0.00e+00	0.00e+00	0.00e+00	0.00e+00
 2.13032e+16	3.31e-01	6.69e-01	9.58e-05	0.00e+00	0.00e+00	0.00e+00	0.00e+00	0.00e+00
 2.13069e+16	3.41e-01	6.59e-01	8.61e-05	0.00e+00	0.00e+00	0.00e+00	0.00e+00	0.00e+00
 2.13105e+16	3.56e-01	6.43e-01	7.69e-05	0.00e+00	0.00e+00	0.00e+00	0.00e+00	0.00e+00
 2.13141e+16	3.70e-01	6.30e-01	6.88e-05	0.00e+00	0.00e+00	0.00e+00	0.00e+00	0.00e+00
 2.13176e+16	3.83e-01	6.17e-01	6.17e-05	0.00e+00	0.00e+00	0.00e+00	0.00e+00	0.00e+00
 2.13211e+16	3.98e-01	6.02e-01	5.51e-05	0.00e+00	0.00e+00	0.00e+00	0.00e+00	0.00e+00
 2.13245e+16	4.14e-01	5.86e-01	4.92e-05	0.00e+00	0.00e+00	0.00e+00	0.00e+00	0.00e+00
 2.13279e+16	4.30e-01	5.70e-01	4.39e-05	0.00e+00	0.00e+00	0.00e+00	0.00e+00	0.00e+00
 2.13313e+16	4.47e-01	5.53e-01	3.91e-05	0.00e+00	0.00e+00	0.00e+00	0.00e+00	0.00e+00
 2.13345e+16	4.67e-01	5.33e-01	3.46e-05	0.00e+00	0.00e+00	0.00e+00	0.00e+00	0.00e+00
 2.13377e+16	4.86e-01	5.14e-01	3.08e-05	0.00e+00	0.00e+00	0.00e+00	0.00e+00	0.00e+00
 2.13409e+16	5.05e-01	4.95e-01	2.73e-05	0.00e+00	0.00e+00	0.00e+00	0.00e+00	0.00e+00
 2.13441e+16	5.25e-01	4.75e-01	2.41e-05	0.00e+00	0.00e+00	0.00e+00	0.00e+00	0.00e+00
 2.13473e+16	5.46e-01	4.54e-01	2.12e-05	0.00e+00	0.00e+00	0.00e+00	0.00e+00	0.00e+00
 2.13504e+16	5.68e-01	4.32e-01	1.87e-05	0.00e+00	0.00e+00	0.00e+00	0.00e+00	0.00e+00
 2.13535e+16	5.90e-01	4.10e-01	1.64e-05	0.00e+00	0.00e+00	0.00e+00	0.00e+00	0.00e+00
 2.13566e+16	6.12e-01	3.88e-01	1.43e-05	0.00e+00	0.00e+00	0.00e+00	0.00e+00	0.00e+00
 2.13597e+16	6.35e-01	3.65e-01	1.25e-05	0.00e+00	0.00e+00	0.00e+00	0.00e+00	0.00e+00
 2.13628e+16	6.58e-01	3.42e-01	1.09e-05	0.00e+00	0.00e+00	0.00e+00	0.00e+00	0.00e+00
 2.13654e+16	6.78e-01	3.22e-01	9.60e-06	0.00e+00	0.00e+00	0.00e+00	0.00e+00	0.00e+00
 2.13675e+16	6.93e-01	3.07e-01	8.69e-06	0.00e+00	0.00e+00	0.00e+00	0.00e+00	0.00e+00
 2.13695e+16	7.08e-01	2.92e-01	7.89e-06	0.00e+00	0.00e+00	0.00e+00	0.00e+00	0.00e+00
 2.13715e+16	7.22e-01	2.78e-01	7.15e-06	0.00e+00	0.00e+00	0.00e+00	0.00e+00	0.00e+00
 2.13737e+16	7.39e-01	2.61e-01	6.40e-06	0.00e+00	0.00e+00	0.00e+00	0.00e+00	0.00e+00
 2.13757e+16	7.52e-01	2.48e-01	5.80e-06	0.00e+00	0.00e+00	0.00e+00	0.00e+00	0.00e+00
 2.13776e+16	7.65e-01	2.35e-01	5.26e-06	0.00e+00	0.00e+00	0.00e+00	0.00e+00	0.00e+00
 2.13795e+16	7.78e-01	2.22e-01	4.75e-06	0.00e+00	0.00e+00	0.00e+00	0.00e+00	0.00e+00
 2.13814e+16	7.91e-01	2.09e-01	4.31e-06	0.00e+00	0.00e+00	0.00e+00	0.00e+00	0.00e+00
 2.13832e+16	8.03e-01	1.97e-01	3.91e-06	0.00e+00	0.00e+00	0.00e+00	0.00e+00	0.00e+00
 2.13849e+16	8.14e-01	1.86e-01	3.56e-06	0.00e+00	0.00e+00	0.00e+00	0.00e+00	0.00e+00
 2.13867e+16	8.24e-01	1.76e-01	3.24e-06	0.00e+00	0.00e+00	0.00e+00	0.00e+00	0.00e+00
