#depth	C	C+	C+2	C+3	C+4	C+5	C+6	C[1]	C[2]	C[3]	C+[1]	C+[2]	CO
 1.49634e+10	0.00e+00	2.21e-33	1.95e-23	5.35e-14	4.89e-04	5.31e-01	4.68e-01	0.00e+00	0.00e+00	0.00e+00	0.00e+00	0.00e+00	2.08e-162
 4.54887e+10	3.13e-44	3.13e-33	2.56e-23	6.47e-14	5.46e-04	5.51e-01	4.48e-01	0.00e+00	0.00e+00	0.00e+00	0.00e+00	0.00e+00	1.43e-218
 7.72350e+10	0.00e+00	4.48e-33	3.38e-23	7.88e-14	6.14e-04	5.71e-01	4.29e-01	0.00e+00	0.00e+00	0.00e+00	0.00e+00	0.00e+00	2.84e-161
 1.10251e+11	7.52e-44	6.40e-33	4.46e-23	9.60e-14	6.90e-04	5.90e-01	4.09e-01	0.00e+00	0.00e+00	0.00e+00	0.00e+00	0.00e+00	8.62e-218
 1.41682e+11	0.00e+00	8.86e-33	5.74e-23	1.15e-13	7.67e-04	6.08e-01	3.92e-01	0.00e+00	0.00e+00	0.00e+00	0.00e+00	0.00e+00	3.48e-160
 1.70477e+11	1.60e-43	1.18e-32	7.19e-23	1.35e-13	8.43e-04	6.23e-01	3.76e-01	0.00e+00	0.00e+00	0.00e+00	0.00e+00	0.00e+00	1.19e-205
 2.03128e+11	0.00e+00	1.63e-32	9.21e-23	1.60e-13	9.35e-04	6.40e-01	3.59e-01	0.00e+00	0.00e+00	0.00e+00	0.00e+00	0.00e+00	3.23e-159
 2.40978e+11	3.64e-43	2.32e-32	1.21e-22	1.94e-13	1.05e-03	6.58e-01	3.41e-01	0.00e+00	0.00e+00	0.00e+00	0.00e+00	0.00e+00	5.55e-205
 2.78764e+11	0.00e+00	3.25e-32	1.57e-22	2.34e-13	1.16e-03	6.75e-01	3.24e-01	0.00e+00	0.00e+00	0.00e+00	0.00e+00	0.00e+00	4.16e-158
 3.18061e+11	8.38e-43	4.57e-32	2.05e-22	2.81e-13	1.30e-03	6.91e-01	3.07e-01	0.00e+00	0.00e+00	0.00e+00	0.00e+00	0.00e+00	4.35e-204
 3.60710e+11	0.00e+00	6.52e-32	2.69e-22	3.41e-13	1.45e-03	7.08e-01	2.90e-01	0.00e+00	0.00e+00	0.00e+00	0.00e+00	0.00e+00	5.41e-157
 4.04187e+11	1.99e-42	9.22e-32	3.52e-22	4.11e-13	1.61e-03	7.24e-01	2.74e-01	0.00e+00	0.00e+00	0.00e+00	0.00e+00	0.00e+00	3.21e-203
 4.49402e+11	0.00e+00	1.31e-31	4.60e-22	4.96e-13	1.80e-03	7.40e-01	2.59e-01	0.00e+00	0.00e+00	0.00e+00	0.00e+00	0.00e+00	7.12e-156
 4.97305e+11	4.71e-42	1.86e-31	6.04e-22	6.01e-13	2.01e-03	7.55e-01	2.43e-01	0.00e+00	0.00e+00	0.00e+00	0.00e+00	0.00e+00	2.20e-202
 5.47124e+11	0.00e+00	2.65e-31	7.94e-22	7.27e-13	2.24e-03	7.69e-01	2.28e-01	0.00e+00	0.00e+00	0.00e+00	0.00e+00	0.00e+00	9.89e-155
 5.98936e+11	1.13e-41	3.79e-31	1.04e-21	8.79e-13	2.49e-03	7.83e-01	2.14e-01	0.00e+00	0.00e+00	0.00e+00	0.00e+00	0.00e+00	0.00e+00
 6.52820e+11	0.00e+00	5.40e-31	1.37e-21	1.06e-12	2.78e-03	7.97e-01	2.01e-01	0.00e+00	0.00e+00	0.00e+00	0.00e+00	0.00e+00	1.38e-153
 7.08859e+11	2.71e-41	7.70e-31	1.80e-21	1.29e-12	3.09e-03	8.09e-01	1.88e-01	0.00e+00	0.00e+00	0.00e+00	0.00e+00	0.00e+00	2.62e-200
 7.67141e+11	0.00e+00	1.10e-30	2.37e-21	1.55e-12	3.44e-03	8.21e-01	1.75e-01	0.00e+00	0.00e+00	0.00e+00	0.00e+00	0.00e+00	1.95e-152
 8.21934e+11	6.25e-41	1.52e-30	3.03e-21	1.84e-12	3.79e-03	8.31e-01	1.65e-01	0.00e+00	0.00e+00	0.00e+00	0.00e+00	0.00e+00	1.51e-199
 8.70925e+11	0.00e+00	2.00e-30	3.76e-21	2.14e-12	4.12e-03	8.40e-01	1.56e-01	0.00e+00	0.00e+00	0.00e+00	0.00e+00	0.00e+00	1.82e-151
 9.25918e+11	1.29e-40	2.72e-30	4.75e-21	2.52e-12	4.51e-03	8.49e-01	1.47e-01	0.00e+00	0.00e+00	0.00e+00	0.00e+00	0.00e+00	0.00e+00
 9.91105e+11	0.00e+00	3.85e-30	6.21e-21	3.03e-12	5.00e-03	8.58e-01	1.37e-01	0.00e+00	0.00e+00	0.00e+00	0.00e+00	0.00e+00	2.07e-150
 1.05662e+12	3.00e-40	5.40e-30	8.04e-21	3.62e-12	5.52e-03	8.67e-01	1.28e-01	0.00e+00	0.00e+00	0.00e+00	0.00e+00	0.00e+00	3.66e-197
 1.11810e+12	0.00e+00	7.32e-30	1.02e-20	4.25e-12	6.03e-03	8.74e-01	1.20e-01	0.00e+00	0.00e+00	0.00e+00	0.00e+00	0.00e+00	2.27e-149
 1.18609e+12	6.58e-40	1.02e-29	1.31e-20	5.06e-12	6.65e-03	8.82e-01	1.12e-01	0.00e+00	0.00e+00	0.00e+00	0.00e+00	0.00e+00	2.72e-196
 1.26346e+12	0.00e+00	1.46e-29	1.72e-20	6.12e-12	7.38e-03	8.89e-01	1.04e-01	0.00e+00	0.00e+00	0.00e+00	0.00e+00	0.00e+00	2.95e-148
 1.34065e+12	1.57e-39	2.06e-29	2.25e-20	7.34e-12	8.15e-03	8.96e-01	9.62e-02	0.00e+00	0.00e+00	0.00e+00	0.00e+00	0.00e+00	0.00e+00
 1.42094e+12	0.00e+00	2.92e-29	2.93e-20	8.81e-12	9.01e-03	9.02e-01	8.92e-02	0.00e+00	0.00e+00	0.00e+00	0.00e+00	0.00e+00	3.89e-147
 1.50770e+12	3.79e-39	4.20e-29	3.87e-20	1.07e-11	1.00e-02	9.08e-01	8.23e-02	0.00e+00	0.00e+00	0.00e+00	0.00e+00	0.00e+00	3.15e-194
 1.59794e+12	0.00e+00	6.03e-29	5.11e-20	1.29e-11	1.11e-02	9.13e-01	7.60e-02	0.00e+00	0.00e+00	0.00e+00	0.00e+00	0.00e+00	5.78e-146
 1.68303e+12	8.95e-39	8.38e-29	6.58e-20	1.53e-11	1.22e-02	9.17e-01	7.06e-02	0.00e+00	0.00e+00	0.00e+00	0.00e+00	0.00e+00	9.72e-193
 1.75962e+12	0.00e+00	1.12e-28	8.21e-20	1.78e-11	1.32e-02	9.21e-01	6.61e-02	0.00e+00	0.00e+00	0.00e+00	0.00e+00	0.00e+00	5.76e-145
 1.84588e+12	1.89e-38	1.54e-28	1.05e-19	2.10e-11	1.44e-02	9.24e-01	6.15e-02	0.00e+00	0.00e+00	0.00e+00	0.00e+00	0.00e+00	6.76e-192
 1.94749e+12	0.00e+00	2.20e-28	1.38e-19	2.53e-11	1.60e-02	9.27e-01	5.66e-02	0.00e+00	0.00e+00	0.00e+00	0.00e+00	0.00e+00	7.05e-144
 2.04903e+12	4.55e-38	3.11e-28	1.79e-19	3.03e-11	1.76e-02	9.30e-01	5.22e-02	0.00e+00	0.00e+00	0.00e+00	0.00e+00	0.00e+00	0.00e+00
 2.14466e+12	0.00e+00	4.26e-28	2.28e-19	3.57e-11	1.92e-02	9.32e-01	4.85e-02	0.00e+00	0.00e+00	0.00e+00	0.00e+00	0.00e+00	8.22e-143
 2.25039e+12	1.02e-37	5.97e-28	2.96e-19	4.26e-11	2.11e-02	9.34e-01	4.48e-02	0.00e+00	0.00e+00	0.00e+00	0.00e+00	0.00e+00	0.00e+00
 2.37033e+12	0.00e+00	8.65e-28	3.93e-19	5.16e-11	2.33e-02	9.36e-01	4.10e-02	0.00e+00	0.00e+00	0.00e+00	0.00e+00	0.00e+00	1.13e-141
 2.48893e+12	2.51e-37	1.23e-27	5.15e-19	6.19e-11	2.57e-02	9.37e-01	3.77e-02	0.00e+00	0.00e+00	0.00e+00	0.00e+00	0.00e+00	1.20e-214
 2.61228e+12	0.00e+00	1.75e-27	6.75e-19	7.44e-11	2.83e-02	9.37e-01	3.46e-02	0.00e+00	0.00e+00	0.00e+00	0.00e+00	0.00e+00	1.54e-140
 2.74670e+12	6.19e-37	2.55e-27	8.98e-19	9.03e-11	3.13e-02	9.37e-01	3.15e-02	0.00e+00	0.00e+00	0.00e+00	0.00e+00	0.00e+00	0.00e+00
 2.88239e+12	0.00e+00	3.66e-27	1.19e-18	1.09e-10	3.45e-02	9.37e-01	2.88e-02	0.00e+00	0.00e+00	0.00e+00	0.00e+00	0.00e+00	2.33e-139
 3.02350e+12	1.53e-36	5.26e-27	1.57e-18	1.31e-10	3.80e-02	9.36e-01	2.63e-02	0.00e+00	0.00e+00	0.00e+00	0.00e+00	0.00e+00	0.00e+00
 3.16903e+12	0.00e+00	7.55e-27	2.07e-18	1.58e-10	4.19e-02	9.34e-01	2.40e-02	0.00e+00	0.00e+00	0.00e+00	0.00e+00	0.00e+00	3.37e-138
 3.31194e+12	3.66e-36	1.06e-26	2.69e-18	1.89e-10	4.59e-02	9.32e-01	2.20e-02	0.00e+00	0.00e+00	0.00e+00	0.00e+00	0.00e+00	0.00e+00
 3.46589e+12	0.00e+00	1.52e-26	3.54e-18	2.27e-10	5.04e-02	9.30e-01	2.00e-02	0.00e+00	0.00e+00	0.00e+00	0.00e+00	0.00e+00	4.41e-137
 3.63445e+12	9.09e-36	2.21e-26	4.72e-18	2.76e-10	5.56e-02	9.26e-01	1.82e-02	0.00e+00	0.00e+00	0.00e+00	0.00e+00	0.00e+00	0.00e+00
 3.80976e+12	0.00e+00	3.22e-26	6.30e-18	3.35e-10	6.13e-02	9.22e-01	1.64e-02	0.00e+00	0.00e+00	0.00e+00	0.00e+00	0.00e+00	6.98e-136
 3.99208e+12	2.31e-35	4.69e-26	8.42e-18	4.07e-10	6.76e-02	9.18e-01	1.49e-02	0.00e+00	0.00e+00	0.00e+00	0.00e+00	0.00e+00	0.00e+00
 4.18169e+12	0.00e+00	6.84e-26	1.13e-17	4.95e-10	7.45e-02	9.12e-01	1.34e-02	0.00e+00	0.00e+00	0.00e+00	0.00e+00	0.00e+00	1.10e-134
 4.35314e+12	5.53e-35	9.48e-26	1.45e-17	5.86e-10	8.11e-02	9.07e-01	1.22e-02	0.00e+00	0.00e+00	0.00e+00	0.00e+00	0.00e+00	2.07e-98
 4.49592e+12	7.67e-35	1.23e-25	1.78e-17	6.72e-10	8.67e-02	9.02e-01	1.14e-02	0.00e+00	0.00e+00	0.00e+00	0.00e+00	0.00e+00	0.00e+00
 4.65231e+12	1.09e-34	1.63e-25	2.20e-17	7.77e-10	9.31e-02	8.96e-01	1.05e-02	0.00e+00	0.00e+00	0.00e+00	0.00e+00	0.00e+00	1.53e-115
 4.85048e+12	1.66e-34	2.30e-25	2.87e-17	9.28e-10	1.02e-01	8.89e-01	9.52e-03	0.00e+00	0.00e+00	0.00e+00	0.00e+00	0.00e+00	2.31e-97
 5.05728e+12	2.54e-34	3.25e-25	3.75e-17	1.11e-09	1.11e-01	8.81e-01	8.61e-03	0.00e+00	0.00e+00	0.00e+00	0.00e+00	0.00e+00	0.00e+00
 5.23272e+12	3.60e-34	4.30e-25	4.67e-17	1.28e-09	1.19e-01	8.73e-01	7.92e-03	0.00e+00	0.00e+00	0.00e+00	0.00e+00	0.00e+00	3.54e-114
 5.41306e+12	5.08e-34	5.68e-25	5.80e-17	1.48e-09	1.27e-01	8.65e-01	7.29e-03	0.00e+00	0.00e+00	0.00e+00	0.00e+00	0.00e+00	2.67e-96
 5.64025e+12	7.73e-34	7.97e-25	7.54e-17	1.77e-09	1.38e-01	8.55e-01	6.57e-03	0.00e+00	0.00e+00	0.00e+00	0.00e+00	0.00e+00	0.00e+00
 5.87112e+12	1.16e-33	1.11e-24	9.75e-17	2.10e-09	1.50e-01	8.44e-01	5.93e-03	0.00e+00	0.00e+00	0.00e+00	0.00e+00	0.00e+00	7.71e-113
 6.06899e+12	1.62e-33	1.46e-24	1.20e-16	2.42e-09	1.60e-01	8.34e-01	5.44e-03	0.00e+00	0.00e+00	0.00e+00	0.00e+00	0.00e+00	3.37e-95
 6.28119e+12	2.30e-33	1.93e-24	1.50e-16	2.80e-09	1.71e-01	8.24e-01	4.97e-03	0.00e+00	0.00e+00	0.00e+00	0.00e+00	0.00e+00	4.67e-112
 6.54412e+12	3.47e-33	2.69e-24	1.94e-16	3.33e-09	1.86e-01	8.10e-01	4.45e-03	0.00e+00	0.00e+00	0.00e+00	0.00e+00	0.00e+00	1.76e-94
 6.81383e+12	5.19e-33	3.73e-24	2.51e-16	3.94e-09	2.00e-01	7.96e-01	3.99e-03	0.00e+00	0.00e+00	0.00e+00	0.00e+00	0.00e+00	4.06e-111
 7.05637e+12	7.34e-33	4.93e-24	3.12e-16	4.56e-09	2.14e-01	7.82e-01	3.63e-03	0.00e+00	0.00e+00	0.00e+00	0.00e+00	0.00e+00	9.03e-94
 7.32277e+12	1.06e-32	6.63e-24	3.93e-16	5.31e-09	2.29e-01	7.68e-01	3.27e-03	0.00e+00	0.00e+00	0.00e+00	0.00e+00	0.00e+00	2.71e-110
 7.63777e+12	1.59e-32	9.25e-24	5.11e-16	6.31e-09	2.47e-01	7.50e-01	2.90e-03	0.00e+00	0.00e+00	0.00e+00	0.00e+00	0.00e+00	4.94e-93
 7.95346e+12	2.36e-32	1.27e-23	6.55e-16	7.44e-09	2.65e-01	7.32e-01	2.58e-03	0.00e+00	0.00e+00	0.00e+00	0.00e+00	0.00e+00	2.36e-109
 8.25263e+12	3.36e-32	1.69e-23	8.20e-16	8.62e-09	2.82e-01	7.15e-01	2.32e-03	0.00e+00	0.00e+00	0.00e+00	0.00e+00	0.00e+00	2.55e-92
 8.58353e+12	4.88e-32	2.29e-23	1.04e-15	1.01e-08	3.01e-01	6.97e-01	2.07e-03	0.00e+00	0.00e+00	0.00e+00	0.00e+00	0.00e+00	1.71e-108
 8.95679e+12	7.29e-32	3.17e-23	1.34e-15	1.19e-08	3.23e-01	6.76e-01	1.82e-03	0.00e+00	0.00e+00	0.00e+00	0.00e+00	0.00e+00	1.42e-91
 9.32927e+12	1.07e-31	4.32e-23	1.70e-15	1.39e-08	3.44e-01	6.55e-01	1.61e-03	0.00e+00	0.00e+00	0.00e+00	0.00e+00	0.00e+00	1.47e-107
 9.65829e+12	1.47e-31	5.60e-23	2.08e-15	1.59e-08	3.62e-01	6.36e-01	1.44e-03	0.00e+00	0.00e+00	0.00e+00	0.00e+00	0.00e+00	6.75e-91
 9.93416e+12	1.90e-31	6.89e-23	2.45e-15	1.76e-08	3.77e-01	6.21e-01	1.32e-03	0.00e+00	0.00e+00	0.00e+00	0.00e+00	0.00e+00	7.30e-107
 1.02310e+13	2.48e-31	8.56e-23	2.90e-15	1.97e-08	3.93e-01	6.05e-01	1.21e-03	0.00e+00	0.00e+00	0.00e+00	0.00e+00	0.00e+00	2.20e-90
 1.06169e+13	3.46e-31	1.12e-22	3.58e-15	2.25e-08	4.14e-01	5.85e-01	1.07e-03	0.00e+00	0.00e+00	0.00e+00	0.00e+00	0.00e+00	3.95e-106
 1.10205e+13	4.83e-31	1.47e-22	4.41e-15	2.58e-08	4.35e-01	5.64e-01	9.50e-04	0.00e+00	0.00e+00	0.00e+00	0.00e+00	0.00e+00	9.97e-90
 1.13648e+13	6.35e-31	1.83e-22	5.24e-15	2.88e-08	4.52e-01	5.47e-01	8.59e-04	0.00e+00	0.00e+00	0.00e+00	0.00e+00	0.00e+00	2.20e-105
 1.17299e+13	8.38e-31	2.29e-22	6.23e-15	3.21e-08	4.70e-01	5.29e-01	7.74e-04	0.00e+00	0.00e+00	0.00e+00	0.00e+00	0.00e+00	3.51e-89
 1.21899e+13	1.17e-30	3.00e-22	7.68e-15	3.67e-08	4.92e-01	5.07e-01	6.80e-04	0.00e+00	0.00e+00	0.00e+00	0.00e+00	0.00e+00	1.28e-104
 1.26638e+13	1.63e-30	3.91e-22	9.43e-15	4.18e-08	5.14e-01	4.85e-01	5.97e-04	0.00e+00	0.00e+00	0.00e+00	0.00e+00	0.00e+00	1.62e-88
 1.30801e+13	2.15e-30	4.89e-22	1.12e-14	4.66e-08	5.33e-01	4.67e-01	5.35e-04	0.00e+00	0.00e+00	0.00e+00	0.00e+00	0.00e+00	7.42e-104
 1.35312e+13	2.86e-30	6.17e-22	1.34e-14	5.21e-08	5.52e-01	4.48e-01	4.75e-04	0.00e+00	0.00e+00	0.00e+00	0.00e+00	0.00e+00	6.04e-88
 1.40305e+13	3.89e-30	7.88e-22	1.62e-14	5.86e-08	5.72e-01	4.28e-01	4.18e-04	0.00e+00	0.00e+00	0.00e+00	0.00e+00	0.00e+00	4.23e-103
 1.44925e+13	5.09e-30	9.80e-22	1.91e-14	6.51e-08	5.90e-01	4.10e-01	3.73e-04	0.00e+00	0.00e+00	0.00e+00	0.00e+00	0.00e+00	2.33e-87
 1.49933e+13	6.75e-30	1.23e-21	2.27e-14	7.24e-08	6.08e-01	3.91e-01	3.30e-04	0.00e+00	0.00e+00	0.00e+00	0.00e+00	0.00e+00	2.18e-102
 1.55507e+13	9.12e-30	1.56e-21	2.73e-14	8.12e-08	6.28e-01	3.72e-01	2.89e-04	0.00e+00	0.00e+00	0.00e+00	0.00e+00	0.00e+00	9.28e-87
 1.60711e+13	1.19e-29	1.94e-21	3.22e-14	8.98e-08	6.45e-01	3.55e-01	2.56e-04	0.00e+00	0.00e+00	0.00e+00	0.00e+00	0.00e+00	1.20e-101
 1.66373e+13	1.58e-29	2.43e-21	3.83e-14	9.96e-08	6.62e-01	3.37e-01	2.26e-04	0.00e+00	0.00e+00	0.00e+00	0.00e+00	0.00e+00	3.47e-86
 1.72669e+13	2.13e-29	3.08e-21	4.59e-14	1.11e-07	6.81e-01	3.19e-01	1.96e-04	0.00e+00	0.00e+00	0.00e+00	0.00e+00	0.00e+00	6.99e-101
 1.78553e+13	2.79e-29	3.82e-21	5.40e-14	1.23e-07	6.97e-01	3.03e-01	1.73e-04	0.00e+00	0.00e+00	0.00e+00	0.00e+00	0.00e+00	1.37e-85
 1.84965e+13	3.69e-29	4.78e-21	6.40e-14	1.36e-07	7.13e-01	2.87e-01	1.52e-04	0.00e+00	0.00e+00	0.00e+00	0.00e+00	0.00e+00	3.77e-100
 1.92127e+13	4.98e-29	6.07e-21	7.67e-14	1.51e-07	7.30e-01	2.70e-01	1.31e-04	0.00e+00	0.00e+00	0.00e+00	0.00e+00	0.00e+00	5.68e-85
 1.98871e+13	6.53e-29	7.53e-21	9.02e-14	1.67e-07	7.45e-01	2.55e-01	1.15e-04	0.00e+00	0.00e+00	0.00e+00	0.00e+00	0.00e+00	2.21e-99
 2.06245e+13	8.68e-29	9.44e-21	1.07e-13	1.84e-07	7.60e-01	2.40e-01	9.99e-05	0.00e+00	0.00e+00	0.00e+00	0.00e+00	0.00e+00	2.26e-84
 2.14503e+13	1.18e-28	1.20e-20	1.28e-13	2.05e-07	7.75e-01	2.25e-01	8.58e-05	0.00e+00	0.00e+00	0.00e+00	0.00e+00	0.00e+00	1.40e-98
 2.22328e+13	1.55e-28	1.50e-20	1.51e-13	2.26e-07	7.89e-01	2.11e-01	7.46e-05	0.00e+00	0.00e+00	0.00e+00	0.00e+00	0.00e+00	9.70e-84
 2.30734e+13	2.07e-28	1.88e-20	1.79e-13	2.49e-07	8.02e-01	1.98e-01	6.45e-05	0.00e+00	0.00e+00	0.00e+00	0.00e+00	0.00e+00	8.32e-98
 2.40262e+13	2.82e-28	2.40e-20	2.14e-13	2.77e-07	8.16e-01	1.84e-01	5.50e-05	0.00e+00	0.00e+00	0.00e+00	0.00e+00	0.00e+00	4.40e-83
 2.49667e+13	3.79e-28	3.03e-20	2.54e-13	3.05e-07	8.28e-01	1.72e-01	4.72e-05	0.00e+00	0.00e+00	0.00e+00	0.00e+00	0.00e+00	5.70e-97
 2.59447e+13	5.08e-28	3.81e-20	3.01e-13	3.37e-07	8.39e-01	1.61e-01	4.06e-05	0.00e+00	0.00e+00	0.00e+00	0.00e+00	0.00e+00	1.98e-82
 2.70124e+13	6.91e-28	4.86e-20	3.60e-13	3.72e-07	8.51e-01	1.49e-01	3.46e-05	0.00e+00	0.00e+00	0.00e+00	0.00e+00	0.00e+00	3.92e-96
 2.81228e+13	9.40e-28	6.18e-20	4.29e-13	4.11e-07	8.61e-01	1.39e-01	2.95e-05	0.00e+00	0.00e+00	0.00e+00	0.00e+00	0.00e+00	9.79e-82
 2.92081e+13	1.25e-27	7.74e-20	5.05e-13	4.50e-07	8.71e-01	1.29e-01	2.53e-05	0.00e+00	0.00e+00	0.00e+00	0.00e+00	0.00e+00	2.68e-95
 3.02008e+13	1.61e-27	9.44e-20	5.83e-13	4.88e-07	8.79e-01	1.21e-01	2.22e-05	0.00e+00	0.00e+00	0.00e+00	0.00e+00	0.00e+00	4.00e-81
 3.10853e+13	2.01e-27	1.12e-19	6.60e-13	5.23e-07	8.85e-01	1.15e-01	1.97e-05	0.00e+00	0.00e+00	0.00e+00	0.00e+00	0.00e+00	1.24e-94
 3.20306e+13	2.53e-27	1.34e-19	7.49e-13	5.61e-07	8.91e-01	1.09e-01	1.75e-05	0.00e+00	0.00e+00	0.00e+00	0.00e+00	0.00e+00	1.30e-80
 3.32312e+13	3.35e-27	1.66e-19	8.75e-13	6.11e-07	8.99e-01	1.01e-01	1.51e-05	0.00e+00	0.00e+00	0.00e+00	0.00e+00	0.00e+00	6.49e-94
 3.44527e+13	4.39e-27	2.06e-19	1.02e-12	6.65e-07	9.05e-01	9.45e-02	1.31e-05	0.00e+00	0.00e+00	0.00e+00	0.00e+00	0.00e+00	5.59e-80
 3.54828e+13	5.50e-27	2.45e-19	1.15e-12	7.11e-07	9.11e-01	8.94e-02	1.16e-05	0.00e+00	0.00e+00	0.00e+00	0.00e+00	0.00e+00	3.28e-93
 3.65751e+13	6.94e-27	2.93e-19	1.31e-12	7.62e-07	9.16e-01	8.44e-02	1.03e-05	0.00e+00	0.00e+00	0.00e+00	0.00e+00	0.00e+00	1.90e-79
 3.79513e+13	9.22e-27	3.64e-19	1.53e-12	8.27e-07	9.21e-01	7.87e-02	8.91e-06	0.00e+00	0.00e+00	0.00e+00	0.00e+00	0.00e+00	1.76e-92
 3.93579e+13	1.21e-26	4.51e-19	1.78e-12	8.99e-07	9.27e-01	7.33e-02	7.69e-06	0.00e+00	0.00e+00	0.00e+00	0.00e+00	0.00e+00	8.46e-79
 4.05607e+13	1.53e-26	5.39e-19	2.01e-12	9.60e-07	9.31e-01	6.92e-02	6.82e-06	0.00e+00	0.00e+00	0.00e+00	0.00e+00	0.00e+00	9.20e-92
 4.18371e+13	1.94e-26	6.47e-19	2.29e-12	1.03e-06	9.35e-01	6.52e-02	6.04e-06	0.00e+00	0.00e+00	0.00e+00	0.00e+00	0.00e+00	3.01e-78
 4.34247e+13	2.59e-26	8.07e-19	2.66e-12	1.11e-06	9.39e-01	6.08e-02	5.21e-06	0.00e+00	0.00e+00	0.00e+00	0.00e+00	0.00e+00	5.13e-91
 4.50518e+13	3.42e-26	9.99e-19	3.10e-12	1.21e-06	9.43e-01	5.65e-02	4.49e-06	0.00e+00	0.00e+00	0.00e+00	0.00e+00	0.00e+00	1.38e-77
 4.64793e+13	4.37e-26	1.20e-18	3.52e-12	1.29e-06	9.47e-01	5.33e-02	3.97e-06	0.00e+00	0.00e+00	0.00e+00	0.00e+00	0.00e+00	2.82e-90
 4.80123e+13	5.62e-26	1.46e-18	4.02e-12	1.38e-06	9.50e-01	5.00e-02	3.50e-06	0.00e+00	0.00e+00	0.00e+00	0.00e+00	0.00e+00	5.33e-77
 4.98712e+13	7.57e-26	1.83e-18	4.69e-12	1.50e-06	9.53e-01	4.65e-02	3.01e-06	0.00e+00	0.00e+00	0.00e+00	0.00e+00	0.00e+00	1.69e-89
 5.17591e+13	1.00e-25	2.27e-18	5.46e-12	1.62e-06	9.57e-01	4.32e-02	2.59e-06	0.00e+00	0.00e+00	0.00e+00	0.00e+00	0.00e+00	2.57e-76
 5.34719e+13	1.30e-25	2.76e-18	6.22e-12	1.74e-06	9.59e-01	4.06e-02	2.29e-06	0.00e+00	0.00e+00	0.00e+00	0.00e+00	0.00e+00	5.19e-76
 5.53520e+13	1.70e-25	3.39e-18	7.15e-12	1.86e-06	9.62e-01	3.80e-02	2.00e-06	0.00e+00	0.00e+00	0.00e+00	0.00e+00	0.00e+00	1.09e-75
 5.75580e+13	2.32e-25	4.28e-18	8.37e-12	2.02e-06	9.65e-01	3.53e-02	1.71e-06	0.00e+00	0.00e+00	0.00e+00	0.00e+00	0.00e+00	2.53e-75
 5.97630e+13	3.10e-25	5.33e-18	9.73e-12	2.19e-06	9.67e-01	3.28e-02	1.48e-06	0.00e+00	0.00e+00	0.00e+00	0.00e+00	0.00e+00	5.60e-75
 6.18593e+13	4.08e-25	6.55e-18	1.12e-11	2.34e-06	9.69e-01	3.07e-02	1.29e-06	0.00e+00	0.00e+00	0.00e+00	0.00e+00	0.00e+00	1.18e-74
 6.41666e+13	5.45e-25	8.16e-18	1.29e-11	2.53e-06	9.71e-01	2.86e-02	1.12e-06	0.00e+00	0.00e+00	0.00e+00	0.00e+00	0.00e+00	2.63e-74
 6.67632e+13	7.42e-25	1.03e-17	1.52e-11	2.74e-06	9.74e-01	2.65e-02	9.57e-07	0.00e+00	0.00e+00	0.00e+00	0.00e+00	0.00e+00	6.12e-74
 6.93841e+13	1.01e-24	1.30e-17	1.77e-11	2.96e-06	9.75e-01	2.46e-02	0.00e+00	0.00e+00	0.00e+00	0.00e+00	0.00e+00	0.00e+00	1.42e-73
 7.21098e+13	1.37e-24	1.63e-17	2.06e-11	3.20e-06	9.77e-01	2.29e-02	0.00e+00	0.00e+00	0.00e+00	0.00e+00	0.00e+00	0.00e+00	3.30e-73
 7.50242e+13	1.87e-24	2.07e-17	2.42e-11	3.46e-06	9.79e-01	2.12e-02	0.00e+00	0.00e+00	0.00e+00	0.00e+00	0.00e+00	0.00e+00	7.80e-73
 7.80551e+13	2.56e-24	2.62e-17	2.83e-11	3.75e-06	9.80e-01	1.96e-02	0.00e+00	0.00e+00	0.00e+00	0.00e+00	0.00e+00	0.00e+00	1.85e-72
 8.09995e+13	3.42e-24	3.25e-17	3.28e-11	4.04e-06	9.82e-01	1.82e-02	0.00e+00	0.00e+00	0.00e+00	0.00e+00	0.00e+00	0.00e+00	4.09e-72
 8.35052e+13	4.36e-24	3.90e-17	3.70e-11	4.29e-06	9.83e-01	1.72e-02	0.00e+00	0.00e+00	0.00e+00	0.00e+00	0.00e+00	0.00e+00	7.97e-72
 8.60497e+13	5.54e-24	4.68e-17	4.17e-11	4.56e-06	9.84e-01	1.62e-02	0.00e+00	0.00e+00	0.00e+00	0.00e+00	1.51e-17	3.17e-17	1.55e-71
 8.92526e+13	7.40e-24	5.81e-17	4.82e-11	4.90e-06	9.85e-01	1.51e-02	0.00e+00	0.00e+00	0.00e+00	0.00e+00	1.93e-17	3.88e-17	3.43e-71
 9.25282e+13	9.80e-24	7.18e-17	5.57e-11	5.27e-06	9.86e-01	1.41e-02	0.00e+00	0.00e+00	0.00e+00	0.00e+00	2.38e-17	4.80e-17	7.41e-71
 9.53713e+13	1.25e-23	8.60e-17	6.28e-11	5.59e-06	9.87e-01	1.33e-02	0.00e+00	0.00e+00	0.00e+00	0.00e+00	2.85e-17	5.74e-17	1.44e-70
 9.84357e+13	1.60e-23	1.04e-16	7.12e-11	5.96e-06	9.87e-01	1.25e-02	0.00e+00	0.00e+00	0.00e+00	0.00e+00	3.45e-17	6.94e-17	2.88e-70
 1.02186e+14	2.15e-23	1.30e-16	8.26e-11	6.42e-06	9.88e-01	1.16e-02	0.00e+00	0.00e+00	0.00e+00	0.00e+00	4.31e-17	8.67e-17	6.48e-70
 1.06039e+14	2.86e-23	1.61e-16	9.58e-11	6.92e-06	9.89e-01	1.08e-02	0.00e+00	0.00e+00	0.00e+00	0.00e+00	5.34e-17	1.07e-16	1.42e-69
 1.09587e+14	3.72e-23	1.96e-16	1.09e-10	7.38e-06	9.90e-01	1.01e-02	0.00e+00	0.00e+00	0.00e+00	0.00e+00	6.49e-17	1.31e-16	2.91e-69
 1.13526e+14	4.92e-23	2.42e-16	1.26e-10	7.92e-06	9.91e-01	9.45e-03	0.00e+00	0.00e+00	0.00e+00	0.00e+00	8.02e-17	1.61e-16	6.30e-69
 1.18082e+14	6.66e-23	3.04e-16	1.47e-10	8.58e-06	9.91e-01	8.74e-03	0.00e+00	0.00e+00	0.00e+00	0.00e+00	1.01e-16	2.03e-16	1.45e-68
 1.22609e+14	8.98e-23	3.81e-16	1.71e-10	9.24e-06	9.92e-01	8.12e-03	0.00e+00	0.00e+00	0.00e+00	0.00e+00	1.26e-16	2.54e-16	3.31e-68
 1.26690e+14	1.15e-22	4.60e-16	1.95e-10	9.88e-06	9.92e-01	7.60e-03	0.00e+00	0.00e+00	0.00e+00	0.00e+00	1.53e-16	3.07e-16	6.54e-68
 1.31023e+14	1.50e-22	5.62e-16	2.23e-10	1.06e-05	9.93e-01	7.12e-03	0.00e+00	0.00e+00	0.00e+00	0.00e+00	1.87e-16	3.76e-16	1.37e-67
 1.35875e+14	1.98e-22	6.93e-16	2.58e-10	1.14e-05	9.93e-01	6.61e-03	0.00e+00	0.00e+00	0.00e+00	0.00e+00	2.30e-16	4.63e-16	2.89e-67
 1.40445e+14	2.58e-22	8.45e-16	2.94e-10	1.21e-05	9.94e-01	6.20e-03	0.00e+00	0.00e+00	0.00e+00	0.00e+00	2.80e-16	5.65e-16	6.00e-67
 1.45432e+14	3.36e-22	1.03e-15	3.38e-10	1.31e-05	9.94e-01	5.77e-03	0.00e+00	0.00e+00	0.00e+00	0.00e+00	3.43e-16	6.90e-16	1.23e-66
 1.50956e+14	4.50e-22	1.29e-15	3.92e-10	1.41e-05	9.95e-01	5.36e-03	0.00e+00	0.00e+00	0.00e+00	0.00e+00	4.28e-16	8.62e-16	2.78e-66
 1.56095e+14	5.79e-22	1.56e-15	4.49e-10	1.51e-05	9.95e-01	5.01e-03	0.00e+00	0.00e+00	0.00e+00	0.00e+00	5.18e-16	1.04e-15	5.53e-66
 1.61692e+14	7.58e-22	1.92e-15	5.17e-10	1.62e-05	9.95e-01	4.67e-03	0.00e+00	0.00e+00	0.00e+00	0.00e+00	6.36e-16	1.28e-15	1.16e-65
 1.67932e+14	1.01e-21	2.39e-15	6.02e-10	1.75e-05	9.96e-01	4.33e-03	0.00e+00	0.00e+00	0.00e+00	0.00e+00	7.94e-16	1.60e-15	2.58e-65
 1.73798e+14	1.32e-21	2.94e-15	6.91e-10	1.87e-05	9.96e-01	4.04e-03	0.00e+00	0.00e+00	0.00e+00	0.00e+00	9.73e-16	1.96e-15	5.41e-65
 1.80134e+14	1.73e-21	3.60e-15	7.98e-10	2.02e-05	9.96e-01	3.75e-03	0.00e+00	0.00e+00	0.00e+00	0.00e+00	1.19e-15	2.40e-15	1.12e-64
 1.87179e+14	2.33e-21	4.52e-15	9.30e-10	2.18e-05	9.97e-01	3.48e-03	0.00e+00	0.00e+00	0.00e+00	0.00e+00	1.50e-15	3.02e-15	2.57e-64
 1.93934e+14	3.03e-21	5.52e-15	1.07e-09	2.34e-05	9.97e-01	3.23e-03	0.00e+00	0.00e+00	0.00e+00	0.00e+00	1.83e-15	3.69e-15	5.24e-64
 2.01148e+14	4.00e-21	6.82e-15	1.24e-09	2.52e-05	9.97e-01	3.01e-03	0.00e+00	0.00e+00	0.00e+00	0.00e+00	2.26e-15	4.56e-15	1.13e-63
 2.09224e+14	5.37e-21	8.55e-15	1.46e-09	2.73e-05	9.97e-01	2.77e-03	0.00e+00	0.00e+00	0.00e+00	0.00e+00	2.83e-15	5.71e-15	2.54e-63
 2.17230e+14	7.19e-21	1.07e-14	1.69e-09	2.95e-05	9.97e-01	2.57e-03	0.00e+00	0.00e+00	0.00e+00	0.00e+00	3.54e-15	7.14e-15	5.72e-63
 2.25557e+14	9.45e-21	1.32e-14	1.97e-09	3.19e-05	9.98e-01	2.38e-03	0.00e+00	0.00e+00	0.00e+00	0.00e+00	4.36e-15	8.80e-15	1.20e-62
 2.34054e+14	1.25e-20	1.63e-14	2.28e-09	3.43e-05	9.98e-01	2.21e-03	0.00e+00	0.00e+00	0.00e+00	0.00e+00	5.39e-15	1.09e-14	2.60e-62
 2.41980e+14	1.61e-20	1.98e-14	2.61e-09	3.67e-05	9.98e-01	2.07e-03	0.00e+00	0.00e+00	0.00e+00	0.00e+00	6.56e-15	1.32e-14	5.28e-62
 2.50779e+14	2.10e-20	2.43e-14	3.01e-09	3.95e-05	9.98e-01	1.92e-03	0.00e+00	0.00e+00	0.00e+00	0.00e+00	8.04e-15	1.62e-14	1.10e-61
 2.60389e+14	2.75e-20	2.99e-14	3.50e-09	4.26e-05	9.98e-01	1.78e-03	0.00e+00	0.00e+00	0.00e+00	0.00e+00	9.90e-15	2.00e-14	2.32e-61
 2.69301e+14	3.57e-20	3.65e-14	4.00e-09	4.56e-05	9.98e-01	1.66e-03	0.00e+00	0.00e+00	0.00e+00	0.00e+00	1.21e-14	2.44e-14	4.78e-61
 2.77175e+14	4.36e-20	4.26e-14	4.49e-09	4.84e-05	9.98e-01	1.57e-03	0.00e+00	0.00e+00	0.00e+00	0.00e+00	1.41e-14	2.85e-14	8.29e-61
 2.85553e+14	5.46e-20	5.05e-14	5.06e-09	5.14e-05	9.98e-01	1.48e-03	0.00e+00	0.00e+00	0.00e+00	0.00e+00	1.67e-14	3.38e-14	1.54e-60
 2.96108e+14	7.18e-20	6.25e-14	5.85e-09	5.53e-05	9.99e-01	1.37e-03	0.00e+00	0.00e+00	0.00e+00	0.00e+00	2.07e-14	4.18e-14	3.33e-60
 3.06765e+14	9.21e-20	7.57e-14	6.74e-09	5.95e-05	9.99e-01	1.28e-03	0.00e+00	0.00e+00	0.00e+00	0.00e+00	2.50e-14	5.07e-14	6.61e-60
 3.15790e+14	1.15e-19	8.98e-14	7.57e-09	6.30e-05	9.99e-01	1.20e-03	0.00e+00	0.00e+00	0.00e+00	0.00e+00	2.97e-14	6.01e-14	1.23e-59
 3.25426e+14	1.42e-19	1.06e-13	8.54e-09	6.70e-05	9.99e-01	1.13e-03	0.00e+00	0.00e+00	0.00e+00	0.00e+00	3.49e-14	7.06e-14	2.19e-59
 3.37504e+14	1.87e-19	1.31e-13	9.87e-09	7.21e-05	9.99e-01	1.05e-03	0.00e+00	0.00e+00	0.00e+00	0.00e+00	4.32e-14	8.75e-14	4.76e-59
 3.49973e+14	2.42e-19	1.59e-13	1.14e-08	7.77e-05	9.99e-01	9.76e-04	0.00e+00	0.00e+00	0.00e+00	0.00e+00	5.26e-14	1.07e-13	9.64e-59
 3.60959e+14	3.04e-19	1.90e-13	1.29e-08	8.27e-05	9.99e-01	9.17e-04	0.00e+00	0.00e+00	0.00e+00	0.00e+00	6.29e-14	1.27e-13	1.84e-58
 3.72801e+14	3.81e-19	2.27e-13	1.47e-08	8.84e-05	9.99e-01	8.58e-04	0.00e+00	0.00e+00	0.00e+00	0.00e+00	7.49e-14	1.52e-13	3.44e-58
 3.87100e+14	5.04e-19	2.82e-13	1.71e-08	9.54e-05	9.99e-01	7.95e-04	0.00e+00	0.00e+00	0.00e+00	0.00e+00	9.30e-14	1.89e-13	7.52e-58
 4.01321e+14	6.42e-19	3.40e-13	1.98e-08	1.03e-04	9.99e-01	7.37e-04	0.00e+00	0.00e+00	0.00e+00	0.00e+00	1.12e-13	2.28e-13	1.47e-57
 4.13953e+14	8.04e-19	4.05e-13	2.24e-08	1.09e-04	9.99e-01	6.93e-04	0.00e+00	0.00e+00	0.00e+00	0.00e+00	1.34e-13	2.71e-13	2.76e-57
 4.27790e+14	1.03e-18	4.90e-13	2.55e-08	1.17e-04	9.99e-01	6.48e-04	0.00e+00	0.00e+00	0.00e+00	0.00e+00	1.62e-13	3.28e-13	5.50e-57
 4.44339e+14	1.33e-18	5.99e-13	2.97e-08	1.27e-04	9.99e-01	5.98e-04	0.00e+00	0.00e+00	0.00e+00	0.00e+00	1.98e-13	4.01e-13	1.12e-56
 4.60784e+14	1.74e-18	7.39e-13	3.44e-08	1.36e-04	9.99e-01	5.56e-04	0.00e+00	0.00e+00	0.00e+00	0.00e+00	2.44e-13	4.95e-13	2.40e-56
 4.75806e+14	2.15e-18	8.73e-13	3.91e-08	1.46e-04	9.99e-01	5.19e-04	0.00e+00	0.00e+00	0.00e+00	0.00e+00	2.88e-13	5.85e-13	4.34e-56
 4.92603e+14	2.77e-18	1.06e-12	4.50e-08	1.56e-04	9.99e-01	4.84e-04	0.00e+00	0.00e+00	0.00e+00	0.00e+00	3.50e-13	7.12e-13	8.79e-56
 5.12154e+14	3.63e-18	1.31e-12	5.26e-08	1.70e-04	9.99e-01	4.46e-04	0.00e+00	0.00e+00	0.00e+00	0.00e+00	4.33e-13	8.81e-13	1.88e-55
 5.31304e+14	4.69e-18	1.61e-12	6.09e-08	1.83e-04	9.99e-01	4.13e-04	0.00e+00	0.00e+00	0.00e+00	0.00e+00	5.30e-13	1.08e-12	3.92e-55
 5.49375e+14	5.88e-18	1.92e-12	6.97e-08	1.96e-04	9.99e-01	3.85e-04	0.00e+00	0.00e+00	0.00e+00	0.00e+00	6.33e-13	1.29e-12	7.35e-55
 5.69536e+14	7.55e-18	2.35e-12	8.05e-08	2.11e-04	9.99e-01	3.57e-04	0.00e+00	0.00e+00	0.00e+00	0.00e+00	7.73e-13	1.58e-12	1.51e-54
 5.92347e+14	9.81e-18	2.88e-12	9.44e-08	2.30e-04	9.99e-01	3.28e-04	0.00e+00	0.00e+00	0.00e+00	0.00e+00	9.48e-13	1.93e-12	3.13e-54
 6.14997e+14	1.27e-17	3.55e-12	1.10e-07	2.49e-04	9.99e-01	3.04e-04	0.00e+00	0.00e+00	0.00e+00	0.00e+00	1.17e-12	2.38e-12	6.59e-54
 6.36873e+14	1.60e-17	4.25e-12	1.26e-07	2.68e-04	9.99e-01	2.82e-04	0.00e+00	0.00e+00	0.00e+00	0.00e+00	1.40e-12	2.86e-12	1.26e-53
 6.55949e+14	1.96e-17	5.00e-12	1.42e-07	2.85e-04	9.99e-01	2.64e-04	0.00e+00	0.00e+00	0.00e+00	0.00e+00	1.64e-12	3.36e-12	2.24e-53
 6.71840e+14	2.29e-17	5.68e-12	1.57e-07	3.00e-04	9.99e-01	2.51e-04	0.00e+00	0.00e+00	0.00e+00	0.00e+00	1.87e-12	3.81e-12	3.53e-53
 6.89487e+14	2.72e-17	6.52e-12	1.74e-07	3.17e-04	9.99e-01	2.38e-04	0.00e+00	0.00e+00	0.00e+00	0.00e+00	2.14e-12	4.38e-12	5.79e-53
 7.12428e+14	3.37e-17	7.73e-12	1.99e-07	3.41e-04	9.99e-01	2.21e-04	0.00e+00	0.00e+00	0.00e+00	0.00e+00	2.54e-12	5.19e-12	1.06e-52
 7.36574e+14	4.22e-17	9.25e-12	2.28e-07	3.66e-04	9.99e-01	2.06e-04	0.00e+00	0.00e+00	0.00e+00	0.00e+00	3.04e-12	6.22e-12	2.02e-52
 7.57395e+14	5.06e-17	1.07e-11	2.55e-07	3.89e-04	9.99e-01	1.94e-04	0.00e+00	4.22e-18	1.27e-17	2.12e-17	3.52e-12	7.20e-12	3.42e-52
 7.79570e+14	6.07e-17	1.25e-11	2.86e-07	4.14e-04	9.99e-01	1.82e-04	0.00e+00	5.08e-18	1.52e-17	2.55e-17	4.09e-12	8.38e-12	5.88e-52
 8.07961e+14	7.66e-17	1.50e-11	3.31e-07	4.48e-04	9.99e-01	1.68e-04	0.00e+00	6.40e-18	1.92e-17	3.21e-17	4.93e-12	1.01e-11	1.14e-51
 8.37169e+14	9.63e-17	1.81e-11	3.82e-07	4.84e-04	9.99e-01	1.55e-04	0.00e+00	8.06e-18	2.42e-17	4.04e-17	5.94e-12	1.22e-11	2.24e-51
 8.62112e+14	1.17e-16	2.12e-11	4.31e-07	5.16e-04	9.99e-01	1.46e-04	0.00e+00	9.79e-18	2.94e-17	4.91e-17	6.95e-12	1.42e-11	3.95e-51
 8.88773e+14	1.41e-16	2.48e-11	4.87e-07	5.52e-04	9.99e-01	1.36e-04	0.00e+00	1.18e-17	3.55e-17	5.93e-17	8.12e-12	1.66e-11	6.96e-51
 9.21933e+14	1.79e-16	3.00e-11	5.66e-07	6.00e-04	9.99e-01	1.26e-04	0.00e+00	1.50e-17	4.52e-17	7.54e-17	9.84e-12	2.02e-11	1.40e-50
 9.55799e+14	2.25e-16	3.62e-11	6.55e-07	6.50e-04	9.99e-01	1.16e-04	0.00e+00	1.89e-17	5.67e-17	9.48e-17	1.19e-11	2.43e-11	2.78e-50
 9.85589e+14	2.73e-16	4.25e-11	7.42e-07	6.96e-04	9.99e-01	1.08e-04	0.00e+00	2.30e-17	6.91e-17	1.15e-16	1.39e-11	2.85e-11	4.99e-50
 1.01783e+15	3.32e-16	5.01e-11	8.45e-07	7.48e-04	9.99e-01	1.01e-04	0.00e+00	2.79e-17	8.38e-17	1.40e-16	1.64e-11	3.36e-11	9.10e-50
 1.05678e+15	4.25e-16	6.11e-11	9.85e-07	8.14e-04	9.99e-01	9.26e-05	0.00e+00	3.58e-17	1.08e-16	1.80e-16	2.00e-11	4.10e-11	1.90e-49
 1.09547e+15	5.31e-16	7.35e-11	1.14e-06	8.84e-04	9.99e-01	8.54e-05	0.00e+00	4.48e-17	1.34e-16	2.24e-16	2.41e-11	4.94e-11	3.79e-49
 1.12987e+15	6.47e-16	8.64e-11	1.29e-06	9.46e-04	9.99e-01	7.98e-05	0.00e+00	5.46e-17	1.64e-16	2.74e-16	2.83e-11	5.81e-11	6.93e-49
 1.16770e+15	7.92e-16	1.02e-10	1.47e-06	1.02e-03	9.99e-01	7.40e-05	0.00e+00	6.70e-17	2.01e-16	3.36e-16	3.36e-11	6.87e-11	1.31e-48
 1.21289e+15	1.00e-15	1.25e-10	1.72e-06	1.11e-03	9.99e-01	6.80e-05	0.00e+00	8.50e-17	2.55e-16	4.26e-16	4.09e-11	8.37e-11	2.75e-48
 1.25790e+15	1.26e-15	1.50e-10	1.99e-06	1.21e-03	9.99e-01	6.26e-05	0.00e+00	1.07e-16	3.22e-16	5.37e-16	4.94e-11	1.01e-10	5.63e-48
 1.29912e+15	1.53e-15	1.77e-10	2.26e-06	1.30e-03	9.99e-01	5.83e-05	0.00e+00	1.30e-16	3.89e-16	6.49e-16	5.81e-11	1.19e-10	1.04e-47
 1.34513e+15	1.93e-15	2.14e-10	2.60e-06	1.40e-03	9.99e-01	5.39e-05	0.00e+00	1.64e-16	4.93e-16	8.23e-16	7.01e-11	1.43e-10	2.15e-47
 1.39858e+15	2.46e-15	2.62e-10	3.04e-06	1.53e-03	9.98e-01	4.94e-05	0.00e+00	2.09e-16	6.28e-16	1.05e-15	8.59e-11	1.76e-10	4.73e-47
 1.45113e+15	3.12e-15	3.18e-10	3.53e-06	1.67e-03	9.98e-01	4.55e-05	0.00e+00	2.65e-16	7.97e-16	1.33e-15	1.04e-10	2.13e-10	1.01e-46
 1.50115e+15	3.86e-15	3.79e-10	4.04e-06	1.80e-03	9.98e-01	4.22e-05	0.00e+00	3.29e-16	9.88e-16	1.65e-15	1.25e-10	2.55e-10	2.04e-46
 1.54489e+15	4.61e-15	4.41e-10	4.53e-06	1.92e-03	9.98e-01	3.96e-05	0.00e+00	3.94e-16	1.18e-15	1.97e-15	1.45e-10	2.96e-10	3.68e-46
 1.58114e+15	5.35e-15	4.99e-10	4.97e-06	2.02e-03	9.98e-01	3.76e-05	0.00e+00	4.57e-16	1.37e-15	2.29e-15	1.64e-10	3.35e-10	6.01e-46
 1.62116e+15	6.27e-15	5.69e-10	5.49e-06	2.14e-03	9.98e-01	3.55e-05	0.00e+00	5.37e-16	1.61e-15	2.69e-15	1.87e-10	3.82e-10	1.02e-45
 1.67318e+15	7.60e-15	6.71e-10	6.23e-06	2.30e-03	9.98e-01	3.31e-05	0.00e+00	6.51e-16	1.95e-15	3.26e-15	2.20e-10	4.50e-10	1.95e-45
 1.72781e+15	9.21e-15	7.90e-10	7.08e-06	2.46e-03	9.97e-01	3.09e-05	0.00e+00	7.90e-16	2.37e-15	3.96e-15	2.60e-10	5.30e-10	3.72e-45
 1.77487e+15	1.10e-14	9.12e-10	7.89e-06	2.62e-03	9.97e-01	2.91e-05	0.00e+00	9.41e-16	2.82e-15	4.71e-15	3.00e-10	6.12e-10	6.63e-45
 1.82509e+15	1.31e-14	1.06e-09	8.82e-06	2.79e-03	9.97e-01	2.73e-05	0.00e+00	1.12e-15	3.37e-15	5.63e-15	3.48e-10	7.10e-10	1.20e-44
 1.89037e+15	1.68e-14	1.29e-09	1.01e-05	3.02e-03	9.97e-01	2.53e-05	0.00e+00	1.44e-15	4.33e-15	7.22e-15	4.25e-10	8.66e-10	2.67e-44
 1.95744e+15	2.05e-14	1.54e-09	1.17e-05	3.26e-03	9.97e-01	2.35e-05	0.00e+00	1.76e-15	5.29e-15	8.84e-15	5.06e-10	1.03e-09	5.31e-44
 2.01350e+15	2.47e-14	1.79e-09	1.30e-05	3.47e-03	9.96e-01	2.21e-05	0.00e+00	2.13e-15	6.38e-15	1.07e-14	5.91e-10	1.20e-09	9.87e-44
 2.07305e+15	2.97e-14	2.10e-09	1.46e-05	3.71e-03	9.96e-01	2.07e-05	0.00e+00	2.57e-15	7.71e-15	1.29e-14	6.91e-10	1.41e-09	1.85e-43
 2.14886e+15	3.82e-14	2.58e-09	1.69e-05	4.02e-03	9.96e-01	1.92e-05	0.00e+00	3.30e-15	9.92e-15	1.66e-14	8.48e-10	1.73e-09	4.18e-43
 2.22816e+15	4.75e-14	3.10e-09	1.95e-05	4.35e-03	9.96e-01	1.78e-05	0.00e+00	4.11e-15	1.23e-14	2.06e-14	1.02e-09	2.08e-09	8.67e-43
 2.29865e+15	5.82e-14	3.68e-09	2.21e-05	4.67e-03	9.95e-01	1.66e-05	0.00e+00	5.05e-15	1.51e-14	2.53e-14	1.21e-09	2.47e-09	1.74e-42
 2.37535e+15	7.21e-14	4.41e-09	2.52e-05	5.02e-03	9.95e-01	1.55e-05	0.00e+00	6.26e-15	1.88e-14	3.13e-14	1.45e-09	2.95e-09	3.53e-42
 2.46709e+15	9.55e-14	5.52e-09	2.93e-05	5.46e-03	9.94e-01	1.43e-05	0.00e+00	8.29e-15	2.49e-14	4.15e-14	1.82e-09	3.70e-09	8.62e-42
 2.55799e+15	1.20e-13	6.72e-09	3.38e-05	5.92e-03	9.94e-01	1.33e-05	0.00e+00	1.04e-14	3.13e-14	5.23e-14	2.22e-09	4.50e-09	1.85e-41
 2.64021e+15	1.45e-13	7.92e-09	3.83e-05	6.34e-03	9.94e-01	1.25e-05	0.00e+00	1.26e-14	3.80e-14	6.33e-14	2.61e-09	5.31e-09	3.51e-41
 2.73152e+15	1.81e-13	9.56e-09	4.39e-05	6.84e-03	9.93e-01	1.16e-05	0.00e+00	1.58e-14	4.74e-14	7.91e-14	3.15e-09	6.40e-09	7.27e-41
 2.83880e+15	2.40e-13	1.20e-08	5.12e-05	7.46e-03	9.92e-01	1.07e-05	0.00e+00	2.10e-14	6.29e-14	1.05e-13	3.98e-09	8.07e-09	1.81e-40
 2.94470e+15	3.08e-13	1.48e-08	5.93e-05	8.07e-03	9.92e-01	1.00e-05	0.00e+00	2.69e-14	8.08e-14	1.35e-13	4.90e-09	9.93e-09	4.00e-40
 3.04379e+15	3.84e-13	1.79e-08	6.77e-05	8.68e-03	9.91e-01	9.39e-06	0.00e+00	3.36e-14	1.01e-13	1.68e-13	5.91e-09	1.20e-08	8.15e-40
 3.15454e+15	4.87e-13	2.19e-08	7.80e-05	9.39e-03	9.91e-01	8.77e-06	0.00e+00	4.26e-14	1.28e-13	2.13e-13	7.23e-09	1.47e-08	1.72e-39
 3.28076e+15	6.14e-13	2.68e-08	9.13e-05	1.02e-02	9.90e-01	8.15e-06	0.00e+00	5.38e-14	1.62e-13	2.69e-13	8.86e-09	1.79e-08	3.65e-39
 3.40596e+15	8.12e-13	3.39e-08	1.06e-04	1.11e-02	9.89e-01	7.61e-06	0.00e+00	7.13e-14	2.14e-13	3.57e-13	1.12e-08	2.27e-08	8.90e-39
 3.50831e+15	9.89e-13	4.02e-08	1.19e-04	1.18e-02	9.88e-01	7.22e-06	0.00e+00	8.69e-14	2.61e-13	4.35e-13	1.33e-08	2.69e-08	1.68e-38
 3.58739e+15	1.15e-12	4.57e-08	1.31e-04	1.24e-02	9.87e-01	6.94e-06	0.00e+00	1.01e-13	3.03e-13	5.05e-13	1.51e-08	3.06e-08	2.69e-38
 3.67386e+15	1.35e-12	5.24e-08	1.44e-04	1.31e-02	9.87e-01	6.66e-06	0.00e+00	1.19e-13	3.56e-13	5.94e-13	1.73e-08	3.51e-08	4.48e-38
 3.78628e+15	1.66e-12	6.24e-08	1.62e-04	1.40e-02	9.86e-01	6.33e-06	0.00e+00	1.46e-13	4.38e-13	7.30e-13	2.06e-08	4.17e-08	8.50e-38
 3.90847e+15	2.00e-12	7.37e-08	1.84e-04	1.50e-02	9.85e-01	6.00e-06	0.00e+00	1.77e-13	5.30e-13	8.84e-13	2.44e-08	4.93e-08	1.54e-37
 4.01922e+15	2.42e-12	8.68e-08	2.06e-04	1.59e-02	9.84e-01	5.73e-06	0.00e+00	2.14e-13	6.41e-13	1.07e-12	2.87e-08	5.81e-08	2.80e-37
 4.13904e+15	2.96e-12	1.03e-07	2.32e-04	1.69e-02	9.83e-01	5.47e-06	0.00e+00	2.61e-13	7.84e-13	1.31e-12	3.41e-08	6.88e-08	5.19e-37
 4.29092e+15	3.87e-12	1.29e-07	2.69e-04	1.83e-02	9.81e-01	5.19e-06	0.00e+00	3.42e-13	1.03e-12	1.71e-12	4.28e-08	8.64e-08	1.19e-36
 4.44319e+15	4.86e-12	1.58e-07	3.10e-04	1.98e-02	9.80e-01	4.93e-06	0.00e+00	4.29e-13	1.29e-12	2.15e-12	5.22e-08	1.05e-07	2.36e-36
 4.57030e+15	5.89e-12	1.86e-07	3.47e-04	2.10e-02	9.79e-01	4.74e-06	0.00e+00	5.21e-13	1.56e-12	2.61e-12	6.17e-08	1.25e-07	4.21e-36
 4.70596e+15	7.12e-12	2.19e-07	3.91e-04	2.24e-02	9.77e-01	4.55e-06	0.00e+00	6.30e-13	1.89e-12	3.15e-12	7.24e-08	1.46e-07	7.35e-36
 4.87831e+15	9.30e-12	2.75e-07	4.53e-04	2.42e-02	9.75e-01	4.34e-06	0.00e+00	8.24e-13	2.47e-12	4.12e-12	9.11e-08	1.84e-07	1.67e-35
 5.05514e+15	1.17e-11	3.38e-07	5.24e-04	2.61e-02	9.73e-01	4.15e-06	0.00e+00	1.04e-12	3.12e-12	5.21e-12	1.12e-07	2.26e-07	3.31e-35
 5.20849e+15	1.43e-11	3.98e-07	5.92e-04	2.78e-02	9.72e-01	4.00e-06	0.00e+00	1.27e-12	3.80e-12	6.34e-12	1.32e-07	2.66e-07	5.82e-35
 5.37454e+15	1.77e-11	4.80e-07	6.73e-04	2.98e-02	9.70e-01	3.86e-06	0.00e+00	1.57e-12	4.71e-12	7.86e-12	1.59e-07	3.21e-07	1.09e-34
 5.57777e+15	2.34e-11	6.10e-07	7.86e-04	3.24e-02	9.67e-01	3.71e-06	0.00e+00	2.08e-12	6.25e-12	1.04e-11	2.02e-07	4.08e-07	2.54e-34
 5.77856e+15	2.99e-11	7.55e-07	9.10e-04	3.50e-02	9.64e-01	3.58e-06	0.00e+00	2.66e-12	7.99e-12	1.33e-11	2.50e-07	5.05e-07	5.10e-34
 5.95417e+15	3.67e-11	9.03e-07	1.03e-03	3.73e-02	9.62e-01	3.47e-06	0.00e+00	3.27e-12	9.81e-12	1.64e-11	2.99e-07	6.03e-07	9.03e-34
 6.14785e+15	4.59e-11	1.09e-06	1.18e-03	4.00e-02	9.59e-01	3.37e-06	0.00e+00	4.09e-12	1.23e-11	2.05e-11	3.62e-07	7.29e-07	1.66e-33
 6.38249e+15	6.01e-11	1.38e-06	1.38e-03	4.35e-02	9.55e-01	3.26e-06	0.00e+00	5.36e-12	1.61e-11	2.68e-11	4.57e-07	9.20e-07	3.61e-33
 6.60727e+15	7.61e-11	1.69e-06	1.60e-03	4.69e-02	9.52e-01	3.17e-06	0.00e+00	6.79e-12	2.04e-11	3.40e-11	5.61e-07	1.13e-06	6.80e-33
 6.79570e+15	9.23e-11	1.99e-06	1.80e-03	4.98e-02	9.48e-01	3.10e-06	0.00e+00	8.25e-12	2.47e-11	4.13e-11	6.59e-07	1.33e-06	1.13e-32
 6.99995e+15	1.14e-10	2.38e-06	2.04e-03	5.33e-02	9.45e-01	3.03e-06	0.00e+00	1.02e-11	3.06e-11	5.10e-11	7.90e-07	1.59e-06	2.00e-32
 7.25772e+15	1.52e-10	3.04e-06	2.39e-03	5.79e-02	9.40e-01	2.96e-06	0.00e+00	1.36e-11	4.07e-11	6.78e-11	1.01e-06	2.03e-06	4.48e-32
 7.48618e+15	1.88e-10	3.67e-06	2.73e-03	6.20e-02	9.35e-01	2.91e-06	0.00e+00	1.68e-11	5.04e-11	8.41e-11	1.22e-06	2.45e-06	7.90e-32
 7.64630e+15	2.19e-10	4.19e-06	2.99e-03	6.51e-02	9.32e-01	2.87e-06	0.00e+00	1.97e-11	5.90e-11	9.83e-11	1.39e-06	2.80e-06	1.18e-31
 7.81645e+15	2.59e-10	4.83e-06	3.30e-03	6.84e-02	9.28e-01	2.83e-06	0.00e+00	2.32e-11	6.97e-11	1.16e-10	1.60e-06	3.22e-06	1.82e-31
 8.03765e+15	3.16e-10	5.66e-06	3.73e-03	7.29e-02	9.23e-01	2.78e-06	0.00e+00	2.84e-11	8.51e-11	1.42e-10	1.88e-06	3.78e-06	2.89e-31
 8.28555e+15	4.05e-10	7.02e-06	4.29e-03	7.83e-02	9.17e-01	2.75e-06	0.00e+00	3.63e-11	1.09e-10	1.82e-10	2.33e-06	4.69e-06	5.66e-31
 8.50393e+15	4.87e-10	8.24e-06	4.81e-03	8.31e-02	9.12e-01	2.71e-06	0.00e+00	4.37e-11	1.31e-10	2.19e-10	2.74e-06	5.50e-06	8.96e-31
 8.72362e+15	5.90e-10	9.62e-06	5.41e-03	8.83e-02	9.06e-01	2.67e-06	0.00e+00	5.31e-11	1.59e-10	2.65e-10	3.20e-06	6.42e-06	1.40e-30
 9.00921e+15	7.76e-10	1.22e-05	6.31e-03	9.56e-02	8.98e-01	2.65e-06	0.00e+00	6.99e-11	2.10e-10	3.50e-10	4.04e-06	8.12e-06	2.89e-30
 9.28847e+15	9.76e-10	1.48e-05	7.27e-03	1.03e-01	8.90e-01	2.61e-06	0.00e+00	8.79e-11	2.64e-10	4.40e-10	4.91e-06	9.86e-06	4.92e-30
 9.50381e+15	1.17e-09	1.70e-05	8.10e-03	1.08e-01	8.83e-01	2.59e-06	0.00e+00	1.05e-10	3.16e-10	5.26e-10	5.67e-06	1.14e-05	7.32e-30
 9.72807e+15	1.41e-09	2.00e-05	9.09e-03	1.15e-01	8.76e-01	2.56e-06	0.00e+00	1.27e-10	3.82e-10	6.37e-10	6.65e-06	1.33e-05	1.15e-29
 1.00196e+16	1.85e-09	2.52e-05	1.06e-02	1.24e-01	8.65e-01	2.54e-06	0.00e+00	1.67e-10	5.00e-10	8.34e-10	8.37e-06	1.68e-05	2.30e-29
 1.03164e+16	2.36e-09	3.07e-05	1.22e-02	1.34e-01	8.54e-01	2.52e-06	0.00e+00	2.13e-10	6.39e-10	1.07e-09	1.02e-05	2.05e-05	3.89e-29
 1.05596e+16	2.86e-09	3.59e-05	1.38e-02	1.42e-01	8.44e-01	2.50e-06	0.00e+00	2.59e-10	7.77e-10	1.30e-09	1.19e-05	2.39e-05	5.91e-29
 1.07814e+16	3.44e-09	4.18e-05	1.54e-02	1.50e-01	8.35e-01	2.49e-06	0.00e+00	3.12e-10	9.35e-10	1.56e-09	1.39e-05	2.79e-05	9.02e-29
 1.10359e+16	4.40e-09	5.12e-05	1.75e-02	1.60e-01	8.23e-01	2.49e-06	0.00e+00	3.98e-10	1.20e-09	1.99e-09	1.70e-05	3.42e-05	1.64e-28
 1.13088e+16	5.47e-09	6.13e-05	2.00e-02	1.71e-01	8.09e-01	2.47e-06	0.00e+00	4.96e-10	1.49e-09	2.48e-09	2.04e-05	4.09e-05	2.61e-28
 1.15525e+16	6.66e-09	7.15e-05	2.26e-02	1.81e-01	7.97e-01	2.46e-06	0.00e+00	6.05e-10	1.81e-09	3.02e-09	2.38e-05	4.77e-05	3.90e-28
 1.17802e+16	8.07e-09	8.38e-05	2.53e-02	1.91e-01	7.84e-01	2.45e-06	0.00e+00	7.34e-10	2.20e-09	3.67e-09	2.79e-05	5.59e-05	5.97e-28
 1.20402e+16	1.05e-08	1.04e-04	2.91e-02	2.04e-01	7.67e-01	2.47e-06	0.00e+00	9.55e-10	2.86e-09	4.77e-09	3.46e-05	6.94e-05	1.13e-27
 1.23086e+16	1.30e-08	1.22e-04	3.31e-02	2.17e-01	7.50e-01	2.45e-06	0.00e+00	1.18e-09	3.54e-09	5.89e-09	4.06e-05	8.14e-05	1.64e-27
 1.25388e+16	1.63e-08	1.48e-04	3.75e-02	2.30e-01	7.32e-01	2.47e-06	0.00e+00	1.49e-09	4.46e-09	7.43e-09	4.94e-05	9.90e-05	2.94e-27
 1.27229e+16	1.91e-08	1.69e-04	4.12e-02	2.40e-01	7.19e-01	2.48e-06	0.00e+00	1.74e-09	5.22e-09	8.69e-09	5.62e-05	1.13e-04	4.08e-27
 1.28959e+16	2.26e-08	1.93e-04	4.53e-02	2.51e-01	7.04e-01	2.48e-06	0.00e+00	2.06e-09	6.17e-09	1.03e-08	6.42e-05	1.29e-04	5.91e-27
 1.31210e+16	2.79e-08	2.27e-04	5.11e-02	2.64e-01	6.84e-01	2.49e-06	0.00e+00	2.55e-09	7.65e-09	1.28e-08	7.58e-05	1.52e-04	9.12e-27
 1.33696e+16	3.53e-08	2.75e-04	5.85e-02	2.81e-01	6.60e-01	2.50e-06	0.00e+00	3.23e-09	9.68e-09	1.61e-08	9.16e-05	1.83e-04	1.53e-26
 1.35926e+16	4.35e-08	3.21e-04	6.60e-02	2.96e-01	6.38e-01	2.50e-06	0.00e+00	3.97e-09	1.19e-08	1.99e-08	1.07e-04	2.14e-04	2.28e-26
 1.37904e+16	5.31e-08	3.76e-04	7.39e-02	3.10e-01	6.16e-01	2.52e-06	0.00e+00	4.86e-09	1.46e-08	2.43e-08	1.25e-04	2.51e-04	3.50e-26
 1.39709e+16	6.63e-08	4.50e-04	8.24e-02	3.24e-01	5.93e-01	2.58e-06	0.00e+00	6.08e-09	1.82e-08	3.04e-08	1.50e-04	3.00e-04	6.12e-26
 1.41326e+16	7.84e-08	5.15e-04	9.06e-02	3.37e-01	5.72e-01	2.59e-06	7.91e-12	7.18e-09	2.15e-08	3.59e-08	1.72e-04	3.43e-04	8.90e-26
 1.43111e+16	9.39e-08	5.84e-04	1.01e-01	3.51e-01	5.48e-01	2.60e-06	0.00e+00	8.62e-09	2.58e-08	4.31e-08	1.95e-04	3.89e-04	1.23e-25
 1.45431e+16	1.24e-07	7.33e-04	1.16e-01	3.71e-01	5.12e-01	2.63e-06	0.00e+00	1.14e-08	3.41e-08	5.69e-08	2.44e-04	4.89e-04	2.43e-25
 1.47638e+16	1.60e-07	8.92e-04	1.33e-01	3.90e-01	4.76e-01	2.68e-06	1.03e-11	1.47e-08	4.42e-08	7.36e-08	2.97e-04	5.95e-04	4.31e-25
 1.49179e+16	1.96e-07	1.04e-03	1.47e-01	4.03e-01	4.49e-01	2.73e-06	0.00e+00	1.80e-08	5.40e-08	9.00e-08	3.47e-04	6.95e-04	6.99e-25
 1.50443e+16	2.29e-07	1.18e-03	1.59e-01	4.14e-01	4.25e-01	2.76e-06	1.24e-11	2.11e-08	6.33e-08	1.06e-07	3.92e-04	7.84e-04	1.01e-24
 1.51868e+16	2.70e-07	1.31e-03	1.74e-01	4.27e-01	3.98e-01	2.76e-06	0.00e+00	2.49e-08	7.47e-08	1.24e-07	4.37e-04	8.74e-04	1.37e-24
 1.53721e+16	3.62e-07	1.64e-03	1.98e-01	4.43e-01	3.57e-01	2.82e-06	0.00e+00	3.34e-08	1.00e-07	1.67e-07	5.47e-04	1.09e-03	2.97e-24
 1.55406e+16	4.43e-07	1.91e-03	2.20e-01	4.56e-01	3.22e-01	2.79e-06	1.70e-11	4.09e-08	1.23e-07	2.05e-07	6.37e-04	1.27e-03	4.70e-24
 1.56490e+16	5.22e-07	2.15e-03	2.37e-01	4.64e-01	2.97e-01	2.86e-06	0.00e+00	4.83e-08	1.45e-07	2.41e-07	7.16e-04	1.43e-03	7.02e-24
