#depth	He	He+	He+2
 1.49634e+10	5.95e-22	1.64e-09	1.00e+00
 4.54887e+10	6.90e-22	1.79e-09	1.00e+00
 7.72350e+10	8.02e-22	1.94e-09	1.00e+00
 1.10251e+11	9.33e-22	2.11e-09	1.00e+00
 1.44588e+11	1.09e-21	2.30e-09	1.00e+00
 1.80298e+11	1.27e-21	2.50e-09	1.00e+00
 2.17437e+11	1.48e-21	2.72e-09	1.00e+00
 2.56061e+11	1.73e-21	2.96e-09	1.00e+00
 2.96231e+11	2.02e-21	3.22e-09	1.00e+00
 3.38007e+11	2.37e-21	3.51e-09	1.00e+00
 3.81454e+11	2.78e-21	3.82e-09	1.00e+00
 4.26639e+11	3.27e-21	4.16e-09	1.00e+00
 4.73631e+11	3.84e-21	4.54e-09	1.00e+00
 5.22503e+11	4.52e-21	4.95e-09	1.00e+00
 5.73330e+11	5.32e-21	5.39e-09	1.00e+00
 6.26190e+11	6.28e-21	5.88e-09	1.00e+00
 6.81164e+11	7.41e-21	6.41e-09	1.00e+00
 7.38337e+11	8.76e-21	7.00e-09	1.00e+00
 7.97798e+11	1.03e-20	7.63e-09	1.00e+00
 8.59636e+11	1.22e-20	8.32e-09	1.00e+00
 9.23949e+11	1.45e-20	9.08e-09	1.00e+00
 9.90833e+11	1.72e-20	9.91e-09	1.00e+00
 1.06039e+12	2.03e-20	1.08e-08	1.00e+00
 1.13274e+12	2.41e-20	1.18e-08	1.00e+00
 1.20797e+12	2.86e-20	1.29e-08	1.00e+00
 1.28622e+12	3.38e-20	1.41e-08	1.00e+00
 1.36759e+12	4.02e-20	1.53e-08	1.00e+00
 1.45222e+12	4.78e-20	1.68e-08	1.00e+00
 1.54024e+12	5.67e-20	1.83e-08	1.00e+00
 1.63178e+12	6.74e-20	2.00e-08	1.00e+00
 1.72697e+12	8.01e-20	2.18e-08	1.00e+00
 1.82598e+12	9.51e-20	2.38e-08	1.00e+00
 1.92895e+12	1.13e-19	2.60e-08	1.00e+00
 2.03603e+12	1.34e-19	2.84e-08	1.00e+00
 2.14740e+12	1.60e-19	3.10e-08	1.00e+00
 2.26322e+12	1.90e-19	3.39e-08	1.00e+00
 2.38368e+12	2.26e-19	3.70e-08	1.00e+00
 2.50895e+12	2.69e-19	4.04e-08	1.00e+00
 2.63924e+12	3.19e-19	4.41e-08	1.00e+00
 2.77473e+12	3.80e-19	4.81e-08	1.00e+00
 2.91565e+12	4.52e-19	5.25e-08	1.00e+00
 3.06220e+12	5.37e-19	5.74e-08	1.00e+00
 3.21461e+12	6.39e-19	6.26e-08	1.00e+00
 3.37313e+12	7.61e-19	6.84e-08	1.00e+00
 3.53798e+12	9.05e-19	7.47e-08	1.00e+00
 3.70942e+12	1.08e-18	8.15e-08	1.00e+00
 3.88773e+12	1.28e-18	8.90e-08	1.00e+00
 4.07316e+12	1.52e-18	9.72e-08	1.00e+00
 4.26602e+12	1.81e-18	1.06e-07	1.00e+00
 4.46658e+12	2.16e-18	1.16e-07	1.00e+00
 4.67517e+12	2.57e-18	1.27e-07	1.00e+00
 4.89211e+12	3.06e-18	1.38e-07	1.00e+00
 5.11772e+12	3.64e-18	1.51e-07	1.00e+00
 5.35235e+12	4.34e-18	1.65e-07	1.00e+00
 5.59638e+12	5.17e-18	1.80e-07	1.00e+00
 5.85016e+12	6.15e-18	1.97e-07	1.00e+00
 6.11409e+12	7.32e-18	2.15e-07	1.00e+00
 6.38858e+12	8.72e-18	2.35e-07	1.00e+00
 6.67405e+12	1.04e-17	2.57e-07	1.00e+00
 6.97094e+12	1.24e-17	2.80e-07	1.00e+00
 7.27970e+12	1.47e-17	3.06e-07	1.00e+00
 7.60082e+12	1.76e-17	3.34e-07	1.00e+00
 7.93478e+12	2.09e-17	3.65e-07	1.00e+00
 8.28210e+12	2.49e-17	3.99e-07	1.00e+00
 8.64331e+12	2.96e-17	4.36e-07	1.00e+00
 9.01897e+12	3.53e-17	4.76e-07	1.00e+00
 9.40965e+12	4.20e-17	5.20e-07	1.00e+00
 9.81596e+12	5.00e-17	5.68e-07	1.00e+00
 1.02385e+13	5.95e-17	6.20e-07	1.00e+00
 1.06780e+13	7.08e-17	6.77e-07	1.00e+00
 1.11350e+13	8.42e-17	7.40e-07	1.00e+00
 1.16104e+13	1.00e-16	8.08e-07	1.00e+00
 1.21047e+13	1.19e-16	8.82e-07	1.00e+00
 1.26188e+13	1.42e-16	9.62e-07	1.00e+00
 1.31535e+13	1.68e-16	1.05e-06	1.00e+00
 1.37096e+13	2.00e-16	1.15e-06	1.00e+00
 1.42879e+13	2.37e-16	1.25e-06	1.00e+00
 1.48893e+13	2.81e-16	1.36e-06	1.00e+00
 1.55148e+13	3.33e-16	1.49e-06	1.00e+00
 1.61653e+13	3.95e-16	1.62e-06	1.00e+00
 1.68419e+13	4.68e-16	1.77e-06	1.00e+00
 1.75455e+13	5.55e-16	1.92e-06	1.00e+00
 1.82772e+13	6.57e-16	2.10e-06	1.00e+00
 1.90383e+13	7.77e-16	2.28e-06	1.00e+00
 1.98297e+13	9.19e-16	2.49e-06	1.00e+00
 2.06528e+13	1.09e-15	2.71e-06	1.00e+00
 2.15089e+13	1.28e-15	2.94e-06	1.00e+00
 2.23991e+13	1.52e-15	3.20e-06	1.00e+00
 2.33250e+13	1.79e-15	3.49e-06	1.00e+00
 2.42880e+13	2.12e-15	3.79e-06	1.00e+00
 2.52894e+13	2.49e-15	4.12e-06	1.00e+00
 2.63309e+13	2.94e-15	4.48e-06	1.00e+00
 2.74141e+13	3.47e-15	4.87e-06	1.00e+00
 2.85406e+13	4.09e-15	5.30e-06	1.00e+00
 2.97121e+13	4.82e-15	5.76e-06	1.00e+00
 3.09305e+13	5.68e-15	6.25e-06	1.00e+00
 3.21977e+13	6.69e-15	6.79e-06	1.00e+00
 3.35155e+13	7.87e-15	7.38e-06	1.00e+00
 3.48861e+13	9.27e-15	8.01e-06	1.00e+00
 3.63114e+13	1.09e-14	8.70e-06	1.00e+00
 3.77938e+13	1.28e-14	9.44e-06	1.00e+00
 3.93355e+13	1.51e-14	1.03e-05	1.00e+00
 4.09388e+13	1.78e-14	1.11e-05	1.00e+00
 4.26063e+13	2.09e-14	1.21e-05	1.00e+00
 4.43405e+13	2.45e-14	1.31e-05	1.00e+00
 4.61441e+13	2.88e-14	1.42e-05	1.00e+00
 4.80197e+13	3.39e-14	1.54e-05	1.00e+00
 4.99705e+13	3.98e-14	1.67e-05	1.00e+00
 5.19992e+13	4.67e-14	1.81e-05	1.00e+00
 5.41091e+13	5.49e-14	1.96e-05	1.00e+00
 5.63034e+13	6.44e-14	2.13e-05	1.00e+00
 5.85854e+13	7.57e-14	2.31e-05	1.00e+00
 6.09588e+13	8.88e-14	2.50e-05	1.00e+00
 6.34271e+13	1.04e-13	2.71e-05	1.00e+00
 6.59941e+13	1.22e-13	2.94e-05	1.00e+00
 6.86638e+13	1.43e-13	3.18e-05	1.00e+00
 7.14402e+13	1.68e-13	3.45e-05	1.00e+00
 7.43278e+13	1.97e-13	3.73e-05	1.00e+00
 7.73308e+13	2.32e-13	4.04e-05	1.00e+00
 8.04540e+13	2.72e-13	4.38e-05	1.00e+00
 8.37021e+13	3.19e-13	4.74e-05	1.00e+00
 8.70801e+13	3.73e-13	5.14e-05	1.00e+00
 9.05932e+13	4.38e-13	5.56e-05	1.00e+00
 9.42469e+13	5.13e-13	6.02e-05	1.00e+00
 9.80467e+13	6.02e-13	6.53e-05	1.00e+00
 1.01998e+14	7.05e-13	7.06e-05	1.00e+00
 1.06108e+14	8.27e-13	7.65e-05	1.00e+00
 1.10383e+14	9.70e-13	8.29e-05	1.00e+00
 1.14828e+14	1.14e-12	8.98e-05	1.00e+00
 1.19451e+14	1.33e-12	9.72e-05	1.00e+00
 1.24259e+14	1.56e-12	1.05e-04	1.00e+00
 1.29259e+14	1.83e-12	1.14e-04	1.00e+00
 1.34459e+14	2.15e-12	1.24e-04	1.00e+00
 1.39868e+14	2.52e-12	1.34e-04	1.00e+00
 1.45492e+14	2.96e-12	1.45e-04	1.00e+00
 1.51342e+14	3.47e-12	1.57e-04	1.00e+00
 1.57426e+14	4.07e-12	1.70e-04	1.00e+00
 1.63752e+14	4.76e-12	1.84e-04	1.00e+00
 1.70333e+14	5.58e-12	1.99e-04	1.00e+00
 1.77176e+14	6.54e-12	2.15e-04	1.00e+00
 1.84293e+14	7.66e-12	2.33e-04	1.00e+00
 1.91694e+14	8.97e-12	2.52e-04	1.00e+00
 1.99392e+14	1.05e-11	2.73e-04	1.00e+00
 2.07398e+14	1.23e-11	2.95e-04	1.00e+00
 2.15723e+14	1.44e-11	3.20e-04	1.00e+00
 2.24382e+14	1.69e-11	3.46e-04	1.00e+00
 2.33388e+14	1.98e-11	3.75e-04	1.00e+00
 2.42753e+14	2.31e-11	4.05e-04	1.00e+00
 2.52493e+14	2.71e-11	4.39e-04	1.00e+00
 2.62623e+14	3.17e-11	4.75e-04	1.00e+00
 2.73158e+14	3.72e-11	5.14e-04	9.99e-01
 2.84114e+14	4.36e-11	5.56e-04	9.99e-01
 2.95508e+14	5.10e-11	6.02e-04	9.99e-01
 3.07358e+14	5.97e-11	6.51e-04	9.99e-01
 3.19683e+14	6.99e-11	7.04e-04	9.99e-01
 3.32500e+14	8.19e-11	7.62e-04	9.99e-01
 3.45830e+14	9.59e-11	8.25e-04	9.99e-01
 3.59693e+14	1.12e-10	8.92e-04	9.99e-01
 3.73170e+14	1.30e-10	9.60e-04	9.99e-01
 3.85798e+14	1.49e-10	1.03e-03	9.99e-01
 3.99872e+14	1.72e-10	1.10e-03	9.99e-01
 4.15897e+14	2.01e-10	1.19e-03	9.99e-01
 4.31537e+14	2.33e-10	1.28e-03	9.99e-01
 4.46288e+14	2.67e-10	1.37e-03	9.99e-01
 4.62655e+14	3.09e-10	1.48e-03	9.99e-01
 4.81191e+14	3.61e-10	1.60e-03	9.98e-01
 4.99340e+14	4.20e-10	1.72e-03	9.98e-01
 5.16596e+14	4.81e-10	1.84e-03	9.98e-01
 5.35671e+14	5.57e-10	1.98e-03	9.98e-01
 5.57128e+14	6.52e-10	2.14e-03	9.98e-01
 5.78286e+14	7.58e-10	2.31e-03	9.98e-01
 5.98613e+14	8.71e-10	2.47e-03	9.98e-01
 6.20911e+14	1.01e-09	2.66e-03	9.97e-01
 6.45777e+14	1.18e-09	2.88e-03	9.97e-01
 6.70507e+14	1.38e-09	3.11e-03	9.97e-01
 6.94578e+14	1.59e-09	3.33e-03	9.97e-01
 7.20742e+14	1.84e-09	3.59e-03	9.96e-01
 7.49601e+14	2.16e-09	3.88e-03	9.96e-01
 7.78621e+14	2.52e-09	4.19e-03	9.96e-01
 8.08802e+14	2.94e-09	4.53e-03	9.95e-01
 8.41184e+14	3.45e-09	4.90e-03	9.95e-01
 8.73922e+14	4.03e-09	5.29e-03	9.95e-01
 9.07969e+14	4.72e-09	5.71e-03	9.94e-01
 9.44318e+14	5.53e-09	6.18e-03	9.94e-01
 9.82120e+14	6.51e-09	6.70e-03	9.93e-01
 1.02143e+15	7.63e-09	7.24e-03	9.93e-01
 1.06232e+15	8.98e-09	7.85e-03	9.92e-01
 1.10485e+15	1.06e-08	8.50e-03	9.92e-01
 1.14907e+15	1.24e-08	9.20e-03	9.91e-01
 1.19506e+15	1.46e-08	9.97e-03	9.90e-01
 1.24289e+15	1.72e-08	1.08e-02	9.89e-01
 1.29264e+15	2.03e-08	1.17e-02	9.88e-01
 1.34438e+15	2.39e-08	1.27e-02	9.87e-01
 1.39818e+15	2.82e-08	1.38e-02	9.86e-01
 1.45414e+15	3.33e-08	1.50e-02	9.85e-01
 1.51233e+15	3.93e-08	1.63e-02	9.84e-01
 1.57286e+15	4.65e-08	1.77e-02	9.82e-01
 1.63580e+15	5.52e-08	1.93e-02	9.81e-01
 1.70126e+15	6.55e-08	2.10e-02	9.79e-01
 1.76934e+15	7.78e-08	2.30e-02	9.77e-01
 1.84015e+15	9.28e-08	2.51e-02	9.75e-01
 1.91378e+15	1.11e-07	2.76e-02	9.72e-01
 1.99036e+15	1.33e-07	3.03e-02	9.70e-01
 2.07001e+15	1.60e-07	3.35e-02	9.67e-01
 2.15284e+15	1.93e-07	3.71e-02	9.63e-01
 2.23898e+15	2.35e-07	4.14e-02	9.59e-01
 2.32857e+15	2.88e-07	4.65e-02	9.54e-01
 2.42174e+15	3.56e-07	5.26e-02	9.47e-01
 2.51864e+15	4.45e-07	6.00e-02	9.40e-01
 2.61942e+15	5.63e-07	6.95e-02	9.31e-01
 2.71998e+15	7.17e-07	8.11e-02	9.19e-01
 2.81325e+15	9.05e-07	9.47e-02	9.05e-01
 2.89682e+15	1.13e-06	1.10e-01	8.90e-01
 2.97262e+15	1.39e-06	1.28e-01	8.72e-01
 3.04267e+15	1.72e-06	1.49e-01	8.51e-01
 3.10748e+15	2.11e-06	1.73e-01	8.27e-01
 3.16683e+15	2.57e-06	2.02e-01	7.98e-01
 3.22092e+15	3.12e-06	2.35e-01	7.65e-01
 3.27047e+15	3.76e-06	2.72e-01	7.28e-01
 3.31640e+15	4.52e-06	3.16e-01	6.84e-01
 3.35943e+15	5.40e-06	3.65e-01	6.35e-01
 3.40020e+15	6.43e-06	4.22e-01	5.78e-01
 3.43945e+15	7.61e-06	4.85e-01	5.15e-01
 3.47807e+15	8.97e-06	5.56e-01	4.44e-01
 3.52241e+15	1.07e-05	6.43e-01	3.57e-01
 3.57135e+15	1.27e-05	7.39e-01	2.61e-01
 3.62628e+15	1.48e-05	8.32e-01	1.68e-01
 3.69767e+15	1.70e-05	9.15e-01	8.50e-02
 3.79049e+15	1.90e-05	9.68e-01	3.22e-02
 3.91116e+15	2.09e-05	9.91e-01	9.25e-03
 4.05896e+15	2.28e-05	9.98e-01	2.27e-03
 4.22135e+15	2.49e-05	9.99e-01	5.81e-04
 4.39023e+15	2.71e-05	1.00e+00	1.67e-04
 4.56587e+15	2.95e-05	1.00e+00	5.30e-05
 4.74853e+15	3.20e-05	1.00e+00	1.83e-05
 4.93851e+15	3.49e-05	1.00e+00	6.76e-06
 5.13608e+15	3.79e-05	1.00e+00	2.68e-06
 5.34155e+15	4.12e-05	1.00e+00	1.14e-06
 5.55524e+15	4.48e-05	1.00e+00	5.30e-07
 5.77748e+15	4.87e-05	1.00e+00	2.72e-07
 6.00861e+15	5.30e-05	1.00e+00	1.56e-07
 6.24898e+15	5.76e-05	1.00e+00	9.98e-08
 6.49897e+15	6.25e-05	1.00e+00	7.02e-08
 6.75896e+15	6.80e-05	1.00e+00	5.30e-08
 7.02935e+15	7.39e-05	1.00e+00	4.19e-08
 7.31055e+15	8.03e-05	1.00e+00	3.40e-08
 7.60301e+15	8.72e-05	1.00e+00	2.82e-08
 7.90716e+15	9.47e-05	1.00e+00	2.35e-08
 8.22347e+15	1.03e-04	1.00e+00	1.98e-08
 8.55244e+15	1.12e-04	1.00e+00	1.67e-08
 8.89457e+15	1.21e-04	1.00e+00	1.41e-08
 9.25038e+15	1.31e-04	1.00e+00	1.19e-08
 9.62043e+15	1.43e-04	1.00e+00	1.01e-08
 1.00053e+16	1.55e-04	1.00e+00	8.54e-09
 1.04055e+16	1.69e-04	1.00e+00	7.22e-09
 1.08218e+16	1.83e-04	1.00e+00	6.11e-09
 1.12547e+16	1.99e-04	1.00e+00	5.17e-09
 1.17049e+16	2.17e-04	1.00e+00	4.36e-09
 1.21731e+16	2.37e-04	1.00e+00	3.68e-09
 1.26601e+16	2.57e-04	1.00e+00	3.10e-09
 1.31665e+16	2.83e-04	1.00e+00	2.61e-09
 1.36932e+16	3.09e-04	1.00e+00	2.19e-09
 1.42409e+16	3.36e-04	1.00e+00	1.84e-09
 1.48106e+16	3.68e-04	1.00e+00	1.54e-09
 1.54031e+16	4.05e-04	1.00e+00	1.28e-09
 1.60192e+16	4.49e-04	1.00e+00	1.07e-09
 1.66600e+16	4.94e-04	1.00e+00	8.90e-10
 1.73110e+16	5.47e-04	9.99e-01	7.38e-10
 1.79561e+16	6.06e-04	9.99e-01	6.18e-10
 1.86423e+16	6.83e-04	9.99e-01	5.18e-10
 1.93521e+16	7.69e-04	9.99e-01	4.23e-10
 2.00129e+16	8.59e-04	9.99e-01	3.56e-10
 2.06434e+16	9.58e-04	9.99e-01	3.04e-10
 2.13652e+16	1.10e-03	9.99e-01	2.57e-10
 2.21215e+16	1.28e-03	9.99e-01	2.05e-10
 2.27148e+16	1.45e-03	9.99e-01	1.75e-10
 2.31752e+16	1.60e-03	9.98e-01	1.58e-10
 2.35678e+16	1.77e-03	9.98e-01	1.43e-10
 2.39072e+16	1.91e-03	9.98e-01	1.31e-10
 2.41869e+16	2.08e-03	9.98e-01	1.21e-10
 2.44011e+16	2.20e-03	9.98e-01	1.15e-10
 2.46238e+16	2.36e-03	9.98e-01	1.10e-10
 2.48632e+16	2.56e-03	9.97e-01	1.02e-10
 2.50664e+16	2.74e-03	9.97e-01	9.58e-11
 2.52307e+16	2.90e-03	9.97e-01	9.16e-11
 2.53787e+16	3.07e-03	9.97e-01	8.81e-11
 2.55471e+16	3.28e-03	9.97e-01	8.44e-11
 2.57188e+16	3.52e-03	9.96e-01	7.92e-11
 2.58524e+16	3.74e-03	9.96e-01	7.60e-11
 2.59614e+16	3.94e-03	9.96e-01	7.38e-11
 2.60808e+16	4.20e-03	9.96e-01	7.14e-11
 2.62068e+16	4.47e-03	9.96e-01	6.79e-11
 2.63118e+16	4.74e-03	9.95e-01	6.55e-11
 2.63999e+16	4.99e-03	9.95e-01	6.36e-11
 2.64958e+16	5.32e-03	9.95e-01	6.18e-11
 2.65956e+16	5.68e-03	9.94e-01	5.91e-11
 2.66770e+16	6.01e-03	9.94e-01	5.72e-11
 2.67458e+16	6.32e-03	9.94e-01	5.58e-11
 2.68218e+16	6.74e-03	9.93e-01	5.43e-11
 2.69012e+16	7.20e-03	9.93e-01	5.21e-11
 2.69666e+16	7.63e-03	9.92e-01	5.05e-11
 2.70223e+16	8.04e-03	9.92e-01	4.93e-11
 2.70840e+16	8.58e-03	9.91e-01	4.81e-11
 2.71487e+16	9.20e-03	9.91e-01	4.61e-11
 2.72021e+16	9.78e-03	9.90e-01	4.48e-11
 2.72480e+16	1.03e-02	9.90e-01	4.37e-11
 2.72990e+16	1.11e-02	9.89e-01	4.26e-11
 2.73527e+16	1.20e-02	9.88e-01	4.08e-11
 2.73976e+16	1.28e-02	9.87e-01	3.96e-11
 2.74364e+16	1.37e-02	9.86e-01	3.85e-11
 2.74796e+16	1.49e-02	9.85e-01	3.75e-11
 2.75256e+16	1.63e-02	9.84e-01	3.57e-11
 2.75649e+16	1.78e-02	9.82e-01	3.44e-11
 2.75992e+16	1.93e-02	9.81e-01	3.33e-11
 2.76305e+16	2.10e-02	9.79e-01	3.21e-11
 2.76596e+16	2.29e-02	9.77e-01	3.10e-11
 2.76927e+16	2.55e-02	9.75e-01	2.98e-11
 2.77269e+16	2.89e-02	9.71e-01	2.80e-11
 2.77541e+16	3.24e-02	9.68e-01	2.66e-11
 2.77758e+16	3.59e-02	9.64e-01	2.55e-11
 2.77958e+16	3.99e-02	9.60e-01	2.44e-11
 2.78158e+16	4.48e-02	9.55e-01	2.31e-11
 2.78321e+16	4.98e-02	9.50e-01	2.18e-11
 2.78431e+16	5.38e-02	9.46e-01	2.11e-11
 2.78521e+16	5.78e-02	9.42e-01	2.05e-11
 2.78624e+16	6.29e-02	9.37e-01	1.97e-11
 2.78733e+16	6.91e-02	9.31e-01	1.86e-11
 2.78823e+16	7.53e-02	9.25e-01	1.77e-11
 2.78895e+16	8.08e-02	9.19e-01	1.70e-11
 2.78970e+16	8.77e-02	9.12e-01	1.63e-11
 2.79050e+16	9.58e-02	9.04e-01	1.53e-11
 2.79115e+16	1.04e-01	8.96e-01	1.45e-11
 2.79169e+16	1.10e-01	8.90e-01	1.38e-11
 2.79228e+16	1.19e-01	8.81e-01	1.32e-11
 2.79289e+16	1.29e-01	8.71e-01	1.23e-11
 2.79343e+16	1.39e-01	8.61e-01	1.15e-11
 2.79390e+16	1.48e-01	8.52e-01	1.09e-11
 2.79433e+16	1.57e-01	8.43e-01	1.03e-11
 2.79475e+16	1.68e-01	8.32e-01	9.76e-12
 2.79517e+16	1.78e-01	8.22e-01	9.19e-12
 2.79557e+16	1.89e-01	8.11e-01	8.62e-12
 2.79593e+16	1.99e-01	8.01e-01	8.13e-12
 2.79626e+16	2.10e-01	7.90e-01	7.70e-12
 2.79651e+16	2.18e-01	7.82e-01	7.34e-12
 2.79669e+16	2.24e-01	7.76e-01	7.15e-12
 2.79687e+16	2.30e-01	7.70e-01	6.94e-12
 2.79707e+16	2.38e-01	7.62e-01	6.67e-12
 2.79729e+16	2.46e-01	7.54e-01	6.38e-12
 2.79750e+16	2.54e-01	7.46e-01	6.11e-12
 2.79770e+16	2.62e-01	7.38e-01	5.86e-12
 2.79791e+16	2.70e-01	7.30e-01	5.61e-12
 2.79812e+16	2.79e-01	7.21e-01	5.35e-12
 2.79833e+16	2.89e-01	7.11e-01	5.11e-12
 2.79854e+16	2.98e-01	7.02e-01	4.87e-12
 2.79875e+16	3.08e-01	6.92e-01	4.63e-12
 2.79897e+16	3.18e-01	6.82e-01	4.40e-12
 2.79918e+16	3.28e-01	6.72e-01	4.17e-12
 2.79939e+16	3.39e-01	6.61e-01	3.95e-12
 2.79960e+16	3.50e-01	6.50e-01	3.73e-12
 2.79982e+16	3.61e-01	6.39e-01	3.52e-12
 2.80003e+16	3.72e-01	6.28e-01	3.32e-12
 2.80025e+16	3.84e-01	6.16e-01	3.13e-12
 2.80046e+16	3.96e-01	6.04e-01	2.94e-12
 2.80067e+16	4.08e-01	5.92e-01	2.76e-12
 2.80089e+16	4.20e-01	5.80e-01	2.58e-12
 2.80110e+16	4.32e-01	5.68e-01	2.42e-12
 2.80131e+16	4.45e-01	5.55e-01	2.26e-12
 2.80153e+16	4.57e-01	5.43e-01	2.10e-12
 2.80174e+16	4.70e-01	5.30e-01	1.96e-12
 2.80195e+16	4.82e-01	5.18e-01	1.82e-12
 2.80217e+16	4.95e-01	5.05e-01	1.69e-12
 2.80238e+16	5.08e-01	4.92e-01	1.57e-12
 2.80259e+16	5.21e-01	4.79e-01	1.45e-12
 2.80280e+16	5.33e-01	4.67e-01	1.34e-12
 2.80301e+16	5.46e-01	4.54e-01	1.24e-12
 2.80321e+16	5.58e-01	4.42e-01	1.15e-12
 2.80342e+16	5.70e-01	4.30e-01	1.06e-12
 2.80362e+16	5.82e-01	4.18e-01	9.75e-13
 2.80382e+16	5.94e-01	4.06e-01	8.98e-13
 2.80402e+16	6.06e-01	3.94e-01	8.27e-13
 2.80421e+16	6.17e-01	3.83e-01	7.61e-13
 2.80440e+16	6.28e-01	3.72e-01	7.00e-13
 2.80460e+16	6.39e-01	3.61e-01	6.43e-13
 2.80479e+16	6.50e-01	3.50e-01	5.91e-13
 2.80497e+16	6.60e-01	3.40e-01	5.43e-13
 2.80516e+16	6.71e-01	3.29e-01	4.98e-13
 2.80535e+16	6.81e-01	3.19e-01	4.57e-13
 2.80553e+16	6.91e-01	3.09e-01	4.18e-13
 2.80571e+16	7.00e-01	3.00e-01	3.83e-13
 2.80589e+16	7.10e-01	2.90e-01	3.51e-13
 2.80607e+16	7.19e-01	2.81e-01	3.21e-13
 2.80625e+16	7.28e-01	2.72e-01	2.94e-13
 2.80643e+16	7.37e-01	2.63e-01	2.69e-13
 2.80660e+16	7.45e-01	2.55e-01	2.45e-13
 2.80678e+16	7.53e-01	2.47e-01	2.24e-13
 2.80695e+16	7.61e-01	2.39e-01	2.04e-13
 2.80712e+16	7.69e-01	2.31e-01	1.86e-13
 2.80729e+16	7.77e-01	2.23e-01	1.70e-13
 2.80746e+16	7.84e-01	2.16e-01	1.55e-13
 2.80763e+16	7.91e-01	2.09e-01	1.41e-13
 2.80780e+16	7.98e-01	2.02e-01	1.28e-13
 2.80797e+16	8.05e-01	1.95e-01	1.16e-13
 2.80814e+16	8.12e-01	1.88e-01	1.06e-13
 2.80830e+16	8.18e-01	1.82e-01	9.59e-14
 2.80847e+16	8.25e-01	1.75e-01	8.70e-14
 2.80864e+16	8.31e-01	1.69e-01	7.88e-14
 2.80880e+16	8.37e-01	1.63e-01	7.13e-14
 2.80897e+16	8.42e-01	1.58e-01	6.44e-14
 2.80913e+16	8.48e-01	1.52e-01	5.82e-14
 2.80930e+16	8.54e-01	1.46e-01	5.25e-14
 2.80946e+16	8.59e-01	1.41e-01	4.73e-14
 2.80962e+16	8.64e-01	1.36e-01	4.26e-14
 2.80978e+16	8.69e-01	1.31e-01	3.83e-14
 2.80994e+16	8.74e-01	1.26e-01	3.44e-14
 2.81009e+16	8.78e-01	1.22e-01	3.10e-14
 2.81024e+16	8.82e-01	1.18e-01	2.81e-14
 2.81038e+16	8.86e-01	1.14e-01	2.54e-14
 2.81052e+16	8.90e-01	1.10e-01	2.31e-14
 2.81065e+16	8.93e-01	1.07e-01	2.11e-14
 2.81076e+16	8.96e-01	1.04e-01	1.93e-14
 2.81087e+16	8.98e-01	1.02e-01	1.79e-14
 2.81096e+16	9.01e-01	9.92e-02	1.67e-14
 2.81105e+16	9.03e-01	9.70e-02	1.56e-14
 2.81113e+16	9.05e-01	9.51e-02	1.46e-14
 2.81120e+16	9.07e-01	9.34e-02	1.38e-14
 2.81127e+16	9.08e-01	9.18e-02	1.31e-14
 2.81133e+16	9.10e-01	9.04e-02	1.25e-14
 2.81140e+16	9.11e-01	8.88e-02	1.18e-14
 2.81147e+16	9.13e-01	8.73e-02	1.11e-14
 2.81153e+16	9.14e-01	8.58e-02	1.05e-14
 2.81159e+16	9.16e-01	8.45e-02	9.97e-15
 2.81164e+16	9.17e-01	8.33e-02	9.50e-15
 2.81170e+16	9.18e-01	8.20e-02	9.04e-15
 2.81177e+16	9.19e-01	8.06e-02	8.49e-15
 2.81182e+16	9.21e-01	7.95e-02	8.05e-15
 2.81188e+16	9.22e-01	7.83e-02	7.64e-15
 2.81192e+16	9.23e-01	7.73e-02	7.30e-15
 2.81198e+16	9.24e-01	7.62e-02	6.94e-15
 2.81203e+16	9.25e-01	7.50e-02	6.53e-15
 2.81208e+16	9.26e-01	7.40e-02	6.19e-15
 2.81213e+16	9.27e-01	7.30e-02	5.89e-15
 2.81217e+16	9.28e-01	7.22e-02	5.62e-15
 2.81222e+16	9.29e-01	7.12e-02	5.35e-15
 2.81227e+16	9.30e-01	7.01e-02	5.04e-15
 2.81231e+16	9.31e-01	6.92e-02	4.79e-15
 2.81236e+16	9.32e-01	6.84e-02	4.56e-15
 2.81239e+16	9.32e-01	6.77e-02	4.36e-15
 2.81244e+16	9.33e-01	6.68e-02	4.15e-15
 2.81248e+16	9.34e-01	6.60e-02	3.92e-15
 2.81252e+16	9.35e-01	6.52e-02	3.72e-15
 2.81256e+16	9.36e-01	6.44e-02	3.55e-15
 2.81259e+16	9.36e-01	6.38e-02	3.40e-15
 2.81263e+16	9.37e-01	6.31e-02	3.24e-15
 2.81267e+16	9.38e-01	6.23e-02	3.07e-15
 2.81271e+16	9.38e-01	6.17e-02	2.92e-15
 2.81274e+16	9.39e-01	6.10e-02	2.79e-15
 2.81277e+16	9.39e-01	6.05e-02	2.68e-15
 2.81280e+16	9.40e-01	5.99e-02	2.56e-15
 2.81285e+16	9.41e-01	5.91e-02	2.40e-15
 2.81289e+16	9.42e-01	5.82e-02	2.24e-15
 2.81293e+16	9.42e-01	5.75e-02	2.11e-15
 2.81297e+16	9.43e-01	5.69e-02	1.99e-15
 2.81301e+16	9.44e-01	5.62e-02	1.89e-15
 2.81304e+16	9.44e-01	5.57e-02	1.80e-15
 2.81307e+16	9.45e-01	5.51e-02	1.71e-15
 2.81311e+16	9.46e-01	5.45e-02	1.62e-15
 2.81315e+16	9.46e-01	5.39e-02	1.53e-15
 2.81318e+16	9.47e-01	5.34e-02	1.46e-15
 2.81321e+16	9.47e-01	5.29e-02	1.39e-15
 2.81325e+16	9.48e-01	5.21e-02	1.30e-15
 2.81330e+16	9.49e-01	5.14e-02	1.19e-15
 2.81335e+16	9.49e-01	5.08e-02	1.10e-15
 2.81339e+16	9.50e-01	5.02e-02	1.03e-15
 2.81342e+16	9.50e-01	4.97e-02	9.65e-16
 2.81345e+16	9.51e-01	4.92e-02	9.12e-16
 2.81349e+16	9.51e-01	4.87e-02	8.57e-16
 2.81354e+16	9.52e-01	4.80e-02	7.86e-16
 2.81359e+16	9.53e-01	4.73e-02	7.17e-16
 2.81363e+16	9.53e-01	4.67e-02	6.61e-16
 2.81368e+16	9.54e-01	4.61e-02	6.15e-16
 2.81371e+16	9.54e-01	4.56e-02	5.72e-16
 2.81375e+16	9.55e-01	4.52e-02	5.38e-16
 2.81379e+16	9.55e-01	4.47e-02	5.04e-16
 2.81384e+16	9.56e-01	4.40e-02	4.59e-16
 2.81389e+16	9.57e-01	4.34e-02	4.17e-16
 2.81394e+16	9.57e-01	4.28e-02	3.83e-16
 2.81398e+16	9.58e-01	4.23e-02	3.55e-16
 2.81402e+16	9.58e-01	4.18e-02	3.29e-16
 2.81406e+16	9.59e-01	4.14e-02	3.09e-16
 2.81410e+16	9.59e-01	4.09e-02	2.88e-16
 2.81415e+16	9.60e-01	4.03e-02	2.63e-16
 2.81421e+16	9.60e-01	3.97e-02	2.37e-16
 2.81426e+16	9.61e-01	3.92e-02	2.17e-16
 2.81430e+16	9.61e-01	3.87e-02	2.00e-16
 2.81435e+16	9.62e-01	3.83e-02	1.86e-16
 2.81439e+16	9.62e-01	3.78e-02	1.72e-16
 2.81444e+16	9.63e-01	3.73e-02	1.58e-16
 2.81449e+16	9.63e-01	3.68e-02	1.45e-16
 2.81453e+16	9.64e-01	3.64e-02	1.36e-16
 2.81458e+16	9.64e-01	3.60e-02	1.25e-16
 2.81463e+16	9.65e-01	3.54e-02	1.13e-16
 2.81470e+16	9.65e-01	3.48e-02	1.02e-16
 2.81476e+16	9.66e-01	3.43e-02	9.25e-17
 2.81481e+16	9.66e-01	3.38e-02	8.45e-17
 2.81486e+16	9.67e-01	3.34e-02	7.83e-17
 2.81491e+16	9.67e-01	3.30e-02	7.20e-17
 2.81497e+16	9.68e-01	3.25e-02	6.55e-17
 2.81502e+16	9.68e-01	3.20e-02	6.03e-17
 2.81507e+16	9.68e-01	3.16e-02	5.51e-17
 2.81514e+16	9.69e-01	3.11e-02	5.00e-17
 2.81519e+16	9.69e-01	3.06e-02	4.58e-17
 2.81525e+16	9.70e-01	3.01e-02	4.18e-17
 2.81532e+16	9.70e-01	2.96e-02	3.78e-17
 2.81538e+16	9.71e-01	2.91e-02	3.46e-17
 2.81544e+16	9.71e-01	2.86e-02	3.15e-17
 2.81552e+16	9.72e-01	2.80e-02	2.84e-17
 2.81558e+16	9.72e-01	2.75e-02	2.59e-17
 2.81564e+16	9.73e-01	2.71e-02	2.40e-17
 2.81570e+16	9.73e-01	2.65e-02	2.19e-17
 2.81577e+16	9.74e-01	2.60e-02	1.99e-17
 2.81584e+16	9.74e-01	2.55e-02	1.84e-17
 2.81590e+16	9.75e-01	2.49e-02	1.68e-17
 2.81598e+16	9.76e-01	2.44e-02	1.53e-17
 2.81605e+16	9.76e-01	2.38e-02	1.40e-17
 2.81612e+16	9.77e-01	2.32e-02	1.28e-17
 2.81620e+16	9.77e-01	2.26e-02	1.17e-17
 2.81628e+16	9.78e-01	2.21e-02	1.08e-17
 2.81636e+16	9.79e-01	2.14e-02	9.84e-18
 2.81644e+16	9.79e-01	2.08e-02	8.97e-18
 2.81652e+16	9.80e-01	2.03e-02	8.28e-18
 2.81661e+16	9.80e-01	1.96e-02	7.59e-18
 2.81670e+16	9.81e-01	1.90e-02	6.93e-18
 2.81679e+16	9.82e-01	1.84e-02	6.40e-18
 2.81688e+16	9.82e-01	1.78e-02	5.89e-18
 2.81698e+16	9.83e-01	1.72e-02	5.39e-18
 2.81707e+16	9.83e-01	1.66e-02	5.00e-18
 2.81717e+16	9.84e-01	1.60e-02	4.61e-18
 2.81728e+16	9.85e-01	1.54e-02	4.23e-18
 2.81738e+16	9.85e-01	1.48e-02	3.93e-18
 2.81749e+16	9.86e-01	1.42e-02	3.64e-18
 2.81760e+16	9.86e-01	1.36e-02	3.35e-18
 2.81771e+16	9.87e-01	1.31e-02	3.11e-18
 2.81782e+16	9.87e-01	1.25e-02	2.88e-18
 2.81795e+16	9.88e-01	1.20e-02	2.65e-18
 2.81806e+16	9.89e-01	1.15e-02	2.47e-18
 2.81819e+16	9.89e-01	1.09e-02	2.29e-18
 2.81835e+16	9.90e-01	1.02e-02	2.07e-18
 2.81855e+16	9.90e-01	9.51e-03	1.84e-18
 2.81876e+16	9.91e-01	8.78e-03	1.63e-18
 2.81897e+16	9.92e-01	8.10e-03	1.44e-18
 2.81920e+16	9.93e-01	7.45e-03	1.27e-18
 2.81943e+16	9.93e-01	6.82e-03	1.12e-18
 2.81968e+16	9.94e-01	6.21e-03	9.78e-19
 2.81994e+16	9.94e-01	5.62e-03	8.49e-19
 2.82022e+16	9.95e-01	5.06e-03	7.31e-19
 2.82052e+16	9.95e-01	4.53e-03	6.24e-19
 2.82084e+16	9.96e-01	4.02e-03	5.28e-19
 2.82119e+16	9.96e-01	3.53e-03	4.41e-19
 2.82156e+16	9.97e-01	3.07e-03	3.63e-19
 2.82197e+16	9.97e-01	2.63e-03	2.93e-19
 2.82242e+16	9.98e-01	2.23e-03	2.33e-19
 2.82292e+16	9.98e-01	1.86e-03	1.81e-19
 2.82348e+16	9.98e-01	1.51e-03	1.37e-19
 2.82411e+16	9.99e-01	1.20e-03	9.95e-20
 2.82485e+16	9.99e-01	9.18e-04	6.91e-20
 2.82571e+16	9.99e-01	6.71e-04	4.52e-20
 2.82668e+16	1.00e+00	4.76e-04	2.81e-20
 2.82767e+16	1.00e+00	3.36e-04	1.73e-20
 2.82867e+16	1.00e+00	2.38e-04	1.07e-20
 2.82967e+16	1.00e+00	1.69e-04	6.62e-21
 2.83066e+16	1.00e+00	1.20e-04	0.00e+00
 2.83166e+16	1.00e+00	8.58e-05	0.00e+00
 2.83266e+16	1.00e+00	6.14e-05	0.00e+00
 2.83365e+16	1.00e+00	4.39e-05	0.00e+00
 2.83465e+16	1.00e+00	3.15e-05	0.00e+00
 2.83564e+16	1.00e+00	2.26e-05	0.00e+00
 2.83664e+16	1.00e+00	1.63e-05	0.00e+00
 2.83764e+16	1.00e+00	1.17e-05	0.00e+00
 2.83863e+16	1.00e+00	8.44e-06	0.00e+00
 2.83963e+16	1.00e+00	6.09e-06	0.00e+00
 2.84063e+16	1.00e+00	4.40e-06	0.00e+00
 2.84162e+16	1.00e+00	3.18e-06	0.00e+00
 2.84262e+16	1.00e+00	2.31e-06	0.00e+00
 2.84361e+16	1.00e+00	1.67e-06	0.00e+00
 2.84461e+16	1.00e+00	1.21e-06	0.00e+00
 2.84561e+16	1.00e+00	8.77e-07	0.00e+00
 2.84660e+16	1.00e+00	6.36e-07	0.00e+00
 2.84760e+16	1.00e+00	4.61e-07	0.00e+00
 2.84859e+16	1.00e+00	3.35e-07	0.00e+00
 2.84959e+16	1.00e+00	2.44e-07	0.00e+00
 2.85059e+16	1.00e+00	1.77e-07	0.00e+00
 2.85158e+16	1.00e+00	1.29e-07	0.00e+00
 2.85258e+16	1.00e+00	9.36e-08	0.00e+00
 2.85357e+16	1.00e+00	6.82e-08	0.00e+00
 2.85457e+16	1.00e+00	4.97e-08	0.00e+00
 2.85557e+16	1.00e+00	3.62e-08	0.00e+00
 2.85656e+16	1.00e+00	2.64e-08	0.00e+00
 2.85756e+16	1.00e+00	1.92e-08	0.00e+00
 2.85855e+16	1.00e+00	1.40e-08	0.00e+00
 2.85955e+16	1.00e+00	1.02e-08	0.00e+00
 2.86055e+16	1.00e+00	7.46e-09	0.00e+00
 2.86154e+16	1.00e+00	5.46e-09	0.00e+00
 2.86254e+16	1.00e+00	3.98e-09	0.00e+00
 2.86353e+16	1.00e+00	2.91e-09	0.00e+00
 2.86453e+16	1.00e+00	2.12e-09	0.00e+00
 2.86553e+16	1.00e+00	1.55e-09	0.00e+00
 2.86652e+16	1.00e+00	1.14e-09	0.00e+00
 2.86752e+16	1.00e+00	8.30e-10	0.00e+00
 2.86851e+16	1.00e+00	6.07e-10	0.00e+00
 2.86951e+16	1.00e+00	4.44e-10	0.00e+00
 2.87050e+16	1.00e+00	3.25e-10	0.00e+00
 2.87150e+16	1.00e+00	2.38e-10	0.00e+00
 2.87250e+16	1.00e+00	1.74e-10	0.00e+00
 2.87349e+16	1.00e+00	1.27e-10	0.00e+00
 2.87449e+16	1.00e+00	9.33e-11	0.00e+00
 2.87548e+16	1.00e+00	6.84e-11	0.00e+00
 2.87648e+16	1.00e+00	5.00e-11	0.00e+00
 2.87748e+16	1.00e+00	3.67e-11	0.00e+00
 2.87847e+16	1.00e+00	2.69e-11	0.00e+00
 2.87947e+16	1.00e+00	1.97e-11	0.00e+00
 2.88046e+16	1.00e+00	1.44e-11	0.00e+00
 2.88146e+16	1.00e+00	1.06e-11	0.00e+00
 2.88246e+16	1.00e+00	7.76e-12	0.00e+00
 2.88345e+16	1.00e+00	5.69e-12	0.00e+00
 2.88445e+16	1.00e+00	4.17e-12	0.00e+00
 2.88544e+16	1.00e+00	3.06e-12	0.00e+00
 2.88644e+16	1.00e+00	2.24e-12	0.00e+00
 2.88743e+16	1.00e+00	1.65e-12	0.00e+00
 2.88843e+16	1.00e+00	1.21e-12	0.00e+00
 2.88943e+16	1.00e+00	8.87e-13	0.00e+00
 2.89042e+16	1.00e+00	6.51e-13	0.00e+00
 2.89142e+16	1.00e+00	4.78e-13	0.00e+00
 2.89241e+16	1.00e+00	3.51e-13	0.00e+00
 2.89356e+16	1.00e+00	2.44e-13	0.00e+00
 2.89505e+16	1.00e+00	1.52e-13	0.00e+00
 2.89698e+16	1.00e+00	8.24e-14	0.00e+00
 2.89950e+16	1.00e+00	3.74e-14	0.00e+00
 2.90277e+16	1.00e+00	1.36e-14	0.00e+00
 2.90702e+16	1.00e+00	3.70e-15	0.00e+00
 2.91255e+16	1.00e+00	7.03e-16	0.00e+00
 2.91973e+16	1.00e+00	8.84e-17	0.00e+00
 2.92908e+16	1.00e+00	1.06e-17	0.00e+00
 2.94122e+16	1.00e+00	4.80e-18	0.00e+00
 2.95701e+16	1.00e+00	4.03e-18	0.00e+00
 2.97606e+16	1.00e+00	3.44e-18	0.00e+00
 2.99650e+16	1.00e+00	2.93e-18	0.00e+00
 3.01748e+16	1.00e+00	2.49e-18	0.00e+00
 3.03923e+16	1.00e+00	2.12e-18	0.00e+00
 3.06220e+16	1.00e+00	1.78e-18	0.00e+00
 3.08657e+16	1.00e+00	1.49e-18	0.00e+00
 3.11213e+16	1.00e+00	1.24e-18	0.00e+00
 3.13917e+16	1.00e+00	1.02e-18	0.00e+00
 3.16805e+16	1.00e+00	8.32e-19	0.00e+00
 3.19883e+16	1.00e+00	6.73e-19	0.00e+00
 3.23134e+16	1.00e+00	5.42e-19	0.00e+00
 3.26554e+16	1.00e+00	4.35e-19	0.00e+00
 3.30160e+16	1.00e+00	3.50e-19	0.00e+00
 3.33982e+16	1.00e+00	2.81e-19	0.00e+00
 3.38049e+16	1.00e+00	2.26e-19	0.00e+00
 3.42363e+16	1.00e+00	1.84e-19	0.00e+00
 3.46941e+16	1.00e+00	1.52e-19	0.00e+00
 3.51833e+16	1.00e+00	1.28e-19	0.00e+00
 3.57113e+16	1.00e+00	1.10e-19	0.00e+00
 3.62801e+16	1.00e+00	9.67e-20	0.00e+00
 3.68888e+16	1.00e+00	8.78e-20	0.00e+00
 3.75406e+16	1.00e+00	8.18e-20	0.00e+00
 3.82404e+16	1.00e+00	7.80e-20	0.00e+00
 3.89911e+16	1.00e+00	7.59e-20	0.00e+00
 3.97944e+16	1.00e+00	7.48e-20	0.00e+00
 4.06529e+16	1.00e+00	7.45e-20	0.00e+00
 4.15716e+16	1.00e+00	7.47e-20	0.00e+00
 4.25553e+16	1.00e+00	7.53e-20	0.00e+00
 4.36089e+16	1.00e+00	7.61e-20	0.00e+00
 4.47379e+16	1.00e+00	7.70e-20	0.00e+00
 4.59487e+16	1.00e+00	7.80e-20	0.00e+00
 4.72493e+16	1.00e+00	7.90e-20	0.00e+00
 4.86544e+16	1.00e+00	8.01e-20	0.00e+00
 5.01733e+16	1.00e+00	8.13e-20	0.00e+00
 5.18110e+16	1.00e+00	8.24e-20	0.00e+00
 5.35864e+16	1.00e+00	8.35e-20	0.00e+00
 5.55257e+16	1.00e+00	8.46e-20	0.00e+00
 5.76518e+16	1.00e+00	8.57e-20	0.00e+00
 5.99392e+16	1.00e+00	8.67e-20	0.00e+00
 6.23368e+16	1.00e+00	8.77e-20	0.00e+00
 6.48303e+16	1.00e+00	8.86e-20	0.00e+00
 6.74235e+16	1.00e+00	8.93e-20	0.00e+00
 7.01205e+16	1.00e+00	9.00e-20	0.00e+00
 7.29253e+16	1.00e+00	9.06e-20	0.00e+00
 7.58424e+16	1.00e+00	9.11e-20	0.00e+00
 7.88761e+16	1.00e+00	9.14e-20	0.00e+00
 8.20312e+16	1.00e+00	9.17e-20	0.00e+00
 8.53124e+16	1.00e+00	9.19e-20	0.00e+00
 8.87250e+16	1.00e+00	9.20e-20	0.00e+00
 9.22740e+16	1.00e+00	9.20e-20	0.00e+00
 9.59650e+16	1.00e+00	9.20e-20	0.00e+00
 9.98036e+16	1.00e+00	9.16e-20	0.00e+00
 1.03796e+17	1.00e+00	9.12e-20	0.00e+00
 1.07948e+17	1.00e+00	9.07e-20	0.00e+00
 1.12266e+17	1.00e+00	8.99e-20	0.00e+00
 1.16756e+17	1.00e+00	8.88e-20	0.00e+00
 1.21427e+17	1.00e+00	8.75e-20	0.00e+00
 1.26284e+17	1.00e+00	8.59e-20	0.00e+00
 1.31335e+17	1.00e+00	8.39e-20	0.00e+00
 1.36588e+17	1.00e+00	8.12e-20	0.00e+00
 1.42052e+17	1.00e+00	7.79e-20	0.00e+00
 1.47717e+17	1.00e+00	7.38e-20	0.00e+00
 1.53397e+17	1.00e+00	6.90e-20	0.00e+00
 1.58857e+17	1.00e+00	6.37e-20	0.00e+00
 1.64111e+17	1.00e+00	6.01e-20	0.00e+00
 1.69952e+17	1.00e+00	5.53e-20	0.00e+00
 1.76662e+17	1.00e+00	4.57e-20	0.00e+00
 1.81488e+17	1.00e+00	4.05e-20	0.00e+00
 1.84070e+17	1.00e+00	3.78e-20	0.00e+00
 1.86880e+17	1.00e+00	3.58e-20	0.00e+00
 1.90532e+17	1.00e+00	3.42e-20	0.00e+00
 1.95279e+17	1.00e+00	3.00e-20	0.00e+00
 2.01451e+17	1.00e+00	2.61e-20	0.00e+00
 2.09039e+17	1.00e+00	2.28e-20	0.00e+00
 2.17400e+17	1.00e+00	1.90e-20	0.00e+00
 2.25578e+17	1.00e+00	1.70e-20	0.00e+00
 2.34082e+17	1.00e+00	1.55e-20	0.00e+00
 2.43445e+17	1.00e+00	1.25e-20	0.00e+00
 2.52346e+17	1.00e+00	1.06e-20	0.00e+00
 2.61602e+17	1.00e+00	9.85e-21	0.00e+00
 2.72066e+17	1.00e+00	8.17e-21	0.00e+00
 2.82949e+17	1.00e+00	7.06e-21	0.00e+00
 2.94267e+17	1.00e+00	6.13e-21	0.00e+00
 3.06038e+17	1.00e+00	5.37e-21	0.00e+00
 3.18279e+17	1.00e+00	4.76e-21	0.00e+00
 3.31010e+17	1.00e+00	4.19e-21	0.00e+00
 3.43588e+17	1.00e+00	3.75e-21	0.00e+00
 3.55905e+17	1.00e+00	3.40e-21	0.00e+00
 3.68782e+17	1.00e+00	3.06e-21	0.00e+00
 3.81759e+17	1.00e+00	2.74e-21	0.00e+00
 3.93575e+17	1.00e+00	2.48e-21	0.00e+00
 4.04439e+17	1.00e+00	2.29e-21	0.00e+00
 4.15473e+17	1.00e+00	2.12e-21	0.00e+00
 4.26912e+17	1.00e+00	1.96e-21	0.00e+00
 4.38411e+17	1.00e+00	1.81e-21	0.00e+00
 4.49704e+17	1.00e+00	1.68e-21	0.00e+00
 4.60756e+17	1.00e+00	1.57e-21	0.00e+00
 4.71545e+17	1.00e+00	1.48e-21	0.00e+00
 4.82061e+17	1.00e+00	1.39e-21	0.00e+00
 4.92255e+17	1.00e+00	1.31e-21	0.00e+00
 5.02021e+17	1.00e+00	1.25e-21	0.00e+00
 5.11273e+17	1.00e+00	1.18e-21	0.00e+00
 5.19989e+17	1.00e+00	1.13e-21	0.00e+00
 5.28221e+17	1.00e+00	1.09e-21	0.00e+00
 5.35985e+17	1.00e+00	1.05e-21	0.00e+00
 5.43268e+17	1.00e+00	1.01e-21	0.00e+00
 5.50080e+17	1.00e+00	9.79e-22	0.00e+00
 5.56438e+17	1.00e+00	9.50e-22	0.00e+00
 5.62368e+17	1.00e+00	9.25e-22	0.00e+00
 5.67919e+17	1.00e+00	9.05e-22	0.00e+00
 5.73118e+17	1.00e+00	8.84e-22	0.00e+00
 5.77987e+17	1.00e+00	8.64e-22	0.00e+00
 5.82543e+17	1.00e+00	8.48e-22	0.00e+00
 5.86806e+17	1.00e+00	8.32e-22	0.00e+00
 5.90797e+17	1.00e+00	8.18e-22	0.00e+00
 5.94545e+17	1.00e+00	8.05e-22	0.00e+00
 5.98069e+17	1.00e+00	7.93e-22	0.00e+00
 6.01385e+17	1.00e+00	7.84e-22	0.00e+00
 6.04504e+17	1.00e+00	7.73e-22	0.00e+00
 6.07439e+17	1.00e+00	7.62e-22	0.00e+00
 6.10203e+17	1.00e+00	7.55e-22	0.00e+00
 6.12810e+17	1.00e+00	7.47e-22	0.00e+00
 6.15272e+17	1.00e+00	7.39e-22	0.00e+00
 6.17600e+17	1.00e+00	7.31e-22	0.00e+00
 6.19800e+17	1.00e+00	7.25e-22	0.00e+00
 6.21880e+17	1.00e+00	7.18e-22	0.00e+00
 6.23848e+17	1.00e+00	7.14e-22	0.00e+00
 6.25712e+17	1.00e+00	7.08e-22	0.00e+00
 6.27480e+17	1.00e+00	7.03e-22	0.00e+00
 6.29157e+17	1.00e+00	6.98e-22	0.00e+00
 6.30748e+17	1.00e+00	6.94e-22	0.00e+00
 6.32259e+17	1.00e+00	6.89e-22	0.00e+00
 6.33695e+17	1.00e+00	6.86e-22	0.00e+00
 6.35060e+17	1.00e+00	6.83e-22	0.00e+00
 6.36359e+17	1.00e+00	6.80e-22	0.00e+00
 6.37596e+17	1.00e+00	6.76e-22	0.00e+00
 6.38775e+17	1.00e+00	6.74e-22	0.00e+00
 6.39899e+17	1.00e+00	6.72e-22	0.00e+00
 6.40972e+17	1.00e+00	6.70e-22	0.00e+00
 6.41997e+17	1.00e+00	6.68e-22	0.00e+00
 6.42977e+17	1.00e+00	6.67e-22	0.00e+00
 6.43915e+17	1.00e+00	6.66e-22	0.00e+00
 6.44814e+17	1.00e+00	6.65e-22	0.00e+00
 6.45676e+17	1.00e+00	6.65e-22	0.00e+00
 6.46503e+17	1.00e+00	6.65e-22	0.00e+00
 6.47299e+17	1.00e+00	6.65e-22	0.00e+00
 6.48066e+17	1.00e+00	6.65e-22	0.00e+00
 6.48805e+17	1.00e+00	6.65e-22	0.00e+00
 6.49519e+17	1.00e+00	6.67e-22	0.00e+00
 6.50211e+17	1.00e+00	6.67e-22	0.00e+00
 6.50882e+17	1.00e+00	6.68e-22	0.00e+00
 6.51534e+17	1.00e+00	6.69e-22	0.00e+00
 6.52169e+17	1.00e+00	6.70e-22	0.00e+00
 6.52791e+17	1.00e+00	6.71e-22	0.00e+00
 6.53400e+17	1.00e+00	6.71e-22	0.00e+00
 6.53999e+17	1.00e+00	6.71e-22	0.00e+00
 6.54591e+17	1.00e+00	6.72e-22	0.00e+00
 6.55178e+17	1.00e+00	6.71e-22	0.00e+00
 6.55762e+17	1.00e+00	6.71e-22	0.00e+00
 6.56347e+17	1.00e+00	6.69e-22	0.00e+00
 6.56937e+17	1.00e+00	6.68e-22	0.00e+00
 6.57534e+17	1.00e+00	6.65e-22	0.00e+00
 6.58143e+17	1.00e+00	6.62e-22	0.00e+00
 6.58770e+17	1.00e+00	6.58e-22	0.00e+00
 6.59420e+17	1.00e+00	6.54e-22	0.00e+00
 6.60102e+17	1.00e+00	6.48e-22	0.00e+00
 6.60824e+17	1.00e+00	6.42e-22	0.00e+00
 6.61599e+17	1.00e+00	6.35e-22	0.00e+00
 6.62442e+17	1.00e+00	6.29e-22	0.00e+00
 6.63374e+17	1.00e+00	6.21e-22	0.00e+00
 6.64422e+17	1.00e+00	6.15e-22	0.00e+00
 6.65623e+17	1.00e+00	6.09e-22	0.00e+00
 6.67028e+17	1.00e+00	6.04e-22	0.00e+00
 6.68712e+17	1.00e+00	5.99e-22	0.00e+00
 6.70778e+17	1.00e+00	5.95e-22	0.00e+00
 6.73380e+17	1.00e+00	5.88e-22	0.00e+00
 6.76730e+17	1.00e+00	5.82e-22	0.00e+00
 6.81085e+17	1.00e+00	5.72e-22	0.00e+00
 6.86746e+17	1.00e+00	5.60e-22	0.00e+00
 6.94106e+17	1.00e+00	5.45e-22	0.00e+00
 7.03673e+17	1.00e+00	5.26e-22	0.00e+00
 7.16111e+17	1.00e+00	5.04e-22	0.00e+00
 7.32280e+17	1.00e+00	4.76e-22	0.00e+00
 7.53300e+17	1.00e+00	4.43e-22	0.00e+00
 7.80484e+17	1.00e+00	4.05e-22	0.00e+00
 8.08913e+17	1.00e+00	3.68e-22	0.00e+00
 8.32560e+17	1.00e+00	3.41e-22	0.00e+00
 8.53105e+17	1.00e+00	3.22e-22	0.00e+00
 8.72978e+17	1.00e+00	3.03e-22	0.00e+00
 8.92056e+17	1.00e+00	2.87e-22	0.00e+00
 9.09500e+17	1.00e+00	2.73e-22	0.00e+00
 9.24915e+17	1.00e+00	2.61e-22	0.00e+00
 9.38445e+17	1.00e+00	2.52e-22	0.00e+00
 9.50569e+17	1.00e+00	2.44e-22	0.00e+00
 9.61580e+17	1.00e+00	2.37e-22	0.00e+00
 9.71396e+17	1.00e+00	2.30e-22	0.00e+00
 9.80014e+17	1.00e+00	2.25e-22	0.00e+00
 9.87117e+17	1.00e+00	2.21e-22	0.00e+00
 9.92128e+17	1.00e+00	2.19e-22	0.00e+00
 9.95208e+17	1.00e+00	2.17e-22	0.00e+00
 9.97057e+17	1.00e+00	2.16e-22	0.00e+00
 9.98166e+17	1.00e+00	2.16e-22	0.00e+00
 9.98857e+17	1.00e+00	2.28e-22	0.00e+00
 9.99390e+17	1.00e+00	2.60e-22	0.00e+00
 9.99918e+17	1.00e+00	2.68e-22	0.00e+00
 1.00046e+18	1.00e+00	2.63e-22	0.00e+00
 1.00097e+18	1.00e+00	2.62e-22	0.00e+00
 1.00143e+18	1.00e+00	2.75e-22	0.00e+00
 1.00188e+18	1.00e+00	2.91e-22	0.00e+00
 1.00232e+18	1.00e+00	2.79e-22	0.00e+00
 1.00270e+18	1.00e+00	2.97e-22	0.00e+00
 1.00306e+18	1.00e+00	3.10e-22	0.00e+00
 1.00340e+18	1.00e+00	3.19e-22	0.00e+00
 1.00372e+18	1.00e+00	3.21e-22	0.00e+00
 1.00402e+18	1.00e+00	3.39e-22	0.00e+00
 1.00432e+18	1.00e+00	3.38e-22	0.00e+00
 1.00460e+18	1.00e+00	3.48e-22	0.00e+00
 1.00488e+18	1.00e+00	3.44e-22	0.00e+00
 1.00512e+18	1.00e+00	3.61e-22	0.00e+00
 1.00536e+18	1.00e+00	3.71e-22	0.00e+00
 1.00560e+18	1.00e+00	3.67e-22	0.00e+00
 1.00583e+18	1.00e+00	3.72e-22	0.00e+00
 1.00604e+18	1.00e+00	3.83e-22	0.00e+00
 1.00625e+18	1.00e+00	3.88e-22	0.00e+00
 1.00646e+18	1.00e+00	3.90e-22	0.00e+00
 1.00667e+18	1.00e+00	3.80e-22	0.00e+00
 1.00686e+18	1.00e+00	3.95e-22	0.00e+00
 1.00704e+18	1.00e+00	4.00e-22	0.00e+00
 1.00724e+18	1.00e+00	4.00e-22	0.00e+00
 1.00743e+18	1.00e+00	3.97e-22	0.00e+00
 1.00761e+18	1.00e+00	3.99e-22	0.00e+00
 1.00779e+18	1.00e+00	4.02e-22	0.00e+00
 1.00797e+18	1.00e+00	4.04e-22	0.00e+00
 1.00816e+18	1.00e+00	4.03e-22	0.00e+00
 1.00834e+18	1.00e+00	4.03e-22	0.00e+00
 1.00851e+18	1.00e+00	4.03e-22	0.00e+00
 1.00870e+18	1.00e+00	4.07e-22	0.00e+00
 1.00888e+18	1.00e+00	3.94e-22	0.00e+00
 1.00906e+18	1.00e+00	4.01e-22	0.00e+00
 1.00924e+18	1.00e+00	4.01e-22	0.00e+00
 1.00943e+18	1.00e+00	3.97e-22	0.00e+00
 1.00963e+18	1.00e+00	3.92e-22	0.00e+00
 1.00982e+18	1.00e+00	3.91e-22	0.00e+00
 1.01001e+18	1.00e+00	3.90e-22	0.00e+00
 1.01021e+18	1.00e+00	3.93e-22	0.00e+00
 1.01042e+18	1.00e+00	3.77e-22	0.00e+00
 1.01062e+18	1.00e+00	3.78e-22	0.00e+00
 1.01082e+18	1.00e+00	3.80e-22	0.00e+00
 1.01104e+18	1.00e+00	3.79e-22	0.00e+00
 1.01127e+18	1.00e+00	3.65e-22	0.00e+00
 1.01148e+18	1.00e+00	3.66e-22	0.00e+00
 1.01170e+18	1.00e+00	3.66e-22	0.00e+00
 1.01193e+18	1.00e+00	3.67e-22	0.00e+00
 1.01218e+18	1.00e+00	3.48e-22	0.00e+00
 1.01243e+18	1.00e+00	3.47e-22	0.00e+00
 1.01267e+18	1.00e+00	3.49e-22	0.00e+00
 1.01292e+18	1.00e+00	3.46e-22	0.00e+00
 1.01319e+18	1.00e+00	3.33e-22	0.00e+00
 1.01345e+18	1.00e+00	3.35e-22	0.00e+00
 1.01372e+18	1.00e+00	3.28e-22	0.00e+00
 1.01400e+18	1.00e+00	3.28e-22	0.00e+00
 1.01429e+18	1.00e+00	3.17e-22	0.00e+00
 1.01459e+18	1.00e+00	3.14e-22	0.00e+00
 1.01488e+18	1.00e+00	3.11e-22	0.00e+00
 1.01518e+18	1.00e+00	3.12e-22	0.00e+00
 1.01549e+18	1.00e+00	3.00e-22	0.00e+00
 1.01581e+18	1.00e+00	2.97e-22	0.00e+00
 1.01613e+18	1.00e+00	2.94e-22	0.00e+00
 1.01647e+18	1.00e+00	2.89e-22	0.00e+00
 1.01681e+18	1.00e+00	2.82e-22	0.00e+00
 1.01715e+18	1.00e+00	2.80e-22	0.00e+00
 1.01751e+18	1.00e+00	2.75e-22	0.00e+00
 1.01787e+18	1.00e+00	2.72e-22	0.00e+00
 1.01824e+18	1.00e+00	2.63e-22	0.00e+00
 1.01862e+18	1.00e+00	2.60e-22	0.00e+00
 1.01900e+18	1.00e+00	2.57e-22	0.00e+00
 1.01940e+18	1.00e+00	2.53e-22	0.00e+00
 1.01981e+18	1.00e+00	2.42e-22	0.00e+00
 1.02022e+18	1.00e+00	2.42e-22	0.00e+00
 1.02064e+18	1.00e+00	2.36e-22	0.00e+00
 1.02106e+18	1.00e+00	2.37e-22	0.00e+00
 1.02150e+18	1.00e+00	2.27e-22	0.00e+00
 1.02195e+18	1.00e+00	2.22e-22	0.00e+00
 1.02240e+18	1.00e+00	2.19e-22	0.00e+00
 1.02286e+18	1.00e+00	2.16e-22	0.00e+00
 1.02332e+18	1.00e+00	2.11e-22	0.00e+00
 1.02380e+18	1.00e+00	2.07e-22	0.00e+00
 1.02428e+18	1.00e+00	2.04e-22	0.00e+00
 1.02478e+18	1.00e+00	1.97e-22	0.00e+00
 1.02528e+18	1.00e+00	1.94e-22	0.00e+00
 1.02578e+18	1.00e+00	1.91e-22	0.00e+00
 1.02630e+18	1.00e+00	1.86e-22	0.00e+00
 1.02682e+18	1.00e+00	1.82e-22	0.00e+00
 1.02735e+18	1.00e+00	1.79e-22	0.00e+00
 1.02790e+18	1.00e+00	1.73e-22	0.00e+00
 1.02847e+18	1.00e+00	1.70e-22	0.00e+00
 1.02905e+18	1.00e+00	1.61e-22	0.00e+00
 1.02963e+18	1.00e+00	1.63e-22	0.00e+00
 1.03022e+18	1.00e+00	1.56e-22	0.00e+00
 1.03080e+18	1.00e+00	1.55e-22	0.00e+00
 1.03141e+18	1.00e+00	1.51e-22	0.00e+00
 1.03205e+18	1.00e+00	1.46e-22	0.00e+00
 1.03272e+18	1.00e+00	1.39e-22	0.00e+00
 1.03339e+18	1.00e+00	1.36e-22	0.00e+00
 1.03406e+18	1.00e+00	1.34e-22	0.00e+00
 1.03474e+18	1.00e+00	1.31e-22	0.00e+00
 1.03539e+18	1.00e+00	1.28e-22	0.00e+00
 1.03597e+18	1.00e+00	1.31e-22	0.00e+00
 1.03650e+18	1.00e+00	1.36e-22	0.00e+00
 1.03699e+18	1.00e+00	1.41e-22	0.00e+00
 1.03745e+18	1.00e+00	1.43e-22	0.00e+00
 1.03789e+18	1.00e+00	1.45e-22	0.00e+00
 1.03832e+18	1.00e+00	1.48e-22	0.00e+00
 1.03872e+18	1.00e+00	1.51e-22	0.00e+00
 1.03910e+18	1.00e+00	1.53e-22	0.00e+00
 1.03947e+18	1.00e+00	1.56e-22	0.00e+00
 1.03982e+18	1.00e+00	1.59e-22	0.00e+00
 1.04016e+18	1.00e+00	1.61e-22	0.00e+00
 1.04049e+18	1.00e+00	1.64e-22	0.00e+00
 1.04080e+18	1.00e+00	1.66e-22	0.00e+00
 1.04110e+18	1.00e+00	1.69e-22	0.00e+00
 1.04140e+18	1.00e+00	1.71e-22	0.00e+00
 1.04168e+18	1.00e+00	1.74e-22	0.00e+00
 1.04195e+18	1.00e+00	1.76e-22	0.00e+00
 1.04222e+18	1.00e+00	1.78e-22	0.00e+00
 1.04247e+18	1.00e+00	1.81e-22	0.00e+00
 1.04272e+18	1.00e+00	1.82e-22	0.00e+00
 1.04296e+18	1.00e+00	1.85e-22	0.00e+00
 1.04319e+18	1.00e+00	1.87e-22	0.00e+00
 1.04342e+18	1.00e+00	1.89e-22	0.00e+00
 1.04364e+18	1.00e+00	1.92e-22	0.00e+00
 1.04385e+18	1.00e+00	1.93e-22	0.00e+00
 1.04406e+18	1.00e+00	1.93e-22	0.00e+00
 1.04426e+18	1.00e+00	1.95e-22	0.00e+00
 1.04445e+18	1.00e+00	1.97e-22	0.00e+00
 1.04465e+18	1.00e+00	1.99e-22	0.00e+00
 1.04483e+18	1.00e+00	2.00e-22	0.00e+00
 1.04502e+18	1.00e+00	2.00e-22	0.00e+00
 1.04520e+18	1.00e+00	2.01e-22	0.00e+00
 1.04541e+18	1.00e+00	2.02e-22	0.00e+00
 1.04567e+18	1.00e+00	1.88e-22	0.00e+00
 1.04602e+18	1.00e+00	1.67e-22	0.00e+00
 1.04647e+18	1.00e+00	1.45e-22	0.00e+00
 1.04706e+18	1.00e+00	1.26e-22	0.00e+00
 1.04781e+18	1.00e+00	1.11e-22	0.00e+00
 1.04862e+18	1.00e+00	1.03e-22	0.00e+00
 1.04933e+18	1.00e+00	1.04e-22	0.00e+00
 1.04993e+18	1.00e+00	1.09e-22	0.00e+00
 1.05049e+18	1.00e+00	1.14e-22	0.00e+00
 1.05105e+18	1.00e+00	1.14e-22	0.00e+00
 1.05162e+18	1.00e+00	1.13e-22	0.00e+00
 1.05218e+18	1.00e+00	1.12e-22	0.00e+00
 1.05274e+18	1.00e+00	1.12e-22	0.00e+00
 1.05330e+18	1.00e+00	1.12e-22	0.00e+00
 1.05387e+18	1.00e+00	1.11e-22	0.00e+00
