#depth	He	He+	He+2
 1.49634e+10	9.86e-23	1.34e-10	1.00e+00
 4.54887e+10	1.10e-22	1.45e-10	1.00e+00
 7.72350e+10	1.24e-22	1.57e-10	1.00e+00
 1.10251e+11	1.39e-22	1.69e-10	1.00e+00
 1.44588e+11	1.55e-22	1.83e-10	1.00e+00
 1.80298e+11	1.74e-22	1.99e-10	1.00e+00
 2.17437e+11	1.96e-22	2.15e-10	1.00e+00
 2.56061e+11	2.20e-22	2.33e-10	1.00e+00
 2.96231e+11	2.47e-22	2.52e-10	1.00e+00
 3.38007e+11	2.79e-22	2.73e-10	1.00e+00
 3.81454e+11	3.14e-22	2.96e-10	1.00e+00
 4.26639e+11	3.54e-22	3.20e-10	1.00e+00
 4.73631e+11	4.00e-22	3.47e-10	1.00e+00
 5.22503e+11	4.52e-22	3.76e-10	1.00e+00
 5.73330e+11	5.12e-22	4.07e-10	1.00e+00
 6.26190e+11	5.81e-22	4.41e-10	1.00e+00
 6.81164e+11	6.59e-22	4.78e-10	1.00e+00
 7.38337e+11	7.49e-22	5.19e-10	1.00e+00
 7.97798e+11	8.53e-22	5.62e-10	1.00e+00
 8.59636e+11	9.72e-22	6.10e-10	1.00e+00
 9.23949e+11	1.11e-21	6.62e-10	1.00e+00
 9.90833e+11	1.27e-21	7.18e-10	1.00e+00
 1.06039e+12	1.45e-21	7.79e-10	1.00e+00
 1.13274e+12	1.66e-21	8.46e-10	1.00e+00
 1.20797e+12	1.91e-21	9.18e-10	1.00e+00
 1.28622e+12	2.19e-21	9.97e-10	1.00e+00
 1.36759e+12	2.53e-21	1.08e-09	1.00e+00
 1.45222e+12	2.91e-21	1.18e-09	1.00e+00
 1.54024e+12	3.36e-21	1.28e-09	1.00e+00
 1.63178e+12	3.89e-21	1.39e-09	1.00e+00
 1.72697e+12	4.50e-21	1.51e-09	1.00e+00
 1.82598e+12	5.23e-21	1.65e-09	1.00e+00
 1.92895e+12	6.07e-21	1.79e-09	1.00e+00
 2.03603e+12	7.07e-21	1.95e-09	1.00e+00
 2.14740e+12	8.24e-21	2.13e-09	1.00e+00
 2.26322e+12	9.62e-21	2.32e-09	1.00e+00
 2.38368e+12	1.13e-20	2.54e-09	1.00e+00
 2.50895e+12	1.32e-20	2.77e-09	1.00e+00
 2.63924e+12	1.55e-20	3.02e-09	1.00e+00
 2.77473e+12	1.82e-20	3.30e-09	1.00e+00
 2.91565e+12	2.15e-20	3.61e-09	1.00e+00
 3.06220e+12	2.54e-20	3.96e-09	1.00e+00
 3.21461e+12	3.01e-20	4.33e-09	1.00e+00
 3.37313e+12	3.58e-20	4.75e-09	1.00e+00
 3.53798e+12	4.26e-20	5.21e-09	1.00e+00
 3.70942e+12	5.08e-20	5.72e-09	1.00e+00
 3.88773e+12	6.08e-20	6.29e-09	1.00e+00
 4.07316e+12	7.30e-20	6.92e-09	1.00e+00
 4.26602e+12	8.77e-20	7.61e-09	1.00e+00
 4.46658e+12	1.06e-19	8.38e-09	1.00e+00
 4.67517e+12	1.27e-19	9.24e-09	1.00e+00
 4.89211e+12	1.54e-19	1.02e-08	1.00e+00
 5.11772e+12	1.86e-19	1.12e-08	1.00e+00
 5.35235e+12	2.26e-19	1.24e-08	1.00e+00
 5.59638e+12	2.74e-19	1.37e-08	1.00e+00
 5.85016e+12	3.33e-19	1.51e-08	1.00e+00
 6.11409e+12	4.04e-19	1.67e-08	1.00e+00
 6.38858e+12	4.90e-19	1.84e-08	1.00e+00
 6.67405e+12	5.95e-19	2.03e-08	1.00e+00
 6.97094e+12	7.22e-19	2.24e-08	1.00e+00
 7.27970e+12	8.76e-19	2.47e-08	1.00e+00
 7.60082e+12	1.06e-18	2.73e-08	1.00e+00
 7.93478e+12	1.29e-18	3.01e-08	1.00e+00
 8.28210e+12	1.56e-18	3.31e-08	1.00e+00
 8.64331e+12	1.88e-18	3.65e-08	1.00e+00
 9.01897e+12	2.27e-18	4.01e-08	1.00e+00
 9.40965e+12	2.74e-18	4.42e-08	1.00e+00
 9.81596e+12	3.30e-18	4.85e-08	1.00e+00
 1.02385e+13	3.97e-18	5.33e-08	1.00e+00
 1.06780e+13	4.77e-18	5.85e-08	1.00e+00
 1.11350e+13	5.73e-18	6.42e-08	1.00e+00
 1.16104e+13	6.88e-18	7.05e-08	1.00e+00
 1.21047e+13	8.24e-18	7.72e-08	1.00e+00
 1.26188e+13	9.87e-18	8.46e-08	1.00e+00
 1.31535e+13	1.18e-17	9.27e-08	1.00e+00
 1.37096e+13	1.41e-17	1.01e-07	1.00e+00
 1.42879e+13	1.68e-17	1.11e-07	1.00e+00
 1.48893e+13	2.01e-17	1.21e-07	1.00e+00
 1.55148e+13	2.39e-17	1.33e-07	1.00e+00
 1.61653e+13	2.85e-17	1.45e-07	1.00e+00
 1.68419e+13	3.39e-17	1.58e-07	1.00e+00
 1.75455e+13	4.04e-17	1.73e-07	1.00e+00
 1.82772e+13	4.79e-17	1.89e-07	1.00e+00
 1.90383e+13	5.69e-17	2.06e-07	1.00e+00
 1.98297e+13	6.76e-17	2.24e-07	1.00e+00
 2.06528e+13	8.02e-17	2.45e-07	1.00e+00
 2.15089e+13	9.51e-17	2.67e-07	1.00e+00
 2.23991e+13	1.13e-16	2.91e-07	1.00e+00
 2.33250e+13	1.34e-16	3.17e-07	1.00e+00
 2.42880e+13	1.58e-16	3.45e-07	1.00e+00
 2.52894e+13	1.87e-16	3.76e-07	1.00e+00
 2.63309e+13	2.22e-16	4.09e-07	1.00e+00
 2.74141e+13	2.62e-16	4.46e-07	1.00e+00
 2.85406e+13	3.10e-16	4.85e-07	1.00e+00
 2.97121e+13	3.67e-16	5.28e-07	1.00e+00
 3.09305e+13	4.34e-16	5.74e-07	1.00e+00
 3.21977e+13	5.13e-16	6.25e-07	1.00e+00
 3.35155e+13	6.06e-16	6.80e-07	1.00e+00
 3.48861e+13	7.16e-16	7.39e-07	1.00e+00
 3.63114e+13	8.45e-16	8.04e-07	1.00e+00
 3.77938e+13	9.98e-16	8.74e-07	1.00e+00
 3.93355e+13	1.18e-15	9.50e-07	1.00e+00
 4.09388e+13	1.39e-15	1.03e-06	1.00e+00
 4.26063e+13	1.64e-15	1.12e-06	1.00e+00
 4.43405e+13	1.94e-15	1.22e-06	1.00e+00
 4.61441e+13	2.29e-15	1.33e-06	1.00e+00
 4.80197e+13	2.70e-15	1.44e-06	1.00e+00
 4.99705e+13	3.18e-15	1.56e-06	1.00e+00
 5.19992e+13	3.75e-15	1.70e-06	1.00e+00
 5.41091e+13	4.41e-15	1.85e-06	1.00e+00
 5.63034e+13	5.20e-15	2.00e-06	1.00e+00
 5.85854e+13	6.13e-15	2.18e-06	1.00e+00
 6.09588e+13	7.21e-15	2.36e-06	1.00e+00
 6.34271e+13	8.49e-15	2.56e-06	1.00e+00
 6.59941e+13	9.99e-15	2.78e-06	1.00e+00
 6.86638e+13	1.17e-14	3.02e-06	1.00e+00
 7.14402e+13	1.38e-14	3.27e-06	1.00e+00
 7.43278e+13	1.63e-14	3.55e-06	1.00e+00
 7.73308e+13	1.91e-14	3.85e-06	1.00e+00
 8.04540e+13	2.25e-14	4.17e-06	1.00e+00
 8.37021e+13	2.64e-14	4.53e-06	1.00e+00
 8.70801e+13	3.11e-14	4.91e-06	1.00e+00
 9.05932e+13	3.65e-14	5.32e-06	1.00e+00
 9.42469e+13	4.29e-14	5.77e-06	1.00e+00
 9.80467e+13	5.04e-14	6.25e-06	1.00e+00
 1.01998e+14	5.92e-14	6.78e-06	1.00e+00
 1.06108e+14	6.96e-14	7.35e-06	1.00e+00
 1.10383e+14	8.17e-14	7.96e-06	1.00e+00
 1.14828e+14	9.60e-14	8.63e-06	1.00e+00
 1.19451e+14	1.13e-13	9.36e-06	1.00e+00
 1.24259e+14	1.32e-13	1.01e-05	1.00e+00
 1.29259e+14	1.56e-13	1.10e-05	1.00e+00
 1.34459e+14	1.83e-13	1.19e-05	1.00e+00
 1.39868e+14	2.15e-13	1.29e-05	1.00e+00
 1.45492e+14	2.52e-13	1.40e-05	1.00e+00
 1.51342e+14	2.96e-13	1.52e-05	1.00e+00
 1.57426e+14	3.48e-13	1.64e-05	1.00e+00
 1.63752e+14	4.08e-13	1.78e-05	1.00e+00
 1.70333e+14	4.80e-13	1.93e-05	1.00e+00
 1.77176e+14	5.63e-13	2.09e-05	1.00e+00
 1.84293e+14	6.61e-13	2.27e-05	1.00e+00
 1.91694e+14	7.77e-13	2.46e-05	1.00e+00
 1.99392e+14	9.13e-13	2.66e-05	1.00e+00
 2.07398e+14	1.07e-12	2.88e-05	1.00e+00
 2.15723e+14	1.26e-12	3.13e-05	1.00e+00
 2.24382e+14	1.48e-12	3.39e-05	1.00e+00
 2.33388e+14	1.73e-12	3.67e-05	1.00e+00
 2.42753e+14	2.03e-12	3.97e-05	1.00e+00
 2.52493e+14	2.39e-12	4.31e-05	1.00e+00
 2.62623e+14	2.80e-12	4.66e-05	1.00e+00
 2.73158e+14	3.29e-12	5.05e-05	1.00e+00
 2.84114e+14	3.85e-12	5.47e-05	1.00e+00
 2.95508e+14	4.52e-12	5.93e-05	1.00e+00
 3.07358e+14	5.30e-12	6.41e-05	1.00e+00
 3.19683e+14	6.21e-12	6.95e-05	1.00e+00
 3.32500e+14	7.28e-12	7.52e-05	1.00e+00
 3.45830e+14	8.54e-12	8.14e-05	1.00e+00
 3.59693e+14	1.00e-11	8.81e-05	1.00e+00
 3.74111e+14	1.17e-11	9.54e-05	1.00e+00
 3.89105e+14	1.37e-11	1.03e-04	1.00e+00
 4.04699e+14	1.61e-11	1.12e-04	1.00e+00
 4.20917e+14	1.88e-11	1.21e-04	1.00e+00
 4.37784e+14	2.21e-11	1.31e-04	1.00e+00
 4.55325e+14	2.58e-11	1.42e-04	1.00e+00
 4.73568e+14	3.03e-11	1.53e-04	1.00e+00
 4.92541e+14	3.54e-11	1.66e-04	1.00e+00
 5.12272e+14	4.15e-11	1.80e-04	1.00e+00
 5.32793e+14	4.86e-11	1.94e-04	1.00e+00
 5.54135e+14	5.68e-11	2.10e-04	1.00e+00
 5.76330e+14	6.65e-11	2.27e-04	1.00e+00
 5.99413e+14	7.79e-11	2.46e-04	1.00e+00
 6.23419e+14	9.11e-11	2.66e-04	1.00e+00
 6.47731e+14	1.06e-10	2.87e-04	1.00e+00
 6.73016e+14	1.24e-10	3.10e-04	1.00e+00
 6.99966e+14	1.45e-10	3.35e-04	1.00e+00
 7.27995e+14	1.69e-10	3.62e-04	1.00e+00
 7.57144e+14	1.98e-10	3.92e-04	1.00e+00
 7.87460e+14	2.32e-10	4.24e-04	1.00e+00
 8.18988e+14	2.71e-10	4.58e-04	1.00e+00
 8.51778e+14	3.18e-10	4.95e-04	1.00e+00
 8.85879e+14	3.72e-10	5.36e-04	9.99e-01
 9.21344e+14	4.35e-10	5.79e-04	9.99e-01
 9.58228e+14	5.09e-10	6.26e-04	9.99e-01
 9.96587e+14	5.95e-10	6.77e-04	9.99e-01
 1.03648e+15	6.97e-10	7.32e-04	9.99e-01
 1.07797e+15	8.15e-10	7.92e-04	9.99e-01
 1.12112e+15	9.53e-10	8.56e-04	9.99e-01
 1.16599e+15	1.12e-09	9.25e-04	9.99e-01
 1.21266e+15	1.31e-09	1.00e-03	9.99e-01
 1.25776e+15	1.51e-09	1.08e-03	9.99e-01
 1.29972e+15	1.72e-09	1.15e-03	9.99e-01
 1.34679e+15	1.99e-09	1.23e-03	9.99e-01
 1.39955e+15	2.32e-09	1.33e-03	9.99e-01
 1.45002e+15	2.67e-09	1.43e-03	9.99e-01
 1.50366e+15	3.09e-09	1.53e-03	9.98e-01
 1.56194e+15	3.60e-09	1.65e-03	9.98e-01
 1.61757e+15	4.14e-09	1.77e-03	9.98e-01
 1.67731e+15	4.80e-09	1.91e-03	9.98e-01
 1.74251e+15	5.59e-09	2.06e-03	9.98e-01
 1.80484e+15	6.44e-09	2.20e-03	9.98e-01
 1.87159e+15	7.46e-09	2.37e-03	9.98e-01
 1.94432e+15	8.70e-09	2.56e-03	9.97e-01
 2.01396e+15	1.00e-08	2.74e-03	9.97e-01
 2.08855e+15	1.16e-08	2.95e-03	9.97e-01
 2.16979e+15	1.36e-08	3.19e-03	9.97e-01
 2.24767e+15	1.57e-08	3.42e-03	9.97e-01
 2.33100e+15	1.82e-08	3.68e-03	9.96e-01
 2.42172e+15	2.13e-08	3.98e-03	9.96e-01
 2.50884e+15	2.46e-08	4.27e-03	9.96e-01
 2.60199e+15	2.86e-08	4.60e-03	9.95e-01
 2.70327e+15	3.34e-08	4.97e-03	9.95e-01
 2.80073e+15	3.87e-08	5.34e-03	9.95e-01
 2.90492e+15	4.50e-08	5.76e-03	9.94e-01
 3.01810e+15	5.29e-08	6.24e-03	9.94e-01
 3.12686e+15	6.12e-08	6.71e-03	9.93e-01
 3.24301e+15	7.15e-08	7.26e-03	9.93e-01
 3.36980e+15	8.40e-08	7.87e-03	9.92e-01
 3.49317e+15	9.79e-08	8.50e-03	9.91e-01
 3.62445e+15	1.15e-07	9.23e-03	9.91e-01
 3.76514e+15	1.35e-07	1.00e-02	9.90e-01
 3.90368e+15	1.59e-07	1.09e-02	9.89e-01
 4.05209e+15	1.87e-07	1.19e-02	9.88e-01
 4.20827e+15	2.22e-07	1.30e-02	9.87e-01
 4.35822e+15	2.60e-07	1.42e-02	9.86e-01
 4.52010e+15	3.09e-07	1.55e-02	9.84e-01
 4.69556e+15	3.70e-07	1.72e-02	9.83e-01
 4.86415e+15	4.39e-07	1.89e-02	9.81e-01
 5.04485e+15	5.29e-07	2.11e-02	9.79e-01
 5.23895e+15	6.45e-07	2.37e-02	9.76e-01
 5.42255e+15	7.78e-07	2.65e-02	9.73e-01
 5.62121e+15	9.59e-07	3.03e-02	9.70e-01
 5.83849e+15	1.21e-06	3.52e-02	9.65e-01
 6.03882e+15	1.51e-06	4.09e-02	9.59e-01
 6.21785e+15	1.86e-06	4.72e-02	9.53e-01
 6.38848e+15	2.30e-06	5.50e-02	9.45e-01
 6.55697e+15	2.89e-06	6.50e-02	9.35e-01
 6.71862e+15	3.64e-06	7.76e-02	9.22e-01
 6.86701e+15	4.62e-06	9.33e-02	9.07e-01
 7.00051e+15	5.85e-06	1.13e-01	8.87e-01
 7.12098e+15	7.42e-06	1.37e-01	8.63e-01
 7.23037e+15	9.45e-06	1.68e-01	8.32e-01
 7.31715e+15	1.17e-05	2.02e-01	7.98e-01
 7.37779e+15	1.38e-05	2.33e-01	7.67e-01
 7.42921e+15	1.60e-05	2.65e-01	7.35e-01
 7.48777e+15	1.91e-05	3.10e-01	6.90e-01
 7.54995e+15	2.33e-05	3.69e-01	6.30e-01
 7.60794e+15	2.82e-05	4.39e-01	5.61e-01
 7.65985e+15	3.35e-05	5.13e-01	4.87e-01
 7.70349e+15	3.86e-05	5.82e-01	4.18e-01
 7.75091e+15	4.45e-05	6.61e-01	3.39e-01
 7.81255e+15	5.21e-05	7.58e-01	2.42e-01
 7.88944e+15	6.04e-05	8.56e-01	1.44e-01
 7.97784e+15	6.72e-05	9.27e-01	7.33e-02
 8.08442e+15	7.24e-05	9.68e-01	3.18e-02
 8.22297e+15	7.67e-05	9.88e-01	1.15e-02
 8.40309e+15	8.09e-05	9.96e-01	3.59e-03
 8.63725e+15	8.58e-05	9.99e-01	9.89e-04
 8.94165e+15	9.22e-05	1.00e+00	2.44e-04
 9.29600e+15	9.93e-05	1.00e+00	6.21e-05
 9.66787e+15	1.07e-04	1.00e+00	1.83e-05
 1.00433e+16	1.16e-04	1.00e+00	6.29e-06
 1.04337e+16	1.26e-04	1.00e+00	2.37e-06
 1.08511e+16	1.36e-04	1.00e+00	9.63e-07
 1.12851e+16	1.47e-04	1.00e+00	4.35e-07
 1.17366e+16	1.60e-04	1.00e+00	2.20e-07
 1.21570e+16	1.72e-04	1.00e+00	1.32e-07
 1.25252e+16	1.84e-04	1.00e+00	9.22e-08
 1.29348e+16	1.97e-04	1.00e+00	6.70e-08
 1.34296e+16	2.14e-04	1.00e+00	4.87e-08
 1.39241e+16	2.32e-04	1.00e+00	3.74e-08
 1.43665e+16	2.48e-04	1.00e+00	3.08e-08
 1.48524e+16	2.69e-04	1.00e+00	2.58e-08
 1.54016e+16	2.93e-04	1.00e+00	2.09e-08
 1.59261e+16	3.18e-04	1.00e+00	1.75e-08
 1.64246e+16	3.43e-04	1.00e+00	1.50e-08
 1.69959e+16	3.76e-04	1.00e+00	1.29e-08
 1.76266e+16	4.14e-04	1.00e+00	1.05e-08
 1.82043e+16	4.53e-04	1.00e+00	8.96e-09
 1.87437e+16	4.94e-04	1.00e+00	7.81e-09
 1.93630e+16	5.47e-04	9.99e-01	6.74e-09
 2.00420e+16	6.11e-04	9.99e-01	5.57e-09
 2.06538e+16	6.78e-04	9.99e-01	4.76e-09
 2.12074e+16	7.48e-04	9.99e-01	4.19e-09
 2.17478e+16	8.27e-04	9.99e-01	3.68e-09
 2.22695e+16	9.15e-04	9.99e-01	3.24e-09
 2.27456e+16	1.01e-03	9.99e-01	2.89e-09
 2.31687e+16	1.11e-03	9.99e-01	2.62e-09
 2.35503e+16	1.21e-03	9.99e-01	2.39e-09
 2.39028e+16	1.34e-03	9.99e-01	2.20e-09
 2.42321e+16	1.46e-03	9.99e-01	2.03e-09
 2.44607e+16	1.57e-03	9.98e-01	1.89e-09
 2.45726e+16	1.62e-03	9.98e-01	1.87e-09
 2.46709e+16	1.68e-03	9.98e-01	1.84e-09
 2.47986e+16	1.76e-03	9.98e-01	1.78e-09
 2.49410e+16	1.85e-03	9.98e-01	1.71e-09
 2.50648e+16	1.94e-03	9.98e-01	1.65e-09
 2.51638e+16	2.01e-03	9.98e-01	1.61e-09
 2.52683e+16	2.11e-03	9.98e-01	1.57e-09
 2.53798e+16	2.21e-03	9.98e-01	1.52e-09
 2.54742e+16	2.31e-03	9.98e-01	1.48e-09
 2.55547e+16	2.40e-03	9.98e-01	1.44e-09
 2.56434e+16	2.51e-03	9.97e-01	1.41e-09
 2.57369e+16	2.65e-03	9.97e-01	1.37e-09
 2.58146e+16	2.76e-03	9.97e-01	1.33e-09
 2.58810e+16	2.87e-03	9.97e-01	1.31e-09
 2.59546e+16	3.01e-03	9.97e-01	1.28e-09
 2.60326e+16	3.17e-03	9.97e-01	1.24e-09
 2.60979e+16	3.31e-03	9.97e-01	1.21e-09
 2.61541e+16	3.45e-03	9.97e-01	1.19e-09
 2.62166e+16	3.62e-03	9.96e-01	1.17e-09
 2.62828e+16	3.82e-03	9.96e-01	1.13e-09
 2.63384e+16	4.01e-03	9.96e-01	1.11e-09
 2.63866e+16	4.18e-03	9.96e-01	1.09e-09
 2.64403e+16	4.40e-03	9.96e-01	1.06e-09
 2.64973e+16	4.66e-03	9.95e-01	1.03e-09
 2.65457e+16	4.91e-03	9.95e-01	1.01e-09
 2.65879e+16	5.15e-03	9.95e-01	9.89e-10
 2.66352e+16	5.46e-03	9.95e-01	9.68e-10
 2.66857e+16	5.82e-03	9.94e-01	9.36e-10
 2.67290e+16	6.18e-03	9.94e-01	9.12e-10
 2.67674e+16	6.53e-03	9.93e-01	8.92e-10
 2.68106e+16	6.99e-03	9.93e-01	8.70e-10
 2.68572e+16	7.56e-03	9.92e-01	8.37e-10
 2.68981e+16	8.14e-03	9.92e-01	8.10e-10
 2.69339e+16	8.73e-03	9.91e-01	7.87e-10
 2.69734e+16	9.51e-03	9.90e-01	7.62e-10
 2.70146e+16	1.04e-02	9.90e-01	7.26e-10
 2.70484e+16	1.14e-02	9.89e-01	6.99e-10
 2.70771e+16	1.23e-02	9.88e-01	6.77e-10
 2.71088e+16	1.35e-02	9.86e-01	6.53e-10
 2.71428e+16	1.51e-02	9.85e-01	6.17e-10
 2.71720e+16	1.67e-02	9.83e-01	5.87e-10
 2.71972e+16	1.84e-02	9.82e-01	5.62e-10
 2.72250e+16	2.07e-02	9.79e-01	5.34e-10
 2.72506e+16	2.32e-02	9.77e-01	4.95e-10
 2.72668e+16	2.51e-02	9.75e-01	4.77e-10
 2.72793e+16	2.68e-02	9.73e-01	4.65e-10
 2.72936e+16	2.91e-02	9.71e-01	4.48e-10
 2.73094e+16	3.18e-02	9.68e-01	4.23e-10
 2.73239e+16	3.47e-02	9.65e-01	4.02e-10
 2.73365e+16	3.77e-02	9.62e-01	3.84e-10
 2.73482e+16	4.07e-02	9.59e-01	3.66e-10
 2.73613e+16	4.47e-02	9.55e-01	3.47e-10
 2.73751e+16	4.94e-02	9.51e-01	3.22e-10
 2.73863e+16	5.40e-02	9.46e-01	3.04e-10
 2.73958e+16	5.83e-02	9.42e-01	2.89e-10
 2.74064e+16	6.39e-02	9.36e-01	2.73e-10
 2.74177e+16	7.06e-02	9.29e-01	2.51e-10
 2.74277e+16	7.70e-02	9.23e-01	2.33e-10
 2.74368e+16	8.40e-02	9.16e-01	2.19e-10
 2.74471e+16	9.28e-02	9.07e-01	2.02e-10
 2.74581e+16	1.03e-01	8.97e-01	1.81e-10
 2.74674e+16	1.14e-01	8.86e-01	1.65e-10
 2.74756e+16	1.24e-01	8.76e-01	1.52e-10
 2.74835e+16	1.35e-01	8.65e-01	1.40e-10
 2.74913e+16	1.47e-01	8.53e-01	1.27e-10
 2.74990e+16	1.59e-01	8.41e-01	1.15e-10
 2.75059e+16	1.72e-01	8.28e-01	1.04e-10
 2.75109e+16	1.81e-01	8.19e-01	9.67e-11
 2.75141e+16	1.87e-01	8.13e-01	9.36e-11
 2.75173e+16	1.94e-01	8.05e-01	8.99e-11
 2.75211e+16	2.03e-01	7.97e-01	8.45e-11
 2.75251e+16	2.12e-01	7.88e-01	7.90e-11
 2.75288e+16	2.21e-01	7.79e-01	7.43e-11
 2.75325e+16	2.30e-01	7.70e-01	6.99e-11
 2.75360e+16	2.40e-01	7.60e-01	6.58e-11
 2.75397e+16	2.50e-01	7.50e-01	6.16e-11
 2.75432e+16	2.60e-01	7.40e-01	5.76e-11
 2.75467e+16	2.70e-01	7.30e-01	5.40e-11
 2.75502e+16	2.81e-01	7.19e-01	5.03e-11
 2.75537e+16	2.91e-01	7.09e-01	4.69e-11
 2.75571e+16	3.03e-01	6.97e-01	4.37e-11
 2.75605e+16	3.14e-01	6.86e-01	4.06e-11
 2.75639e+16	3.26e-01	6.74e-01	3.77e-11
 2.75673e+16	3.38e-01	6.62e-01	3.48e-11
 2.75706e+16	3.50e-01	6.49e-01	3.23e-11
 2.75739e+16	3.63e-01	6.37e-01	2.99e-11
 2.75772e+16	3.76e-01	6.24e-01	2.75e-11
 2.75805e+16	3.88e-01	6.12e-01	2.53e-11
 2.75837e+16	4.02e-01	5.98e-01	2.33e-11
 2.75869e+16	4.15e-01	5.85e-01	2.14e-11
 2.75901e+16	4.28e-01	5.72e-01	1.96e-11
 2.75933e+16	4.42e-01	5.58e-01	1.79e-11
 2.75964e+16	4.56e-01	5.44e-01	1.64e-11
 2.75994e+16	4.69e-01	5.31e-01	1.50e-11
 2.76025e+16	4.83e-01	5.17e-01	1.37e-11
 2.76056e+16	4.97e-01	5.03e-01	1.24e-11
 2.76086e+16	5.10e-01	4.90e-01	1.13e-11
 2.76116e+16	5.24e-01	4.76e-01	1.03e-11
 2.76145e+16	5.37e-01	4.63e-01	9.32e-12
 2.76174e+16	5.51e-01	4.49e-01	8.45e-12
 2.76201e+16	5.64e-01	4.36e-01	7.69e-12
 2.76229e+16	5.76e-01	4.24e-01	6.97e-12
 2.76257e+16	5.89e-01	4.11e-01	6.31e-12
 2.76284e+16	6.02e-01	3.98e-01	5.72e-12
 2.76310e+16	6.14e-01	3.86e-01	5.19e-12
 2.76336e+16	6.26e-01	3.74e-01	4.70e-12
 2.76362e+16	6.37e-01	3.63e-01	4.26e-12
 2.76388e+16	6.49e-01	3.51e-01	3.85e-12
 2.76412e+16	6.60e-01	3.40e-01	3.49e-12
 2.76437e+16	6.71e-01	3.29e-01	3.16e-12
 2.76462e+16	6.82e-01	3.18e-01	2.85e-12
 2.76486e+16	6.92e-01	3.08e-01	2.58e-12
 2.76509e+16	7.02e-01	2.98e-01	2.34e-12
 2.76532e+16	7.12e-01	2.88e-01	2.12e-12
 2.76556e+16	7.21e-01	2.79e-01	1.92e-12
 2.76578e+16	7.31e-01	2.69e-01	1.73e-12
 2.76601e+16	7.40e-01	2.60e-01	1.57e-12
 2.76623e+16	7.48e-01	2.52e-01	1.42e-12
 2.76645e+16	7.57e-01	2.43e-01	1.28e-12
 2.76667e+16	7.65e-01	2.35e-01	1.16e-12
 2.76688e+16	7.73e-01	2.27e-01	1.05e-12
 2.76710e+16	7.81e-01	2.19e-01	9.51e-13
 2.76731e+16	7.89e-01	2.11e-01	8.60e-13
 2.76752e+16	7.96e-01	2.04e-01	7.79e-13
 2.76773e+16	8.03e-01	1.97e-01	7.04e-13
 2.76793e+16	8.10e-01	1.90e-01	6.39e-13
 2.76810e+16	8.16e-01	1.84e-01	5.87e-13
 2.76828e+16	8.21e-01	1.79e-01	5.39e-13
 2.76848e+16	8.28e-01	1.72e-01	4.90e-13
 2.76869e+16	8.34e-01	1.66e-01	4.40e-13
 2.76889e+16	8.40e-01	1.60e-01	3.96e-13
 2.76909e+16	8.46e-01	1.54e-01	3.59e-13
 2.76929e+16	8.51e-01	1.49e-01	3.26e-13
 2.76948e+16	8.57e-01	1.43e-01	2.95e-13
 2.76968e+16	8.62e-01	1.38e-01	2.67e-13
 2.76988e+16	8.67e-01	1.33e-01	2.42e-13
 2.77007e+16	8.72e-01	1.28e-01	2.19e-13
 2.77026e+16	8.77e-01	1.23e-01	1.98e-13
 2.77045e+16	8.82e-01	1.18e-01	1.80e-13
 2.77064e+16	8.86e-01	1.14e-01	1.63e-13
 2.77082e+16	8.90e-01	1.10e-01	1.49e-13
 2.77099e+16	8.94e-01	1.06e-01	1.36e-13
 2.77116e+16	8.98e-01	1.02e-01	1.25e-13
 2.77132e+16	9.01e-01	9.88e-02	1.15e-13
 2.77148e+16	9.04e-01	9.56e-02	1.06e-13
 2.77162e+16	9.07e-01	9.26e-02	9.87e-14
 2.77175e+16	9.10e-01	9.00e-02	9.22e-14
 2.77187e+16	9.12e-01	8.76e-02	8.67e-14
 2.77198e+16	9.14e-01	8.55e-02	8.19e-14
 2.77208e+16	9.16e-01	8.36e-02	7.78e-14
 2.77217e+16	9.18e-01	8.19e-02	7.42e-14
 2.77226e+16	9.20e-01	8.04e-02	7.10e-14
 2.77233e+16	9.21e-01	7.90e-02	6.82e-14
 2.77241e+16	9.23e-01	7.74e-02	6.54e-14
 2.77250e+16	9.24e-01	7.58e-02	6.22e-14
 2.77258e+16	9.26e-01	7.43e-02	5.95e-14
 2.77266e+16	9.27e-01	7.31e-02	5.73e-14
 2.77272e+16	9.28e-01	7.19e-02	5.52e-14
 2.77278e+16	9.29e-01	7.08e-02	5.33e-14
 2.77284e+16	9.30e-01	6.99e-02	5.18e-14
 2.77290e+16	9.31e-01	6.88e-02	5.01e-14
 2.77298e+16	9.33e-01	6.74e-02	4.79e-14
 2.77307e+16	9.34e-01	6.60e-02	4.56e-14
 2.77314e+16	9.35e-01	6.47e-02	4.36e-14
 2.77321e+16	9.36e-01	6.35e-02	4.19e-14
 2.77328e+16	9.38e-01	6.25e-02	4.04e-14
 2.77334e+16	9.38e-01	6.16e-02	3.91e-14
 2.77339e+16	9.39e-01	6.07e-02	3.79e-14
 2.77344e+16	9.40e-01	5.99e-02	3.69e-14
 2.77349e+16	9.41e-01	5.90e-02	3.57e-14
 2.77355e+16	9.42e-01	5.81e-02	3.44e-14
 2.77360e+16	9.43e-01	5.73e-02	3.34e-14
 2.77365e+16	9.43e-01	5.66e-02	3.25e-14
 2.77369e+16	9.44e-01	5.59e-02	3.17e-14
 2.77374e+16	9.45e-01	5.51e-02	3.08e-14
 2.77379e+16	9.46e-01	5.43e-02	2.98e-14
 2.77384e+16	9.46e-01	5.36e-02	2.90e-14
 2.77388e+16	9.47e-01	5.30e-02	2.83e-14
 2.77392e+16	9.48e-01	5.22e-02	2.75e-14
 2.77397e+16	9.49e-01	5.15e-02	2.67e-14
 2.77402e+16	9.49e-01	5.08e-02	2.60e-14
 2.77406e+16	9.50e-01	5.03e-02	2.54e-14
 2.77410e+16	9.50e-01	4.97e-02	2.48e-14
 2.77413e+16	9.51e-01	4.92e-02	2.43e-14
 2.77417e+16	9.51e-01	4.86e-02	2.38e-14
 2.77422e+16	9.52e-01	4.79e-02	2.31e-14
 2.77427e+16	9.53e-01	4.72e-02	2.24e-14
 2.77432e+16	9.53e-01	4.65e-02	2.18e-14
 2.77436e+16	9.54e-01	4.59e-02	2.13e-14
 2.77440e+16	9.55e-01	4.54e-02	2.08e-14
 2.77445e+16	9.55e-01	4.48e-02	2.03e-14
 2.77449e+16	9.56e-01	4.42e-02	1.98e-14
 2.77454e+16	9.56e-01	4.36e-02	1.93e-14
 2.77458e+16	9.57e-01	4.31e-02	1.89e-14
 2.77461e+16	9.57e-01	4.27e-02	1.86e-14
 2.77465e+16	9.58e-01	4.22e-02	1.82e-14
 2.77470e+16	9.58e-01	4.16e-02	1.78e-14
 2.77476e+16	9.59e-01	4.10e-02	1.73e-14
 2.77481e+16	9.60e-01	4.04e-02	1.69e-14
 2.77485e+16	9.60e-01	3.99e-02	1.65e-14
 2.77489e+16	9.61e-01	3.94e-02	1.62e-14
 2.77493e+16	9.61e-01	3.90e-02	1.59e-14
 2.77497e+16	9.61e-01	3.86e-02	1.56e-14
 2.77502e+16	9.62e-01	3.79e-02	1.52e-14
 2.77508e+16	9.63e-01	3.73e-02	1.48e-14
 2.77513e+16	9.63e-01	3.68e-02	1.45e-14
 2.77518e+16	9.64e-01	3.63e-02	1.43e-14
 2.77522e+16	9.64e-01	3.59e-02	1.40e-14
 2.77526e+16	9.65e-01	3.55e-02	1.38e-14
 2.77531e+16	9.65e-01	3.50e-02	1.35e-14
 2.77536e+16	9.66e-01	3.45e-02	1.32e-14
 2.77542e+16	9.66e-01	3.39e-02	1.29e-14
 2.77548e+16	9.67e-01	3.34e-02	1.27e-14
 2.77553e+16	9.67e-01	3.30e-02	1.25e-14
 2.77557e+16	9.67e-01	3.25e-02	1.23e-14
 2.77562e+16	9.68e-01	3.22e-02	1.21e-14
 2.77566e+16	9.68e-01	3.18e-02	1.19e-14
 2.77572e+16	9.69e-01	3.12e-02	1.17e-14
 2.77578e+16	9.69e-01	3.08e-02	1.15e-14
 2.77584e+16	9.70e-01	3.03e-02	1.12e-14
 2.77590e+16	9.70e-01	2.99e-02	1.11e-14
 2.77594e+16	9.71e-01	2.95e-02	1.09e-14
 2.77600e+16	9.71e-01	2.91e-02	1.07e-14
 2.77607e+16	9.71e-01	2.85e-02	1.05e-14
 2.77614e+16	9.72e-01	2.80e-02	1.03e-14
 2.77621e+16	9.72e-01	2.75e-02	1.01e-14
 2.77627e+16	9.73e-01	2.71e-02	9.94e-15
 2.77632e+16	9.73e-01	2.67e-02	9.78e-15
 2.77638e+16	9.74e-01	2.64e-02	9.65e-15
 2.77643e+16	9.74e-01	2.60e-02	9.52e-15
 2.77650e+16	9.74e-01	2.55e-02	9.32e-15
 2.77658e+16	9.75e-01	2.50e-02	9.16e-15
 2.77665e+16	9.75e-01	2.46e-02	9.00e-15
 2.77672e+16	9.76e-01	2.42e-02	8.85e-15
 2.77678e+16	9.76e-01	2.39e-02	8.73e-15
 2.77684e+16	9.76e-01	2.35e-02	8.60e-15
 2.77691e+16	9.77e-01	2.31e-02	8.46e-15
 2.77697e+16	9.77e-01	2.28e-02	8.33e-15
 2.77704e+16	9.78e-01	2.24e-02	8.21e-15
 2.77712e+16	9.78e-01	2.20e-02	8.07e-15
 2.77719e+16	9.78e-01	2.17e-02	7.95e-15
 2.77726e+16	9.79e-01	2.13e-02	7.82e-15
 2.77734e+16	9.79e-01	2.09e-02	7.69e-15
 2.77742e+16	9.79e-01	2.06e-02	7.56e-15
 2.77748e+16	9.80e-01	2.03e-02	7.47e-15
 2.77756e+16	9.80e-01	1.99e-02	7.35e-15
 2.77763e+16	9.80e-01	1.96e-02	7.23e-15
 2.77771e+16	9.81e-01	1.93e-02	7.13e-15
 2.77779e+16	9.81e-01	1.89e-02	7.01e-15
 2.77787e+16	9.81e-01	1.86e-02	6.89e-15
 2.77795e+16	9.82e-01	1.83e-02	6.79e-15
 2.77803e+16	9.82e-01	1.79e-02	6.67e-15
 2.77813e+16	9.82e-01	1.76e-02	6.56e-15
 2.77821e+16	9.83e-01	1.73e-02	6.46e-15
 2.77830e+16	9.83e-01	1.69e-02	6.34e-15
 2.77840e+16	9.83e-01	1.66e-02	6.22e-15
 2.77849e+16	9.84e-01	1.63e-02	6.12e-15
 2.77859e+16	9.84e-01	1.59e-02	6.00e-15
 2.77869e+16	9.84e-01	1.56e-02	5.89e-15
 2.77879e+16	9.85e-01	1.53e-02	5.79e-15
 2.77890e+16	9.85e-01	1.49e-02	5.67e-15
 2.77901e+16	9.85e-01	1.46e-02	5.56e-15
 2.77911e+16	9.86e-01	1.43e-02	5.46e-15
 2.77923e+16	9.86e-01	1.39e-02	5.33e-15
 2.77935e+16	9.86e-01	1.36e-02	5.22e-15
 2.77946e+16	9.87e-01	1.33e-02	5.11e-15
 2.77957e+16	9.87e-01	1.30e-02	5.02e-15
 2.77968e+16	9.87e-01	1.27e-02	4.90e-15
 2.77980e+16	9.88e-01	1.24e-02	4.79e-15
 2.77993e+16	9.88e-01	1.20e-02	4.66e-15
 2.78010e+16	9.88e-01	1.15e-02	4.49e-15
 2.78030e+16	9.89e-01	1.10e-02	4.30e-15
 2.78049e+16	9.90e-01	1.05e-02	4.11e-15
 2.78068e+16	9.90e-01	9.96e-03	3.92e-15
 2.78088e+16	9.91e-01	9.43e-03	3.72e-15
 2.78109e+16	9.91e-01	8.87e-03	3.51e-15
 2.78131e+16	9.92e-01	8.31e-03	3.30e-15
 2.78153e+16	9.92e-01	7.76e-03	3.08e-15
 2.78177e+16	9.93e-01	7.21e-03	2.88e-15
 2.78201e+16	9.93e-01	6.68e-03	2.67e-15
 2.78227e+16	9.94e-01	6.16e-03	2.46e-15
 2.78254e+16	9.94e-01	5.64e-03	2.26e-15
 2.78282e+16	9.95e-01	5.15e-03	2.07e-15
 2.78312e+16	9.95e-01	4.68e-03	1.88e-15
 2.78343e+16	9.96e-01	4.23e-03	1.70e-15
 2.78376e+16	9.96e-01	3.80e-03	1.53e-15
 2.78410e+16	9.97e-01	3.39e-03	1.37e-15
 2.78447e+16	9.97e-01	3.01e-03	1.22e-15
 2.78487e+16	9.97e-01	2.64e-03	1.07e-15
 2.78529e+16	9.98e-01	2.30e-03	9.33e-16
 2.78574e+16	9.98e-01	1.98e-03	8.04e-16
 2.78624e+16	9.98e-01	1.68e-03	6.83e-16
 2.78678e+16	9.99e-01	1.41e-03	5.72e-16
 2.78739e+16	9.99e-01	1.15e-03	4.69e-16
 2.78806e+16	9.99e-01	9.22e-04	3.76e-16
 2.78883e+16	9.99e-01	7.15e-04	2.92e-16
 2.78972e+16	9.99e-01	5.33e-04	2.18e-16
 2.79070e+16	1.00e+00	3.88e-04	1.58e-16
 2.79170e+16	1.00e+00	2.81e-04	1.15e-16
 2.79270e+16	1.00e+00	2.04e-04	8.35e-17
 2.79369e+16	1.00e+00	1.48e-04	6.06e-17
 2.79469e+16	1.00e+00	1.08e-04	4.40e-17
 2.79568e+16	1.00e+00	7.85e-05	3.20e-17
 2.79668e+16	1.00e+00	5.71e-05	2.32e-17
 2.79767e+16	1.00e+00	4.16e-05	1.69e-17
 2.79867e+16	1.00e+00	3.03e-05	1.23e-17
 2.79967e+16	1.00e+00	2.21e-05	8.93e-18
 2.80066e+16	1.00e+00	1.61e-05	6.50e-18
 2.80166e+16	1.00e+00	1.17e-05	4.72e-18
 2.80265e+16	1.00e+00	8.57e-06	3.44e-18
 2.80365e+16	1.00e+00	6.23e-06	2.48e-18
 2.80464e+16	1.00e+00	4.55e-06	1.81e-18
 2.80564e+16	1.00e+00	3.33e-06	1.32e-18
 2.80664e+16	1.00e+00	2.43e-06	9.61e-19
 2.80763e+16	1.00e+00	1.77e-06	6.99e-19
 2.80863e+16	1.00e+00	1.29e-06	5.06e-19
 2.80962e+16	1.00e+00	9.46e-07	3.70e-19
 2.81062e+16	1.00e+00	6.91e-07	2.69e-19
 2.81161e+16	1.00e+00	5.04e-07	1.95e-19
 2.81261e+16	1.00e+00	3.69e-07	1.43e-19
 2.81360e+16	1.00e+00	2.70e-07	1.04e-19
 2.81460e+16	1.00e+00	1.97e-07	7.53e-20
 2.81560e+16	1.00e+00	1.44e-07	5.48e-20
 2.81659e+16	1.00e+00	1.06e-07	4.01e-20
 2.81759e+16	1.00e+00	7.72e-08	2.92e-20
 2.81858e+16	1.00e+00	5.64e-08	2.12e-20
 2.81958e+16	1.00e+00	4.13e-08	1.54e-20
 2.82057e+16	1.00e+00	3.03e-08	1.13e-20
 2.82157e+16	1.00e+00	2.22e-08	8.23e-21
 2.82256e+16	1.00e+00	1.62e-08	0.00e+00
 2.82356e+16	1.00e+00	1.19e-08	0.00e+00
 2.82456e+16	1.00e+00	8.72e-09	0.00e+00
 2.82555e+16	1.00e+00	6.39e-09	0.00e+00
 2.82655e+16	1.00e+00	4.68e-09	0.00e+00
 2.82754e+16	1.00e+00	3.43e-09	0.00e+00
 2.82854e+16	1.00e+00	2.52e-09	0.00e+00
 2.82953e+16	1.00e+00	1.85e-09	0.00e+00
 2.83053e+16	1.00e+00	1.36e-09	0.00e+00
 2.83152e+16	1.00e+00	9.96e-10	0.00e+00
 2.83252e+16	1.00e+00	7.33e-10	0.00e+00
 2.83351e+16	1.00e+00	5.39e-10	0.00e+00
 2.83451e+16	1.00e+00	3.96e-10	0.00e+00
 2.83551e+16	1.00e+00	2.92e-10	0.00e+00
 2.83650e+16	1.00e+00	2.16e-10	0.00e+00
 2.83750e+16	1.00e+00	1.59e-10	0.00e+00
 2.83849e+16	1.00e+00	1.18e-10	0.00e+00
 2.83949e+16	1.00e+00	8.77e-11	0.00e+00
 2.84048e+16	1.00e+00	6.55e-11	0.00e+00
 2.84148e+16	1.00e+00	4.92e-11	0.00e+00
 2.84247e+16	1.00e+00	3.72e-11	0.00e+00
 2.84347e+16	1.00e+00	2.84e-11	0.00e+00
 2.84446e+16	1.00e+00	2.19e-11	0.00e+00
 2.84546e+16	1.00e+00	1.72e-11	0.00e+00
 2.84646e+16	1.00e+00	1.37e-11	0.00e+00
 2.84745e+16	1.00e+00	1.11e-11	0.00e+00
 2.84845e+16	1.00e+00	9.16e-12	0.00e+00
 2.84944e+16	1.00e+00	7.77e-12	0.00e+00
 2.85044e+16	1.00e+00	6.73e-12	0.00e+00
 2.85143e+16	1.00e+00	5.96e-12	0.00e+00
 2.85243e+16	1.00e+00	5.38e-12	0.00e+00
 2.85342e+16	1.00e+00	4.97e-12	0.00e+00
 2.85442e+16	1.00e+00	4.64e-12	0.00e+00
 2.85541e+16	1.00e+00	4.40e-12	0.00e+00
 2.85641e+16	1.00e+00	4.22e-12	0.00e+00
 2.85740e+16	1.00e+00	4.08e-12	0.00e+00
 2.85840e+16	1.00e+00	3.97e-12	0.00e+00
 2.85955e+16	1.00e+00	3.87e-12	0.00e+00
 2.86103e+16	1.00e+00	3.77e-12	0.00e+00
 2.86297e+16	1.00e+00	3.68e-12	0.00e+00
 2.86548e+16	1.00e+00	3.59e-12	0.00e+00
 2.86875e+16	1.00e+00	3.49e-12	0.00e+00
 2.87300e+16	1.00e+00	3.39e-12	0.00e+00
 2.87853e+16	1.00e+00	3.26e-12	0.00e+00
 2.88571e+16	1.00e+00	3.11e-12	0.00e+00
 2.89505e+16	1.00e+00	2.92e-12	0.00e+00
 2.90719e+16	1.00e+00	2.69e-12	0.00e+00
 2.92218e+16	1.00e+00	2.43e-12	0.00e+00
 2.93873e+16	1.00e+00	2.18e-12	0.00e+00
 2.95593e+16	1.00e+00	1.94e-12	0.00e+00
 2.97413e+16	1.00e+00	1.72e-12	0.00e+00
 2.99399e+16	1.00e+00	1.50e-12	0.00e+00
 3.01607e+16	1.00e+00	1.29e-12	0.00e+00
 3.04015e+16	1.00e+00	1.10e-12	0.00e+00
 3.06571e+16	1.00e+00	9.28e-13	0.00e+00
 3.09292e+16	1.00e+00	7.74e-13	0.00e+00
 3.12246e+16	1.00e+00	6.36e-13	0.00e+00
 3.15467e+16	1.00e+00	5.14e-13	0.00e+00
 3.18955e+16	1.00e+00	4.09e-13	0.00e+00
 3.22727e+16	1.00e+00	3.20e-13	0.00e+00
 3.26805e+16	1.00e+00	2.46e-13	0.00e+00
 3.31231e+16	1.00e+00	1.86e-13	0.00e+00
 3.36097e+16	1.00e+00	1.37e-13	0.00e+00
 3.41464e+16	1.00e+00	9.84e-14	0.00e+00
 3.47328e+16	1.00e+00	6.90e-14	0.00e+00
 3.53726e+16	1.00e+00	4.71e-14	0.00e+00
 3.60735e+16	1.00e+00	3.13e-14	0.00e+00
 3.68419e+16	1.00e+00	2.02e-14	0.00e+00
 3.76828e+16	1.00e+00	1.27e-14	0.00e+00
 3.86020e+16	1.00e+00	7.70e-15	0.00e+00
 3.96084e+16	1.00e+00	4.53e-15	0.00e+00
 4.07135e+16	1.00e+00	2.58e-15	0.00e+00
 4.19307e+16	1.00e+00	1.41e-15	0.00e+00
 4.32743e+16	1.00e+00	7.40e-16	0.00e+00
 4.47511e+16	1.00e+00	3.73e-16	0.00e+00
 4.64055e+16	1.00e+00	1.78e-16	0.00e+00
 4.82343e+16	1.00e+00	8.14e-17	0.00e+00
 5.01637e+16	1.00e+00	3.65e-17	0.00e+00
 5.21703e+16	1.00e+00	1.64e-17	0.00e+00
 5.42571e+16	1.00e+00	7.47e-18	0.00e+00
 5.64275e+16	1.00e+00	3.42e-18	0.00e+00
 5.86846e+16	1.00e+00	1.59e-18	0.00e+00
 6.10320e+16	1.00e+00	7.62e-19	0.00e+00
 6.34733e+16	1.00e+00	3.90e-19	0.00e+00
 6.60123e+16	1.00e+00	2.24e-19	0.00e+00
 6.86528e+16	1.00e+00	1.50e-19	0.00e+00
 7.13989e+16	1.00e+00	1.17e-19	0.00e+00
 7.42549e+16	1.00e+00	1.02e-19	0.00e+00
 7.72251e+16	1.00e+00	9.55e-20	0.00e+00
 8.03142e+16	1.00e+00	9.19e-20	0.00e+00
 8.35268e+16	1.00e+00	8.99e-20	0.00e+00
 8.68679e+16	1.00e+00	8.81e-20	0.00e+00
 9.03426e+16	1.00e+00	8.57e-20	0.00e+00
 9.39564e+16	1.00e+00	8.35e-20	0.00e+00
 9.77146e+16	1.00e+00	8.08e-20	0.00e+00
 1.01623e+17	1.00e+00	7.91e-20	0.00e+00
 1.05688e+17	1.00e+00	7.58e-20	0.00e+00
 1.09916e+17	1.00e+00	7.14e-20	0.00e+00
 1.14182e+17	1.00e+00	6.61e-20	0.00e+00
 1.18277e+17	1.00e+00	5.26e-20	0.00e+00
 1.21485e+17	1.00e+00	4.96e-20	0.00e+00
 1.24303e+17	1.00e+00	4.55e-20	0.00e+00
 1.27966e+17	1.00e+00	4.31e-20	0.00e+00
 1.32638e+17	1.00e+00	3.61e-20	0.00e+00
 1.36876e+17	1.00e+00	3.01e-20	0.00e+00
 1.39682e+17	1.00e+00	2.80e-20	0.00e+00
 1.42369e+17	1.00e+00	2.60e-20	0.00e+00
 1.45862e+17	1.00e+00	2.44e-20	0.00e+00
 1.50402e+17	1.00e+00	2.04e-20	0.00e+00
 1.55250e+17	1.00e+00	1.72e-20	0.00e+00
 1.60349e+17	1.00e+00	1.61e-20	0.00e+00
 1.66430e+17	1.00e+00	1.43e-20	0.00e+00
 1.73087e+17	1.00e+00	1.23e-20	0.00e+00
 1.80010e+17	1.00e+00	1.05e-20	0.00e+00
 1.87211e+17	1.00e+00	8.21e-21	0.00e+00
 1.94162e+17	1.00e+00	7.04e-21	0.00e+00
 2.01391e+17	1.00e+00	6.18e-21	0.00e+00
 2.09446e+17	1.00e+00	5.36e-21	0.00e+00
 2.17824e+17	1.00e+00	4.71e-21	0.00e+00
 2.26537e+17	1.00e+00	4.14e-21	0.00e+00
 2.35009e+17	1.00e+00	3.66e-21	0.00e+00
 2.43063e+17	1.00e+00	3.31e-21	0.00e+00
 2.51324e+17	1.00e+00	2.99e-21	0.00e+00
 2.59953e+17	1.00e+00	2.70e-21	0.00e+00
 2.68809e+17	1.00e+00	2.44e-21	0.00e+00
 2.77822e+17	1.00e+00	2.22e-21	0.00e+00
 2.86974e+17	1.00e+00	2.02e-21	0.00e+00
 2.96247e+17	1.00e+00	1.85e-21	0.00e+00
 3.05586e+17	1.00e+00	1.69e-21	0.00e+00
 3.14942e+17	1.00e+00	1.56e-21	0.00e+00
 3.24197e+17	1.00e+00	1.43e-21	0.00e+00
 3.33120e+17	1.00e+00	1.32e-21	0.00e+00
 3.41678e+17	1.00e+00	1.24e-21	0.00e+00
 3.50016e+17	1.00e+00	1.16e-21	0.00e+00
 3.58185e+17	1.00e+00	1.08e-21	0.00e+00
 3.66123e+17	1.00e+00	1.02e-21	0.00e+00
 3.73733e+17	1.00e+00	9.65e-22	0.00e+00
 3.80984e+17	1.00e+00	9.18e-22	0.00e+00
 3.87861e+17	1.00e+00	8.74e-22	0.00e+00
 3.94356e+17	1.00e+00	8.36e-22	0.00e+00
 4.00501e+17	1.00e+00	8.03e-22	0.00e+00
 4.06291e+17	1.00e+00	7.73e-22	0.00e+00
 4.11730e+17	1.00e+00	7.46e-22	0.00e+00
 4.16829e+17	1.00e+00	7.23e-22	0.00e+00
 4.21602e+17	1.00e+00	7.02e-22	0.00e+00
 4.26077e+17	1.00e+00	6.83e-22	0.00e+00
 4.30276e+17	1.00e+00	6.65e-22	0.00e+00
 4.34216e+17	1.00e+00	6.50e-22	0.00e+00
 4.37912e+17	1.00e+00	6.35e-22	0.00e+00
 4.41379e+17	1.00e+00	6.23e-22	0.00e+00
 4.44635e+17	1.00e+00	6.11e-22	0.00e+00
 4.47694e+17	1.00e+00	6.01e-22	0.00e+00
 4.50573e+17	1.00e+00	5.91e-22	0.00e+00
 4.53283e+17	1.00e+00	5.82e-22	0.00e+00
 4.55835e+17	1.00e+00	5.73e-22	0.00e+00
 4.58238e+17	1.00e+00	5.67e-22	0.00e+00
 4.60504e+17	1.00e+00	5.58e-22	0.00e+00
 4.62648e+17	1.00e+00	5.53e-22	0.00e+00
 4.64677e+17	1.00e+00	5.46e-22	0.00e+00
 4.66595e+17	1.00e+00	5.41e-22	0.00e+00
 4.68405e+17	1.00e+00	5.35e-22	0.00e+00
 4.70115e+17	1.00e+00	5.31e-22	0.00e+00
 4.71734e+17	1.00e+00	5.26e-22	0.00e+00
 4.73271e+17	1.00e+00	5.23e-22	0.00e+00
 4.74729e+17	1.00e+00	5.20e-22	0.00e+00
 4.76113e+17	1.00e+00	5.18e-22	0.00e+00
 4.77426e+17	1.00e+00	5.17e-22	0.00e+00
 4.78671e+17	1.00e+00	5.17e-22	0.00e+00
 4.79855e+17	1.00e+00	5.18e-22	0.00e+00
 4.80981e+17	1.00e+00	5.20e-22	0.00e+00
 4.82054e+17	1.00e+00	5.24e-22	0.00e+00
 4.83076e+17	1.00e+00	5.29e-22	0.00e+00
 4.84049e+17	1.00e+00	5.36e-22	0.00e+00
 4.84977e+17	1.00e+00	5.45e-22	0.00e+00
 4.85862e+17	1.00e+00	5.55e-22	0.00e+00
 4.86708e+17	1.00e+00	5.68e-22	0.00e+00
 4.87517e+17	1.00e+00	5.81e-22	0.00e+00
 4.88292e+17	1.00e+00	5.97e-22	0.00e+00
 4.89034e+17	1.00e+00	6.14e-22	0.00e+00
 4.89745e+17	1.00e+00	6.34e-22	0.00e+00
 4.90428e+17	1.00e+00	6.54e-22	0.00e+00
 4.91085e+17	1.00e+00	6.75e-22	0.00e+00
 4.91718e+17	1.00e+00	6.97e-22	0.00e+00
 4.92329e+17	1.00e+00	7.20e-22	0.00e+00
 4.92920e+17	1.00e+00	7.42e-22	0.00e+00
 4.93491e+17	1.00e+00	7.65e-22	0.00e+00
 4.94045e+17	1.00e+00	7.88e-22	0.00e+00
 4.94584e+17	1.00e+00	8.10e-22	0.00e+00
 4.95110e+17	1.00e+00	8.30e-22	0.00e+00
 4.95624e+17	1.00e+00	8.48e-22	0.00e+00
 4.96128e+17	1.00e+00	8.65e-22	0.00e+00
 4.96625e+17	1.00e+00	8.79e-22	0.00e+00
 4.97115e+17	1.00e+00	8.90e-22	0.00e+00
 4.97602e+17	1.00e+00	8.98e-22	0.00e+00
 4.98088e+17	1.00e+00	9.01e-22	0.00e+00
 4.98575e+17	1.00e+00	9.01e-22	0.00e+00
 4.99066e+17	1.00e+00	8.95e-22	0.00e+00
 4.99565e+17	1.00e+00	8.83e-22	0.00e+00
 5.00076e+17	1.00e+00	8.66e-22	0.00e+00
 5.00602e+17	1.00e+00	8.42e-22	0.00e+00
 5.01151e+17	1.00e+00	8.11e-22	0.00e+00
 5.01729e+17	1.00e+00	7.73e-22	0.00e+00
 5.02345e+17	1.00e+00	7.29e-22	0.00e+00
 5.03011e+17	1.00e+00	6.79e-22	0.00e+00
 5.03741e+17	1.00e+00	6.26e-22	0.00e+00
 5.04557e+17	1.00e+00	5.73e-22	0.00e+00
 5.05485e+17	1.00e+00	5.23e-22	0.00e+00
 5.06564e+17	1.00e+00	4.83e-22	0.00e+00
 5.07851e+17	1.00e+00	4.54e-22	0.00e+00
 5.09423e+17	1.00e+00	4.37e-22	0.00e+00
 5.11401e+17	1.00e+00	4.28e-22	0.00e+00
 5.13949e+17	1.00e+00	4.22e-22	0.00e+00
 5.17261e+17	1.00e+00	4.14e-22	0.00e+00
 5.21567e+17	1.00e+00	4.06e-22	0.00e+00
 5.27165e+17	1.00e+00	3.95e-22	0.00e+00
 5.34442e+17	1.00e+00	3.81e-22	0.00e+00
 5.43902e+17	1.00e+00	3.64e-22	0.00e+00
 5.56200e+17	1.00e+00	3.44e-22	0.00e+00
 5.72188e+17	1.00e+00	3.21e-22	0.00e+00
 5.92849e+17	1.00e+00	2.93e-22	0.00e+00
 6.15614e+17	1.00e+00	2.66e-22	0.00e+00
 6.36390e+17	1.00e+00	2.43e-22	0.00e+00
 6.55069e+17	1.00e+00	2.27e-22	0.00e+00
 6.72463e+17	1.00e+00	2.12e-22	0.00e+00
 6.88491e+17	1.00e+00	2.00e-22	0.00e+00
 7.03275e+17	1.00e+00	1.89e-22	0.00e+00
 7.16802e+17	1.00e+00	1.81e-22	0.00e+00
 7.28991e+17	1.00e+00	1.73e-22	0.00e+00
 7.39866e+17	1.00e+00	1.67e-22	0.00e+00
 7.49592e+17	1.00e+00	1.61e-22	0.00e+00
 7.58327e+17	1.00e+00	1.57e-22	0.00e+00
 7.66099e+17	1.00e+00	1.53e-22	0.00e+00
 7.72736e+17	1.00e+00	1.50e-22	0.00e+00
 7.77643e+17	1.00e+00	1.47e-22	0.00e+00
 7.80708e+17	1.00e+00	1.46e-22	0.00e+00
 7.82531e+17	1.00e+00	1.46e-22	0.00e+00
 7.83624e+17	1.00e+00	1.52e-22	0.00e+00
 7.84281e+17	1.00e+00	2.43e-22	0.00e+00
 7.84753e+17	1.00e+00	5.45e-22	0.00e+00
 7.85216e+17	1.00e+00	6.29e-22	0.00e+00
 7.85693e+17	1.00e+00	5.98e-22	0.00e+00
 7.86144e+17	1.00e+00	5.85e-22	0.00e+00
 7.86550e+17	1.00e+00	6.89e-22	0.00e+00
 7.86933e+17	1.00e+00	7.67e-22	0.00e+00
 7.87301e+17	1.00e+00	8.10e-22	0.00e+00
 7.87653e+17	1.00e+00	8.44e-22	0.00e+00
 7.87982e+17	1.00e+00	8.96e-22	0.00e+00
 7.88288e+17	1.00e+00	9.66e-22	0.00e+00
 7.88575e+17	1.00e+00	1.04e-21	0.00e+00
 7.88838e+17	1.00e+00	1.10e-21	0.00e+00
 7.89091e+17	1.00e+00	1.19e-21	0.00e+00
 7.89337e+17	1.00e+00	1.19e-21	0.00e+00
 7.89567e+17	1.00e+00	1.25e-21	0.00e+00
 7.89795e+17	1.00e+00	1.30e-21	0.00e+00
 7.90017e+17	1.00e+00	1.29e-21	0.00e+00
 7.90219e+17	1.00e+00	1.35e-21	0.00e+00
 7.90407e+17	1.00e+00	1.41e-21	0.00e+00
 7.90592e+17	1.00e+00	1.48e-21	0.00e+00
 7.90793e+17	1.00e+00	1.46e-21	0.00e+00
 7.90974e+17	1.00e+00	1.40e-21	0.00e+00
 7.91147e+17	1.00e+00	1.55e-21	0.00e+00
 7.91331e+17	1.00e+00	1.47e-21	0.00e+00
 7.91502e+17	1.00e+00	1.51e-21	0.00e+00
 7.91668e+17	1.00e+00	1.54e-21	0.00e+00
 7.91829e+17	1.00e+00	1.57e-21	0.00e+00
 7.91984e+17	1.00e+00	1.58e-21	0.00e+00
 7.92147e+17	1.00e+00	1.62e-21	0.00e+00
 7.92313e+17	1.00e+00	1.55e-21	0.00e+00
 7.92467e+17	1.00e+00	1.59e-21	0.00e+00
 7.92623e+17	1.00e+00	1.61e-21	0.00e+00
 7.92783e+17	1.00e+00	1.60e-21	0.00e+00
 7.92944e+17	1.00e+00	1.58e-21	0.00e+00
 7.93102e+17	1.00e+00	1.59e-21	0.00e+00
 7.93260e+17	1.00e+00	1.59e-21	0.00e+00
 7.93422e+17	1.00e+00	1.59e-21	0.00e+00
 7.93586e+17	1.00e+00	1.57e-21	0.00e+00
 7.93751e+17	1.00e+00	1.56e-21	0.00e+00
 7.93914e+17	1.00e+00	1.55e-21	0.00e+00
 7.94087e+17	1.00e+00	1.57e-21	0.00e+00
 7.94270e+17	1.00e+00	1.48e-21	0.00e+00
 7.94446e+17	1.00e+00	1.48e-21	0.00e+00
 7.94615e+17	1.00e+00	1.49e-21	0.00e+00
 7.94796e+17	1.00e+00	1.52e-21	0.00e+00
 7.94992e+17	1.00e+00	1.42e-21	0.00e+00
 7.95181e+17	1.00e+00	1.41e-21	0.00e+00
 7.95369e+17	1.00e+00	1.42e-21	0.00e+00
 7.95572e+17	1.00e+00	1.41e-21	0.00e+00
 7.95782e+17	1.00e+00	1.33e-21	0.00e+00
 7.95985e+17	1.00e+00	1.34e-21	0.00e+00
 7.96191e+17	1.00e+00	1.34e-21	0.00e+00
 7.96414e+17	1.00e+00	1.32e-21	0.00e+00
 7.96643e+17	1.00e+00	1.23e-21	0.00e+00
 7.96871e+17	1.00e+00	1.25e-21	0.00e+00
 7.97097e+17	1.00e+00	1.22e-21	0.00e+00
 7.97333e+17	1.00e+00	1.24e-21	0.00e+00
 7.97589e+17	1.00e+00	1.15e-21	0.00e+00
 7.97847e+17	1.00e+00	1.11e-21	0.00e+00
 7.98097e+17	1.00e+00	1.10e-21	0.00e+00
 7.98353e+17	1.00e+00	1.13e-21	0.00e+00
 7.98623e+17	1.00e+00	1.07e-21	0.00e+00
 7.98897e+17	1.00e+00	1.04e-21	0.00e+00
 7.99178e+17	1.00e+00	1.02e-21	0.00e+00
 7.99468e+17	1.00e+00	9.93e-22	0.00e+00
 7.99763e+17	1.00e+00	9.52e-22	0.00e+00
 8.00062e+17	1.00e+00	9.44e-22	0.00e+00
 8.00366e+17	1.00e+00	9.17e-22	0.00e+00
 8.00682e+17	1.00e+00	9.03e-22	0.00e+00
 8.01008e+17	1.00e+00	8.46e-22	0.00e+00
 8.01341e+17	1.00e+00	8.34e-22	0.00e+00
 8.01674e+17	1.00e+00	7.95e-22	0.00e+00
 8.02019e+17	1.00e+00	8.16e-22	0.00e+00
 8.02377e+17	1.00e+00	7.31e-22	0.00e+00
 8.02730e+17	1.00e+00	7.42e-22	0.00e+00
 8.03097e+17	1.00e+00	7.30e-22	0.00e+00
 8.03487e+17	1.00e+00	6.76e-22	0.00e+00
 8.03875e+17	1.00e+00	6.22e-22	0.00e+00
 8.04252e+17	1.00e+00	6.62e-22	0.00e+00
 8.04642e+17	1.00e+00	6.53e-22	0.00e+00
 8.05056e+17	1.00e+00	6.07e-22	0.00e+00
 8.05479e+17	1.00e+00	5.51e-22	0.00e+00
 8.05899e+17	1.00e+00	5.55e-22	0.00e+00
 8.06324e+17	1.00e+00	5.45e-22	0.00e+00
 8.06764e+17	1.00e+00	5.26e-22	0.00e+00
 8.07214e+17	1.00e+00	4.90e-22	0.00e+00
 8.07666e+17	1.00e+00	4.78e-22	0.00e+00
 8.08123e+17	1.00e+00	4.70e-22	0.00e+00
 8.08589e+17	1.00e+00	4.52e-22	0.00e+00
 8.09080e+17	1.00e+00	4.33e-22	0.00e+00
 8.09580e+17	1.00e+00	3.76e-22	0.00e+00
 8.10083e+17	1.00e+00	3.95e-22	0.00e+00
 8.10595e+17	1.00e+00	3.58e-22	0.00e+00
 8.11102e+17	1.00e+00	3.63e-22	0.00e+00
 8.11623e+17	1.00e+00	3.55e-22	0.00e+00
 8.12166e+17	1.00e+00	3.27e-22	0.00e+00
 8.12716e+17	1.00e+00	2.99e-22	0.00e+00
 8.13289e+17	1.00e+00	3.00e-22	0.00e+00
 8.13863e+17	1.00e+00	2.53e-22	0.00e+00
 8.14438e+17	1.00e+00	2.86e-22	0.00e+00
 8.15047e+17	1.00e+00	2.43e-22	0.00e+00
 8.15664e+17	1.00e+00	2.26e-22	0.00e+00
 8.16290e+17	1.00e+00	2.23e-22	0.00e+00
 8.16937e+17	1.00e+00	2.08e-22	0.00e+00
 8.17573e+17	1.00e+00	1.90e-22	0.00e+00
 8.18148e+17	1.00e+00	2.13e-22	0.00e+00
 8.18661e+17	1.00e+00	2.63e-22	0.00e+00
 8.19137e+17	1.00e+00	3.06e-22	0.00e+00
 8.19593e+17	1.00e+00	3.29e-22	0.00e+00
 8.20032e+17	1.00e+00	3.44e-22	0.00e+00
 8.20451e+17	1.00e+00	3.63e-22	0.00e+00
 8.20850e+17	1.00e+00	3.87e-22	0.00e+00
 8.21231e+17	1.00e+00	4.11e-22	0.00e+00
 8.21597e+17	1.00e+00	4.32e-22	0.00e+00
 8.21949e+17	1.00e+00	4.52e-22	0.00e+00
 8.22288e+17	1.00e+00	4.71e-22	0.00e+00
 8.22613e+17	1.00e+00	4.91e-22	0.00e+00
 8.22926e+17	1.00e+00	5.12e-22	0.00e+00
 8.23226e+17	1.00e+00	5.31e-22	0.00e+00
 8.23515e+17	1.00e+00	5.52e-22	0.00e+00
 8.23793e+17	1.00e+00	5.71e-22	0.00e+00
 8.24060e+17	1.00e+00	5.89e-22	0.00e+00
 8.24317e+17	1.00e+00	6.08e-22	0.00e+00
 8.24566e+17	1.00e+00	6.26e-22	0.00e+00
 8.24806e+17	1.00e+00	6.42e-22	0.00e+00
 8.25039e+17	1.00e+00	6.56e-22	0.00e+00
 8.25263e+17	1.00e+00	6.71e-22	0.00e+00
 8.25478e+17	1.00e+00	6.90e-22	0.00e+00
 8.25688e+17	1.00e+00	7.04e-22	0.00e+00
 8.25892e+17	1.00e+00	7.15e-22	0.00e+00
 8.26091e+17	1.00e+00	7.26e-22	0.00e+00
 8.26285e+17	1.00e+00	7.36e-22	0.00e+00
 8.26475e+17	1.00e+00	7.46e-22	0.00e+00
 8.26659e+17	1.00e+00	7.56e-22	0.00e+00
 8.26839e+17	1.00e+00	7.65e-22	0.00e+00
 8.27016e+17	1.00e+00	7.73e-22	0.00e+00
 8.27189e+17	1.00e+00	7.80e-22	0.00e+00
 8.27359e+17	1.00e+00	7.86e-22	0.00e+00
 8.27553e+17	1.00e+00	7.91e-22	0.00e+00
 8.27805e+17	1.00e+00	7.01e-22	0.00e+00
 8.28132e+17	1.00e+00	5.61e-22	0.00e+00
