#depth	O	O+	O+2	O+3	O+4	O+5	O+6	O+7	O+8	O[1]	O[2]	O[3]
 1.49634e+10	6.57e-46	5.53e-34	1.82e-23	1.03e-14	6.14e-08	8.02e-04	9.99e-01	0.00e+00	0.00e+00	0.00e+00	0.00e+00	0.00e+00
 4.54887e+10	0.00e+00	8.16e-34	2.49e-23	1.30e-14	7.18e-08	8.68e-04	9.99e-01	1.57e-08	0.00e+00	0.00e+00	0.00e+00	0.00e+00
 7.72350e+10	1.67e-45	1.21e-33	3.40e-23	1.65e-14	8.41e-08	9.40e-04	9.99e-01	0.00e+00	0.00e+00	0.00e+00	0.00e+00	0.00e+00
 1.10251e+11	0.00e+00	1.78e-33	4.65e-23	2.09e-14	9.84e-08	1.02e-03	9.99e-01	0.00e+00	0.00e+00	0.00e+00	0.00e+00	0.00e+00
 1.44588e+11	4.26e-45	2.63e-33	6.36e-23	2.64e-14	1.15e-07	1.10e-03	9.99e-01	0.00e+00	0.00e+00	0.00e+00	0.00e+00	0.00e+00
 1.80298e+11	0.00e+00	3.88e-33	8.69e-23	3.34e-14	1.35e-07	1.19e-03	9.99e-01	0.00e+00	0.00e+00	0.00e+00	0.00e+00	0.00e+00
 2.17437e+11	1.08e-44	5.73e-33	1.19e-22	4.23e-14	1.58e-07	1.29e-03	9.99e-01	0.00e+00	0.00e+00	0.00e+00	0.00e+00	0.00e+00
 2.56061e+11	0.00e+00	8.45e-33	1.62e-22	5.35e-14	1.85e-07	1.40e-03	9.99e-01	0.00e+00	0.00e+00	0.00e+00	0.00e+00	0.00e+00
 2.96231e+11	2.75e-44	1.25e-32	2.22e-22	6.77e-14	2.16e-07	1.51e-03	9.98e-01	0.00e+00	0.00e+00	0.00e+00	0.00e+00	0.00e+00
 3.38007e+11	0.00e+00	1.84e-32	3.03e-22	8.56e-14	2.53e-07	1.64e-03	9.98e-01	0.00e+00	0.00e+00	0.00e+00	0.00e+00	0.00e+00
 3.81454e+11	6.96e-44	2.71e-32	4.14e-22	1.08e-13	2.97e-07	1.77e-03	9.98e-01	0.00e+00	0.00e+00	0.00e+00	0.00e+00	0.00e+00
 4.26639e+11	0.00e+00	3.99e-32	5.65e-22	1.37e-13	3.47e-07	1.92e-03	9.98e-01	0.00e+00	0.00e+00	0.00e+00	0.00e+00	0.00e+00
 4.73631e+11	1.76e-43	5.87e-32	7.71e-22	1.73e-13	4.07e-07	2.08e-03	9.98e-01	0.00e+00	0.00e+00	0.00e+00	0.00e+00	0.00e+00
 5.22503e+11	0.00e+00	8.65e-32	1.05e-21	2.19e-13	4.76e-07	2.25e-03	9.98e-01	0.00e+00	0.00e+00	0.00e+00	0.00e+00	0.00e+00
 5.73330e+11	4.44e-43	1.27e-31	1.44e-21	2.77e-13	5.58e-07	2.44e-03	9.98e-01	0.00e+00	0.00e+00	0.00e+00	0.00e+00	0.00e+00
 6.26190e+11	0.00e+00	1.87e-31	1.96e-21	3.51e-13	6.53e-07	2.64e-03	9.97e-01	0.00e+00	0.00e+00	0.00e+00	0.00e+00	0.00e+00
 6.81164e+11	1.12e-42	2.75e-31	2.67e-21	4.44e-13	7.65e-07	2.86e-03	9.97e-01	0.00e+00	0.00e+00	0.00e+00	0.00e+00	0.00e+00
 7.38337e+11	0.00e+00	4.04e-31	3.64e-21	5.62e-13	8.97e-07	3.10e-03	9.97e-01	0.00e+00	0.00e+00	0.00e+00	0.00e+00	0.00e+00
 7.97798e+11	2.80e-42	5.93e-31	4.97e-21	7.10e-13	1.05e-06	3.36e-03	9.97e-01	0.00e+00	0.00e+00	0.00e+00	0.00e+00	0.00e+00
 8.59636e+11	0.00e+00	8.71e-31	6.77e-21	8.98e-13	1.23e-06	3.65e-03	9.96e-01	0.00e+00	0.00e+00	0.00e+00	0.00e+00	0.00e+00
 9.23949e+11	6.98e-42	1.28e-30	9.22e-21	1.14e-12	1.44e-06	3.95e-03	9.96e-01	0.00e+00	0.00e+00	0.00e+00	0.00e+00	0.00e+00
 9.90833e+11	0.00e+00	1.87e-30	1.26e-20	1.44e-12	1.69e-06	4.29e-03	9.96e-01	0.00e+00	0.00e+00	0.00e+00	0.00e+00	0.00e+00
 1.06039e+12	1.73e-41	2.74e-30	1.71e-20	1.82e-12	1.98e-06	4.65e-03	9.95e-01	0.00e+00	0.00e+00	0.00e+00	0.00e+00	0.00e+00
 1.13274e+12	0.00e+00	4.00e-30	2.32e-20	2.30e-12	2.32e-06	5.05e-03	9.95e-01	0.00e+00	0.00e+00	0.00e+00	0.00e+00	0.00e+00
 1.20797e+12	4.28e-41	5.84e-30	3.16e-20	2.91e-12	2.72e-06	5.48e-03	9.95e-01	0.00e+00	0.00e+00	0.00e+00	0.00e+00	0.00e+00
 1.28622e+12	0.00e+00	8.52e-30	4.29e-20	3.67e-12	3.19e-06	5.95e-03	9.94e-01	0.00e+00	0.00e+00	0.00e+00	0.00e+00	0.00e+00
 1.36759e+12	1.05e-40	1.24e-29	5.83e-20	4.65e-12	3.75e-06	6.46e-03	9.94e-01	0.00e+00	0.00e+00	0.00e+00	0.00e+00	0.00e+00
 1.45222e+12	0.00e+00	1.81e-29	7.92e-20	5.87e-12	4.39e-06	7.01e-03	9.93e-01	0.00e+00	0.00e+00	0.00e+00	0.00e+00	0.00e+00
 1.54024e+12	2.56e-40	2.63e-29	1.07e-19	7.42e-12	5.15e-06	7.62e-03	9.92e-01	0.00e+00	0.00e+00	0.00e+00	0.00e+00	0.00e+00
 1.63178e+12	0.00e+00	3.81e-29	1.45e-19	9.38e-12	6.05e-06	8.28e-03	9.92e-01	0.00e+00	0.00e+00	0.00e+00	0.00e+00	0.00e+00
 1.72697e+12	6.18e-40	5.52e-29	1.97e-19	1.19e-11	7.09e-06	9.00e-03	9.91e-01	0.00e+00	0.00e+00	0.00e+00	0.00e+00	0.00e+00
 1.82598e+12	0.00e+00	7.97e-29	2.66e-19	1.50e-11	8.32e-06	9.78e-03	9.90e-01	0.00e+00	0.00e+00	0.00e+00	0.00e+00	0.00e+00
 1.92895e+12	1.48e-39	1.15e-28	3.60e-19	1.89e-11	9.77e-06	1.06e-02	9.89e-01	0.00e+00	0.00e+00	0.00e+00	0.00e+00	0.00e+00
 2.03603e+12	0.00e+00	1.66e-28	4.86e-19	2.39e-11	1.15e-05	1.16e-02	9.88e-01	0.00e+00	0.00e+00	0.00e+00	0.00e+00	0.00e+00
 2.14740e+12	3.48e-39	2.38e-28	6.55e-19	3.01e-11	1.35e-05	1.26e-02	9.87e-01	0.00e+00	0.00e+00	0.00e+00	0.00e+00	0.00e+00
 2.26322e+12	0.00e+00	3.40e-28	8.82e-19	3.80e-11	1.58e-05	1.37e-02	9.86e-01	0.00e+00	0.00e+00	0.00e+00	0.00e+00	0.00e+00
 2.38368e+12	8.08e-39	4.86e-28	1.19e-18	4.80e-11	1.85e-05	1.50e-02	9.85e-01	0.00e+00	0.00e+00	0.00e+00	0.00e+00	0.00e+00
 2.50895e+12	0.00e+00	6.93e-28	1.59e-18	6.05e-11	2.18e-05	1.63e-02	9.84e-01	0.00e+00	0.00e+00	0.00e+00	0.00e+00	0.00e+00
 2.63924e+12	1.85e-38	9.83e-28	2.13e-18	7.63e-11	2.55e-05	1.78e-02	9.82e-01	0.00e+00	0.00e+00	0.00e+00	0.00e+00	0.00e+00
 2.77473e+12	0.00e+00	1.39e-27	2.85e-18	9.62e-11	3.00e-05	1.94e-02	9.81e-01	0.00e+00	0.00e+00	0.00e+00	0.00e+00	0.00e+00
 2.91565e+12	4.12e-38	1.96e-27	3.81e-18	1.21e-10	3.52e-05	2.12e-02	9.79e-01	0.00e+00	0.00e+00	0.00e+00	0.00e+00	0.00e+00
 3.06220e+12	0.00e+00	2.75e-27	5.08e-18	1.53e-10	4.13e-05	2.31e-02	9.77e-01	0.00e+00	0.00e+00	0.00e+00	0.00e+00	0.00e+00
 3.21461e+12	8.98e-38	3.84e-27	6.75e-18	1.92e-10	4.84e-05	2.53e-02	9.75e-01	0.00e+00	0.00e+00	0.00e+00	0.00e+00	0.00e+00
 3.37313e+12	0.00e+00	5.34e-27	8.96e-18	2.41e-10	5.68e-05	2.76e-02	9.72e-01	0.00e+00	0.00e+00	0.00e+00	0.00e+00	0.00e+00
 3.53798e+12	1.90e-37	7.39e-27	1.19e-17	3.04e-10	6.66e-05	3.02e-02	9.70e-01	0.00e+00	0.00e+00	0.00e+00	0.00e+00	0.00e+00
 3.70942e+12	0.00e+00	1.02e-26	1.57e-17	3.81e-10	7.80e-05	3.31e-02	9.67e-01	0.00e+00	0.00e+00	0.00e+00	0.00e+00	0.00e+00
 3.88773e+12	3.91e-37	1.39e-26	2.06e-17	4.79e-10	9.14e-05	3.62e-02	9.64e-01	0.00e+00	0.00e+00	0.00e+00	0.00e+00	0.00e+00
 4.07316e+12	0.00e+00	1.90e-26	2.71e-17	6.01e-10	1.07e-04	3.97e-02	9.60e-01	0.00e+00	0.00e+00	0.00e+00	0.00e+00	0.00e+00
 4.26602e+12	7.77e-37	2.58e-26	3.55e-17	7.53e-10	1.25e-04	4.35e-02	9.56e-01	0.00e+00	0.00e+00	0.00e+00	0.00e+00	0.00e+00
 4.46658e+12	0.00e+00	3.48e-26	4.65e-17	9.44e-10	1.46e-04	4.77e-02	9.52e-01	0.00e+00	0.00e+00	0.00e+00	0.00e+00	0.00e+00
 4.67517e+12	1.50e-36	4.69e-26	6.08e-17	1.18e-09	1.70e-04	5.23e-02	9.48e-01	0.00e+00	0.00e+00	0.00e+00	0.00e+00	0.00e+00
 4.89211e+12	0.00e+00	6.30e-26	7.94e-17	1.48e-09	1.99e-04	5.73e-02	9.42e-01	0.00e+00	0.00e+00	0.00e+00	0.00e+00	0.00e+00
 5.11772e+12	2.83e-36	8.44e-26	1.04e-16	1.85e-09	2.31e-04	6.28e-02	9.37e-01	0.00e+00	0.00e+00	0.00e+00	0.00e+00	0.00e+00
 5.35235e+12	0.00e+00	1.13e-25	1.35e-16	2.32e-09	2.69e-04	6.89e-02	9.31e-01	0.00e+00	0.00e+00	0.00e+00	0.00e+00	0.00e+00
 5.59638e+12	5.23e-36	1.51e-25	1.77e-16	2.90e-09	3.12e-04	7.55e-02	9.24e-01	0.00e+00	0.00e+00	0.00e+00	0.00e+00	0.00e+00
 5.85016e+12	0.00e+00	2.02e-25	2.31e-16	3.63e-09	3.62e-04	8.26e-02	9.17e-01	0.00e+00	0.00e+00	0.00e+00	0.00e+00	0.00e+00
 6.11409e+12	9.64e-36	2.71e-25	3.02e-16	4.54e-09	4.19e-04	9.04e-02	9.09e-01	0.00e+00	0.00e+00	0.00e+00	0.00e+00	0.00e+00
 6.38858e+12	0.00e+00	3.65e-25	3.96e-16	5.68e-09	4.85e-04	9.88e-02	9.01e-01	0.00e+00	0.00e+00	0.00e+00	0.00e+00	0.00e+00
 6.67405e+12	1.79e-35	4.94e-25	5.20e-16	7.10e-09	5.61e-04	1.08e-01	8.92e-01	0.00e+00	0.00e+00	0.00e+00	0.00e+00	0.00e+00
 6.97094e+12	0.00e+00	6.71e-25	6.86e-16	8.88e-09	6.47e-04	1.18e-01	8.82e-01	0.00e+00	0.00e+00	0.00e+00	0.00e+00	0.00e+00
 7.27970e+12	3.38e-35	9.16e-25	9.06e-16	1.11e-08	7.46e-04	1.28e-01	8.71e-01	0.00e+00	0.00e+00	0.00e+00	0.00e+00	0.00e+00
 7.60082e+12	4.69e-35	1.26e-24	1.20e-15	1.39e-08	8.59e-04	1.39e-01	8.60e-01	0.00e+00	0.00e+00	0.00e+00	0.00e+00	0.00e+00
 7.93478e+12	6.54e-35	1.74e-24	1.59e-15	1.73e-08	9.89e-04	1.51e-01	8.48e-01	0.00e+00	0.00e+00	0.00e+00	0.00e+00	0.00e+00
 8.28210e+12	9.21e-35	2.42e-24	2.12e-15	2.16e-08	1.14e-03	1.64e-01	8.35e-01	0.00e+00	0.00e+00	0.00e+00	0.00e+00	0.00e+00
 8.64331e+12	1.31e-34	3.38e-24	2.83e-15	2.70e-08	1.31e-03	1.78e-01	8.21e-01	0.00e+00	0.00e+00	0.00e+00	0.00e+00	0.00e+00
 9.01897e+12	1.87e-34	4.76e-24	3.78e-15	3.37e-08	1.50e-03	1.92e-01	8.07e-01	0.00e+00	0.00e+00	0.00e+00	0.00e+00	0.00e+00
 9.40965e+12	2.68e-34	6.72e-24	5.06e-15	4.20e-08	1.72e-03	2.07e-01	7.91e-01	0.00e+00	0.00e+00	0.00e+00	0.00e+00	0.00e+00
 9.81596e+12	3.89e-34	9.53e-24	6.78e-15	5.23e-08	1.97e-03	2.23e-01	7.75e-01	0.00e+00	0.00e+00	0.00e+00	0.00e+00	0.00e+00
 1.02385e+13	5.67e-34	1.36e-23	9.10e-15	6.51e-08	2.25e-03	2.39e-01	7.59e-01	0.00e+00	0.00e+00	0.00e+00	0.00e+00	0.00e+00
 1.06780e+13	8.33e-34	1.94e-23	1.22e-14	8.09e-08	2.57e-03	2.56e-01	7.41e-01	0.00e+00	0.00e+00	0.00e+00	0.00e+00	0.00e+00
 1.11350e+13	1.23e-33	2.78e-23	1.64e-14	1.00e-07	2.93e-03	2.74e-01	7.23e-01	0.00e+00	0.00e+00	0.00e+00	0.00e+00	0.00e+00
 1.16104e+13	1.82e-33	3.99e-23	2.20e-14	1.25e-07	3.34e-03	2.92e-01	7.04e-01	0.00e+00	0.00e+00	0.00e+00	0.00e+00	0.00e+00
 1.21047e+13	2.72e-33	5.74e-23	2.95e-14	1.54e-07	3.80e-03	3.11e-01	6.85e-01	0.00e+00	0.00e+00	0.00e+00	0.00e+00	0.00e+00
 1.26188e+13	4.06e-33	8.25e-23	3.95e-14	1.91e-07	4.33e-03	3.30e-01	6.65e-01	0.00e+00	0.00e+00	0.00e+00	0.00e+00	0.00e+00
 1.31535e+13	6.09e-33	1.19e-22	5.29e-14	2.36e-07	4.91e-03	3.50e-01	6.45e-01	0.00e+00	0.00e+00	0.00e+00	0.00e+00	0.00e+00
 1.37096e+13	9.17e-33	1.71e-22	7.08e-14	2.91e-07	5.57e-03	3.70e-01	6.24e-01	0.00e+00	0.00e+00	0.00e+00	0.00e+00	0.00e+00
 1.42879e+13	1.38e-32	2.46e-22	9.45e-14	3.58e-07	6.30e-03	3.91e-01	6.03e-01	0.00e+00	0.00e+00	0.00e+00	0.00e+00	0.00e+00
 1.48893e+13	2.09e-32	3.54e-22	1.26e-13	4.40e-07	7.12e-03	4.12e-01	5.81e-01	0.00e+00	0.00e+00	0.00e+00	0.00e+00	0.00e+00
 1.55148e+13	3.16e-32	5.10e-22	1.68e-13	5.39e-07	8.04e-03	4.33e-01	5.59e-01	0.00e+00	0.00e+00	0.00e+00	0.00e+00	0.00e+00
 1.61653e+13	4.79e-32	7.32e-22	2.23e-13	6.60e-07	9.05e-03	4.53e-01	5.38e-01	0.00e+00	0.00e+00	0.00e+00	0.00e+00	0.00e+00
 1.68419e+13	7.26e-32	1.05e-21	2.96e-13	8.07e-07	1.02e-02	4.74e-01	5.16e-01	0.00e+00	0.00e+00	0.00e+00	0.00e+00	0.00e+00
 1.75455e+13	1.10e-31	1.50e-21	3.92e-13	9.84e-07	1.14e-02	4.95e-01	4.94e-01	0.00e+00	0.00e+00	0.00e+00	0.00e+00	0.00e+00
 1.82772e+13	1.67e-31	2.15e-21	5.19e-13	1.20e-06	1.28e-02	5.16e-01	4.72e-01	0.00e+00	0.00e+00	0.00e+00	0.00e+00	0.00e+00
 1.90383e+13	2.53e-31	3.07e-21	6.84e-13	1.46e-06	1.43e-02	5.36e-01	4.50e-01	0.00e+00	0.00e+00	0.00e+00	0.00e+00	0.00e+00
 1.98297e+13	3.84e-31	4.38e-21	9.02e-13	1.76e-06	1.60e-02	5.56e-01	4.28e-01	0.00e+00	0.00e+00	0.00e+00	0.00e+00	0.00e+00
 2.06528e+13	5.82e-31	6.24e-21	1.19e-12	2.14e-06	1.78e-02	5.75e-01	4.07e-01	0.00e+00	0.00e+00	0.00e+00	0.00e+00	0.00e+00
 2.15089e+13	8.81e-31	8.87e-21	1.56e-12	2.58e-06	1.98e-02	5.94e-01	3.86e-01	0.00e+00	0.00e+00	0.00e+00	0.00e+00	0.00e+00
 2.23991e+13	1.33e-30	1.26e-20	2.04e-12	3.11e-06	2.20e-02	6.12e-01	3.66e-01	0.00e+00	0.00e+00	0.00e+00	0.00e+00	0.00e+00
 2.33250e+13	2.02e-30	1.78e-20	2.66e-12	3.75e-06	2.44e-02	6.30e-01	3.46e-01	0.00e+00	0.00e+00	0.00e+00	0.00e+00	0.00e+00
 2.42880e+13	3.05e-30	2.52e-20	3.47e-12	4.50e-06	2.71e-02	6.47e-01	3.26e-01	0.00e+00	0.00e+00	0.00e+00	0.00e+00	0.00e+00
 2.52894e+13	4.60e-30	3.56e-20	4.52e-12	5.40e-06	2.99e-02	6.63e-01	3.08e-01	0.00e+00	0.00e+00	0.00e+00	0.00e+00	0.00e+00
 2.63309e+13	6.94e-30	5.01e-20	5.88e-12	6.47e-06	3.30e-02	6.78e-01	2.89e-01	0.00e+00	0.00e+00	0.00e+00	0.00e+00	0.00e+00
 2.74141e+13	1.05e-29	7.05e-20	7.64e-12	7.73e-06	3.63e-02	6.92e-01	2.72e-01	0.00e+00	0.00e+00	0.00e+00	0.00e+00	0.00e+00
 2.85406e+13	1.57e-29	9.90e-20	9.89e-12	9.23e-06	4.00e-02	7.05e-01	2.55e-01	0.00e+00	0.00e+00	0.00e+00	0.00e+00	0.00e+00
 2.97121e+13	2.37e-29	1.39e-19	1.28e-11	1.10e-05	4.39e-02	7.18e-01	2.38e-01	0.00e+00	0.00e+00	0.00e+00	0.00e+00	0.00e+00
 3.09305e+13	3.56e-29	1.94e-19	1.65e-11	1.31e-05	4.81e-02	7.29e-01	2.23e-01	0.00e+00	0.00e+00	0.00e+00	0.00e+00	0.00e+00
 3.21977e+13	5.34e-29	2.72e-19	2.13e-11	1.55e-05	5.27e-02	7.40e-01	2.08e-01	0.00e+00	0.00e+00	0.00e+00	0.00e+00	0.00e+00
 3.35155e+13	8.00e-29	3.79e-19	2.74e-11	1.84e-05	5.76e-02	7.49e-01	1.94e-01	0.00e+00	0.00e+00	0.00e+00	0.00e+00	0.00e+00
 3.48861e+13	1.20e-28	5.28e-19	3.52e-11	2.18e-05	6.28e-02	7.57e-01	1.80e-01	0.00e+00	0.00e+00	0.00e+00	0.00e+00	0.00e+00
 3.63114e+13	1.79e-28	7.35e-19	4.52e-11	2.58e-05	6.85e-02	7.64e-01	1.67e-01	0.00e+00	0.00e+00	0.00e+00	0.00e+00	0.00e+00
 3.77938e+13	2.68e-28	1.02e-18	5.80e-11	3.04e-05	7.45e-02	7.70e-01	1.55e-01	0.00e+00	0.00e+00	0.00e+00	0.00e+00	0.00e+00
 3.93355e+13	4.00e-28	1.42e-18	7.42e-11	3.59e-05	8.10e-02	7.75e-01	1.44e-01	0.00e+00	0.00e+00	0.00e+00	0.00e+00	0.00e+00
 4.09388e+13	5.96e-28	1.96e-18	9.48e-11	4.22e-05	8.79e-02	7.79e-01	1.33e-01	0.00e+00	0.00e+00	0.00e+00	0.00e+00	0.00e+00
 4.26063e+13	8.88e-28	2.72e-18	1.21e-10	4.97e-05	9.53e-02	7.82e-01	1.23e-01	0.00e+00	0.00e+00	0.00e+00	0.00e+00	0.00e+00
 4.43405e+13	1.32e-27	3.75e-18	1.54e-10	5.83e-05	1.03e-01	7.84e-01	1.13e-01	0.00e+00	0.00e+00	0.00e+00	0.00e+00	0.00e+00
 4.61441e+13	1.96e-27	5.18e-18	1.96e-10	6.84e-05	1.12e-01	7.84e-01	1.04e-01	0.00e+00	0.00e+00	0.00e+00	0.00e+00	0.00e+00
 4.80197e+13	2.92e-27	7.14e-18	2.49e-10	8.01e-05	1.20e-01	7.83e-01	9.60e-02	0.00e+00	0.00e+00	0.00e+00	0.00e+00	0.00e+00
 4.99705e+13	4.33e-27	9.82e-18	3.16e-10	9.36e-05	1.30e-01	7.82e-01	8.82e-02	0.00e+00	0.00e+00	0.00e+00	0.00e+00	0.00e+00
 5.19992e+13	6.41e-27	1.35e-17	4.00e-10	1.09e-04	1.40e-01	7.79e-01	8.10e-02	0.00e+00	0.00e+00	0.00e+00	0.00e+00	0.00e+00
 5.41091e+13	9.48e-27	1.85e-17	5.07e-10	1.27e-04	1.50e-01	7.75e-01	7.42e-02	0.00e+00	0.00e+00	0.00e+00	0.00e+00	0.00e+00
 5.63034e+13	1.40e-26	2.53e-17	6.40e-10	1.48e-04	1.62e-01	7.70e-01	6.79e-02	0.00e+00	0.00e+00	0.00e+00	0.00e+00	0.00e+00
 5.85854e+13	2.07e-26	3.46e-17	8.07e-10	1.73e-04	1.73e-01	7.64e-01	6.21e-02	0.00e+00	0.00e+00	0.00e+00	0.00e+00	0.00e+00
 6.09588e+13	3.04e-26	4.73e-17	1.02e-09	2.00e-04	1.86e-01	7.58e-01	5.67e-02	0.00e+00	0.00e+00	0.00e+00	0.00e+00	0.00e+00
 6.34271e+13	4.48e-26	6.44e-17	1.28e-09	2.32e-04	1.99e-01	7.50e-01	5.17e-02	0.00e+00	0.00e+00	0.00e+00	0.00e+00	0.00e+00
 6.59941e+13	6.57e-26	8.76e-17	1.60e-09	2.69e-04	2.12e-01	7.41e-01	4.71e-02	0.00e+00	0.00e+00	0.00e+00	0.00e+00	0.00e+00
 6.86638e+13	9.64e-26	1.19e-16	2.01e-09	3.11e-04	2.26e-01	7.31e-01	4.28e-02	0.00e+00	0.00e+00	0.00e+00	0.00e+00	0.00e+00
 7.14402e+13	1.41e-25	1.61e-16	2.51e-09	3.59e-04	2.41e-01	7.20e-01	3.89e-02	0.00e+00	0.00e+00	0.00e+00	0.00e+00	0.00e+00
 7.43278e+13	2.07e-25	2.18e-16	3.14e-09	4.13e-04	2.56e-01	7.08e-01	3.53e-02	0.00e+00	0.00e+00	0.00e+00	0.00e+00	0.00e+00
 7.73308e+13	3.02e-25	2.95e-16	3.92e-09	4.76e-04	2.72e-01	6.95e-01	3.19e-02	0.00e+00	0.00e+00	0.00e+00	0.00e+00	0.00e+00
 8.04540e+13	4.40e-25	3.98e-16	4.87e-09	5.47e-04	2.89e-01	6.82e-01	2.89e-02	0.00e+00	0.00e+00	0.00e+00	0.00e+00	0.00e+00
 8.37021e+13	6.40e-25	5.36e-16	6.06e-09	6.27e-04	3.06e-01	6.68e-01	2.61e-02	0.00e+00	0.00e+00	0.00e+00	0.00e+00	0.00e+00
 8.70801e+13	9.30e-25	7.21e-16	7.52e-09	7.18e-04	3.23e-01	6.53e-01	2.35e-02	0.00e+00	0.00e+00	0.00e+00	0.00e+00	0.00e+00
 9.05932e+13	1.35e-24	9.68e-16	9.32e-09	8.21e-04	3.41e-01	6.37e-01	2.11e-02	0.00e+00	0.00e+00	0.00e+00	0.00e+00	0.00e+00
 9.42469e+13	1.95e-24	1.30e-15	1.15e-08	9.37e-04	3.59e-01	6.21e-01	1.90e-02	0.00e+00	0.00e+00	0.00e+00	0.00e+00	0.00e+00
 9.80467e+13	2.83e-24	1.74e-15	1.42e-08	1.07e-03	3.78e-01	6.04e-01	1.70e-02	0.00e+00	0.00e+00	0.00e+00	0.00e+00	0.00e+00
 1.01998e+14	4.08e-24	2.32e-15	1.76e-08	1.21e-03	3.97e-01	5.87e-01	1.53e-02	0.00e+00	0.00e+00	0.00e+00	0.00e+00	0.00e+00
 1.06108e+14	5.88e-24	3.09e-15	2.16e-08	1.38e-03	4.16e-01	5.69e-01	1.37e-02	0.00e+00	0.00e+00	0.00e+00	0.00e+00	0.00e+00
 1.10383e+14	8.46e-24	4.11e-15	2.65e-08	1.56e-03	4.36e-01	5.51e-01	1.22e-02	0.00e+00	0.00e+00	0.00e+00	0.00e+00	0.00e+00
 1.14828e+14	1.22e-23	5.47e-15	3.25e-08	1.77e-03	4.55e-01	5.32e-01	1.09e-02	0.00e+00	0.00e+00	0.00e+00	0.00e+00	0.00e+00
 1.19451e+14	1.74e-23	7.25e-15	3.98e-08	2.00e-03	4.75e-01	5.13e-01	9.67e-03	0.00e+00	0.00e+00	0.00e+00	0.00e+00	0.00e+00
 1.24259e+14	2.50e-23	9.61e-15	4.87e-08	2.26e-03	4.95e-01	4.94e-01	8.59e-03	0.00e+00	0.00e+00	0.00e+00	0.00e+00	0.00e+00
 1.29259e+14	3.57e-23	1.27e-14	5.94e-08	2.54e-03	5.15e-01	4.75e-01	7.62e-03	0.00e+00	0.00e+00	0.00e+00	0.00e+00	0.00e+00
 1.34459e+14	5.10e-23	1.68e-14	7.24e-08	2.86e-03	5.34e-01	4.56e-01	6.74e-03	0.00e+00	0.00e+00	0.00e+00	0.00e+00	0.00e+00
 1.39868e+14	7.26e-23	2.21e-14	8.80e-08	3.21e-03	5.54e-01	4.37e-01	5.96e-03	0.00e+00	0.00e+00	0.00e+00	0.00e+00	0.00e+00
 1.45492e+14	1.03e-22	2.91e-14	1.07e-07	3.60e-03	5.73e-01	4.18e-01	5.26e-03	0.00e+00	0.00e+00	0.00e+00	0.00e+00	0.00e+00
 1.51342e+14	1.47e-22	3.81e-14	1.30e-07	4.02e-03	5.92e-01	4.00e-01	4.63e-03	0.00e+00	0.00e+00	0.00e+00	0.00e+00	0.00e+00
 1.57426e+14	2.08e-22	5.01e-14	1.57e-07	4.50e-03	6.10e-01	3.81e-01	4.07e-03	0.00e+00	0.00e+00	0.00e+00	0.00e+00	0.00e+00
 1.63752e+14	2.95e-22	6.55e-14	1.90e-07	5.02e-03	6.29e-01	3.63e-01	3.58e-03	0.00e+00	0.00e+00	0.00e+00	0.00e+00	0.00e+00
 1.70333e+14	4.18e-22	8.58e-14	2.29e-07	5.59e-03	6.46e-01	3.45e-01	3.13e-03	0.00e+00	0.00e+00	0.00e+00	0.00e+00	0.00e+00
 1.77176e+14	5.89e-22	1.12e-13	2.76e-07	6.21e-03	6.64e-01	3.27e-01	2.74e-03	0.00e+00	0.00e+00	0.00e+00	0.00e+00	0.00e+00
 1.84293e+14	8.30e-22	1.46e-13	3.32e-07	6.90e-03	6.80e-01	3.10e-01	2.40e-03	0.00e+00	0.00e+00	0.00e+00	0.00e+00	0.00e+00
 1.91694e+14	1.17e-21	1.90e-13	3.99e-07	7.65e-03	6.97e-01	2.94e-01	2.09e-03	0.00e+00	0.00e+00	0.00e+00	0.00e+00	0.00e+00
 1.99392e+14	1.64e-21	2.47e-13	4.78e-07	8.47e-03	7.12e-01	2.77e-01	1.82e-03	0.00e+00	0.00e+00	0.00e+00	0.00e+00	0.00e+00
 2.07398e+14	2.30e-21	3.20e-13	5.73e-07	9.36e-03	7.27e-01	2.62e-01	1.59e-03	0.00e+00	0.00e+00	0.00e+00	0.00e+00	0.00e+00
 2.15723e+14	3.23e-21	4.15e-13	6.85e-07	1.03e-02	7.41e-01	2.47e-01	1.38e-03	0.00e+00	0.00e+00	0.00e+00	0.00e+00	0.00e+00
 2.24382e+14	4.52e-21	5.36e-13	8.18e-07	1.14e-02	7.55e-01	2.32e-01	1.20e-03	0.00e+00	0.00e+00	0.00e+00	0.00e+00	0.00e+00
 2.33388e+14	6.33e-21	6.93e-13	9.77e-07	1.26e-02	7.68e-01	2.18e-01	1.04e-03	0.00e+00	0.00e+00	0.00e+00	0.00e+00	0.00e+00
 2.42753e+14	8.82e-21	8.93e-13	1.16e-06	1.38e-02	7.80e-01	2.05e-01	9.01e-04	0.00e+00	0.00e+00	0.00e+00	0.00e+00	0.00e+00
 2.52493e+14	1.23e-20	1.15e-12	1.38e-06	1.52e-02	7.92e-01	1.92e-01	7.79e-04	0.00e+00	0.00e+00	0.00e+00	0.00e+00	0.00e+00
 2.62623e+14	1.71e-20	1.48e-12	1.64e-06	1.67e-02	8.03e-01	1.80e-01	6.73e-04	0.00e+00	0.00e+00	0.00e+00	0.00e+00	0.00e+00
 2.73158e+14	2.38e-20	1.91e-12	1.95e-06	1.83e-02	8.13e-01	1.69e-01	5.81e-04	0.00e+00	0.00e+00	0.00e+00	0.00e+00	0.00e+00
 2.84114e+14	3.31e-20	2.45e-12	2.31e-06	2.00e-02	8.22e-01	1.58e-01	5.01e-04	0.00e+00	0.00e+00	0.00e+00	0.00e+00	0.00e+00
 2.95508e+14	4.60e-20	3.14e-12	2.74e-06	2.19e-02	8.31e-01	1.47e-01	4.32e-04	0.00e+00	0.00e+00	0.00e+00	0.00e+00	0.00e+00
 3.07358e+14	6.36e-20	4.02e-12	3.24e-06	2.39e-02	8.38e-01	1.37e-01	3.72e-04	0.00e+00	0.00e+00	0.00e+00	0.00e+00	0.00e+00
 3.19683e+14	8.82e-20	5.14e-12	3.83e-06	2.61e-02	8.46e-01	1.28e-01	3.19e-04	0.00e+00	0.00e+00	0.00e+00	0.00e+00	0.00e+00
 3.32500e+14	1.22e-19	6.57e-12	4.52e-06	2.85e-02	8.52e-01	1.19e-01	2.75e-04	0.00e+00	0.00e+00	0.00e+00	0.00e+00	0.00e+00
 3.45830e+14	1.68e-19	8.40e-12	5.34e-06	3.10e-02	8.58e-01	1.11e-01	2.36e-04	0.00e+00	0.00e+00	0.00e+00	0.00e+00	0.00e+00
 3.59693e+14	2.32e-19	1.07e-11	6.29e-06	3.38e-02	8.63e-01	1.03e-01	2.02e-04	0.00e+00	0.00e+00	0.00e+00	0.00e+00	0.00e+00
 3.74111e+14	3.20e-19	1.36e-11	7.41e-06	3.67e-02	8.67e-01	9.56e-02	1.73e-04	0.00e+00	0.00e+00	0.00e+00	0.00e+00	0.00e+00
 3.89105e+14	4.41e-19	1.74e-11	8.71e-06	3.99e-02	8.71e-01	8.87e-02	1.48e-04	0.00e+00	0.00e+00	0.00e+00	0.00e+00	0.00e+00
 4.04699e+14	6.07e-19	2.21e-11	1.02e-05	4.34e-02	8.74e-01	8.23e-02	1.27e-04	0.00e+00	0.00e+00	0.00e+00	0.00e+00	0.00e+00
 4.20917e+14	8.34e-19	2.81e-11	1.20e-05	4.70e-02	8.77e-01	7.62e-02	1.09e-04	0.00e+00	0.00e+00	0.00e+00	0.00e+00	0.00e+00
 4.37784e+14	1.15e-18	3.56e-11	1.41e-05	5.10e-02	8.78e-01	7.05e-02	9.27e-05	0.00e+00	0.00e+00	0.00e+00	0.00e+00	0.00e+00
 4.55325e+14	1.57e-18	4.52e-11	1.65e-05	5.53e-02	8.79e-01	6.52e-02	7.91e-05	0.00e+00	0.00e+00	0.00e+00	0.00e+00	0.00e+00
 4.73568e+14	2.16e-18	5.74e-11	1.94e-05	5.99e-02	8.80e-01	6.03e-02	6.74e-05	0.00e+00	0.00e+00	0.00e+00	0.00e+00	0.00e+00
 4.92541e+14	2.95e-18	7.25e-11	2.27e-05	6.48e-02	8.80e-01	5.56e-02	5.75e-05	0.00e+00	0.00e+00	0.00e+00	0.00e+00	0.00e+00
 5.12272e+14	4.05e-18	9.19e-11	2.66e-05	7.00e-02	8.79e-01	5.13e-02	4.89e-05	0.00e+00	0.00e+00	0.00e+00	0.00e+00	0.00e+00
 5.32793e+14	5.54e-18	1.16e-10	3.10e-05	7.57e-02	8.77e-01	4.73e-02	4.16e-05	0.00e+00	0.00e+00	0.00e+00	0.00e+00	0.00e+00
 5.54135e+14	7.57e-18	1.47e-10	3.63e-05	8.17e-02	8.75e-01	4.36e-02	3.54e-05	0.00e+00	0.00e+00	0.00e+00	0.00e+00	0.00e+00
 5.76330e+14	1.03e-17	1.85e-10	4.23e-05	8.81e-02	8.72e-01	4.01e-02	3.01e-05	0.00e+00	0.00e+00	0.00e+00	0.00e+00	0.00e+00
 5.99413e+14	1.41e-17	2.33e-10	4.93e-05	9.49e-02	8.68e-01	3.68e-02	2.55e-05	0.00e+00	0.00e+00	0.00e+00	0.00e+00	0.00e+00
 6.23419e+14	1.92e-17	2.94e-10	5.74e-05	1.02e-01	8.64e-01	3.38e-02	2.16e-05	0.00e+00	0.00e+00	0.00e+00	0.00e+00	0.00e+00
 6.47731e+14	2.59e-17	3.68e-10	6.66e-05	1.10e-01	8.59e-01	3.11e-02	1.84e-05	0.00e+00	0.00e+00	1.46e-17	8.05e-18	3.32e-18
 6.73016e+14	3.50e-17	4.60e-10	7.72e-05	1.18e-01	8.54e-01	2.86e-02	1.56e-05	0.00e+00	0.00e+00	1.95e-17	1.16e-17	3.89e-18
 6.99966e+14	4.76e-17	5.78e-10	8.97e-05	1.27e-01	8.47e-01	2.62e-02	1.32e-05	0.00e+00	0.00e+00	2.65e-17	1.58e-17	5.30e-18
 7.27995e+14	6.47e-17	7.26e-10	1.04e-04	1.36e-01	8.40e-01	2.40e-02	1.12e-05	0.00e+00	0.00e+00	3.60e-17	2.14e-17	7.19e-18
 7.57144e+14	8.78e-17	9.11e-10	1.21e-04	1.46e-01	8.32e-01	2.19e-02	9.41e-06	0.00e+00	0.00e+00	4.89e-17	2.90e-17	9.77e-18
 7.87460e+14	1.19e-16	1.14e-09	1.40e-04	1.56e-01	8.24e-01	2.00e-02	7.93e-06	0.00e+00	0.00e+00	6.63e-17	3.93e-17	1.32e-17
 8.18988e+14	1.61e-16	1.43e-09	1.62e-04	1.67e-01	8.15e-01	1.82e-02	6.67e-06	0.00e+00	0.00e+00	8.99e-17	5.32e-17	1.79e-17
 8.51778e+14	2.18e-16	1.79e-09	1.88e-04	1.79e-01	8.05e-01	1.66e-02	5.61e-06	0.00e+00	0.00e+00	1.22e-16	7.20e-17	2.43e-17
 8.85879e+14	2.95e-16	2.23e-09	2.17e-04	1.91e-01	7.94e-01	1.51e-02	4.71e-06	0.00e+00	0.00e+00	1.65e-16	9.73e-17	3.29e-17
 9.21344e+14	3.98e-16	2.79e-09	2.50e-04	2.04e-01	7.82e-01	1.37e-02	3.94e-06	0.00e+00	0.00e+00	2.22e-16	1.31e-16	4.44e-17
 9.58228e+14	5.38e-16	3.48e-09	2.89e-04	2.17e-01	7.70e-01	1.25e-02	3.30e-06	0.00e+00	0.00e+00	3.00e-16	1.77e-16	5.99e-17
 9.96587e+14	7.25e-16	4.33e-09	3.33e-04	2.31e-01	7.57e-01	1.13e-02	2.76e-06	0.00e+00	0.00e+00	4.05e-16	2.38e-16	8.08e-17
 1.03648e+15	9.76e-16	5.40e-09	3.83e-04	2.46e-01	7.44e-01	1.02e-02	2.30e-06	0.00e+00	0.00e+00	5.45e-16	3.21e-16	1.09e-16
 1.07797e+15	1.31e-15	6.71e-09	4.40e-04	2.61e-01	7.29e-01	9.23e-03	1.92e-06	0.00e+00	0.00e+00	7.33e-16	4.31e-16	1.46e-16
 1.12112e+15	1.76e-15	8.33e-09	5.05e-04	2.77e-01	7.14e-01	8.33e-03	1.59e-06	0.00e+00	0.00e+00	9.86e-16	5.78e-16	1.97e-16
 1.16599e+15	2.37e-15	1.03e-08	5.79e-04	2.94e-01	6.98e-01	7.50e-03	1.32e-06	0.00e+00	0.00e+00	1.32e-15	7.75e-16	2.64e-16
 1.21266e+15	3.17e-15	1.28e-08	6.64e-04	3.11e-01	6.82e-01	6.74e-03	1.09e-06	0.00e+00	0.00e+00	1.77e-15	1.04e-15	3.54e-16
 1.25776e+15	4.16e-15	1.56e-08	7.52e-04	3.27e-01	6.66e-01	6.10e-03	9.17e-07	0.00e+00	0.00e+00	2.33e-15	1.36e-15	4.64e-16
 1.29972e+15	5.30e-15	1.86e-08	8.41e-04	3.42e-01	6.51e-01	5.56e-03	0.00e+00	0.00e+00	0.00e+00	2.97e-15	1.73e-15	5.92e-16
 1.34679e+15	6.89e-15	2.25e-08	9.48e-04	3.59e-01	6.35e-01	5.03e-03	0.00e+00	0.00e+00	0.00e+00	3.86e-15	2.24e-15	7.70e-16
 1.39955e+15	9.14e-15	2.76e-08	1.08e-03	3.78e-01	6.17e-01	4.50e-03	0.00e+00	0.00e+00	0.00e+00	5.13e-15	2.97e-15	1.02e-15
 1.45002e+15	1.18e-14	3.33e-08	1.21e-03	3.95e-01	6.00e-01	4.06e-03	0.00e+00	0.00e+00	0.00e+00	6.64e-15	3.84e-15	1.32e-15
 1.50366e+15	1.54e-14	4.03e-08	1.36e-03	4.13e-01	5.82e-01	3.64e-03	0.00e+00	0.00e+00	0.00e+00	8.67e-15	5.00e-15	1.72e-15
 1.56194e+15	2.03e-14	4.92e-08	1.54e-03	4.33e-01	5.62e-01	3.25e-03	0.00e+00	0.00e+00	0.00e+00	1.14e-14	6.56e-15	2.27e-15
 1.61757e+15	2.62e-14	5.90e-08	1.73e-03	4.51e-01	5.45e-01	2.91e-03	0.00e+00	0.00e+00	0.00e+00	1.47e-14	8.43e-15	2.92e-15
 1.67731e+15	3.39e-14	7.12e-08	1.94e-03	4.70e-01	5.26e-01	2.60e-03	0.00e+00	0.00e+00	0.00e+00	1.91e-14	1.09e-14	3.79e-15
 1.74251e+15	4.46e-14	8.65e-08	2.18e-03	4.90e-01	5.06e-01	2.30e-03	0.00e+00	0.00e+00	0.00e+00	2.52e-14	1.43e-14	4.98e-15
 1.80484e+15	5.73e-14	1.04e-07	2.44e-03	5.08e-01	4.87e-01	2.06e-03	0.00e+00	0.00e+00	0.00e+00	3.24e-14	1.84e-14	6.40e-15
 1.87159e+15	7.42e-14	1.25e-07	2.73e-03	5.28e-01	4.68e-01	1.82e-03	0.00e+00	0.00e+00	0.00e+00	4.20e-14	2.37e-14	8.28e-15
 1.94432e+15	9.72e-14	1.51e-07	3.06e-03	5.48e-01	4.48e-01	1.60e-03	0.00e+00	0.00e+00	0.00e+00	5.50e-14	3.10e-14	1.08e-14
 2.01396e+15	1.25e-13	1.80e-07	3.41e-03	5.66e-01	4.29e-01	1.42e-03	0.00e+00	0.00e+00	0.00e+00	7.07e-14	3.96e-14	1.39e-14
 2.08855e+15	1.61e-13	2.16e-07	3.80e-03	5.85e-01	4.10e-01	1.25e-03	0.00e+00	0.00e+00	0.00e+00	9.15e-14	5.11e-14	1.79e-14
 2.16979e+15	2.11e-13	2.61e-07	4.26e-03	6.05e-01	3.90e-01	1.09e-03	0.00e+00	0.00e+00	0.00e+00	1.20e-13	6.66e-14	2.35e-14
 2.24767e+15	2.70e-13	3.11e-07	4.72e-03	6.23e-01	3.71e-01	9.64e-04	0.00e+00	0.00e+00	0.00e+00	1.54e-13	8.51e-14	3.00e-14
 2.33100e+15	3.48e-13	3.72e-07	5.25e-03	6.41e-01	3.53e-01	8.44e-04	0.00e+00	0.00e+00	0.00e+00	1.98e-13	1.09e-13	3.87e-14
 2.42172e+15	4.54e-13	4.49e-07	5.87e-03	6.60e-01	3.33e-01	7.31e-04	0.00e+00	0.00e+00	0.00e+00	2.59e-13	1.43e-13	5.04e-14
 2.50884e+15	5.81e-13	5.33e-07	6.50e-03	6.77e-01	3.16e-01	6.40e-04	0.00e+00	0.00e+00	0.00e+00	3.32e-13	1.82e-13	6.44e-14
 2.60199e+15	7.49e-13	6.37e-07	7.21e-03	6.94e-01	2.98e-01	5.55e-04	0.00e+00	0.00e+00	0.00e+00	4.28e-13	2.34e-13	8.29e-14
 2.70327e+15	9.76e-13	7.67e-07	8.04e-03	7.11e-01	2.80e-01	4.78e-04	0.00e+00	0.00e+00	0.00e+00	5.59e-13	3.04e-13	1.08e-13
 2.80073e+15	1.25e-12	9.09e-07	8.88e-03	7.27e-01	2.64e-01	4.14e-04	0.00e+00	0.00e+00	0.00e+00	7.14e-13	3.87e-13	1.38e-13
 2.90492e+15	1.60e-12	1.08e-06	9.84e-03	7.42e-01	2.47e-01	3.57e-04	0.00e+00	0.00e+00	0.00e+00	9.21e-13	4.98e-13	1.77e-13
 3.01810e+15	2.10e-12	1.31e-06	1.10e-02	7.58e-01	2.31e-01	3.04e-04	0.00e+00	0.00e+00	0.00e+00	1.20e-12	6.49e-13	2.31e-13
 3.12686e+15	2.67e-12	1.55e-06	1.21e-02	7.72e-01	2.16e-01	2.62e-04	0.00e+00	0.00e+00	0.00e+00	1.53e-12	8.27e-13	2.94e-13
 3.24301e+15	3.44e-12	1.84e-06	1.34e-02	7.85e-01	2.01e-01	2.23e-04	0.00e+00	0.00e+00	0.00e+00	1.98e-12	1.06e-12	3.78e-13
 3.36980e+15	4.49e-12	2.22e-06	1.49e-02	7.99e-01	1.86e-01	1.89e-04	0.00e+00	0.00e+00	0.00e+00	2.59e-12	1.39e-12	4.92e-13
 3.49317e+15	5.77e-12	2.64e-06	1.65e-02	8.10e-01	1.73e-01	1.60e-04	0.00e+00	0.00e+00	0.00e+00	3.32e-12	1.78e-12	6.32e-13
 3.62445e+15	7.47e-12	3.15e-06	1.83e-02	8.22e-01	1.60e-01	1.35e-04	0.00e+00	0.00e+00	0.00e+00	4.30e-12	2.30e-12	8.16e-13
 3.76514e+15	9.76e-12	3.79e-06	2.04e-02	8.33e-01	1.47e-01	1.13e-04	0.00e+00	0.00e+00	0.00e+00	5.62e-12	3.01e-12	1.06e-12
 3.90368e+15	1.26e-11	4.52e-06	2.26e-02	8.42e-01	1.35e-01	9.51e-05	0.00e+00	0.00e+00	0.00e+00	7.26e-12	3.88e-12	1.37e-12
 4.05209e+15	1.64e-11	5.43e-06	2.52e-02	8.51e-01	1.24e-01	7.91e-05	0.00e+00	0.00e+00	0.00e+00	9.47e-12	5.06e-12	1.78e-12
 4.20827e+15	2.15e-11	6.55e-06	2.82e-02	8.59e-01	1.13e-01	6.54e-05	0.00e+00	0.00e+00	0.00e+00	1.24e-11	6.63e-12	2.33e-12
 4.35822e+15	2.78e-11	7.82e-06	3.13e-02	8.66e-01	1.03e-01	5.46e-05	0.00e+00	0.00e+00	0.00e+00	1.60e-11	8.54e-12	3.00e-12
 4.52010e+15	3.63e-11	9.42e-06	3.51e-02	8.72e-01	9.33e-02	4.50e-05	0.00e+00	0.00e+00	0.00e+00	2.10e-11	1.12e-11	3.92e-12
 4.69556e+15	4.81e-11	1.15e-05	3.96e-02	8.76e-01	8.39e-02	3.66e-05	0.00e+00	0.00e+00	0.00e+00	2.78e-11	1.48e-11	5.18e-12
 4.86415e+15	6.26e-11	1.38e-05	4.44e-02	8.80e-01	7.58e-02	3.00e-05	0.00e+00	0.00e+00	0.00e+00	3.62e-11	1.93e-11	6.73e-12
 5.04485e+15	8.30e-11	1.68e-05	5.02e-02	8.82e-01	6.78e-02	2.43e-05	0.00e+00	0.00e+00	0.00e+00	4.80e-11	2.55e-11	8.91e-12
 5.23895e+15	1.12e-10	2.07e-05	5.74e-02	8.83e-01	6.01e-02	1.93e-05	0.00e+00	0.00e+00	0.00e+00	6.45e-11	3.43e-11	1.19e-11
 5.42255e+15	1.47e-10	2.53e-05	6.52e-02	8.81e-01	5.34e-02	1.56e-05	0.00e+00	0.00e+00	0.00e+00	8.51e-11	4.52e-11	1.57e-11
 5.62121e+15	1.99e-10	3.14e-05	7.52e-02	8.78e-01	4.68e-02	1.23e-05	0.00e+00	0.00e+00	0.00e+00	1.15e-10	6.12e-11	2.12e-11
 5.83849e+15	2.77e-10	3.99e-05	8.83e-02	8.71e-01	4.04e-02	9.45e-06	0.00e+00	0.00e+00	0.00e+00	1.60e-10	8.50e-11	2.95e-11
 6.03882e+15	3.75e-10	5.00e-05	1.03e-01	8.62e-01	3.50e-02	7.37e-06	0.00e+00	0.00e+00	0.00e+00	2.17e-10	1.15e-10	3.99e-11
 6.21785e+15	4.96e-10	6.16e-05	1.19e-01	8.50e-01	3.05e-02	5.86e-06	0.00e+00	0.00e+00	0.00e+00	2.87e-10	1.52e-10	5.26e-11
 6.38848e+15	6.53e-10	7.59e-05	1.38e-01	8.35e-01	2.65e-02	4.65e-06	0.00e+00	0.00e+00	0.00e+00	3.78e-10	2.01e-10	6.92e-11
 6.55697e+15	8.65e-10	9.43e-05	1.62e-01	8.15e-01	2.27e-02	3.65e-06	0.00e+00	0.00e+00	0.00e+00	5.01e-10	2.66e-10	9.17e-11
 6.71862e+15	1.15e-09	1.18e-04	1.90e-01	7.90e-01	1.93e-02	2.84e-06	0.00e+00	0.00e+00	0.00e+00	6.64e-10	3.53e-10	1.21e-10
 6.86701e+15	1.51e-09	1.46e-04	2.24e-01	7.60e-01	1.63e-02	2.20e-06	0.00e+00	0.00e+00	0.00e+00	8.73e-10	4.64e-10	1.60e-10
 7.00051e+15	1.96e-09	1.80e-04	2.63e-01	7.23e-01	1.36e-02	1.70e-06	0.00e+00	0.00e+00	0.00e+00	1.13e-09	6.02e-10	2.07e-10
 7.12098e+15	2.52e-09	2.21e-04	3.08e-01	6.81e-01	1.13e-02	1.31e-06	0.00e+00	0.00e+00	0.00e+00	1.46e-09	7.75e-10	2.66e-10
 7.23037e+15	3.21e-09	2.71e-04	3.59e-01	6.31e-01	9.14e-03	9.88e-07	0.00e+00	0.00e+00	0.00e+00	1.86e-09	9.90e-10	3.40e-10
 7.31715e+15	3.94e-09	3.21e-04	4.10e-01	5.82e-01	7.49e-03	0.00e+00	0.00e+00	0.00e+00	0.00e+00	2.29e-09	1.21e-09	4.17e-10
 7.37779e+15	4.58e-09	3.64e-04	4.52e-01	5.41e-01	6.34e-03	0.00e+00	0.00e+00	0.00e+00	0.00e+00	2.66e-09	1.41e-09	4.85e-10
 7.42921e+15	5.21e-09	4.06e-04	4.93e-01	5.01e-01	5.38e-03	0.00e+00	0.00e+00	0.00e+00	0.00e+00	3.03e-09	1.61e-09	5.52e-10
 7.48777e+15	6.09e-09	4.62e-04	5.45e-01	4.51e-01	4.32e-03	0.00e+00	0.00e+00	0.00e+00	0.00e+00	3.53e-09	1.88e-09	6.45e-10
 7.54995e+15	7.16e-09	5.29e-04	6.05e-01	3.91e-01	3.29e-03	0.00e+00	0.00e+00	0.00e+00	0.00e+00	4.16e-09	2.21e-09	7.59e-10
 7.60794e+15	8.33e-09	6.00e-04	6.67e-01	3.30e-01	2.41e-03	0.00e+00	0.00e+00	0.00e+00	0.00e+00	4.84e-09	2.57e-09	8.84e-10
 7.65985e+15	9.48e-09	6.68e-04	7.23e-01	2.74e-01	1.73e-03	0.00e+00	0.00e+00	0.00e+00	0.00e+00	5.51e-09	2.92e-09	1.01e-09
 7.70349e+15	1.05e-08	7.28e-04	7.71e-01	2.27e-01	1.25e-03	0.00e+00	0.00e+00	0.00e+00	0.00e+00	6.11e-09	3.25e-09	1.12e-09
 7.75091e+15	1.17e-08	7.92e-04	8.20e-01	1.79e-01	8.36e-04	0.00e+00	0.00e+00	0.00e+00	0.00e+00	6.80e-09	3.61e-09	1.24e-09
 7.81255e+15	1.32e-08	8.69e-04	8.73e-01	1.26e-01	4.63e-04	0.00e+00	0.00e+00	0.00e+00	0.00e+00	7.66e-09	4.07e-09	1.40e-09
 7.88944e+15	1.49e-08	9.50e-04	9.21e-01	7.76e-02	2.05e-04	0.00e+00	0.00e+00	0.00e+00	0.00e+00	8.66e-09	4.60e-09	1.59e-09
 7.97784e+15	1.65e-08	1.02e-03	9.54e-01	4.48e-02	7.85e-05	0.00e+00	0.00e+00	0.00e+00	0.00e+00	9.61e-09	5.11e-09	1.76e-09
 8.08442e+15	1.82e-08	1.08e-03	9.73e-01	2.58e-02	2.70e-05	0.00e+00	0.00e+00	0.00e+00	0.00e+00	1.06e-08	5.61e-09	1.93e-09
 8.22297e+15	2.00e-08	1.13e-03	9.83e-01	1.60e-02	8.70e-06	0.00e+00	0.00e+00	0.00e+00	0.00e+00	1.16e-08	6.17e-09	2.13e-09
 8.40309e+15	2.22e-08	1.19e-03	9.87e-01	1.17e-02	2.81e-06	0.00e+00	0.00e+00	0.00e+00	0.00e+00	1.29e-08	6.86e-09	2.36e-09
 8.63725e+15	2.53e-08	1.27e-03	9.89e-01	9.72e-03	8.67e-07	0.00e+00	0.00e+00	0.00e+00	0.00e+00	1.47e-08	7.80e-09	2.69e-09
 8.94165e+15	2.96e-08	1.36e-03	9.90e-01	8.63e-03	0.00e+00	0.00e+00	0.00e+00	0.00e+00	0.00e+00	1.72e-08	9.15e-09	3.15e-09
 9.29600e+15	3.54e-08	1.48e-03	9.91e-01	7.71e-03	0.00e+00	0.00e+00	0.00e+00	0.00e+00	0.00e+00	2.06e-08	1.09e-08	3.76e-09
 9.66787e+15	4.24e-08	1.60e-03	9.91e-01	7.00e-03	0.00e+00	0.00e+00	0.00e+00	0.00e+00	0.00e+00	2.47e-08	1.31e-08	4.51e-09
 1.00433e+16	5.07e-08	1.74e-03	9.92e-01	6.35e-03	0.00e+00	0.00e+00	0.00e+00	0.00e+00	0.00e+00	2.95e-08	1.57e-08	5.39e-09
 1.04337e+16	6.09e-08	1.89e-03	9.92e-01	5.76e-03	0.00e+00	0.00e+00	0.00e+00	0.00e+00	0.00e+00	3.54e-08	1.88e-08	6.47e-09
 1.08511e+16	7.35e-08	2.06e-03	9.93e-01	5.20e-03	0.00e+00	0.00e+00	0.00e+00	0.00e+00	0.00e+00	4.28e-08	2.27e-08	7.80e-09
 1.12851e+16	8.88e-08	2.24e-03	9.93e-01	4.70e-03	0.00e+00	0.00e+00	0.00e+00	0.00e+00	0.00e+00	5.16e-08	2.74e-08	9.42e-09
 1.17366e+16	1.08e-07	2.44e-03	9.93e-01	4.23e-03	0.00e+00	0.00e+00	0.00e+00	0.00e+00	0.00e+00	6.27e-08	3.33e-08	1.14e-08
 1.21570e+16	1.28e-07	2.64e-03	9.94e-01	3.85e-03	0.00e+00	0.00e+00	0.00e+00	0.00e+00	0.00e+00	7.47e-08	3.97e-08	1.36e-08
 1.25252e+16	1.49e-07	2.82e-03	9.94e-01	3.54e-03	0.00e+00	0.00e+00	0.00e+00	0.00e+00	0.00e+00	8.70e-08	4.62e-08	1.59e-08
 1.29348e+16	1.77e-07	3.03e-03	9.94e-01	3.25e-03	0.00e+00	0.00e+00	0.00e+00	0.00e+00	0.00e+00	1.03e-07	5.46e-08	1.87e-08
 1.34296e+16	2.15e-07	3.31e-03	9.94e-01	2.92e-03	0.00e+00	0.00e+00	0.00e+00	0.00e+00	0.00e+00	1.25e-07	6.65e-08	2.28e-08
 1.39241e+16	2.61e-07	3.60e-03	9.94e-01	2.63e-03	0.00e+00	0.00e+00	0.00e+00	0.00e+00	0.00e+00	1.52e-07	8.08e-08	2.77e-08
 1.43665e+16	3.10e-07	3.87e-03	9.94e-01	2.39e-03	0.00e+00	0.00e+00	0.00e+00	0.00e+00	0.00e+00	1.80e-07	9.58e-08	3.29e-08
 1.48524e+16	3.75e-07	4.19e-03	9.94e-01	2.17e-03	0.00e+00	0.00e+00	0.00e+00	0.00e+00	0.00e+00	2.18e-07	1.16e-07	3.97e-08
 1.54016e+16	4.62e-07	4.58e-03	9.93e-01	1.95e-03	0.00e+00	0.00e+00	0.00e+00	0.00e+00	0.00e+00	2.69e-07	1.43e-07	4.90e-08
 1.59261e+16	5.64e-07	4.98e-03	9.93e-01	1.76e-03	0.00e+00	0.00e+00	0.00e+00	0.00e+00	0.00e+00	3.28e-07	1.75e-07	5.98e-08
 1.64246e+16	6.83e-07	5.39e-03	9.93e-01	1.60e-03	0.00e+00	0.00e+00	0.00e+00	0.00e+00	0.00e+00	3.97e-07	2.11e-07	7.24e-08
 1.69959e+16	8.53e-07	5.89e-03	9.93e-01	1.43e-03	0.00e+00	0.00e+00	0.00e+00	0.00e+00	0.00e+00	4.96e-07	2.64e-07	9.04e-08
 1.76266e+16	1.09e-06	6.50e-03	9.92e-01	1.28e-03	0.00e+00	0.00e+00	0.00e+00	0.00e+00	0.00e+00	6.35e-07	3.38e-07	1.16e-07
 1.82043e+16	1.37e-06	7.11e-03	9.92e-01	1.16e-03	0.00e+00	0.00e+00	0.00e+00	0.00e+00	0.00e+00	7.98e-07	4.26e-07	1.45e-07
 1.87437e+16	1.71e-06	7.74e-03	9.91e-01	1.05e-03	0.00e+00	0.00e+00	0.00e+00	0.00e+00	0.00e+00	9.96e-07	5.31e-07	1.82e-07
 1.93630e+16	2.23e-06	8.54e-03	9.91e-01	9.31e-04	0.00e+00	0.00e+00	0.00e+00	0.00e+00	0.00e+00	1.30e-06	6.92e-07	2.36e-07
 2.00420e+16	3.01e-06	9.54e-03	9.90e-01	8.31e-04	0.00e+00	0.00e+00	0.00e+00	0.00e+00	0.00e+00	1.75e-06	9.33e-07	3.18e-07
 2.06538e+16	4.01e-06	1.06e-02	9.89e-01	7.46e-04	0.00e+00	0.00e+00	0.00e+00	0.00e+00	0.00e+00	2.33e-06	1.24e-06	4.24e-07
 2.12074e+16	5.29e-06	1.17e-02	9.88e-01	6.76e-04	0.00e+00	0.00e+00	0.00e+00	0.00e+00	0.00e+00	3.07e-06	1.64e-06	5.59e-07
 2.17478e+16	7.07e-06	1.29e-02	9.86e-01	6.13e-04	0.00e+00	0.00e+00	0.00e+00	0.00e+00	0.00e+00	4.10e-06	2.19e-06	7.47e-07
 2.22695e+16	9.57e-06	1.44e-02	9.85e-01	5.56e-04	0.00e+00	0.00e+00	0.00e+00	0.00e+00	0.00e+00	5.56e-06	2.97e-06	1.01e-06
 2.27456e+16	1.30e-05	1.60e-02	9.83e-01	5.05e-04	0.00e+00	0.00e+00	0.00e+00	0.00e+00	0.00e+00	7.52e-06	4.02e-06	1.37e-06
 2.31687e+16	1.74e-05	1.78e-02	9.82e-01	4.63e-04	0.00e+00	0.00e+00	0.00e+00	0.00e+00	0.00e+00	1.01e-05	5.39e-06	1.83e-06
 2.35503e+16	2.32e-05	1.97e-02	9.80e-01	4.21e-04	0.00e+00	0.00e+00	0.00e+00	0.00e+00	0.00e+00	1.35e-05	7.20e-06	2.45e-06
 2.39028e+16	3.12e-05	2.20e-02	9.78e-01	3.85e-04	0.00e+00	0.00e+00	0.00e+00	0.00e+00	0.00e+00	1.81e-05	9.68e-06	3.29e-06
 2.42321e+16	4.24e-05	2.47e-02	9.75e-01	3.48e-04	0.00e+00	0.00e+00	0.00e+00	0.00e+00	0.00e+00	2.46e-05	1.31e-05	4.47e-06
 2.44607e+16	5.32e-05	2.70e-02	9.73e-01	3.25e-04	0.00e+00	0.00e+00	0.00e+00	0.00e+00	0.00e+00	3.09e-05	1.65e-05	5.60e-06
 2.45726e+16	5.99e-05	2.83e-02	9.71e-01	3.14e-04	0.00e+00	0.00e+00	0.00e+00	0.00e+00	0.00e+00	3.48e-05	1.85e-05	6.31e-06
 2.46709e+16	6.70e-05	2.96e-02	9.70e-01	3.02e-04	0.00e+00	0.00e+00	0.00e+00	0.00e+00	0.00e+00	3.89e-05	2.07e-05	7.05e-06
 2.47986e+16	7.79e-05	3.14e-02	9.68e-01	2.87e-04	0.00e+00	0.00e+00	0.00e+00	0.00e+00	0.00e+00	4.52e-05	2.41e-05	8.20e-06
 2.49410e+16	9.26e-05	3.38e-02	9.66e-01	2.70e-04	0.00e+00	0.00e+00	0.00e+00	0.00e+00	0.00e+00	5.38e-05	2.86e-05	9.74e-06
 2.50648e+16	1.09e-04	3.61e-02	9.64e-01	2.55e-04	0.00e+00	0.00e+00	0.00e+00	0.00e+00	0.00e+00	6.31e-05	3.36e-05	1.14e-05
 2.51638e+16	1.24e-04	3.82e-02	9.61e-01	2.44e-04	0.00e+00	0.00e+00	0.00e+00	0.00e+00	0.00e+00	7.20e-05	3.83e-05	1.30e-05
 2.52683e+16	1.44e-04	4.07e-02	9.59e-01	2.31e-04	0.00e+00	0.00e+00	0.00e+00	0.00e+00	0.00e+00	8.38e-05	4.46e-05	1.52e-05
 2.53798e+16	1.70e-04	4.38e-02	9.56e-01	2.17e-04	0.00e+00	0.00e+00	0.00e+00	0.00e+00	0.00e+00	9.89e-05	5.26e-05	1.79e-05
 2.54742e+16	1.97e-04	4.67e-02	9.53e-01	2.05e-04	0.00e+00	0.00e+00	0.00e+00	0.00e+00	0.00e+00	1.15e-04	6.10e-05	2.07e-05
 2.55547e+16	2.25e-04	4.95e-02	9.50e-01	1.95e-04	0.00e+00	0.00e+00	0.00e+00	0.00e+00	0.00e+00	1.31e-04	6.96e-05	2.36e-05
 2.56434e+16	2.63e-04	5.31e-02	9.46e-01	1.83e-04	0.00e+00	0.00e+00	0.00e+00	0.00e+00	0.00e+00	1.53e-04	8.13e-05	2.76e-05
 2.57369e+16	3.11e-04	5.74e-02	9.42e-01	1.71e-04	0.00e+00	0.00e+00	0.00e+00	0.00e+00	0.00e+00	1.81e-04	9.61e-05	3.26e-05
 2.58146e+16	3.61e-04	6.14e-02	9.38e-01	1.61e-04	0.00e+00	0.00e+00	0.00e+00	0.00e+00	0.00e+00	2.10e-04	1.11e-04	3.78e-05
 2.58810e+16	4.12e-04	6.53e-02	9.34e-01	1.53e-04	0.00e+00	0.00e+00	0.00e+00	0.00e+00	0.00e+00	2.39e-04	1.27e-04	4.32e-05
 2.59546e+16	4.81e-04	7.03e-02	9.29e-01	1.42e-04	0.00e+00	0.00e+00	0.00e+00	0.00e+00	0.00e+00	2.80e-04	1.49e-04	5.05e-05
 2.60326e+16	5.70e-04	7.62e-02	9.23e-01	1.32e-04	0.00e+00	0.00e+00	0.00e+00	0.00e+00	0.00e+00	3.31e-04	1.76e-04	5.97e-05
 2.60979e+16	6.62e-04	8.18e-02	9.17e-01	1.23e-04	0.00e+00	0.00e+00	0.00e+00	0.00e+00	0.00e+00	3.85e-04	2.05e-04	6.94e-05
 2.61541e+16	7.58e-04	8.73e-02	9.12e-01	1.16e-04	0.00e+00	0.00e+00	0.00e+00	0.00e+00	0.00e+00	4.41e-04	2.34e-04	7.94e-05
 2.62166e+16	8.90e-04	9.44e-02	9.05e-01	1.07e-04	0.00e+00	0.00e+00	0.00e+00	0.00e+00	0.00e+00	5.17e-04	2.75e-04	9.32e-05
 2.62828e+16	1.06e-03	1.03e-01	8.96e-01	9.87e-05	0.00e+00	0.00e+00	0.00e+00	0.00e+00	0.00e+00	6.15e-04	3.27e-04	1.11e-04
 2.63384e+16	1.23e-03	1.11e-01	8.88e-01	9.12e-05	0.00e+00	0.00e+00	0.00e+00	0.00e+00	0.00e+00	7.17e-04	3.81e-04	1.29e-04
 2.63866e+16	1.42e-03	1.19e-01	8.80e-01	8.53e-05	0.00e+00	0.00e+00	0.00e+00	0.00e+00	0.00e+00	8.24e-04	4.37e-04	1.48e-04
 2.64403e+16	1.67e-03	1.29e-01	8.70e-01	7.80e-05	0.00e+00	0.00e+00	0.00e+00	0.00e+00	0.00e+00	9.73e-04	5.16e-04	1.75e-04
 2.64973e+16	2.00e-03	1.41e-01	8.57e-01	7.08e-05	0.00e+00	0.00e+00	0.00e+00	0.00e+00	0.00e+00	1.16e-03	6.18e-04	2.09e-04
 2.65457e+16	2.35e-03	1.52e-01	8.45e-01	6.45e-05	0.00e+00	0.00e+00	0.00e+00	0.00e+00	0.00e+00	1.37e-03	7.26e-04	2.46e-04
 2.65879e+16	2.72e-03	1.64e-01	8.33e-01	5.95e-05	0.00e+00	0.00e+00	0.00e+00	0.00e+00	0.00e+00	1.58e-03	8.40e-04	2.85e-04
 2.66352e+16	3.25e-03	1.79e-01	8.18e-01	5.35e-05	0.00e+00	0.00e+00	0.00e+00	0.00e+00	0.00e+00	1.89e-03	1.00e-03	3.39e-04
 2.66857e+16	3.93e-03	1.97e-01	7.99e-01	4.75e-05	0.00e+00	0.00e+00	0.00e+00	0.00e+00	0.00e+00	2.29e-03	1.21e-03	4.11e-04
 2.67290e+16	4.68e-03	2.14e-01	7.81e-01	4.23e-05	0.00e+00	0.00e+00	0.00e+00	0.00e+00	0.00e+00	2.72e-03	1.44e-03	4.88e-04
 2.67674e+16	5.49e-03	2.32e-01	7.62e-01	3.81e-05	0.00e+00	0.00e+00	0.00e+00	0.00e+00	0.00e+00	3.19e-03	1.69e-03	5.73e-04
 2.68106e+16	6.66e-03	2.55e-01	7.38e-01	3.32e-05	0.00e+00	0.00e+00	0.00e+00	0.00e+00	0.00e+00	3.87e-03	2.05e-03	6.94e-04
 2.68572e+16	8.24e-03	2.83e-01	7.09e-01	2.83e-05	0.00e+00	0.00e+00	0.00e+00	0.00e+00	0.00e+00	4.80e-03	2.54e-03	8.59e-04
 2.68981e+16	1.00e-02	3.10e-01	6.79e-01	2.42e-05	0.00e+00	0.00e+00	0.00e+00	0.00e+00	0.00e+00	5.84e-03	3.09e-03	1.05e-03
 2.69339e+16	1.20e-02	3.38e-01	6.50e-01	2.08e-05	0.00e+00	0.00e+00	0.00e+00	0.00e+00	0.00e+00	7.00e-03	3.70e-03	1.25e-03
 2.69734e+16	1.48e-02	3.72e-01	6.13e-01	1.72e-05	0.00e+00	0.00e+00	0.00e+00	0.00e+00	0.00e+00	8.65e-03	4.57e-03	1.55e-03
 2.70146e+16	1.86e-02	4.12e-01	5.70e-01	1.38e-05	0.00e+00	0.00e+00	0.00e+00	0.00e+00	0.00e+00	1.08e-02	5.73e-03	1.94e-03
 2.70484e+16	2.26e-02	4.47e-01	5.30e-01	1.12e-05	0.00e+00	0.00e+00	0.00e+00	0.00e+00	0.00e+00	1.32e-02	6.97e-03	2.36e-03
 2.70771e+16	2.69e-02	4.80e-01	4.93e-01	9.24e-06	0.00e+00	0.00e+00	0.00e+00	0.00e+00	0.00e+00	1.57e-02	8.28e-03	2.80e-03
 2.71088e+16	3.29e-02	5.19e-01	4.48e-01	7.19e-06	0.00e+00	0.00e+00	0.00e+00	0.00e+00	0.00e+00	1.92e-02	1.01e-02	3.42e-03
