#depth	O	O+	O+2	O+3	O+4	O+5	O+6	O+7	O+8	O[1]	O[2]	O[3]
 1.49634e+10	0.00e+00	0.00e+00	3.28e-31	1.37e-22	8.33e-15	6.65e-08	1.00e+00	0.00e+00	0.00e+00	0.00e+00	0.00e+00	0.00e+00
 4.54887e+10	0.00e+00	1.45e-40	4.56e-31	1.76e-22	9.85e-15	7.23e-08	1.00e+00	1.07e-07	0.00e+00	0.00e+00	0.00e+00	0.00e+00
 7.72350e+10	0.00e+00	0.00e+00	6.33e-31	2.25e-22	1.17e-14	7.87e-08	1.00e+00	0.00e+00	0.00e+00	0.00e+00	0.00e+00	0.00e+00
 1.10251e+11	0.00e+00	3.29e-40	8.79e-31	2.89e-22	1.38e-14	8.58e-08	1.00e+00	0.00e+00	0.00e+00	0.00e+00	0.00e+00	0.00e+00
 1.43688e+11	0.00e+00	0.00e+00	1.21e-30	3.69e-22	1.63e-14	9.33e-08	1.00e+00	0.00e+00	0.00e+00	0.00e+00	0.00e+00	0.00e+00
 1.78462e+11	0.00e+00	7.33e-40	1.67e-30	4.71e-22	1.92e-14	1.01e-07	1.00e+00	0.00e+00	0.00e+00	0.00e+00	0.00e+00	0.00e+00
 2.12433e+11	0.00e+00	0.00e+00	2.27e-30	5.93e-22	2.25e-14	1.10e-07	1.00e+00	0.00e+00	0.00e+00	0.00e+00	0.00e+00	0.00e+00
 2.43118e+11	0.00e+00	1.48e-39	2.95e-30	7.25e-22	2.58e-14	1.18e-07	1.00e+00	0.00e+00	0.00e+00	0.00e+00	0.00e+00	0.00e+00
 2.77348e+11	0.00e+00	0.00e+00	3.94e-30	9.03e-22	2.99e-14	1.27e-07	1.00e+00	0.00e+00	0.00e+00	0.00e+00	0.00e+00	0.00e+00
 3.17592e+11	0.00e+00	3.18e-39	5.46e-30	1.16e-21	3.54e-14	1.38e-07	1.00e+00	0.00e+00	0.00e+00	0.00e+00	0.00e+00	0.00e+00
 3.57454e+11	0.00e+00	0.00e+00	7.44e-30	1.46e-21	4.16e-14	1.50e-07	1.00e+00	0.00e+00	0.00e+00	0.00e+00	0.00e+00	0.00e+00
 3.94865e+11	0.00e+00	6.64e-39	9.88e-30	1.82e-21	4.83e-14	1.62e-07	1.00e+00	0.00e+00	0.00e+00	0.00e+00	0.00e+00	0.00e+00
 4.36540e+11	0.00e+00	0.00e+00	1.34e-29	2.29e-21	5.65e-14	1.76e-07	1.00e+00	0.00e+00	0.00e+00	0.00e+00	0.00e+00	0.00e+00
 4.83929e+11	0.00e+00	1.46e-38	1.87e-29	2.96e-21	6.75e-14	1.92e-07	1.00e+00	0.00e+00	0.00e+00	0.00e+00	0.00e+00	0.00e+00
 5.30504e+11	0.00e+00	0.00e+00	2.56e-29	3.77e-21	7.96e-14	2.09e-07	1.00e+00	0.00e+00	0.00e+00	0.00e+00	0.00e+00	0.00e+00
 5.78942e+11	0.00e+00	3.20e-38	3.53e-29	4.81e-21	9.42e-14	2.28e-07	1.00e+00	0.00e+00	0.00e+00	0.00e+00	0.00e+00	0.00e+00
 6.32026e+11	0.00e+00	0.00e+00	4.92e-29	6.21e-21	1.12e-13	2.49e-07	1.00e+00	0.00e+00	0.00e+00	0.00e+00	0.00e+00	0.00e+00
 6.85803e+11	0.00e+00	7.24e-38	6.83e-29	8.00e-21	1.34e-13	2.73e-07	1.00e+00	0.00e+00	0.00e+00	0.00e+00	0.00e+00	0.00e+00
 7.41730e+11	0.00e+00	0.00e+00	9.47e-29	1.03e-20	1.59e-13	2.99e-07	1.00e+00	0.00e+00	0.00e+00	0.00e+00	0.00e+00	0.00e+00
 8.01326e+11	0.00e+00	1.63e-37	1.32e-28	1.33e-20	1.90e-13	3.28e-07	1.00e+00	0.00e+00	0.00e+00	0.00e+00	0.00e+00	0.00e+00
 8.60655e+11	0.00e+00	0.00e+00	1.82e-28	1.70e-20	2.26e-13	3.58e-07	1.00e+00	0.00e+00	0.00e+00	0.00e+00	0.00e+00	0.00e+00
 9.22358e+11	0.00e+00	3.59e-37	2.52e-28	2.18e-20	2.69e-13	3.92e-07	1.00e+00	0.00e+00	0.00e+00	0.00e+00	0.00e+00	0.00e+00
 9.89179e+11	0.00e+00	0.00e+00	3.51e-28	2.83e-20	3.23e-13	4.31e-07	1.00e+00	0.00e+00	0.00e+00	0.00e+00	0.00e+00	0.00e+00
 1.05867e+12	0.00e+00	8.14e-37	4.90e-28	3.66e-20	3.87e-13	4.74e-07	1.00e+00	0.00e+00	0.00e+00	0.00e+00	0.00e+00	0.00e+00
 1.13095e+12	0.00e+00	0.00e+00	6.84e-28	4.74e-20	4.64e-13	5.21e-07	1.00e+00	0.00e+00	0.00e+00	0.00e+00	0.00e+00	0.00e+00
 1.20611e+12	0.00e+00	1.83e-36	9.53e-28	6.14e-20	5.57e-13	5.73e-07	1.00e+00	0.00e+00	0.00e+00	0.00e+00	0.00e+00	0.00e+00
 1.27404e+12	8.57e-46	2.60e-36	1.27e-27	7.69e-20	6.53e-13	6.23e-07	1.00e+00	0.00e+00	0.00e+00	0.00e+00	0.00e+00	0.00e+00
 1.33056e+12	0.00e+00	0.00e+00	1.60e-27	9.21e-20	7.43e-13	6.67e-07	1.00e+00	0.00e+00	0.00e+00	0.00e+00	0.00e+00	0.00e+00
 1.39243e+12	0.00e+00	4.65e-36	2.05e-27	1.12e-19	8.52e-13	7.17e-07	1.00e+00	0.00e+00	0.00e+00	0.00e+00	0.00e+00	0.00e+00
 1.47092e+12	2.65e-45	6.70e-36	2.77e-27	1.41e-19	1.01e-12	7.84e-07	1.00e+00	0.00e+00	0.00e+00	0.00e+00	0.00e+00	0.00e+00
 1.55282e+12	0.00e+00	0.00e+00	3.74e-27	1.79e-19	1.19e-12	8.57e-07	1.00e+00	0.00e+00	0.00e+00	0.00e+00	0.00e+00	0.00e+00
 1.62525e+12	0.00e+00	1.32e-35	4.83e-27	2.19e-19	1.38e-12	9.26e-07	1.00e+00	0.00e+00	0.00e+00	0.00e+00	0.00e+00	0.00e+00
 1.69284e+12	8.26e-45	1.74e-35	6.09e-27	2.63e-19	1.57e-12	9.93e-07	1.00e+00	0.00e+00	0.00e+00	0.00e+00	0.00e+00	0.00e+00
 1.77002e+12	0.00e+00	0.00e+00	7.86e-27	3.22e-19	1.82e-12	1.07e-06	1.00e+00	0.00e+00	0.00e+00	0.00e+00	0.00e+00	0.00e+00
 1.86487e+12	0.00e+00	3.41e-35	1.06e-26	4.08e-19	2.16e-12	1.18e-06	1.00e+00	0.00e+00	0.00e+00	0.00e+00	0.00e+00	0.00e+00
 1.95938e+12	2.77e-44	4.82e-35	1.42e-26	5.13e-19	2.55e-12	1.29e-06	1.00e+00	0.00e+00	0.00e+00	0.00e+00	0.00e+00	0.00e+00
 2.04146e+12	0.00e+00	6.43e-35	1.80e-26	6.21e-19	2.92e-12	1.38e-06	1.00e+00	0.00e+00	0.00e+00	0.00e+00	0.00e+00	0.00e+00
 2.13073e+12	5.58e-44	8.72e-35	2.32e-26	7.59e-19	3.38e-12	1.50e-06	1.00e+00	0.00e+00	0.00e+00	0.00e+00	0.00e+00	0.00e+00
 2.23978e+12	0.00e+00	1.24e-34	3.12e-26	9.60e-19	4.01e-12	1.64e-06	1.00e+00	0.00e+00	0.00e+00	0.00e+00	0.00e+00	0.00e+00
 2.35117e+12	1.28e-43	1.76e-34	4.17e-26	1.21e-18	4.74e-12	1.80e-06	1.00e+00	0.00e+00	0.00e+00	0.00e+00	0.00e+00	0.00e+00
 2.45344e+12	0.00e+00	2.39e-34	5.39e-26	1.48e-18	5.49e-12	1.95e-06	1.00e+00	0.00e+00	0.00e+00	0.00e+00	0.00e+00	0.00e+00
 2.56717e+12	2.72e-43	3.32e-34	7.09e-26	1.85e-18	6.42e-12	2.12e-06	1.00e+00	0.00e+00	0.00e+00	0.00e+00	0.00e+00	0.00e+00
 2.69905e+12	0.00e+00	4.78e-34	9.62e-26	2.35e-18	7.66e-12	2.33e-06	1.00e+00	0.00e+00	0.00e+00	0.00e+00	0.00e+00	0.00e+00
 2.82911e+12	6.26e-43	6.74e-34	1.28e-25	2.96e-18	9.04e-12	2.55e-06	1.00e+00	0.00e+00	0.00e+00	0.00e+00	0.00e+00	0.00e+00
 2.95360e+12	0.00e+00	9.25e-34	1.67e-25	3.66e-18	1.05e-11	2.77e-06	1.00e+00	0.00e+00	0.00e+00	0.00e+00	0.00e+00	0.00e+00
 3.09091e+12	1.35e-42	1.29e-33	2.21e-25	4.58e-18	1.24e-11	3.03e-06	1.00e+00	0.00e+00	0.00e+00	0.00e+00	0.00e+00	0.00e+00
 3.24447e+12	0.00e+00	1.85e-33	2.99e-25	5.82e-18	1.47e-11	3.33e-06	1.00e+00	0.00e+00	0.00e+00	0.00e+00	0.00e+00	0.00e+00
 3.38404e+12	2.99e-42	2.54e-33	3.89e-25	7.18e-18	1.71e-11	3.61e-06	1.00e+00	0.00e+00	0.00e+00	0.00e+00	0.00e+00	0.00e+00
 3.50144e+12	0.00e+00	3.28e-33	4.82e-25	8.51e-18	1.93e-11	3.86e-06	1.00e+00	0.00e+00	0.00e+00	0.00e+00	0.00e+00	0.00e+00
 3.63052e+12	5.57e-42	4.31e-33	6.06e-25	1.02e-17	2.20e-11	4.14e-06	1.00e+00	0.00e+00	0.00e+00	0.00e+00	0.00e+00	0.00e+00
 3.77622e+12	0.00e+00	5.81e-33	7.78e-25	1.25e-17	2.53e-11	4.47e-06	1.00e+00	0.00e+00	0.00e+00	0.00e+00	0.00e+00	0.00e+00
 3.91573e+12	1.09e-41	7.65e-33	9.80e-25	1.50e-17	2.89e-11	4.80e-06	1.00e+00	0.00e+00	0.00e+00	0.00e+00	0.00e+00	0.00e+00
 4.06928e+12	0.00e+00	1.03e-32	1.25e-24	1.82e-17	3.32e-11	5.18e-06	1.00e+00	0.00e+00	0.00e+00	0.00e+00	0.00e+00	0.00e+00
 4.23983e+12	2.24e-41	1.41e-32	1.63e-24	2.25e-17	3.85e-11	5.62e-06	1.00e+00	0.00e+00	0.00e+00	0.00e+00	0.00e+00	0.00e+00
 4.39965e+12	0.00e+00	1.88e-32	2.07e-24	2.72e-17	4.40e-11	6.04e-06	1.00e+00	0.00e+00	0.00e+00	0.00e+00	0.00e+00	0.00e+00
 4.57457e+12	4.49e-41	2.54e-32	2.67e-24	3.32e-17	5.07e-11	6.53e-06	1.00e+00	0.00e+00	0.00e+00	0.00e+00	0.00e+00	0.00e+00
 4.77129e+12	0.00e+00	3.53e-32	3.52e-24	4.13e-17	5.92e-11	7.10e-06	1.00e+00	0.00e+00	0.00e+00	0.00e+00	0.00e+00	0.00e+00
 4.95921e+12	9.45e-41	4.79e-32	4.53e-24	5.05e-17	6.81e-11	7.66e-06	1.00e+00	0.00e+00	0.00e+00	0.00e+00	0.00e+00	0.00e+00
 5.16523e+12	0.00e+00	6.61e-32	5.93e-24	6.24e-17	7.91e-11	8.30e-06	1.00e+00	0.00e+00	0.00e+00	0.00e+00	0.00e+00	0.00e+00
 5.38353e+12	2.03e-40	9.18e-32	7.80e-24	7.76e-17	9.21e-11	9.02e-06	1.00e+00	0.00e+00	0.00e+00	0.00e+00	0.00e+00	0.00e+00
 5.57455e+12	0.00e+00	1.21e-31	9.83e-24	9.32e-17	1.05e-10	9.67e-06	1.00e+00	0.00e+00	0.00e+00	0.00e+00	0.00e+00	0.00e+00
 5.77847e+12	3.96e-40	1.62e-31	1.25e-23	1.13e-16	1.20e-10	1.04e-05	1.00e+00	0.00e+00	0.00e+00	0.00e+00	0.00e+00	0.00e+00
 6.02657e+12	0.00e+00	2.28e-31	1.66e-23	1.41e-16	1.40e-10	1.13e-05	1.00e+00	0.00e+00	0.00e+00	0.00e+00	0.00e+00	0.00e+00
 6.27368e+12	8.67e-40	3.15e-31	2.18e-23	1.74e-16	1.62e-10	1.22e-05	1.00e+00	0.00e+00	0.00e+00	0.00e+00	0.00e+00	0.00e+00
 6.49172e+12	0.00e+00	4.17e-31	2.75e-23	2.09e-16	1.84e-10	1.31e-05	1.00e+00	0.00e+00	0.00e+00	0.00e+00	0.00e+00	0.00e+00
 6.73037e+12	1.71e-39	5.61e-31	3.51e-23	2.54e-16	2.10e-10	1.41e-05	1.00e+00	0.00e+00	0.00e+00	0.00e+00	0.00e+00	0.00e+00
 7.01753e+12	0.00e+00	7.92e-31	4.68e-23	3.18e-16	2.46e-10	1.53e-05	1.00e+00	0.00e+00	0.00e+00	0.00e+00	0.00e+00	0.00e+00
 7.30485e+12	3.79e-39	1.10e-30	6.16e-23	3.95e-16	2.86e-10	1.66e-05	1.00e+00	0.00e+00	0.00e+00	0.00e+00	0.00e+00	0.00e+00
 7.56620e+12	0.00e+00	1.48e-30	7.86e-23	4.78e-16	3.26e-10	1.78e-05	1.00e+00	0.00e+00	0.00e+00	0.00e+00	0.00e+00	0.00e+00
 7.85667e+12	7.79e-39	2.03e-30	1.02e-22	5.87e-16	3.75e-10	1.92e-05	1.00e+00	0.00e+00	0.00e+00	0.00e+00	0.00e+00	0.00e+00
 8.19623e+12	0.00e+00	2.90e-30	1.37e-22	7.39e-16	4.40e-10	2.09e-05	1.00e+00	0.00e+00	0.00e+00	0.00e+00	0.00e+00	0.00e+00
 8.53135e+12	1.76e-38	4.07e-30	1.82e-22	9.20e-16	5.11e-10	2.27e-05	1.00e+00	0.00e+00	0.00e+00	0.00e+00	0.00e+00	0.00e+00
 8.84807e+12	0.00e+00	5.56e-30	2.35e-22	1.12e-15	5.86e-10	2.44e-05	1.00e+00	0.00e+00	0.00e+00	0.00e+00	0.00e+00	0.00e+00
 9.20011e+12	3.77e-38	7.76e-30	3.09e-22	1.39e-15	6.79e-10	2.63e-05	1.00e+00	0.00e+00	0.00e+00	0.00e+00	0.00e+00	0.00e+00
 9.59804e+12	0.00e+00	1.12e-29	4.17e-22	1.76e-15	7.97e-10	2.87e-05	1.00e+00	0.00e+00	0.00e+00	0.00e+00	0.00e+00	0.00e+00
 9.99791e+12	8.80e-38	1.59e-29	5.58e-22	2.21e-15	9.30e-10	3.11e-05	1.00e+00	0.00e+00	0.00e+00	0.00e+00	0.00e+00	0.00e+00
 1.04138e+13	0.00e+00	2.27e-29	7.48e-22	2.77e-15	1.08e-09	3.38e-05	1.00e+00	0.00e+00	0.00e+00	0.00e+00	0.00e+00	0.00e+00
 1.08603e+13	2.07e-37	3.28e-29	1.01e-21	3.50e-15	1.27e-09	3.67e-05	1.00e+00	0.00e+00	0.00e+00	0.00e+00	0.00e+00	0.00e+00
 1.13246e+13	0.00e+00	4.74e-29	1.37e-21	4.42e-15	1.49e-09	3.99e-05	1.00e+00	0.00e+00	0.00e+00	0.00e+00	0.00e+00	0.00e+00
 1.17817e+13	4.84e-37	6.72e-29	1.82e-21	5.51e-15	1.73e-09	4.32e-05	1.00e+00	0.00e+00	0.00e+00	0.00e+00	0.00e+00	0.00e+00
 1.22070e+13	0.00e+00	9.21e-29	2.36e-21	6.73e-15	1.98e-09	4.64e-05	1.00e+00	0.00e+00	0.00e+00	0.00e+00	0.00e+00	0.00e+00
 1.25910e+13	9.73e-37	1.21e-28	2.96e-21	8.01e-15	2.23e-09	4.94e-05	1.00e+00	0.00e+00	0.00e+00	0.00e+00	0.00e+00	0.00e+00
 1.30026e+13	0.00e+00	1.62e-28	3.75e-21	9.60e-15	2.52e-09	5.26e-05	1.00e+00	0.00e+00	0.00e+00	0.00e+00	0.00e+00	0.00e+00
 1.35150e+13	2.07e-36	2.30e-28	4.98e-21	1.19e-14	2.93e-09	5.69e-05	1.00e+00	0.00e+00	0.00e+00	0.00e+00	0.00e+00	0.00e+00
 1.40286e+13	0.00e+00	3.22e-28	6.55e-21	1.48e-14	3.38e-09	6.12e-05	1.00e+00	0.00e+00	0.00e+00	0.00e+00	0.00e+00	0.00e+00
 1.44705e+13	4.32e-36	4.27e-28	8.25e-21	1.76e-14	3.80e-09	6.51e-05	1.00e+00	0.00e+00	0.00e+00	0.00e+00	0.00e+00	0.00e+00
 1.49486e+13	0.00e+00	5.75e-28	1.05e-20	2.12e-14	4.31e-09	6.95e-05	1.00e+00	0.00e+00	0.00e+00	0.00e+00	0.00e+00	0.00e+00
 1.55381e+13	9.39e-36	8.19e-28	1.40e-20	2.64e-14	5.00e-09	7.50e-05	1.00e+00	0.00e+00	0.00e+00	0.00e+00	0.00e+00	0.00e+00
 1.61272e+13	0.00e+00	1.15e-27	1.85e-20	3.26e-14	5.76e-09	8.08e-05	1.00e+00	0.00e+00	0.00e+00	0.00e+00	0.00e+00	0.00e+00
 1.66360e+13	1.99e-35	1.54e-27	2.34e-20	3.90e-14	6.49e-09	8.58e-05	1.00e+00	0.00e+00	0.00e+00	0.00e+00	0.00e+00	0.00e+00
 1.71857e+13	0.00e+00	2.08e-27	2.99e-20	4.70e-14	7.36e-09	9.15e-05	1.00e+00	0.00e+00	0.00e+00	0.00e+00	0.00e+00	0.00e+00
 1.78614e+13	4.37e-35	2.98e-27	3.99e-20	5.86e-14	8.54e-09	9.88e-05	1.00e+00	0.00e+00	0.00e+00	0.00e+00	0.00e+00	0.00e+00
 1.85432e+13	6.63e-35	4.23e-27	5.30e-20	7.27e-14	9.87e-09	1.06e-04	1.00e+00	0.00e+00	0.00e+00	0.00e+00	0.00e+00	0.00e+00
 1.91476e+13	9.52e-35	5.73e-27	6.76e-20	8.74e-14	1.12e-08	1.13e-04	1.00e+00	0.00e+00	0.00e+00	0.00e+00	0.00e+00	0.00e+00
 1.98086e+13	1.39e-34	7.88e-27	8.75e-20	1.06e-13	1.27e-08	1.21e-04	1.00e+00	0.00e+00	0.00e+00	0.00e+00	0.00e+00	0.00e+00
 2.06009e+13	2.17e-34	1.14e-26	1.18e-19	1.33e-13	1.48e-08	1.31e-04	1.00e+00	0.00e+00	0.00e+00	0.00e+00	0.00e+00	0.00e+00
 2.13901e+13	3.32e-34	1.63e-26	1.57e-19	1.66e-13	1.71e-08	1.41e-04	1.00e+00	0.00e+00	0.00e+00	0.00e+00	0.00e+00	0.00e+00
 2.21096e+13	4.84e-34	2.23e-26	2.03e-19	2.01e-13	1.95e-08	1.50e-04	1.00e+00	0.00e+00	0.00e+00	0.00e+00	0.00e+00	0.00e+00
 2.29118e+13	7.26e-34	3.14e-26	2.66e-19	2.47e-13	2.24e-08	1.61e-04	1.00e+00	0.00e+00	0.00e+00	0.00e+00	0.00e+00	0.00e+00
 2.38474e+13	1.15e-33	4.59e-26	3.62e-19	3.11e-13	2.61e-08	1.74e-04	1.00e+00	0.00e+00	0.00e+00	0.00e+00	0.00e+00	0.00e+00
 2.47693e+13	1.77e-33	6.61e-26	4.85e-19	3.88e-13	3.03e-08	1.88e-04	1.00e+00	0.00e+00	0.00e+00	0.00e+00	0.00e+00	0.00e+00
 2.56426e+13	2.64e-33	9.22e-26	6.34e-19	4.74e-13	3.46e-08	2.01e-04	1.00e+00	0.00e+00	0.00e+00	0.00e+00	0.00e+00	0.00e+00
 2.66127e+13	4.05e-33	1.32e-25	8.45e-19	5.89e-13	4.00e-08	2.16e-04	1.00e+00	0.00e+00	0.00e+00	0.00e+00	0.00e+00	0.00e+00
 2.77072e+13	6.43e-33	1.94e-25	1.15e-18	7.45e-13	4.68e-08	2.34e-04	1.00e+00	0.00e+00	0.00e+00	0.00e+00	0.00e+00	0.00e+00
 2.88076e+13	1.01e-32	2.83e-25	1.56e-18	9.35e-13	5.45e-08	2.53e-04	1.00e+00	0.00e+00	0.00e+00	0.00e+00	0.00e+00	0.00e+00
 2.99520e+13	1.58e-32	4.12e-25	2.11e-18	1.17e-12	6.35e-08	2.73e-04	1.00e+00	0.00e+00	0.00e+00	0.00e+00	0.00e+00	0.00e+00
 3.11800e+13	2.51e-32	6.07e-25	2.88e-18	1.48e-12	7.43e-08	2.95e-04	1.00e+00	0.00e+00	0.00e+00	0.00e+00	0.00e+00	0.00e+00
 3.23698e+13	3.87e-32	8.70e-25	3.85e-18	1.85e-12	8.60e-08	3.18e-04	1.00e+00	0.00e+00	0.00e+00	0.00e+00	0.00e+00	0.00e+00
 3.34901e+13	5.74e-32	1.21e-24	5.02e-18	2.26e-12	9.82e-08	3.40e-04	1.00e+00	0.00e+00	0.00e+00	0.00e+00	0.00e+00	0.00e+00
 3.47424e+13	8.77e-32	1.72e-24	6.67e-18	2.80e-12	1.13e-07	3.66e-04	1.00e+00	0.00e+00	0.00e+00	0.00e+00	0.00e+00	0.00e+00
 3.60040e+13	1.32e-31	2.43e-24	8.79e-18	3.45e-12	1.30e-07	3.93e-04	1.00e+00	0.00e+00	0.00e+00	0.00e+00	0.00e+00	0.00e+00
 3.70531e+13	1.84e-31	3.21e-24	1.10e-17	4.08e-12	1.46e-07	4.16e-04	1.00e+00	0.00e+00	0.00e+00	0.00e+00	0.00e+00	0.00e+00
 3.81646e+13	2.59e-31	4.27e-24	1.38e-17	4.85e-12	1.64e-07	4.41e-04	1.00e+00	0.00e+00	0.00e+00	0.00e+00	0.00e+00	0.00e+00
 3.95836e+13	3.94e-31	6.06e-24	1.84e-17	6.01e-12	1.89e-07	4.74e-04	1.00e+00	0.00e+00	0.00e+00	0.00e+00	0.00e+00	0.00e+00
 4.10713e+13	6.09e-31	8.74e-24	2.47e-17	7.47e-12	2.19e-07	5.11e-04	9.99e-01	0.00e+00	0.00e+00	0.00e+00	0.00e+00	0.00e+00
 4.23894e+13	8.68e-31	1.17e-23	3.13e-17	8.99e-12	2.48e-07	5.44e-04	9.99e-01	0.00e+00	0.00e+00	0.00e+00	0.00e+00	0.00e+00
 4.38181e+13	1.27e-30	1.61e-23	4.05e-17	1.09e-11	2.82e-07	5.81e-04	9.99e-01	0.00e+00	0.00e+00	0.00e+00	0.00e+00	0.00e+00
 4.55332e+13	1.97e-30	2.33e-23	5.45e-17	1.37e-11	3.28e-07	6.28e-04	9.99e-01	0.00e+00	0.00e+00	0.00e+00	0.00e+00	0.00e+00
 4.72693e+13	3.02e-30	3.34e-23	7.28e-17	1.71e-11	3.80e-07	6.77e-04	9.99e-01	0.00e+00	0.00e+00	0.00e+00	0.00e+00	0.00e+00
 4.88984e+13	4.45e-30	4.62e-23	9.47e-17	2.08e-11	4.35e-07	7.25e-04	9.99e-01	0.00e+00	0.00e+00	0.00e+00	0.00e+00	0.00e+00
 5.04705e+13	6.38e-30	6.26e-23	1.21e-16	2.51e-11	4.93e-07	7.73e-04	9.99e-01	0.00e+00	0.00e+00	0.00e+00	0.00e+00	0.00e+00
 5.22452e+13	9.44e-30	8.70e-23	1.58e-16	3.08e-11	5.65e-07	8.29e-04	9.99e-01	0.00e+00	0.00e+00	0.00e+00	0.00e+00	0.00e+00
 5.42028e+13	1.43e-29	1.24e-22	2.10e-16	3.82e-11	6.53e-07	8.93e-04	9.99e-01	0.00e+00	0.00e+00	0.00e+00	0.00e+00	0.00e+00
 5.60086e+13	2.08e-29	1.69e-22	2.71e-16	4.63e-11	7.43e-07	9.54e-04	9.99e-01	0.00e+00	0.00e+00	0.00e+00	0.00e+00	0.00e+00
 5.79667e+13	3.08e-29	2.35e-22	3.53e-16	5.67e-11	8.52e-07	1.02e-03	9.99e-01	0.00e+00	0.00e+00	0.00e+00	0.00e+00	0.00e+00
 6.01533e+13	4.67e-29	3.34e-22	4.71e-16	7.06e-11	9.86e-07	1.10e-03	9.99e-01	0.00e+00	0.00e+00	0.00e+00	0.00e+00	0.00e+00
 6.22086e+13	6.85e-29	4.60e-22	6.11e-16	8.61e-11	1.13e-06	1.18e-03	9.99e-01	0.00e+00	0.00e+00	0.00e+00	0.00e+00	0.00e+00
 6.44522e+13	1.02e-28	6.45e-22	8.03e-16	1.06e-10	1.30e-06	1.27e-03	9.99e-01	0.00e+00	0.00e+00	0.00e+00	0.00e+00	0.00e+00
 6.69443e+13	1.57e-28	9.26e-22	1.08e-15	1.33e-10	1.51e-06	1.37e-03	9.99e-01	0.00e+00	0.00e+00	0.00e+00	0.00e+00	0.00e+00
 6.92728e+13	2.31e-28	1.28e-21	1.40e-15	1.62e-10	1.72e-06	1.47e-03	9.99e-01	0.00e+00	0.00e+00	0.00e+00	0.00e+00	0.00e+00
 7.17998e+13	3.47e-28	1.80e-21	1.85e-15	2.01e-10	1.99e-06	1.58e-03	9.98e-01	0.00e+00	0.00e+00	0.00e+00	0.00e+00	0.00e+00
 7.46235e+13	5.36e-28	2.61e-21	2.50e-15	2.52e-10	2.31e-06	1.71e-03	9.98e-01	0.00e+00	0.00e+00	0.00e+00	0.00e+00	0.00e+00
 7.73113e+13	8.02e-28	3.65e-21	3.29e-15	3.10e-10	2.66e-06	1.84e-03	9.98e-01	0.00e+00	0.00e+00	0.00e+00	0.00e+00	0.00e+00
 8.01848e+13	1.21e-27	5.18e-21	4.36e-15	3.85e-10	3.08e-06	1.99e-03	9.98e-01	0.00e+00	0.00e+00	0.00e+00	0.00e+00	0.00e+00
 8.34221e+13	1.90e-27	7.55e-21	5.93e-15	4.87e-10	3.60e-06	2.15e-03	9.98e-01	0.00e+00	0.00e+00	0.00e+00	0.00e+00	0.00e+00
 8.66164e+13	2.91e-27	1.08e-20	7.94e-15	6.08e-10	4.18e-06	2.32e-03	9.98e-01	0.00e+00	0.00e+00	0.00e+00	0.00e+00	0.00e+00
 8.99385e+13	4.46e-27	1.55e-20	1.06e-14	7.59e-10	4.85e-06	2.51e-03	9.97e-01	0.00e+00	0.00e+00	0.00e+00	0.00e+00	0.00e+00
 9.33440e+13	6.82e-27	2.22e-20	1.42e-14	9.46e-10	5.62e-06	2.71e-03	9.97e-01	0.00e+00	0.00e+00	0.00e+00	0.00e+00	0.00e+00
 9.65024e+13	9.97e-27	3.05e-20	1.84e-14	1.15e-09	6.41e-06	2.90e-03	9.97e-01	0.00e+00	0.00e+00	0.00e+00	0.00e+00	0.00e+00
 1.00009e+14	1.50e-26	4.30e-20	2.43e-14	1.42e-09	7.38e-06	3.12e-03	9.97e-01	0.00e+00	0.00e+00	0.00e+00	0.00e+00	0.00e+00
 1.03859e+14	2.31e-26	6.18e-20	3.26e-14	1.78e-09	8.58e-06	3.36e-03	9.97e-01	0.00e+00	0.00e+00	0.00e+00	0.00e+00	0.00e+00
 1.07422e+14	3.40e-26	8.56e-20	4.25e-14	2.17e-09	9.80e-06	3.60e-03	9.96e-01	0.00e+00	0.00e+00	0.00e+00	0.00e+00	0.00e+00
 1.10553e+14	4.73e-26	1.13e-19	5.31e-14	2.58e-09	1.10e-05	3.82e-03	9.96e-01	0.00e+00	0.00e+00	0.00e+00	0.00e+00	0.00e+00
 1.13868e+14	6.64e-26	1.50e-19	6.69e-14	3.07e-09	1.23e-05	4.05e-03	9.96e-01	0.00e+00	0.00e+00	0.00e+00	0.00e+00	0.00e+00
 1.18071e+14	1.01e-25	2.13e-19	8.88e-14	3.81e-09	1.43e-05	4.36e-03	9.96e-01	0.00e+00	0.00e+00	0.00e+00	0.00e+00	0.00e+00
 1.22329e+14	1.52e-25	3.00e-19	1.17e-13	4.70e-09	1.64e-05	4.69e-03	9.95e-01	0.00e+00	0.00e+00	0.00e+00	0.00e+00	0.00e+00
 1.25930e+14	2.12e-25	3.98e-19	1.47e-13	5.58e-09	1.84e-05	4.97e-03	9.95e-01	0.00e+00	0.00e+00	0.00e+00	0.00e+00	0.00e+00
 1.29778e+14	3.00e-25	5.33e-19	1.86e-13	6.67e-09	2.07e-05	5.28e-03	9.95e-01	0.00e+00	0.00e+00	0.00e+00	0.00e+00	0.00e+00
 1.34606e+14	4.58e-25	7.59e-19	2.48e-13	8.28e-09	2.40e-05	5.68e-03	9.94e-01	0.00e+00	0.00e+00	0.00e+00	0.00e+00	0.00e+00
 1.39590e+14	6.97e-25	1.08e-18	3.30e-13	1.03e-08	2.77e-05	6.11e-03	9.94e-01	0.00e+00	0.00e+00	0.00e+00	0.00e+00	0.00e+00
 1.43983e+14	9.99e-25	1.46e-18	4.21e-13	1.23e-08	3.13e-05	6.51e-03	9.93e-01	0.00e+00	0.00e+00	0.00e+00	0.00e+00	0.00e+00
 1.48728e+14	1.45e-24	2.00e-18	5.43e-13	1.50e-08	3.56e-05	6.95e-03	9.93e-01	0.00e+00	0.00e+00	0.00e+00	0.00e+00	0.00e+00
 1.54454e+14	2.24e-24	2.88e-18	7.29e-13	1.87e-08	4.13e-05	7.50e-03	9.92e-01	0.00e+00	0.00e+00	0.00e+00	0.00e+00	0.00e+00
 1.60130e+14	3.42e-24	4.10e-18	9.69e-13	2.32e-08	4.77e-05	8.06e-03	9.92e-01	0.00e+00	0.00e+00	0.00e+00	0.00e+00	0.00e+00
 1.65175e+14	4.89e-24	5.54e-18	1.23e-12	2.79e-08	5.39e-05	8.58e-03	9.91e-01	0.00e+00	0.00e+00	0.00e+00	0.00e+00	0.00e+00
 1.70724e+14	7.16e-24	7.63e-18	1.60e-12	3.39e-08	6.14e-05	9.17e-03	9.91e-01	0.00e+00	0.00e+00	0.00e+00	0.00e+00	0.00e+00
 1.77352e+14	1.10e-23	1.10e-17	2.15e-12	4.25e-08	7.15e-05	9.91e-03	9.90e-01	0.00e+00	0.00e+00	0.00e+00	0.00e+00	0.00e+00
 1.83934e+14	1.69e-23	1.57e-17	2.87e-12	5.28e-08	8.25e-05	1.07e-02	9.89e-01	0.00e+00	0.00e+00	0.00e+00	0.00e+00	0.00e+00
 1.89925e+14	2.44e-23	2.14e-17	3.68e-12	6.38e-08	9.37e-05	1.14e-02	9.89e-01	0.00e+00	0.00e+00	0.00e+00	0.00e+00	0.00e+00
 1.96596e+14	3.62e-23	2.98e-17	4.82e-12	7.83e-08	1.07e-04	1.22e-02	9.88e-01	0.00e+00	0.00e+00	0.00e+00	0.00e+00	0.00e+00
 2.04388e+14	5.63e-23	4.33e-17	6.52e-12	9.86e-08	1.25e-04	1.32e-02	9.87e-01	0.00e+00	0.00e+00	0.00e+00	0.00e+00	0.00e+00
 2.12054e+14	8.55e-23	6.15e-17	8.68e-12	1.23e-07	1.45e-04	1.42e-02	9.86e-01	0.00e+00	0.00e+00	0.00e+00	0.00e+00	0.00e+00
 2.19258e+14	1.25e-22	8.46e-17	1.13e-11	1.49e-07	1.65e-04	1.52e-02	9.85e-01	0.00e+00	0.00e+00	0.00e+00	0.00e+00	0.00e+00
 2.27289e+14	1.87e-22	1.19e-16	1.49e-11	1.85e-07	1.91e-04	1.64e-02	9.83e-01	0.00e+00	0.00e+00	0.00e+00	0.00e+00	0.00e+00
 2.36411e+14	2.90e-22	1.73e-16	2.02e-11	2.33e-07	2.23e-04	1.78e-02	9.82e-01	0.00e+00	0.00e+00	0.00e+00	0.00e+00	0.00e+00
 2.45514e+14	4.40e-22	2.46e-16	2.69e-11	2.92e-07	2.59e-04	1.92e-02	9.81e-01	0.00e+00	0.00e+00	0.00e+00	0.00e+00	0.00e+00
 2.54294e+14	6.50e-22	3.43e-16	3.53e-11	3.59e-07	2.97e-04	2.07e-02	9.79e-01	0.00e+00	0.00e+00	0.00e+00	0.00e+00	0.00e+00
 2.61914e+14	8.98e-22	4.52e-16	4.43e-11	4.27e-07	3.34e-04	2.20e-02	9.78e-01	0.00e+00	0.00e+00	0.00e+00	0.00e+00	0.00e+00
 2.68286e+14	1.17e-21	5.65e-16	5.32e-11	4.92e-07	3.67e-04	2.31e-02	9.77e-01	0.00e+00	0.00e+00	0.00e+00	0.00e+00	0.00e+00
 2.75369e+14	1.54e-21	7.19e-16	6.49e-11	5.74e-07	4.06e-04	2.44e-02	9.75e-01	0.00e+00	0.00e+00	0.00e+00	0.00e+00	0.00e+00
 2.84577e+14	2.20e-21	9.74e-16	8.34e-11	6.97e-07	4.63e-04	2.61e-02	9.73e-01	0.00e+00	0.00e+00	0.00e+00	0.00e+00	0.00e+00
 2.94285e+14	3.16e-21	1.33e-15	1.08e-10	8.49e-07	5.28e-04	2.80e-02	9.71e-01	0.00e+00	0.00e+00	0.00e+00	0.00e+00	0.00e+00
 3.02664e+14	4.25e-21	1.71e-15	1.33e-10	1.00e-06	5.89e-04	2.97e-02	9.70e-01	0.00e+00	0.00e+00	0.00e+00	0.00e+00	0.00e+00
 3.11576e+14	5.77e-21	2.23e-15	1.66e-10	1.19e-06	6.60e-04	3.16e-02	9.68e-01	0.00e+00	0.00e+00	0.00e+00	0.00e+00	0.00e+00
 3.22960e+14	8.41e-21	3.08e-15	2.17e-10	1.47e-06	7.60e-04	3.41e-02	9.65e-01	0.00e+00	0.00e+00	0.00e+00	0.00e+00	0.00e+00
 3.34674e+14	1.22e-20	4.25e-15	2.84e-10	1.81e-06	8.73e-04	3.68e-02	9.62e-01	0.00e+00	0.00e+00	0.00e+00	0.00e+00	0.00e+00
 3.44713e+14	1.65e-20	5.55e-15	3.55e-10	2.15e-06	9.80e-04	3.91e-02	9.60e-01	0.00e+00	0.00e+00	0.00e+00	0.00e+00	0.00e+00
 3.55458e+14	2.26e-20	7.29e-15	4.47e-10	2.57e-06	1.10e-03	4.18e-02	9.57e-01	0.00e+00	0.00e+00	0.00e+00	0.00e+00	0.00e+00
 3.68776e+14	3.29e-20	1.01e-14	5.89e-10	3.19e-06	1.27e-03	4.52e-02	9.54e-01	0.00e+00	0.00e+00	0.00e+00	0.00e+00	0.00e+00
 3.82424e+14	4.76e-20	1.40e-14	7.73e-10	3.95e-06	1.47e-03	4.88e-02	9.50e-01	0.00e+00	0.00e+00	0.00e+00	0.00e+00	0.00e+00
 3.94578e+14	6.52e-20	1.84e-14	9.77e-10	4.74e-06	1.66e-03	5.22e-02	9.46e-01	0.00e+00	0.00e+00	0.00e+00	0.00e+00	0.00e+00
 4.07809e+14	9.03e-20	2.46e-14	1.25e-09	5.74e-06	1.88e-03	5.60e-02	9.42e-01	0.00e+00	0.00e+00	0.00e+00	0.00e+00	0.00e+00
 4.23607e+14	1.33e-19	3.45e-14	1.66e-09	7.17e-06	2.18e-03	6.07e-02	9.37e-01	0.00e+00	0.00e+00	0.00e+00	0.00e+00	0.00e+00
 4.39188e+14	1.90e-19	4.75e-14	2.17e-09	8.86e-06	2.50e-03	6.55e-02	9.32e-01	0.00e+00	0.00e+00	0.00e+00	0.00e+00	0.00e+00
 4.53208e+14	2.59e-19	6.25e-14	2.75e-09	1.06e-05	2.82e-03	7.00e-02	9.27e-01	0.00e+00	0.00e+00	0.00e+00	0.00e+00	0.00e+00
 4.68754e+14	3.62e-19	8.42e-14	3.53e-09	1.29e-05	3.20e-03	7.51e-02	9.22e-01	0.00e+00	0.00e+00	0.00e+00	0.00e+00	0.00e+00
 4.87107e+14	5.29e-19	1.18e-13	4.71e-09	1.62e-05	3.71e-03	8.14e-02	9.15e-01	0.00e+00	0.00e+00	0.00e+00	0.00e+00	0.00e+00
 5.05235e+14	7.59e-19	1.63e-13	6.18e-09	2.00e-05	4.25e-03	8.79e-02	9.08e-01	0.00e+00	0.00e+00	0.00e+00	0.00e+00	0.00e+00
 5.21991e+14	1.05e-18	2.18e-13	7.89e-09	2.41e-05	4.81e-03	9.40e-02	9.01e-01	0.00e+00	0.00e+00	0.00e+00	0.00e+00	0.00e+00
 5.40803e+14	1.49e-18	2.98e-13	1.03e-08	2.96e-05	5.49e-03	1.01e-01	8.93e-01	0.00e+00	0.00e+00	0.00e+00	0.00e+00	0.00e+00
 5.62465e+14	2.20e-18	4.23e-13	1.38e-08	3.71e-05	6.36e-03	1.10e-01	8.84e-01	0.00e+00	0.00e+00	0.00e+00	0.00e+00	0.00e+00
 5.83671e+14	3.18e-18	5.88e-13	1.82e-08	4.60e-05	7.29e-03	1.18e-01	8.75e-01	0.00e+00	0.00e+00	0.00e+00	0.00e+00	0.00e+00
 6.05726e+14	4.61e-18	8.19e-13	2.41e-08	5.69e-05	8.36e-03	1.27e-01	8.65e-01	0.00e+00	0.00e+00	0.00e+00	0.00e+00	0.00e+00
 6.29985e+14	6.84e-18	1.17e-12	3.23e-08	7.12e-05	9.65e-03	1.37e-01	8.53e-01	0.00e+00	0.00e+00	0.00e+00	0.00e+00	0.00e+00
 6.50506e+14	9.45e-18	1.56e-12	4.11e-08	8.56e-05	1.08e-02	1.46e-01	8.43e-01	0.00e+00	0.00e+00	0.00e+00	0.00e+00	0.00e+00
 6.65510e+14	1.19e-17	1.91e-12	4.88e-08	9.74e-05	1.18e-02	1.53e-01	8.36e-01	0.00e+00	0.00e+00	0.00e+00	0.00e+00	0.00e+00
 6.81264e+14	1.51e-17	2.36e-12	5.82e-08	1.11e-04	1.28e-02	1.59e-01	8.28e-01	0.00e+00	0.00e+00	0.00e+00	0.00e+00	0.00e+00
 7.01743e+14	2.04e-17	3.09e-12	7.28e-08	1.32e-04	1.43e-02	1.69e-01	8.17e-01	0.00e+00	0.00e+00	0.00e+00	0.00e+00	0.00e+00
 7.24331e+14	2.88e-17	4.13e-12	9.24e-08	1.57e-04	1.60e-02	1.79e-01	8.05e-01	0.00e+00	0.00e+00	1.66e-17	8.65e-18	2.91e-18
 7.45233e+14	3.85e-17	5.35e-12	1.14e-07	1.85e-04	1.77e-02	1.88e-01	7.94e-01	0.00e+00	0.00e+00	2.21e-17	1.17e-17	3.90e-18
 7.67976e+14	5.26e-17	7.05e-12	1.43e-07	2.19e-04	1.96e-02	1.99e-01	7.82e-01	0.00e+00	0.00e+00	3.02e-17	1.59e-17	5.32e-18
 7.93545e+14	7.40e-17	9.52e-12	1.84e-07	2.63e-04	2.20e-02	2.10e-01	7.67e-01	0.00e+00	0.00e+00	4.26e-17	2.23e-17	7.45e-18
 8.17892e+14	1.01e-16	1.26e-11	2.30e-07	3.11e-04	2.45e-02	2.22e-01	7.54e-01	0.00e+00	0.00e+00	5.84e-17	3.06e-17	1.02e-17
 8.44651e+14	1.42e-16	1.69e-11	2.93e-07	3.72e-04	2.73e-02	2.34e-01	7.39e-01	0.00e+00	0.00e+00	8.18e-17	4.28e-17	1.42e-17
 8.74587e+14	2.05e-16	2.33e-11	3.81e-07	4.50e-04	3.08e-02	2.47e-01	7.21e-01	0.00e+00	0.00e+00	1.18e-16	6.18e-17	2.05e-17
 9.03043e+14	2.87e-16	3.12e-11	4.83e-07	5.36e-04	3.42e-02	2.60e-01	7.05e-01	0.00e+00	0.00e+00	1.66e-16	8.65e-17	2.86e-17
 9.34424e+14	4.13e-16	4.28e-11	6.23e-07	6.45e-04	3.83e-02	2.74e-01	6.87e-01	0.00e+00	0.00e+00	2.39e-16	1.24e-16	4.10e-17
 9.69556e+14	6.15e-16	6.02e-11	8.20e-07	7.88e-04	4.33e-02	2.90e-01	6.66e-01	0.00e+00	0.00e+00	3.55e-16	1.85e-16	6.08e-17
 1.00260e+15	8.79e-16	8.19e-11	1.05e-06	9.41e-04	4.82e-02	3.04e-01	6.47e-01	0.00e+00	0.00e+00	5.08e-16	2.65e-16	8.67e-17
 1.03859e+15	1.29e-15	1.13e-10	1.36e-06	1.13e-03	5.40e-02	3.19e-01	6.26e-01	0.00e+00	0.00e+00	7.44e-16	3.87e-16	1.27e-16
 1.07874e+15	1.94e-15	1.61e-10	1.80e-06	1.39e-03	6.08e-02	3.35e-01	6.03e-01	0.00e+00	0.00e+00	1.12e-15	5.85e-16	1.91e-16
 1.11635e+15	2.81e-15	2.20e-10	2.30e-06	1.65e-03	6.76e-02	3.50e-01	5.81e-01	0.00e+00	0.00e+00	1.63e-15	8.47e-16	2.76e-16
 1.15686e+15	4.14e-15	3.04e-10	2.98e-06	1.99e-03	7.53e-02	3.65e-01	5.58e-01	0.00e+00	0.00e+00	2.40e-15	1.25e-15	4.06e-16
 1.20215e+15	6.30e-15	4.32e-10	3.92e-06	2.41e-03	8.44e-02	3.80e-01	5.33e-01	0.00e+00	0.00e+00	3.65e-15	1.90e-15	6.16e-16
 1.24574e+15	9.30e-15	5.97e-10	5.06e-06	2.89e-03	9.36e-02	3.94e-01	5.09e-01	0.00e+00	0.00e+00	5.39e-15	2.81e-15	9.09e-16
 1.29209e+15	1.39e-14	8.31e-10	6.56e-06	3.46e-03	1.04e-01	4.08e-01	4.84e-01	0.00e+00	0.00e+00	8.06e-15	4.19e-15	1.36e-15
 1.34380e+15	2.14e-14	1.18e-09	8.64e-06	4.19e-03	1.16e-01	4.22e-01	4.58e-01	0.00e+00	0.00e+00	1.24e-14	6.45e-15	2.08e-15
 1.38727e+15	3.03e-14	1.57e-09	1.08e-05	4.88e-03	1.26e-01	4.33e-01	4.36e-01	0.00e+00	0.00e+00	1.76e-14	9.13e-15	2.95e-15
 1.41859e+15	3.86e-14	1.91e-09	1.26e-05	5.43e-03	1.34e-01	4.40e-01	4.21e-01	0.00e+00	0.00e+00	2.24e-14	1.17e-14	3.76e-15
 1.45128e+15	4.96e-14	2.34e-09	1.47e-05	6.04e-03	1.42e-01	4.47e-01	4.05e-01	0.00e+00	0.00e+00	2.88e-14	1.50e-14	4.83e-15
 1.49378e+15	6.80e-14	3.02e-09	1.79e-05	6.91e-03	1.53e-01	4.55e-01	3.86e-01	0.00e+00	0.00e+00	3.95e-14	2.05e-14	6.62e-15
 1.54108e+15	9.57e-14	3.97e-09	2.21e-05	7.98e-03	1.65e-01	4.62e-01	3.65e-01	0.00e+00	0.00e+00	5.55e-14	2.89e-14	9.30e-15
 1.58525e+15	1.30e-13	5.08e-09	2.67e-05	9.06e-03	1.77e-01	4.68e-01	3.46e-01	0.00e+00	0.00e+00	7.56e-14	3.93e-14	1.27e-14
 1.63330e+15	1.81e-13	6.58e-09	3.25e-05	1.04e-02	1.90e-01	4.74e-01	3.26e-01	0.00e+00	0.00e+00	1.05e-13	5.45e-14	1.76e-14
 1.68711e+15	2.57e-13	8.70e-09	4.03e-05	1.19e-02	2.04e-01	4.79e-01	3.05e-01	0.00e+00	0.00e+00	1.49e-13	7.77e-14	2.50e-14
 1.73787e+15	3.54e-13	1.12e-08	4.89e-05	1.36e-02	2.18e-01	4.82e-01	2.87e-01	0.00e+00	0.00e+00	2.06e-13	1.07e-13	3.44e-14
 1.79330e+15	4.98e-13	1.46e-08	5.99e-05	1.55e-02	2.33e-01	4.84e-01	2.67e-01	0.00e+00	0.00e+00	2.89e-13	1.50e-13	4.84e-14
 1.85551e+15	7.18e-13	1.95e-08	7.45e-05	1.79e-02	2.50e-01	4.85e-01	2.47e-01	0.00e+00	0.00e+00	4.17e-13	2.17e-13	6.98e-14
 1.91465e+15	1.00e-12	2.53e-08	9.08e-05	2.03e-02	2.66e-01	4.84e-01	2.29e-01	0.00e+00	0.00e+00	5.84e-13	3.04e-13	9.76e-14
 1.97970e+15	1.44e-12	3.33e-08	1.12e-04	2.33e-02	2.84e-01	4.82e-01	2.11e-01	0.00e+00	0.00e+00	8.35e-13	4.35e-13	1.40e-13
 2.05186e+15	2.10e-12	4.47e-08	1.40e-04	2.68e-02	3.03e-01	4.78e-01	1.92e-01	0.00e+00	0.00e+00	1.22e-12	6.35e-13	2.04e-13
 2.11875e+15	2.94e-12	5.79e-08	1.70e-04	3.04e-02	3.20e-01	4.74e-01	1.76e-01	0.00e+00	0.00e+00	1.71e-12	8.89e-13	2.86e-13
 2.19118e+15	4.19e-12	7.60e-08	2.08e-04	3.45e-02	3.38e-01	4.67e-01	1.60e-01	0.00e+00	0.00e+00	2.43e-12	1.27e-12	4.07e-13
 2.27199e+15	6.10e-12	1.01e-07	2.59e-04	3.94e-02	3.58e-01	4.58e-01	1.44e-01	0.00e+00	0.00e+00	3.54e-12	1.85e-12	5.93e-13
 2.34759e+15	8.58e-12	1.31e-07	3.14e-04	4.44e-02	3.76e-01	4.49e-01	1.30e-01	0.00e+00	0.00e+00	4.99e-12	2.60e-12	8.35e-13
 2.42975e+15	1.23e-11	1.73e-07	3.84e-04	5.02e-02	3.94e-01	4.38e-01	1.17e-01	0.00e+00	0.00e+00	7.16e-12	3.73e-12	1.20e-12
 2.51721e+15	1.77e-11	2.28e-07	4.71e-04	5.67e-02	4.13e-01	4.26e-01	1.04e-01	0.00e+00	0.00e+00	1.03e-11	5.37e-12	1.73e-12
 2.59385e+15	2.41e-11	2.87e-07	5.59e-04	6.27e-02	4.29e-01	4.14e-01	9.38e-02	0.00e+00	0.00e+00	1.40e-11	7.30e-12	2.35e-12
 2.65976e+15	3.11e-11	3.49e-07	6.44e-04	6.82e-02	4.41e-01	4.04e-01	8.59e-02	0.00e+00	0.00e+00	1.81e-11	9.43e-12	3.03e-12
 2.72943e+15	4.06e-11	4.26e-07	7.45e-04	7.42e-02	4.54e-01	3.93e-01	7.83e-02	0.00e+00	0.00e+00	2.36e-11	1.23e-11	3.96e-12
 2.80785e+15	5.42e-11	5.29e-07	8.73e-04	8.13e-02	4.67e-01	3.80e-01	7.05e-02	0.00e+00	0.00e+00	3.15e-11	1.64e-11	5.28e-12
 2.88277e+15	7.06e-11	6.46e-07	1.01e-03	8.83e-02	4.79e-01	3.68e-01	6.38e-02	0.00e+00	0.00e+00	4.10e-11	2.14e-11	6.87e-12
 2.96527e+15	9.41e-11	8.01e-07	1.18e-03	9.64e-02	4.91e-01	3.55e-01	5.72e-02	0.00e+00	0.00e+00	5.47e-11	2.85e-11	9.17e-12
 3.05521e+15	1.27e-10	1.00e-06	1.39e-03	1.05e-01	5.03e-01	3.40e-01	5.07e-02	0.00e+00	0.00e+00	7.36e-11	3.84e-11	1.23e-11
 3.13782e+15	1.65e-10	1.22e-06	1.60e-03	1.14e-01	5.12e-01	3.26e-01	4.55e-02	0.00e+00	0.00e+00	9.57e-11	4.99e-11	1.60e-11
 3.22823e+15	2.19e-10	1.51e-06	1.86e-03	1.24e-01	5.22e-01	3.12e-01	4.03e-02	0.00e+00	0.00e+00	1.27e-10	6.64e-11	2.13e-11
 3.32855e+15	2.95e-10	1.89e-06	2.19e-03	1.35e-01	5.31e-01	2.96e-01	3.53e-02	0.00e+00	0.00e+00	1.72e-10	8.97e-11	2.88e-11
 3.42349e+15	3.87e-10	2.32e-06	2.54e-03	1.46e-01	5.39e-01	2.81e-01	3.12e-02	0.00e+00	0.00e+00	2.25e-10	1.18e-10	3.78e-11
 3.52864e+15	5.23e-10	2.90e-06	2.98e-03	1.59e-01	5.46e-01	2.66e-01	2.72e-02	0.00e+00	0.00e+00	3.04e-10	1.59e-10	5.10e-11
 3.64282e+15	7.08e-10	3.64e-06	3.51e-03	1.72e-01	5.51e-01	2.49e-01	2.34e-02	0.00e+00	0.00e+00	4.12e-10	2.15e-10	6.92e-11
 3.74545e+15	9.18e-10	4.44e-06	4.05e-03	1.85e-01	5.55e-01	2.35e-01	2.05e-02	0.00e+00	0.00e+00	5.34e-10	2.79e-10	8.98e-11
 3.85558e+15	1.22e-09	5.48e-06	4.70e-03	1.99e-01	5.58e-01	2.20e-01	1.77e-02	0.00e+00	0.00e+00	7.09e-10	3.70e-10	1.19e-10
 3.97795e+15	1.64e-09	6.84e-06	5.51e-03	2.15e-01	5.59e-01	2.05e-01	1.51e-02	0.00e+00	0.00e+00	9.52e-10	4.97e-10	1.60e-10
 4.09233e+15	2.12e-09	8.34e-06	6.35e-03	2.30e-01	5.59e-01	1.91e-01	1.31e-02	0.00e+00	0.00e+00	1.23e-09	6.45e-10	2.08e-10
 4.21714e+15	2.84e-09	1.04e-05	7.41e-03	2.47e-01	5.57e-01	1.77e-01	1.11e-02	0.00e+00	0.00e+00	1.65e-09	8.64e-10	2.79e-10
 4.35311e+15	3.81e-09	1.29e-05	8.69e-03	2.66e-01	5.54e-01	1.63e-01	9.34e-03	0.00e+00	0.00e+00	2.21e-09	1.16e-09	3.74e-10
 4.47011e+15	4.81e-09	1.55e-05	9.90e-03	2.81e-01	5.50e-01	1.51e-01	8.06e-03	0.00e+00	0.00e+00	2.80e-09	1.47e-09	4.73e-10
 4.57202e+15	5.92e-09	1.81e-05	1.11e-02	2.95e-01	5.45e-01	1.41e-01	7.07e-03	0.00e+00	0.00e+00	3.44e-09	1.80e-09	5.82e-10
 4.68775e+15	7.51e-09	2.17e-05	1.26e-02	3.11e-01	5.39e-01	1.31e-01	6.09e-03	0.00e+00	0.00e+00	4.37e-09	2.29e-09	7.39e-10
 4.81110e+15	9.49e-09	2.59e-05	1.43e-02	3.28e-01	5.31e-01	1.21e-01	5.21e-03	0.00e+00	0.00e+00	5.52e-09	2.89e-09	9.35e-10
 4.92316e+15	1.17e-08	3.04e-05	1.60e-02	3.44e-01	5.24e-01	1.12e-01	4.52e-03	0.00e+00	0.00e+00	6.80e-09	3.56e-09	1.15e-09
 5.03078e+15	1.43e-08	3.54e-05	1.79e-02	3.59e-01	5.15e-01	1.04e-01	3.94e-03	0.00e+00	0.00e+00	8.30e-09	4.35e-09	1.41e-09
 5.15380e+15	1.80e-08	4.22e-05	2.03e-02	3.76e-01	5.05e-01	9.54e-02	3.35e-03	0.00e+00	0.00e+00	1.05e-08	5.50e-09	1.78e-09
 5.28953e+15	2.30e-08	5.07e-05	2.31e-02	3.94e-01	4.93e-01	8.67e-02	2.82e-03	0.00e+00	0.00e+00	1.34e-08	7.01e-09	2.27e-09
 5.41453e+15	2.84e-08	5.96e-05	2.60e-02	4.11e-01	4.82e-01	7.93e-02	2.40e-03	0.00e+00	0.00e+00	1.65e-08	8.65e-09	2.80e-09
 5.52949e+15	3.45e-08	6.93e-05	2.90e-02	4.26e-01	4.70e-01	7.30e-02	2.07e-03	0.00e+00	0.00e+00	2.01e-08	1.05e-08	3.42e-09
 5.65865e+15	4.36e-08	8.26e-05	3.28e-02	4.43e-01	4.56e-01	6.62e-02	1.74e-03	0.00e+00	0.00e+00	2.54e-08	1.33e-08	4.32e-09
 5.80056e+15	5.56e-08	9.94e-05	3.75e-02	4.61e-01	4.41e-01	5.94e-02	1.44e-03	0.00e+00	0.00e+00	3.23e-08	1.70e-08	5.51e-09
 5.92993e+15	6.86e-08	1.17e-04	4.21e-02	4.77e-01	4.26e-01	5.38e-02	1.22e-03	0.00e+00	0.00e+00	4.00e-08	2.10e-08	6.81e-09
 6.05057e+15	8.41e-08	1.37e-04	4.71e-02	4.91e-01	4.12e-01	4.88e-02	1.04e-03	0.00e+00	0.00e+00	4.89e-08	2.57e-08	8.35e-09
 6.18902e+15	1.07e-07	1.64e-04	5.35e-02	5.07e-01	3.95e-01	4.36e-02	8.57e-04	0.00e+00	0.00e+00	6.22e-08	3.26e-08	1.06e-08
 6.33714e+15	1.37e-07	1.98e-04	6.12e-02	5.23e-01	3.76e-01	3.85e-02	6.97e-04	0.00e+00	0.00e+00	7.99e-08	4.20e-08	1.37e-08
 6.46576e+15	1.70e-07	2.33e-04	6.88e-02	5.36e-01	3.60e-01	3.44e-02	5.83e-04	0.00e+00	0.00e+00	9.88e-08	5.19e-08	1.69e-08
 6.58279e+15	2.08e-07	2.72e-04	7.67e-02	5.47e-01	3.44e-01	3.10e-02	4.92e-04	0.00e+00	0.00e+00	1.21e-07	6.35e-08	2.07e-08
 6.71681e+15	2.64e-07	3.26e-04	8.71e-02	5.59e-01	3.26e-01	2.73e-02	4.03e-04	0.00e+00	0.00e+00	1.53e-07	8.06e-08	2.63e-08
 6.86061e+15	3.43e-07	3.97e-04	9.98e-02	5.69e-01	3.06e-01	2.38e-02	3.23e-04	0.00e+00	0.00e+00	1.99e-07	1.05e-07	3.42e-08
 6.98083e+15	4.23e-07	4.67e-04	1.12e-01	5.77e-01	2.90e-01	2.11e-02	2.68e-04	0.00e+00	0.00e+00	2.46e-07	1.29e-07	4.22e-08
 7.08165e+15	5.10e-07	5.38e-04	1.23e-01	5.82e-01	2.75e-01	1.90e-02	2.28e-04	0.00e+00	0.00e+00	2.97e-07	1.56e-07	5.10e-08
 7.19349e+15	6.32e-07	6.34e-04	1.38e-01	5.86e-01	2.59e-01	1.67e-02	1.88e-04	0.00e+00	0.00e+00	3.68e-07	1.93e-07	6.33e-08
 7.31479e+15	8.13e-07	7.64e-04	1.56e-01	5.88e-01	2.41e-01	1.45e-02	1.52e-04	0.00e+00	0.00e+00	4.73e-07	2.49e-07	8.14e-08
 7.41916e+15	1.00e-06	8.93e-04	1.74e-01	5.87e-01	2.25e-01	1.27e-02	1.26e-04	0.00e+00	0.00e+00	5.82e-07	3.06e-07	1.00e-07
 7.49922e+15	1.17e-06	1.01e-03	1.89e-01	5.86e-01	2.13e-01	1.15e-02	1.08e-04	0.00e+00	0.00e+00	6.82e-07	3.59e-07	1.18e-07
 7.56566e+15	1.36e-06	1.12e-03	2.03e-01	5.83e-01	2.02e-01	1.05e-02	9.45e-05	0.00e+00	0.00e+00	7.89e-07	4.15e-07	1.36e-07
 7.64079e+15	1.55e-06	1.25e-03	2.20e-01	5.79e-01	1.90e-01	9.43e-03	8.12e-05	0.00e+00	0.00e+00	9.03e-07	4.75e-07	1.56e-07
 7.73846e+15	1.94e-06	1.47e-03	2.45e-01	5.71e-01	1.74e-01	8.10e-03	6.54e-05	0.00e+00	0.00e+00	1.13e-06	5.93e-07	1.94e-07
 7.83117e+15	2.40e-06	1.73e-03	2.72e-01	5.60e-01	1.59e-01	6.96e-03	5.28e-05	0.00e+00	0.00e+00	1.40e-06	7.36e-07	2.41e-07
 7.89498e+15	2.92e-06	1.99e-03	2.94e-01	5.49e-01	1.49e-01	6.19e-03	4.47e-05	0.00e+00	0.00e+00	1.70e-06	8.96e-07	2.94e-07
 7.94325e+15	3.30e-06	2.17e-03	3.10e-01	5.41e-01	1.41e-01	5.65e-03	3.94e-05	0.00e+00	0.00e+00	1.92e-06	1.01e-06	3.31e-07
 7.99381e+15	3.69e-06	2.37e-03	3.29e-01	5.31e-01	1.32e-01	5.11e-03	3.44e-05	0.00e+00	0.00e+00	2.15e-06	1.13e-06	3.71e-07
 8.05953e+15	4.39e-06	2.68e-03	3.56e-01	5.16e-01	1.21e-01	4.44e-03	2.84e-05	0.00e+00	0.00e+00	2.55e-06	1.34e-06	4.41e-07
 8.12994e+15	5.31e-06	3.08e-03	3.87e-01	4.97e-01	1.09e-01	3.78e-03	2.28e-05	0.00e+00	0.00e+00	3.09e-06	1.63e-06	5.35e-07
 8.19001e+15	6.55e-06	3.57e-03	4.16e-01	4.78e-01	9.88e-02	3.24e-03	1.85e-05	0.00e+00	0.00e+00	3.81e-06	2.01e-06	6.60e-07
 8.23762e+15	7.52e-06	3.93e-03	4.41e-01	4.62e-01	9.09e-02	2.86e-03	1.56e-05	0.00e+00	0.00e+00	4.38e-06	2.31e-06	7.58e-07
 8.28548e+15	8.48e-06	4.29e-03	4.66e-01	4.45e-01	8.30e-02	2.50e-03	1.31e-05	0.00e+00	0.00e+00	4.93e-06	2.60e-06	8.55e-07
 8.34770e+15	1.08e-05	5.04e-03	5.03e-01	4.18e-01	7.25e-02	2.03e-03	9.96e-06	0.00e+00	0.00e+00	6.27e-06	3.31e-06	1.09e-06
 8.40671e+15	1.27e-05	5.67e-03	5.36e-01	3.93e-01	6.37e-02	1.69e-03	7.82e-06	0.00e+00	0.00e+00	7.41e-06	3.91e-06	1.29e-06
 8.45253e+15	1.44e-05	6.18e-03	5.64e-01	3.72e-01	5.69e-02	1.44e-03	6.37e-06	0.00e+00	0.00e+00	8.37e-06	4.42e-06	1.45e-06
 8.50306e+15	1.70e-05	6.92e-03	5.96e-01	3.47e-01	4.95e-02	1.18e-03	4.93e-06	0.00e+00	0.00e+00	9.90e-06	5.23e-06	1.72e-06
 8.55873e+15	2.05e-05	7.83e-03	6.31e-01	3.19e-01	4.21e-02	9.35e-04	3.66e-06	0.00e+00	0.00e+00	1.19e-05	6.29e-06	2.07e-06
 8.60913e+15	2.44e-05	8.77e-03	6.63e-01	2.92e-01	3.58e-02	7.44e-04	2.74e-06	0.00e+00	0.00e+00	1.42e-05	7.49e-06	2.47e-06
 8.65402e+15	2.96e-05	9.89e-03	6.92e-01	2.67e-01	3.05e-02	5.92e-04	2.04e-06	0.00e+00	0.00e+00	1.72e-05	9.08e-06	3.00e-06
 8.69512e+15	3.40e-05	1.08e-02	7.17e-01	2.45e-01	2.63e-02	4.80e-04	1.56e-06	0.00e+00	0.00e+00	1.98e-05	1.04e-05	3.45e-06
 8.73995e+15	4.00e-05	1.20e-02	7.44e-01	2.22e-01	2.19e-02	3.73e-04	1.14e-06	0.00e+00	0.00e+00	2.33e-05	1.23e-05	4.07e-06
 8.79823e+15	4.92e-05	1.36e-02	7.77e-01	1.92e-01	1.71e-02	2.64e-04	7.35e-07	0.00e+00	0.00e+00	2.86e-05	1.51e-05	5.00e-06
 8.85790e+15	6.03e-05	1.54e-02	8.06e-01	1.65e-01	1.31e-02	1.83e-04	0.00e+00	0.00e+00	0.00e+00	3.51e-05	1.85e-05	6.14e-06
 8.89905e+15	6.92e-05	1.67e-02	8.25e-01	1.48e-01	1.08e-02	1.41e-04	0.00e+00	0.00e+00	0.00e+00	4.02e-05	2.13e-05	7.05e-06
 8.92581e+15	7.56e-05	1.76e-02	8.36e-01	1.37e-01	9.52e-03	1.18e-04	0.00e+00	0.00e+00	0.00e+00	4.40e-05	2.32e-05	7.72e-06
 8.95418e+15	8.38e-05	1.86e-02	8.47e-01	1.26e-01	8.21e-03	9.63e-05	0.00e+00	0.00e+00	0.00e+00	4.87e-05	2.58e-05	8.55e-06
 8.99107e+15	9.55e-05	2.01e-02	8.61e-01	1.12e-01	6.75e-03	7.34e-05	0.00e+00	0.00e+00	0.00e+00	5.55e-05	2.93e-05	9.75e-06
 9.03149e+15	1.09e-04	2.17e-02	8.74e-01	9.87e-02	5.45e-03	5.47e-05	0.00e+00	0.00e+00	0.00e+00	6.36e-05	3.36e-05	1.12e-05
 9.06879e+15	1.24e-04	2.33e-02	8.84e-01	8.77e-02	4.45e-03	4.14e-05	0.00e+00	0.00e+00	0.00e+00	7.20e-05	3.81e-05	1.27e-05
 9.10956e+15	1.42e-04	2.52e-02	8.95e-01	7.65e-02	3.53e-03	3.00e-05	0.00e+00	0.00e+00	0.00e+00	8.27e-05	4.38e-05	1.46e-05
 9.15364e+15	1.64e-04	2.73e-02	9.04e-01	6.62e-02	2.76e-03	2.13e-05	0.00e+00	0.00e+00	0.00e+00	9.56e-05	5.06e-05	1.69e-05
 9.19303e+15	1.86e-04	2.92e-02	9.10e-01	5.81e-02	2.21e-03	1.57e-05	0.00e+00	0.00e+00	0.00e+00	1.08e-04	5.74e-05	1.91e-05
 9.23526e+15	2.14e-04	3.15e-02	9.16e-01	5.02e-02	1.72e-03	1.11e-05	0.00e+00	0.00e+00	0.00e+00	1.25e-04	6.59e-05	2.20e-05
 9.28099e+15	2.48e-04	3.40e-02	9.21e-01	4.30e-02	1.33e-03	7.67e-06	0.00e+00	0.00e+00	0.00e+00	1.44e-04	7.62e-05	2.54e-05
 9.32198e+15	2.82e-04	3.65e-02	9.25e-01	3.75e-02	1.05e-03	5.52e-06	0.00e+00	0.00e+00	0.00e+00	1.64e-04	8.67e-05	2.90e-05
 9.35998e+15	3.18e-04	3.89e-02	9.27e-01	3.30e-02	8.42e-04	4.05e-06	0.00e+00	0.00e+00	0.00e+00	1.85e-04	9.78e-05	3.27e-05
 9.40338e+15	3.65e-04	4.19e-02	9.29e-01	2.83e-02	6.50e-04	2.81e-06	0.00e+00	0.00e+00	0.00e+00	2.12e-04	1.12e-04	3.76e-05
 9.45082e+15	4.22e-04	4.53e-02	9.30e-01	2.42e-02	4.97e-04	1.91e-06	0.00e+00	0.00e+00	0.00e+00	2.46e-04	1.30e-04	4.35e-05
 9.49337e+15	4.84e-04	4.87e-02	9.29e-01	2.10e-02	3.90e-04	1.35e-06	0.00e+00	0.00e+00	0.00e+00	2.81e-04	1.49e-04	4.98e-05
 9.53206e+15	5.45e-04	5.20e-02	9.29e-01	1.84e-02	3.13e-04	9.88e-07	0.00e+00	0.00e+00	0.00e+00	3.17e-04	1.68e-04	5.62e-05
 9.57588e+15	6.26e-04	5.59e-02	9.27e-01	1.59e-02	2.43e-04	0.00e+00	0.00e+00	0.00e+00	0.00e+00	3.64e-04	1.93e-04	6.46e-05
 9.62383e+15	7.28e-04	6.06e-02	9.25e-01	1.36e-02	1.86e-04	0.00e+00	0.00e+00	0.00e+00	0.00e+00	4.23e-04	2.24e-04	7.50e-05
 9.66667e+15	8.35e-04	6.53e-02	9.22e-01	1.18e-02	1.47e-04	0.00e+00	0.00e+00	0.00e+00	0.00e+00	4.86e-04	2.57e-04	8.61e-05
 9.70511e+15	9.44e-04	6.97e-02	9.19e-01	1.04e-02	1.19e-04	0.00e+00	0.00e+00	0.00e+00	0.00e+00	5.49e-04	2.91e-04	9.74e-05
 9.74826e+15	1.09e-03	7.52e-02	9.15e-01	8.97e-03	9.30e-05	0.00e+00	0.00e+00	0.00e+00	0.00e+00	6.32e-04	3.34e-04	1.12e-04
 9.79554e+15	1.27e-03	8.17e-02	9.09e-01	7.69e-03	7.20e-05	0.00e+00	0.00e+00	0.00e+00	0.00e+00	7.37e-04	3.90e-04	1.31e-04
 9.83774e+15	1.46e-03	8.83e-02	9.04e-01	6.69e-03	5.73e-05	0.00e+00	0.00e+00	0.00e+00	0.00e+00	8.50e-04	4.50e-04	1.51e-04
 9.87520e+15	1.66e-03	9.45e-02	8.98e-01	5.92e-03	4.68e-05	0.00e+00	0.00e+00	0.00e+00	0.00e+00	9.65e-04	5.10e-04	1.71e-04
