#depth	N	N+	N+2	N+3	N+4	N+5	N+6	N+7
 1.49634e+10	1.22e-44	1.99e-34	3.43e-25	1.06e-16	5.82e-09	9.93e-01	6.71e-03	0.00e+00
 4.54887e+10	0.00e+00	2.77e-34	4.41e-25	1.26e-16	6.34e-09	9.94e-01	6.16e-03	1.65e-08
 7.72350e+10	2.80e-44	3.86e-34	5.66e-25	1.49e-16	6.90e-09	9.94e-01	5.65e-03	0.00e+00
 1.10251e+11	0.00e+00	5.39e-34	7.29e-25	1.77e-16	7.52e-09	9.95e-01	5.18e-03	0.00e+00
 1.43688e+11	6.36e-44	7.47e-34	9.32e-25	2.09e-16	8.18e-09	9.95e-01	4.76e-03	0.00e+00
 1.78462e+11	0.00e+00	1.03e-33	1.19e-24	2.46e-16	8.90e-09	9.96e-01	4.38e-03	0.00e+00
 2.12433e+11	1.40e-43	1.41e-33	1.51e-24	2.89e-16	9.65e-09	9.96e-01	4.04e-03	0.00e+00
 2.43118e+11	0.00e+00	1.84e-33	1.85e-24	3.31e-16	1.03e-08	9.96e-01	3.77e-03	0.00e+00
 2.77348e+11	2.83e-43	2.47e-33	2.31e-24	3.85e-16	1.12e-08	9.97e-01	3.49e-03	0.00e+00
 3.17592e+11	0.00e+00	3.44e-33	2.97e-24	4.57e-16	1.22e-08	9.97e-01	3.20e-03	0.00e+00
 3.57454e+11	6.33e-43	4.71e-33	3.77e-24	5.37e-16	1.32e-08	9.97e-01	2.95e-03	0.00e+00
 3.94865e+11	0.00e+00	6.29e-33	4.69e-24	6.24e-16	1.43e-08	9.97e-01	2.73e-03	0.00e+00
 4.36540e+11	1.33e-42	8.56e-33	5.93e-24	7.31e-16	1.55e-08	9.97e-01	2.52e-03	0.00e+00
 4.83929e+11	0.00e+00	1.21e-32	7.70e-24	8.74e-16	1.69e-08	9.98e-01	2.30e-03	0.00e+00
 5.30504e+11	3.04e-42	1.66e-32	9.82e-24	1.03e-15	1.84e-08	9.98e-01	2.12e-03	0.00e+00
 5.78942e+11	0.00e+00	2.30e-32	1.26e-23	1.22e-15	2.01e-08	9.98e-01	1.94e-03	0.00e+00
 6.32026e+11	6.95e-42	3.23e-32	1.63e-23	1.46e-15	2.20e-08	9.98e-01	1.78e-03	0.00e+00
 6.85803e+11	0.00e+00	4.53e-32	2.11e-23	1.74e-15	2.41e-08	9.98e-01	1.62e-03	0.00e+00
 7.41730e+11	1.60e-41	6.32e-32	2.73e-23	2.08e-15	2.64e-08	9.99e-01	1.49e-03	0.00e+00
 8.01326e+11	0.00e+00	8.91e-32	3.54e-23	2.49e-15	2.89e-08	9.99e-01	1.35e-03	0.00e+00
 8.60655e+11	3.67e-41	1.24e-31	4.56e-23	2.96e-15	3.16e-08	9.99e-01	1.24e-03	0.00e+00
 9.22358e+11	0.00e+00	1.72e-31	5.87e-23	3.53e-15	3.46e-08	9.99e-01	1.13e-03	0.00e+00
 9.89179e+11	8.43e-41	2.42e-31	7.65e-23	4.24e-15	3.81e-08	9.99e-01	1.03e-03	0.00e+00
 1.05867e+12	0.00e+00	3.41e-31	9.96e-23	5.10e-15	4.19e-08	9.99e-01	9.40e-04	0.00e+00
 1.13095e+12	1.96e-40	4.80e-31	1.30e-22	6.13e-15	4.61e-08	9.99e-01	8.56e-04	0.00e+00
 1.20611e+12	0.00e+00	6.75e-31	1.69e-22	7.37e-15	5.07e-08	9.99e-01	7.79e-04	0.00e+00
 1.27404e+12	4.31e-40	9.08e-31	2.13e-22	8.66e-15	5.52e-08	9.99e-01	7.17e-04	0.00e+00
 1.33056e+12	0.00e+00	1.15e-30	2.56e-22	9.86e-15	5.90e-08	9.99e-01	6.70e-04	0.00e+00
 1.39243e+12	7.88e-40	1.48e-30	3.11e-22	1.13e-14	6.35e-08	9.99e-01	6.24e-04	0.00e+00
 1.47092e+12	0.00e+00	2.02e-30	3.96e-22	1.34e-14	6.94e-08	9.99e-01	5.72e-04	0.00e+00
 1.55282e+12	1.69e-39	2.76e-30	5.05e-22	1.59e-14	7.60e-08	9.99e-01	5.23e-04	0.00e+00
 1.62525e+12	0.00e+00	3.59e-30	6.21e-22	1.85e-14	8.21e-08	1.00e+00	4.85e-04	0.00e+00
 1.69284e+12	3.11e-39	4.56e-30	7.48e-22	2.11e-14	8.80e-08	1.00e+00	4.53e-04	0.00e+00
 1.77002e+12	0.00e+00	5.93e-30	9.19e-22	2.44e-14	9.51e-08	1.00e+00	4.19e-04	0.00e+00
 1.86487e+12	6.27e-39	8.08e-30	1.17e-21	2.91e-14	1.04e-07	1.00e+00	3.83e-04	0.00e+00
 1.95938e+12	0.00e+00	1.09e-29	1.48e-21	3.44e-14	1.14e-07	1.00e+00	3.51e-04	0.00e+00
 2.04146e+12	1.21e-38	1.39e-29	1.80e-21	3.95e-14	1.23e-07	1.00e+00	3.26e-04	0.00e+00
 2.13073e+12	0.00e+00	1.80e-29	2.21e-21	4.58e-14	1.33e-07	1.00e+00	3.02e-04	0.00e+00
 2.23978e+12	2.41e-38	2.44e-29	2.81e-21	5.44e-14	1.46e-07	1.00e+00	2.76e-04	0.00e+00
 2.35117e+12	0.00e+00	3.29e-29	3.55e-21	6.45e-14	1.60e-07	1.00e+00	2.52e-04	0.00e+00
 2.45344e+12	4.74e-38	4.28e-29	4.37e-21	7.49e-14	1.73e-07	1.00e+00	2.33e-04	0.00e+00
 2.56717e+12	0.00e+00	5.66e-29	5.46e-21	8.80e-14	1.88e-07	1.00e+00	2.14e-04	0.00e+00
 2.69905e+12	9.69e-38	7.73e-29	6.98e-21	1.05e-13	2.07e-07	1.00e+00	1.95e-04	0.00e+00
 2.82911e+12	0.00e+00	1.04e-28	8.81e-21	1.24e-13	2.27e-07	1.00e+00	1.79e-04	0.00e+00
 2.95360e+12	1.92e-37	1.36e-28	1.09e-20	1.45e-13	2.47e-07	1.00e+00	1.65e-04	0.00e+00
 3.09091e+12	0.00e+00	1.81e-28	1.37e-20	1.71e-13	2.69e-07	1.00e+00	1.51e-04	0.00e+00
 3.24447e+12	3.92e-37	2.45e-28	1.74e-20	2.04e-13	2.96e-07	1.00e+00	1.38e-04	0.00e+00
 3.38404e+12	0.00e+00	3.20e-28	2.16e-20	2.38e-13	3.21e-07	1.00e+00	1.27e-04	0.00e+00
 3.50144e+12	7.05e-37	3.98e-28	2.56e-20	2.69e-13	3.44e-07	1.00e+00	1.19e-04	0.00e+00
 3.63052e+12	0.00e+00	5.02e-28	3.07e-20	3.07e-13	3.69e-07	1.00e+00	1.11e-04	0.00e+00
 3.77622e+12	1.27e-36	6.45e-28	3.75e-20	3.55e-13	3.98e-07	1.00e+00	1.03e-04	0.00e+00
 3.91573e+12	0.00e+00	8.15e-28	4.51e-20	4.05e-13	4.28e-07	1.00e+00	9.57e-05	0.00e+00
 4.06928e+12	2.27e-36	1.05e-27	5.49e-20	4.66e-13	4.62e-07	1.00e+00	8.88e-05	0.00e+00
 4.23983e+12	0.00e+00	1.36e-27	6.78e-20	5.43e-13	5.01e-07	1.00e+00	8.20e-05	0.00e+00
 4.39965e+12	4.20e-36	1.74e-27	8.20e-20	6.22e-13	5.39e-07	1.00e+00	7.63e-05	0.00e+00
 4.57457e+12	0.00e+00	2.24e-27	1.00e-19	7.18e-13	5.82e-07	1.00e+00	7.07e-05	0.00e+00
 4.77129e+12	8.01e-36	2.95e-27	1.25e-19	8.40e-13	6.33e-07	1.00e+00	6.51e-05	0.00e+00
 4.95921e+12	0.00e+00	3.81e-27	1.52e-19	9.70e-13	6.83e-07	1.00e+00	6.03e-05	0.00e+00
 5.16523e+12	1.52e-35	4.99e-27	1.88e-19	1.13e-12	7.41e-07	1.00e+00	5.57e-05	0.00e+00
 5.38353e+12	0.00e+00	6.56e-27	2.34e-19	1.32e-12	8.05e-07	1.00e+00	5.13e-05	0.00e+00
 5.57455e+12	2.81e-35	8.28e-27	2.81e-19	1.50e-12	8.63e-07	1.00e+00	4.79e-05	0.00e+00
 5.77847e+12	0.00e+00	1.05e-26	3.39e-19	1.72e-12	9.26e-07	1.00e+00	4.46e-05	0.00e+00
 6.02657e+12	5.33e-35	1.40e-26	4.23e-19	2.01e-12	1.01e-06	1.00e+00	4.11e-05	0.00e+00
 6.27368e+12	0.00e+00	1.83e-26	5.23e-19	2.34e-12	1.09e-06	1.00e+00	3.79e-05	0.00e+00
 6.49172e+12	9.84e-35	2.31e-26	6.27e-19	2.66e-12	1.17e-06	1.00e+00	3.55e-05	0.00e+00
 6.73037e+12	0.00e+00	2.96e-26	7.60e-19	3.04e-12	1.26e-06	1.00e+00	3.30e-05	0.00e+00
 7.01753e+12	1.88e-34	3.94e-26	9.51e-19	3.56e-12	1.37e-06	1.00e+00	3.04e-05	0.00e+00
 7.30485e+12	2.63e-34	5.18e-26	1.18e-18	4.15e-12	1.48e-06	1.00e+00	2.80e-05	0.00e+00
 7.56620e+12	3.54e-34	6.60e-26	1.42e-18	4.74e-12	1.59e-06	1.00e+00	2.62e-05	0.00e+00
 7.85667e+12	4.88e-34	8.58e-26	1.75e-18	5.46e-12	1.71e-06	1.00e+00	2.43e-05	0.00e+00
 8.19623e+12	6.98e-34	1.15e-25	2.19e-18	6.42e-12	1.87e-06	1.00e+00	2.23e-05	0.00e+00
 8.53135e+12	9.83e-34	1.52e-25	2.73e-18	7.48e-12	2.02e-06	1.00e+00	2.06e-05	0.00e+00
 8.84807e+12	1.34e-33	1.96e-25	3.32e-18	8.59e-12	2.18e-06	1.00e+00	1.92e-05	0.00e+00
 9.20011e+12	1.88e-33	2.58e-25	4.11e-18	9.97e-12	2.35e-06	1.00e+00	1.77e-05	0.00e+00
 9.59804e+12	2.71e-33	3.48e-25	5.19e-18	1.17e-11	2.56e-06	1.00e+00	1.63e-05	0.00e+00
 9.99791e+12	3.87e-33	4.65e-25	6.49e-18	1.37e-11	2.78e-06	1.00e+00	1.50e-05	0.00e+00
 1.04138e+13	5.54e-33	6.22e-25	8.12e-18	1.60e-11	3.02e-06	1.00e+00	1.38e-05	0.00e+00
 1.08603e+13	8.00e-33	8.40e-25	1.02e-17	1.88e-11	3.28e-06	1.00e+00	1.27e-05	0.00e+00
 1.13246e+13	1.16e-32	1.13e-24	1.29e-17	2.21e-11	3.57e-06	1.00e+00	1.17e-05	0.00e+00
 1.17817e+13	1.65e-32	1.51e-24	1.61e-17	2.57e-11	3.87e-06	1.00e+00	1.08e-05	0.00e+00
 1.22070e+13	2.26e-32	1.95e-24	1.96e-17	2.95e-11	4.15e-06	1.00e+00	1.01e-05	0.00e+00
 1.25910e+13	2.98e-32	2.44e-24	2.33e-17	3.32e-11	4.42e-06	1.00e+00	9.49e-06	0.00e+00
 1.30026e+13	3.98e-32	3.09e-24	2.79e-17	3.75e-11	4.71e-06	1.00e+00	8.90e-06	0.00e+00
 1.35150e+13	5.65e-32	4.10e-24	3.47e-17	4.36e-11	5.09e-06	1.00e+00	8.25e-06	0.00e+00
 1.40286e+13	7.91e-32	5.39e-24	4.28e-17	5.03e-11	5.48e-06	1.00e+00	7.66e-06	0.00e+00
 1.44705e+13	1.05e-31	6.77e-24	5.10e-17	5.67e-11	5.83e-06	1.00e+00	7.20e-06	0.00e+00
 1.49486e+13	1.42e-31	8.62e-24	6.12e-17	6.43e-11	6.21e-06	1.00e+00	6.75e-06	0.00e+00
 1.55381e+13	2.02e-31	1.15e-23	7.62e-17	7.46e-11	6.71e-06	1.00e+00	6.26e-06	0.00e+00
 1.61272e+13	2.84e-31	1.51e-23	9.42e-17	8.62e-11	7.23e-06	1.00e+00	5.81e-06	0.00e+00
 1.66360e+13	3.80e-31	1.91e-23	1.12e-16	9.72e-11	7.68e-06	1.00e+00	5.47e-06	0.00e+00
 1.71857e+13	5.14e-31	2.44e-23	1.35e-16	1.10e-10	8.19e-06	1.00e+00	5.13e-06	0.00e+00
 1.78614e+13	7.35e-31	3.26e-23	1.69e-16	1.28e-10	8.84e-06	1.00e+00	4.75e-06	0.00e+00
 1.85432e+13	1.04e-30	4.32e-23	2.09e-16	1.48e-10	9.52e-06	1.00e+00	4.41e-06	0.00e+00
 1.91476e+13	1.41e-30	5.51e-23	2.51e-16	1.67e-10	1.01e-05	1.00e+00	4.15e-06	0.00e+00
 1.98086e+13	1.95e-30	7.13e-23	3.05e-16	1.91e-10	1.08e-05	1.00e+00	3.88e-06	0.00e+00
 2.06009e+13	2.82e-30	9.60e-23	3.82e-16	2.22e-10	1.17e-05	1.00e+00	3.59e-06	0.00e+00
 2.13901e+13	4.02e-30	1.28e-22	4.75e-16	2.57e-10	1.26e-05	1.00e+00	3.33e-06	0.00e+00
 2.21096e+13	5.51e-30	1.65e-22	5.75e-16	2.93e-10	1.35e-05	1.00e+00	3.13e-06	0.00e+00
 2.29118e+13	7.75e-30	2.16e-22	7.06e-16	3.36e-10	1.44e-05	1.00e+00	2.91e-06	0.00e+00
 2.38474e+13	1.13e-29	2.94e-22	8.90e-16	3.93e-10	1.56e-05	1.00e+00	2.69e-06	0.00e+00
 2.47693e+13	1.63e-29	3.94e-22	1.11e-15	4.55e-10	1.68e-05	1.00e+00	2.50e-06	0.00e+00
 2.56426e+13	2.28e-29	5.14e-22	1.36e-15	5.21e-10	1.80e-05	1.00e+00	2.34e-06	0.00e+00
 2.66127e+13	3.26e-29	6.85e-22	1.68e-15	6.02e-10	1.94e-05	1.00e+00	2.17e-06	0.00e+00
 2.77072e+13	4.80e-29	9.34e-22	2.13e-15	7.05e-10	2.10e-05	1.00e+00	2.01e-06	0.00e+00
 2.88076e+13	6.98e-29	1.26e-21	2.67e-15	8.21e-10	2.26e-05	1.00e+00	1.86e-06	0.00e+00
 2.99520e+13	1.02e-28	1.71e-21	3.35e-15	9.56e-10	2.45e-05	1.00e+00	1.72e-06	0.00e+00
 3.11800e+13	1.50e-28	2.33e-21	4.24e-15	1.12e-09	2.65e-05	1.00e+00	1.59e-06	0.00e+00
 3.23698e+13	2.15e-28	3.12e-21	5.28e-15	1.30e-09	2.85e-05	1.00e+00	1.48e-06	0.00e+00
 3.34901e+13	2.99e-28	4.06e-21	6.44e-15	1.48e-09	3.05e-05	1.00e+00	1.38e-06	0.00e+00
 3.47424e+13	4.26e-28	5.39e-21	7.98e-15	1.71e-09	3.28e-05	1.00e+00	1.28e-06	0.00e+00
 3.60040e+13	6.01e-28	7.11e-21	9.83e-15	1.97e-09	3.52e-05	1.00e+00	1.20e-06	0.00e+00
 3.70531e+13	7.94e-28	8.88e-21	1.16e-14	2.20e-09	3.73e-05	1.00e+00	1.13e-06	0.00e+00
 3.81646e+13	1.06e-27	1.12e-20	1.38e-14	2.48e-09	3.95e-05	1.00e+00	1.07e-06	0.00e+00
 3.95836e+13	1.50e-27	1.48e-20	1.71e-14	2.86e-09	4.25e-05	1.00e+00	9.90e-07	0.00e+00
 4.10713e+13	2.14e-27	1.97e-20	2.13e-14	3.31e-09	4.58e-05	1.00e+00	0.00e+00	0.00e+00
 4.23894e+13	2.90e-27	2.52e-20	2.56e-14	3.75e-09	4.88e-05	1.00e+00	0.00e+00	0.00e+00
 4.38181e+13	3.99e-27	3.25e-20	3.11e-14	4.27e-09	5.21e-05	1.00e+00	0.00e+00	0.00e+00
 4.55332e+13	5.76e-27	4.38e-20	3.89e-14	4.97e-09	5.63e-05	1.00e+00	0.00e+00	0.00e+00
 4.72693e+13	8.25e-27	5.84e-20	4.84e-14	5.77e-09	6.08e-05	1.00e+00	0.00e+00	0.00e+00
 4.88984e+13	1.14e-26	7.59e-20	5.91e-14	6.60e-09	6.51e-05	1.00e+00	0.00e+00	0.00e+00
 5.04705e+13	1.55e-26	9.69e-20	7.11e-14	7.48e-09	6.94e-05	1.00e+00	0.00e+00	0.00e+00
 5.22452e+13	2.15e-26	1.26e-19	8.71e-14	8.59e-09	7.44e-05	1.00e+00	0.00e+00	0.00e+00
 5.42028e+13	3.06e-26	1.68e-19	1.08e-13	9.94e-09	8.02e-05	1.00e+00	0.00e+00	0.00e+00
 5.60086e+13	4.18e-26	2.16e-19	1.31e-13	1.13e-08	8.57e-05	1.00e+00	0.00e+00	0.00e+00
 5.79667e+13	5.80e-26	2.82e-19	1.60e-13	1.30e-08	9.20e-05	1.00e+00	0.00e+00	0.00e+00
 6.01533e+13	8.26e-26	3.75e-19	1.99e-13	1.50e-08	9.92e-05	1.00e+00	0.00e+00	0.00e+00
 6.22086e+13	1.14e-25	4.85e-19	2.43e-13	1.72e-08	1.06e-04	1.00e+00	0.00e+00	0.00e+00
 6.44522e+13	1.59e-25	6.37e-19	2.99e-13	1.98e-08	1.14e-04	1.00e+00	0.00e+00	0.00e+00
 6.69443e+13	2.29e-25	8.53e-19	3.73e-13	2.31e-08	1.24e-04	1.00e+00	0.00e+00	0.00e+00
 6.92728e+13	3.17e-25	1.11e-18	4.56e-13	2.64e-08	1.32e-04	1.00e+00	0.00e+00	0.00e+00
 7.17998e+13	4.46e-25	1.46e-18	5.63e-13	3.05e-08	1.43e-04	1.00e+00	0.00e+00	0.00e+00
 7.46235e+13	6.43e-25	1.97e-18	7.06e-13	3.56e-08	1.54e-04	1.00e+00	0.00e+00	0.00e+00
 7.73113e+13	9.02e-25	2.58e-18	8.70e-13	4.10e-08	1.66e-04	1.00e+00	0.00e+00	0.00e+00
 8.01848e+13	1.28e-24	3.42e-18	1.08e-12	4.74e-08	1.79e-04	1.00e+00	0.00e+00	0.00e+00
 8.34221e+13	1.86e-24	4.64e-18	1.36e-12	5.55e-08	1.94e-04	1.00e+00	0.00e+00	0.00e+00
 8.66164e+13	2.67e-24	6.21e-18	1.70e-12	6.45e-08	2.10e-04	1.00e+00	0.00e+00	0.00e+00
 8.99385e+13	3.82e-24	8.30e-18	2.12e-12	7.50e-08	2.26e-04	1.00e+00	0.00e+00	0.00e+00
 9.33440e+13	5.45e-24	1.11e-17	2.64e-12	8.70e-08	2.44e-04	1.00e+00	0.00e+00	0.00e+00
 9.65024e+13	7.50e-24	1.43e-17	3.21e-12	9.93e-08	2.61e-04	1.00e+00	0.00e+00	0.00e+00
 1.00009e+14	1.06e-23	1.89e-17	3.96e-12	1.15e-07	2.81e-04	1.00e+00	0.00e+00	0.00e+00
 1.03859e+14	1.52e-23	2.53e-17	4.95e-12	1.33e-07	3.04e-04	1.00e+00	0.00e+00	0.00e+00
 1.07422e+14	2.10e-23	3.29e-17	6.04e-12	1.52e-07	3.26e-04	1.00e+00	0.00e+00	0.00e+00
 1.10553e+14	2.77e-23	4.11e-17	7.15e-12	1.71e-07	3.45e-04	1.00e+00	0.00e+00	0.00e+00
 1.13868e+14	3.69e-23	5.17e-17	8.52e-12	1.92e-07	3.67e-04	1.00e+00	0.00e+00	0.00e+00
 1.18071e+14	5.23e-23	6.85e-17	1.05e-11	2.22e-07	3.95e-04	1.00e+00	0.00e+00	0.00e+00
 1.22329e+14	7.36e-23	9.03e-17	1.30e-11	2.56e-07	4.24e-04	1.00e+00	0.00e+00	0.00e+00
 1.25930e+14	9.75e-23	1.13e-16	1.54e-11	2.87e-07	4.50e-04	1.00e+00	0.00e+00	0.00e+00
 1.29778e+14	1.31e-22	1.43e-16	1.85e-11	3.24e-07	4.78e-04	1.00e+00	0.00e+00	0.00e+00
 1.34606e+14	1.86e-22	1.90e-16	2.29e-11	3.75e-07	5.15e-04	9.99e-01	0.00e+00	0.00e+00
 1.39590e+14	2.65e-22	2.53e-16	2.84e-11	4.34e-07	5.55e-04	9.99e-01	0.00e+00	0.00e+00
 1.43983e+14	3.58e-22	3.22e-16	3.41e-11	4.91e-07	5.90e-04	9.99e-01	0.00e+00	0.00e+00
 1.48728e+14	4.90e-22	4.15e-16	4.14e-11	5.58e-07	6.31e-04	9.99e-01	0.00e+00	0.00e+00
 1.54454e+14	7.05e-22	5.56e-16	5.17e-11	6.49e-07	6.81e-04	9.99e-01	0.00e+00	0.00e+00
 1.60130e+14	1.00e-21	7.39e-16	6.41e-11	7.50e-07	7.33e-04	9.99e-01	0.00e+00	0.00e+00
 1.65175e+14	1.35e-21	9.41e-16	7.70e-11	8.49e-07	7.81e-04	9.99e-01	0.00e+00	0.00e+00
 1.70724e+14	1.86e-21	1.22e-15	9.36e-11	9.68e-07	8.35e-04	9.99e-01	0.00e+00	0.00e+00
 1.77352e+14	2.68e-21	1.63e-15	1.17e-10	1.13e-06	9.03e-04	9.99e-01	0.00e+00	0.00e+00
 1.83934e+14	3.84e-21	2.18e-15	1.46e-10	1.30e-06	9.72e-04	9.99e-01	0.00e+00	0.00e+00
 1.89925e+14	5.21e-21	2.79e-15	1.76e-10	1.48e-06	1.04e-03	9.99e-01	0.00e+00	0.00e+00
 1.96596e+14	7.26e-21	3.65e-15	2.16e-10	1.70e-06	1.11e-03	9.99e-01	0.00e+00	0.00e+00
 2.04388e+14	1.05e-20	4.92e-15	2.71e-10	1.99e-06	1.21e-03	9.99e-01	0.00e+00	0.00e+00
 2.12054e+14	1.50e-20	6.54e-15	3.37e-10	2.31e-06	1.30e-03	9.99e-01	0.00e+00	0.00e+00
 2.19258e+14	2.05e-20	8.46e-15	4.10e-10	2.64e-06	1.40e-03	9.99e-01	0.00e+00	0.00e+00
 2.27289e+14	2.89e-20	1.12e-14	5.07e-10	3.04e-06	1.50e-03	9.98e-01	0.00e+00	0.00e+00
 2.36411e+14	4.19e-20	1.51e-14	6.40e-10	3.57e-06	1.63e-03	9.98e-01	0.00e+00	0.00e+00
 2.45514e+14	5.96e-20	2.01e-14	7.98e-10	4.15e-06	1.77e-03	9.98e-01	0.00e+00	0.00e+00
 2.54294e+14	8.28e-20	2.63e-14	9.81e-10	4.78e-06	1.90e-03	9.98e-01	0.00e+00	0.00e+00
 2.61914e+14	1.09e-19	3.28e-14	1.17e-09	5.38e-06	2.02e-03	9.98e-01	0.00e+00	0.00e+00
 2.68286e+14	1.36e-19	3.93e-14	1.34e-09	5.93e-06	2.13e-03	9.98e-01	0.00e+00	0.00e+00
 2.75369e+14	1.72e-19	4.78e-14	1.56e-09	6.58e-06	2.25e-03	9.98e-01	0.00e+00	0.00e+00
 2.84577e+14	2.33e-19	6.12e-14	1.89e-09	7.52e-06	2.42e-03	9.98e-01	0.00e+00	0.00e+00
 2.94285e+14	3.16e-19	7.86e-14	2.30e-09	8.60e-06	2.60e-03	9.97e-01	0.00e+00	0.00e+00
 3.02664e+14	4.07e-19	9.68e-14	2.71e-09	9.63e-06	2.76e-03	9.97e-01	0.00e+00	0.00e+00
 3.11576e+14	5.28e-19	1.20e-13	3.21e-09	1.08e-05	2.94e-03	9.97e-01	0.00e+00	0.00e+00
 3.22960e+14	7.27e-19	1.56e-13	3.95e-09	1.25e-05	3.18e-03	9.97e-01	0.00e+00	0.00e+00
 3.34674e+14	9.96e-19	2.03e-13	4.86e-09	1.45e-05	3.43e-03	9.97e-01	0.00e+00	0.00e+00
 3.44713e+14	1.29e-18	2.52e-13	5.77e-09	1.63e-05	3.66e-03	9.96e-01	0.00e+00	0.00e+00
 3.55458e+14	1.69e-18	3.14e-13	6.89e-09	1.84e-05	3.92e-03	9.96e-01	0.00e+00	0.00e+00
 3.68776e+14	2.32e-18	4.10e-13	8.52e-09	2.14e-05	4.25e-03	9.96e-01	0.00e+00	0.00e+00
 3.82424e+14	3.18e-18	5.33e-13	1.05e-08	2.48e-05	4.61e-03	9.95e-01	0.00e+00	0.00e+00
 3.94578e+14	4.16e-18	6.67e-13	1.26e-08	2.81e-05	4.94e-03	9.95e-01	0.00e+00	0.00e+00
 4.07809e+14	5.49e-18	8.42e-13	1.52e-08	3.21e-05	5.33e-03	9.95e-01	0.00e+00	0.00e+00
 4.23607e+14	7.60e-18	1.11e-12	1.90e-08	3.74e-05	5.80e-03	9.94e-01	0.00e+00	0.00e+00
 4.39188e+14	1.03e-17	1.43e-12	2.34e-08	4.32e-05	6.29e-03	9.94e-01	0.00e+00	0.00e+00
 4.53208e+14	1.34e-17	1.79e-12	2.80e-08	4.91e-05	6.75e-03	9.93e-01	0.00e+00	0.00e+00
 4.68754e+14	1.78e-17	2.27e-12	3.41e-08	5.62e-05	7.28e-03	9.93e-01	0.00e+00	0.00e+00
 4.87107e+14	2.45e-17	2.98e-12	4.26e-08	6.56e-05	7.95e-03	9.92e-01	0.00e+00	0.00e+00
 5.05235e+14	3.33e-17	3.86e-12	5.26e-08	7.60e-05	8.63e-03	9.91e-01	0.00e+00	0.00e+00
 5.21991e+14	4.37e-17	4.86e-12	6.36e-08	8.66e-05	9.30e-03	9.91e-01	0.00e+00	0.00e+00
 5.40803e+14	5.87e-17	6.24e-12	7.81e-08	9.99e-05	1.01e-02	9.90e-01	0.00e+00	0.00e+00
 5.62465e+14	8.14e-17	8.24e-12	9.81e-08	1.17e-04	1.10e-02	9.89e-01	0.00e+00	0.00e+00
 5.83671e+14	1.11e-16	1.07e-11	1.22e-07	1.36e-04	1.20e-02	9.88e-01	0.00e+00	0.00e+00
 6.05726e+14	1.79e-16	1.39e-11	1.51e-07	1.57e-04	1.30e-02	9.87e-01	0.00e+00	0.00e+00
 6.29985e+14	2.52e-16	1.85e-11	1.90e-07	1.84e-04	1.42e-02	9.86e-01	0.00e+00	0.00e+00
 6.50506e+14	3.31e-16	2.32e-11	2.30e-07	2.10e-04	1.53e-02	9.84e-01	0.00e+00	0.00e+00
 6.65510e+14	4.02e-16	2.73e-11	2.63e-07	2.30e-04	1.61e-02	9.84e-01	0.00e+00	0.00e+00
 6.81264e+14	4.92e-16	3.23e-11	3.02e-07	2.52e-04	1.70e-02	9.83e-01	0.00e+00	0.00e+00
 7.01743e+14	6.35e-16	3.99e-11	3.59e-07	2.84e-04	1.82e-02	9.82e-01	0.00e+00	0.00e+00
 7.24331e+14	8.35e-16	5.02e-11	4.34e-07	3.23e-04	1.95e-02	9.80e-01	0.00e+00	0.00e+00
 7.45233e+14	1.07e-15	6.16e-11	5.13e-07	3.62e-04	2.08e-02	9.79e-01	0.00e+00	0.00e+00
 7.67976e+14	1.37e-15	7.66e-11	6.14e-07	4.08e-04	2.23e-02	9.77e-01	0.00e+00	0.00e+00
 7.93545e+14	1.81e-15	9.72e-11	7.46e-07	4.65e-04	2.40e-02	9.76e-01	0.00e+00	0.00e+00
 8.17892e+14	2.36e-15	1.21e-10	8.93e-07	5.25e-04	2.57e-02	9.74e-01	0.00e+00	0.00e+00
 8.44651e+14	3.12e-15	1.53e-10	1.08e-06	5.97e-04	2.76e-02	9.72e-01	0.00e+00	0.00e+00
 8.74587e+14	4.23e-15	1.98e-10	1.33e-06	6.87e-04	2.98e-02	9.69e-01	0.00e+00	0.00e+00
 9.03043e+14	5.59e-15	2.50e-10	1.62e-06	7.80e-04	3.20e-02	9.67e-01	0.00e+00	0.00e+00
 9.34424e+14	7.56e-15	3.22e-10	1.98e-06	8.95e-04	3.45e-02	9.65e-01	0.00e+00	0.00e+00
 9.69556e+14	1.05e-14	4.25e-10	2.48e-06	1.04e-03	3.75e-02	9.61e-01	0.00e+00	0.00e+00
 1.00260e+15	1.41e-14	5.45e-10	3.04e-06	1.19e-03	4.04e-02	9.58e-01	0.00e+00	0.00e+00
 1.03859e+15	1.94e-14	7.09e-10	3.76e-06	1.37e-03	4.36e-02	9.55e-01	0.00e+00	0.00e+00
 1.07874e+15	2.72e-14	9.45e-10	4.73e-06	1.59e-03	4.74e-02	9.51e-01	0.00e+00	0.00e+00
 1.11635e+15	3.70e-14	1.22e-09	5.82e-06	1.83e-03	5.11e-02	9.47e-01	0.00e+00	0.00e+00
 1.15686e+15	5.11e-14	1.60e-09	7.23e-06	2.11e-03	5.52e-02	9.43e-01	0.00e+00	0.00e+00
 1.20215e+15	7.23e-14	2.14e-09	9.13e-06	2.46e-03	6.00e-02	9.38e-01	0.00e+00	0.00e+00
 1.24574e+15	9.99e-14	2.81e-09	1.13e-05	2.84e-03	6.48e-02	9.32e-01	0.00e+00	0.00e+00
 1.29209e+15	1.40e-13	3.72e-09	1.42e-05	3.28e-03	7.01e-02	9.27e-01	0.00e+00	0.00e+00
 1.34380e+15	2.00e-13	5.02e-09	1.80e-05	3.84e-03	7.63e-02	9.20e-01	0.00e+00	0.00e+00
 1.38727e+15	2.67e-13	6.41e-09	2.19e-05	4.36e-03	8.16e-02	9.14e-01	0.00e+00	0.00e+00
 1.41859e+15	3.27e-13	7.60e-09	2.51e-05	4.77e-03	8.56e-02	9.10e-01	0.00e+00	0.00e+00
 1.45128e+15	4.04e-13	9.06e-09	2.88e-05	5.22e-03	8.98e-02	9.05e-01	0.00e+00	0.00e+00
 1.49378e+15	5.26e-13	1.13e-08	3.43e-05	5.86e-03	9.53e-02	8.99e-01	0.00e+00	0.00e+00
 1.54108e+15	7.01e-13	1.44e-08	4.15e-05	6.63e-03	1.02e-01	8.92e-01	0.00e+00	0.00e+00
 1.58525e+15	9.10e-13	1.79e-08	4.93e-05	7.42e-03	1.08e-01	8.85e-01	0.00e+00	0.00e+00
 1.63330e+15	1.20e-12	2.26e-08	5.91e-05	8.35e-03	1.15e-01	8.77e-01	0.00e+00	0.00e+00
 1.68711e+15	1.62e-12	2.90e-08	7.21e-05	9.50e-03	1.23e-01	8.68e-01	0.00e+00	0.00e+00
 1.73787e+15	2.13e-12	3.65e-08	8.62e-05	1.07e-02	1.30e-01	8.59e-01	0.00e+00	0.00e+00
 1.79330e+15	2.85e-12	4.65e-08	1.04e-04	1.21e-02	1.39e-01	8.49e-01	0.00e+00	0.00e+00
 1.85551e+15	3.89e-12	6.05e-08	1.28e-04	1.38e-02	1.48e-01	8.38e-01	0.00e+00	0.00e+00
 1.91465e+15	5.20e-12	7.71e-08	1.55e-04	1.56e-02	1.58e-01	8.27e-01	0.00e+00	0.00e+00
 1.97970e+15	7.09e-12	9.98e-08	1.90e-04	1.78e-02	1.68e-01	8.14e-01	0.00e+00	0.00e+00
 2.05186e+15	9.83e-12	1.31e-07	2.36e-04	2.04e-02	1.80e-01	7.99e-01	0.00e+00	0.00e+00
 2.11875e+15	1.32e-11	1.68e-07	2.85e-04	2.31e-02	1.91e-01	7.86e-01	0.00e+00	0.00e+00
 2.19118e+15	1.80e-11	2.18e-07	3.49e-04	2.62e-02	2.03e-01	7.70e-01	0.00e+00	0.00e+00
 2.27199e+15	2.49e-11	2.87e-07	4.33e-04	3.01e-02	2.17e-01	7.53e-01	0.00e+00	0.00e+00
 2.34759e+15	3.37e-11	3.69e-07	5.26e-04	3.40e-02	2.30e-01	7.36e-01	0.00e+00	0.00e+00
 2.42975e+15	4.63e-11	4.81e-07	6.45e-04	3.87e-02	2.44e-01	7.17e-01	0.00e+00	0.00e+00
 2.51721e+15	6.38e-11	6.29e-07	7.94e-04	4.41e-02	2.59e-01	6.96e-01	0.00e+00	0.00e+00
 2.59385e+15	8.37e-11	7.89e-07	9.45e-04	4.91e-02	2.72e-01	6.78e-01	0.00e+00	0.00e+00
 2.65976e+15	1.05e-10	9.54e-07	1.09e-03	5.38e-02	2.83e-01	6.63e-01	0.00e+00	0.00e+00
 2.72943e+15	1.33e-10	1.16e-06	1.27e-03	5.91e-02	2.94e-01	6.46e-01	0.00e+00	0.00e+00
 2.80785e+15	1.72e-10	1.44e-06	1.50e-03	6.53e-02	3.07e-01	6.26e-01	0.00e+00	0.00e+00
 2.88277e+15	2.17e-10	1.75e-06	1.74e-03	7.16e-02	3.18e-01	6.08e-01	0.00e+00	0.00e+00
 2.96527e+15	2.81e-10	2.16e-06	2.04e-03	7.89e-02	3.31e-01	5.88e-01	0.00e+00	0.00e+00
 3.05521e+15	3.66e-10	2.70e-06	2.42e-03	8.74e-02	3.44e-01	5.66e-01	0.00e+00	0.00e+00
 3.13782e+15	4.64e-10	3.28e-06	2.80e-03	9.55e-02	3.56e-01	5.46e-01	0.00e+00	0.00e+00
 3.22823e+15	5.99e-10	4.06e-06	3.29e-03	1.05e-01	3.68e-01	5.24e-01	0.00e+00	0.00e+00
 3.32855e+15	7.83e-10	5.06e-06	3.89e-03	1.16e-01	3.81e-01	4.99e-01	0.00e+00	0.00e+00
 3.42349e+15	1.00e-09	6.20e-06	4.53e-03	1.27e-01	3.92e-01	4.77e-01	0.00e+00	0.00e+00
 3.52864e+15	1.31e-09	7.74e-06	5.34e-03	1.39e-01	4.03e-01	4.52e-01	0.00e+00	0.00e+00
 3.64282e+15	1.72e-09	9.69e-06	6.32e-03	1.53e-01	4.14e-01	4.26e-01	0.00e+00	0.00e+00
 3.74545e+15	2.18e-09	1.18e-05	7.31e-03	1.67e-01	4.23e-01	4.03e-01	0.00e+00	0.00e+00
 3.85558e+15	2.81e-09	1.45e-05	8.53e-03	1.81e-01	4.31e-01	3.79e-01	0.00e+00	0.00e+00
 3.97795e+15	3.67e-09	1.80e-05	1.00e-02	1.98e-01	4.38e-01	3.54e-01	0.00e+00	0.00e+00
 4.09233e+15	4.65e-09	2.18e-05	1.16e-02	2.14e-01	4.44e-01	3.31e-01	0.00e+00	0.00e+00
 4.21714e+15	6.04e-09	2.70e-05	1.35e-02	2.32e-01	4.48e-01	3.06e-01	0.00e+00	0.00e+00
 4.35311e+15	7.86e-09	3.34e-05	1.58e-02	2.52e-01	4.51e-01	2.81e-01	0.00e+00	0.00e+00
 4.47011e+15	9.74e-09	3.98e-05	1.80e-02	2.69e-01	4.52e-01	2.61e-01	0.00e+00	0.00e+00
 4.57202e+15	1.17e-08	4.62e-05	2.01e-02	2.84e-01	4.52e-01	2.44e-01	0.00e+00	0.00e+00
 4.68775e+15	1.46e-08	5.49e-05	2.27e-02	3.01e-01	4.50e-01	2.26e-01	0.00e+00	0.00e+00
 4.81110e+15	1.80e-08	6.50e-05	2.57e-02	3.19e-01	4.48e-01	2.08e-01	0.00e+00	0.00e+00
 4.92316e+15	2.17e-08	7.55e-05	2.87e-02	3.36e-01	4.44e-01	1.92e-01	0.00e+00	0.00e+00
 5.03078e+15	2.59e-08	8.71e-05	3.18e-02	3.51e-01	4.39e-01	1.78e-01	0.00e+00	0.00e+00
 5.15380e+15	3.20e-08	1.03e-04	3.58e-02	3.70e-01	4.33e-01	1.62e-01	0.00e+00	0.00e+00
 5.28953e+15	3.97e-08	1.22e-04	4.04e-02	3.89e-01	4.24e-01	1.46e-01	0.00e+00	0.00e+00
 5.41453e+15	4.79e-08	1.42e-04	4.50e-02	4.06e-01	4.16e-01	1.33e-01	0.00e+00	0.00e+00
 5.52949e+15	5.71e-08	1.62e-04	4.97e-02	4.22e-01	4.07e-01	1.21e-01	0.00e+00	0.00e+00
 5.65865e+15	7.00e-08	1.91e-04	5.56e-02	4.40e-01	3.96e-01	1.09e-01	0.00e+00	0.00e+00
 5.80056e+15	8.66e-08	2.25e-04	6.25e-02	4.58e-01	3.83e-01	9.67e-02	0.00e+00	0.00e+00
 5.92993e+15	1.04e-07	2.60e-04	6.93e-02	4.74e-01	3.70e-01	8.66e-02	0.00e+00	0.00e+00
 6.05057e+15	1.25e-07	2.99e-04	7.62e-02	4.88e-01	3.57e-01	7.78e-02	0.00e+00	0.00e+00
 6.18902e+15	1.53e-07	3.51e-04	8.51e-02	5.04e-01	3.42e-01	6.84e-02	0.00e+00	0.00e+00
 6.33714e+15	1.90e-07	4.14e-04	9.54e-02	5.19e-01	3.25e-01	5.94e-02	0.00e+00	0.00e+00
 6.46576e+15	2.28e-07	4.76e-04	1.05e-01	5.32e-01	3.10e-01	5.24e-02	0.00e+00	0.00e+00
 6.58279e+15	2.71e-07	5.43e-04	1.15e-01	5.42e-01	2.96e-01	4.65e-02	0.00e+00	0.00e+00
 6.71681e+15	3.31e-07	6.33e-04	1.27e-01	5.52e-01	2.79e-01	4.03e-02	0.00e+00	0.00e+00
 6.86061e+15	4.12e-07	7.48e-04	1.42e-01	5.62e-01	2.61e-01	3.43e-02	0.00e+00	0.00e+00
 6.98083e+15	4.90e-07	8.53e-04	1.55e-01	5.68e-01	2.46e-01	2.99e-02	0.00e+00	0.00e+00
 7.08165e+15	5.71e-07	9.59e-04	1.67e-01	5.73e-01	2.33e-01	2.64e-02	0.00e+00	0.00e+00
 7.19349e+15	6.80e-07	1.10e-03	1.82e-01	5.76e-01	2.18e-01	2.29e-02	0.00e+00	0.00e+00
 7.31479e+15	8.31e-07	1.27e-03	2.00e-01	5.78e-01	2.01e-01	1.94e-02	0.00e+00	0.00e+00
 7.41916e+15	9.79e-07	1.44e-03	2.16e-01	5.78e-01	1.88e-01	1.67e-02	0.00e+00	0.00e+00
 7.49922e+15	1.11e-06	1.58e-03	2.29e-01	5.77e-01	1.77e-01	1.49e-02	0.00e+00	0.00e+00
 7.56566e+15	1.24e-06	1.72e-03	2.41e-01	5.76e-01	1.68e-01	1.34e-02	0.00e+00	0.00e+00
 7.64079e+15	1.38e-06	1.87e-03	2.55e-01	5.73e-01	1.58e-01	1.19e-02	0.00e+00	0.00e+00
 7.73846e+15	1.63e-06	2.12e-03	2.74e-01	5.69e-01	1.45e-01	1.01e-02	0.00e+00	0.00e+00
 7.83117e+15	1.93e-06	2.40e-03	2.94e-01	5.62e-01	1.33e-01	8.51e-03	0.00e+00	0.00e+00
 7.89498e+15	2.24e-06	2.67e-03	3.10e-01	5.56e-01	1.24e-01	7.45e-03	0.00e+00	0.00e+00
 7.94325e+15	2.45e-06	2.86e-03	3.21e-01	5.52e-01	1.17e-01	6.76e-03	0.00e+00	0.00e+00
 7.99381e+15	2.66e-06	3.04e-03	3.34e-01	5.46e-01	1.11e-01	6.08e-03	0.00e+00	0.00e+00
 8.05953e+15	3.03e-06	3.35e-03	3.51e-01	5.38e-01	1.02e-01	5.24e-03	0.00e+00	0.00e+00
 8.12994e+15	3.49e-06	3.71e-03	3.70e-01	5.29e-01	9.33e-02	4.43e-03	0.00e+00	0.00e+00
 8.19001e+15	4.09e-06	4.16e-03	3.88e-01	5.19e-01	8.55e-02	3.77e-03	0.00e+00	0.00e+00
 8.23762e+15	4.52e-06	4.48e-03	4.02e-01	5.11e-01	7.96e-02	3.32e-03	0.00e+00	0.00e+00
 8.28548e+15	4.93e-06	4.77e-03	4.16e-01	5.03e-01	7.39e-02	2.91e-03	0.00e+00	0.00e+00
 8.34770e+15	5.91e-06	5.42e-03	4.37e-01	4.89e-01	6.61e-02	2.37e-03	0.00e+00	0.00e+00
 8.40671e+15	6.69e-06	5.93e-03	4.55e-01	4.78e-01	5.97e-02	1.98e-03	0.00e+00	0.00e+00
 8.45253e+15	7.32e-06	6.34e-03	4.69e-01	4.68e-01	5.48e-02	1.71e-03	0.00e+00	0.00e+00
 8.50306e+15	8.30e-06	6.93e-03	4.86e-01	4.57e-01	4.94e-02	1.42e-03	0.00e+00	0.00e+00
 8.55873e+15	9.55e-06	7.66e-03	5.04e-01	4.43e-01	4.38e-02	1.15e-03	0.00e+00	0.00e+00
 8.60913e+15	1.09e-05	8.42e-03	5.21e-01	4.31e-01	3.90e-02	9.39e-04	0.00e+00	0.00e+00
 8.65402e+15	1.27e-05	9.33e-03	5.37e-01	4.18e-01	3.47e-02	7.63e-04	0.00e+00	0.00e+00
 8.69512e+15	1.41e-05	1.01e-02	5.51e-01	4.07e-01	3.13e-02	6.35e-04	0.00e+00	0.00e+00
 8.73995e+15	1.60e-05	1.10e-02	5.66e-01	3.95e-01	2.76e-02	5.11e-04	0.00e+00	0.00e+00
 8.79823e+15	1.89e-05	1.24e-02	5.85e-01	3.79e-01	2.33e-02	3.80e-04	0.00e+00	0.00e+00
 8.85790e+15	2.23e-05	1.38e-02	6.04e-01	3.63e-01	1.96e-02	2.79e-04	0.00e+00	0.00e+00
 8.89905e+15	2.49e-05	1.50e-02	6.16e-01	3.52e-01	1.73e-02	2.25e-04	0.00e+00	0.00e+00
 8.92581e+15	2.69e-05	1.58e-02	6.24e-01	3.44e-01	1.59e-02	1.94e-04	0.00e+00	0.00e+00
 8.95418e+15	2.93e-05	1.67e-02	6.32e-01	3.36e-01	1.44e-02	1.63e-04	0.00e+00	0.00e+00
 8.99107e+15	3.26e-05	1.80e-02	6.43e-01	3.26e-01	1.27e-02	1.30e-04	0.00e+00	0.00e+00
 9.03149e+15	3.67e-05	1.95e-02	6.54e-01	3.15e-01	1.10e-02	1.02e-04	0.00e+00	0.00e+00
 9.06879e+15	4.08e-05	2.10e-02	6.64e-01	3.05e-01	9.65e-03	8.12e-05	0.00e+00	0.00e+00
 9.10956e+15	4.61e-05	2.28e-02	6.75e-01	2.94e-01	8.29e-03	6.22e-05	0.00e+00	0.00e+00
 9.15364e+15	5.23e-05	2.49e-02	6.86e-01	2.82e-01	7.04e-03	4.68e-05	0.00e+00	0.00e+00
 9.19303e+15	5.85e-05	2.68e-02	6.95e-01	2.72e-01	6.09e-03	3.63e-05	0.00e+00	0.00e+00
 9.23526e+15	6.63e-05	2.92e-02	7.04e-01	2.61e-01	5.15e-03	2.72e-05	0.00e+00	0.00e+00
 9.28099e+15	7.56e-05	3.19e-02	7.14e-01	2.50e-01	4.33e-03	2.00e-05	0.00e+00	0.00e+00
 9.32198e+15	8.51e-05	3.45e-02	7.22e-01	2.40e-01	3.69e-03	1.51e-05	0.00e+00	0.00e+00
 9.35998e+15	9.51e-05	3.72e-02	7.29e-01	2.31e-01	3.17e-03	1.17e-05	0.00e+00	0.00e+00
 9.40338e+15	1.08e-04	4.05e-02	7.37e-01	2.20e-01	2.66e-03	8.55e-06	0.00e+00	0.00e+00
 9.45082e+15	1.24e-04	4.43e-02	7.44e-01	2.09e-01	2.20e-03	6.15e-06	0.00e+00	0.00e+00
 9.49337e+15	1.41e-04	4.82e-02	7.51e-01	1.99e-01	1.85e-03	4.56e-06	0.00e+00	0.00e+00
 9.53206e+15	1.58e-04	5.20e-02	7.56e-01	1.90e-01	1.58e-03	3.47e-06	0.00e+00	0.00e+00
 9.57588e+15	1.80e-04	5.67e-02	7.61e-01	1.80e-01	1.31e-03	2.52e-06	0.00e+00	0.00e+00
 9.62383e+15	2.07e-04	6.23e-02	7.67e-01	1.70e-01	1.08e-03	1.79e-06	0.00e+00	0.00e+00
 9.66667e+15	2.36e-04	6.79e-02	7.70e-01	1.61e-01	8.99e-04	1.31e-06	0.00e+00	0.00e+00
 9.70511e+15	2.66e-04	7.33e-02	7.73e-01	1.52e-01	7.63e-04	9.94e-07	0.00e+00	0.00e+00
 9.74826e+15	3.04e-04	8.00e-02	7.76e-01	1.43e-01	6.31e-04	0.00e+00	0.00e+00	0.00e+00
 9.79554e+15	3.53e-04	8.81e-02	7.78e-01	1.33e-01	5.14e-04	0.00e+00	0.00e+00	0.00e+00
 9.83774e+15	4.05e-04	9.63e-02	7.78e-01	1.25e-01	4.26e-04	0.00e+00	0.00e+00	0.00e+00
 9.87520e+15	4.57e-04	1.04e-01	7.78e-01	1.17e-01	3.60e-04	0.00e+00	0.00e+00	0.00e+00
 9.91696e+15	5.25e-04	1.14e-01	7.76e-01	1.09e-01	2.96e-04	0.00e+00	0.00e+00	0.00e+00
 9.96288e+15	6.14e-04	1.26e-01	7.73e-01	1.00e-01	2.39e-04	0.00e+00	0.00e+00	0.00e+00
 1.00043e+16	7.08e-04	1.38e-01	7.69e-01	9.26e-02	1.95e-04	0.00e+00	0.00e+00	0.00e+00
 1.00408e+16	8.06e-04	1.50e-01	7.64e-01	8.59e-02	1.63e-04	0.00e+00	0.00e+00	0.00e+00
 1.00809e+16	9.30e-04	1.64e-01	7.57e-01	7.87e-02	1.32e-04	0.00e+00	0.00e+00	0.00e+00
 1.01255e+16	1.10e-03	1.81e-01	7.46e-01	7.10e-02	1.05e-04	0.00e+00	0.00e+00	0.00e+00
 1.01659e+16	1.28e-03	1.99e-01	7.35e-01	6.43e-02	8.43e-05	0.00e+00	0.00e+00	0.00e+00
 1.02022e+16	1.47e-03	2.17e-01	7.23e-01	5.84e-02	6.86e-05	0.00e+00	0.00e+00	0.00e+00
 1.02429e+16	1.72e-03	2.39e-01	7.07e-01	5.20e-02	5.39e-05	0.00e+00	0.00e+00	0.00e+00
 1.02880e+16	2.06e-03	2.67e-01	6.86e-01	4.53e-02	4.08e-05	0.00e+00	0.00e+00	0.00e+00
 1.03290e+16	2.44e-03	2.95e-01	6.63e-01	3.95e-02	3.13e-05	0.00e+00	0.00e+00	0.00e+00
 1.03662e+16	2.86e-03	3.24e-01	6.39e-01	3.44e-02	2.43e-05	0.00e+00	0.00e+00	0.00e+00
 1.04083e+16	3.42e-03	3.59e-01	6.08e-01	2.91e-02	1.78e-05	0.00e+00	0.00e+00	0.00e+00
 1.04545e+16	4.21e-03	4.02e-01	5.70e-01	2.38e-02	1.25e-05	0.00e+00	0.00e+00	0.00e+00
 1.04951e+16	5.04e-03	4.44e-01	5.31e-01	1.94e-02	8.87e-06	0.00e+00	0.00e+00	0.00e+00
 1.05296e+16	5.93e-03	4.83e-01	4.95e-01	1.61e-02	6.47e-06	0.00e+00	0.00e+00	0.00e+00
 1.05670e+16	7.07e-03	5.27e-01	4.53e-01	1.28e-02	4.50e-06	0.00e+00	0.00e+00	0.00e+00
 1.06081e+16	8.59e-03	5.79e-01	4.02e-01	9.67e-03	2.89e-06	0.00e+00	0.00e+00	0.00e+00
 1.06415e+16	1.01e-02	6.24e-01	3.58e-01	7.45e-03	1.95e-06	0.00e+00	0.00e+00	0.00e+00
 1.06652e+16	1.14e-02	6.56e-01	3.27e-01	6.10e-03	1.45e-06	0.00e+00	0.00e+00	0.00e+00
 1.06891e+16	1.28e-02	6.87e-01	2.95e-01	4.90e-03	1.05e-06	0.00e+00	0.00e+00	0.00e+00
 1.07201e+16	1.50e-02	7.27e-01	2.55e-01	3.61e-03	6.70e-07	0.00e+00	0.00e+00	0.00e+00
 1.07509e+16	1.76e-02	7.65e-01	2.15e-01	2.56e-03	0.00e+00	0.00e+00	0.00e+00	0.00e+00
 1.07736e+16	1.99e-02	7.93e-01	1.85e-01	1.93e-03	0.00e+00	0.00e+00	0.00e+00	0.00e+00
 1.07912e+16	2.18e-02	8.12e-01	1.64e-01	1.53e-03	0.00e+00	0.00e+00	0.00e+00	0.00e+00
 1.08104e+16	2.42e-02	8.32e-01	1.43e-01	1.17e-03	0.00e+00	0.00e+00	0.00e+00	0.00e+00
 1.08352e+16	2.77e-02	8.54e-01	1.18e-01	8.08e-04	0.00e+00	0.00e+00	0.00e+00	0.00e+00
 1.08602e+16	3.20e-02	8.74e-01	9.40e-02	5.35e-04	0.00e+00	0.00e+00	0.00e+00	0.00e+00
 1.08788e+16	3.57e-02	8.86e-01	7.80e-02	3.81e-04	0.00e+00	0.00e+00	0.00e+00	0.00e+00
 1.08934e+16	3.90e-02	8.94e-01	6.70e-02	2.89e-04	0.00e+00	0.00e+00	0.00e+00	0.00e+00
 1.09093e+16	4.29e-02	9.01e-01	5.64e-02	2.11e-04	0.00e+00	0.00e+00	0.00e+00	0.00e+00
 1.09300e+16	4.87e-02	9.07e-01	4.44e-02	1.37e-04	0.00e+00	0.00e+00	0.00e+00	0.00e+00
 1.09508e+16	5.57e-02	9.10e-01	3.41e-02	8.57e-05	0.00e+00	0.00e+00	0.00e+00	0.00e+00
 1.09666e+16	6.20e-02	9.11e-01	2.73e-02	5.81e-05	0.00e+00	0.00e+00	0.00e+00	0.00e+00
 1.09796e+16	6.78e-02	9.09e-01	2.27e-02	4.19e-05	0.00e+00	0.00e+00	0.00e+00	0.00e+00
 1.09940e+16	7.47e-02	9.07e-01	1.83e-02	2.86e-05	0.00e+00	0.00e+00	0.00e+00	0.00e+00
 1.10100e+16	8.37e-02	9.02e-01	1.43e-02	1.84e-05	0.00e+00	0.00e+00	0.00e+00	0.00e+00
 1.10248e+16	9.29e-02	8.96e-01	1.12e-02	1.20e-05	0.00e+00	0.00e+00	0.00e+00	0.00e+00
 1.10369e+16	1.01e-01	8.90e-01	9.06e-03	8.31e-06	0.00e+00	0.00e+00	0.00e+00	0.00e+00
 1.10470e+16	1.09e-01	8.83e-01	7.56e-03	6.06e-06	0.00e+00	0.00e+00	0.00e+00	0.00e+00
 1.10573e+16	1.17e-01	8.76e-01	6.26e-03	4.35e-06	0.00e+00	0.00e+00	0.00e+00	0.00e+00
 1.10681e+16	1.27e-01	8.68e-01	5.11e-03	3.05e-06	0.00e+00	0.00e+00	0.00e+00	0.00e+00
 1.10783e+16	1.36e-01	8.59e-01	4.19e-03	2.16e-06	0.00e+00	0.00e+00	0.00e+00	0.00e+00
 1.10871e+16	1.45e-01	8.51e-01	3.51e-03	1.59e-06	0.00e+00	0.00e+00	0.00e+00	0.00e+00
 1.10938e+16	1.52e-01	8.45e-01	3.08e-03	1.26e-06	0.00e+00	0.00e+00	0.00e+00	0.00e+00
 1.10981e+16	1.57e-01	8.41e-01	2.81e-03	1.08e-06	0.00e+00	0.00e+00	0.00e+00	0.00e+00
 1.11021e+16	1.61e-01	8.36e-01	2.59e-03	9.32e-07	0.00e+00	0.00e+00	0.00e+00	0.00e+00
 1.11069e+16	1.67e-01	8.31e-01	2.34e-03	0.00e+00	0.00e+00	0.00e+00	0.00e+00	0.00e+00
 1.11121e+16	1.73e-01	8.25e-01	2.10e-03	0.00e+00	0.00e+00	0.00e+00	0.00e+00	0.00e+00
 1.11171e+16	1.79e-01	8.19e-01	1.88e-03	0.00e+00	0.00e+00	0.00e+00	0.00e+00	0.00e+00
 1.11218e+16	1.84e-01	8.14e-01	1.70e-03	0.00e+00	0.00e+00	0.00e+00	0.00e+00	0.00e+00
 1.11265e+16	1.90e-01	8.08e-01	1.54e-03	0.00e+00	0.00e+00	0.00e+00	0.00e+00	0.00e+00
 1.11312e+16	1.96e-01	8.02e-01	1.39e-03	0.00e+00	0.00e+00	0.00e+00	0.00e+00	0.00e+00
 1.11359e+16	2.03e-01	7.96e-01	1.25e-03	0.00e+00	0.00e+00	0.00e+00	0.00e+00	0.00e+00
 1.11406e+16	2.09e-01	7.90e-01	1.12e-03	0.00e+00	0.00e+00	0.00e+00	0.00e+00	0.00e+00
 1.11451e+16	2.15e-01	7.84e-01	1.01e-03	0.00e+00	0.00e+00	0.00e+00	0.00e+00	0.00e+00
 1.11496e+16	2.21e-01	7.78e-01	9.13e-04	0.00e+00	0.00e+00	0.00e+00	0.00e+00	0.00e+00
 1.11542e+16	2.28e-01	7.71e-01	8.21e-04	0.00e+00	0.00e+00	0.00e+00	0.00e+00	0.00e+00
 1.11587e+16	2.35e-01	7.65e-01	7.39e-04	0.00e+00	0.00e+00	0.00e+00	0.00e+00	0.00e+00
 1.11632e+16	2.41e-01	7.58e-01	6.65e-04	0.00e+00	0.00e+00	0.00e+00	0.00e+00	0.00e+00
 1.11677e+16	2.48e-01	7.51e-01	5.99e-04	0.00e+00	0.00e+00	0.00e+00	0.00e+00	0.00e+00
 1.11721e+16	2.55e-01	7.44e-01	5.38e-04	0.00e+00	0.00e+00	0.00e+00	0.00e+00	0.00e+00
 1.11766e+16	2.62e-01	7.37e-01	4.83e-04	0.00e+00	0.00e+00	0.00e+00	0.00e+00	0.00e+00
 1.11810e+16	2.70e-01	7.30e-01	4.34e-04	0.00e+00	0.00e+00	0.00e+00	0.00e+00	0.00e+00
 1.11853e+16	2.77e-01	7.23e-01	3.91e-04	0.00e+00	0.00e+00	0.00e+00	0.00e+00	0.00e+00
 1.11898e+16	2.84e-01	7.15e-01	3.50e-04	0.00e+00	0.00e+00	0.00e+00	0.00e+00	0.00e+00
 1.11942e+16	2.92e-01	7.07e-01	3.14e-04	0.00e+00	0.00e+00	0.00e+00	0.00e+00	0.00e+00
 1.11985e+16	3.01e-01	6.99e-01	2.82e-04	0.00e+00	0.00e+00	0.00e+00	0.00e+00	0.00e+00
 1.12030e+16	3.09e-01	6.91e-01	2.52e-04	0.00e+00	0.00e+00	0.00e+00	0.00e+00	0.00e+00
 1.12073e+16	3.18e-01	6.82e-01	2.26e-04	0.00e+00	0.00e+00	0.00e+00	0.00e+00	0.00e+00
 1.12117e+16	3.26e-01	6.73e-01	2.02e-04	0.00e+00	0.00e+00	0.00e+00	0.00e+00	0.00e+00
 1.12161e+16	3.36e-01	6.64e-01	1.81e-04	0.00e+00	0.00e+00	0.00e+00	0.00e+00	0.00e+00
 1.12205e+16	3.45e-01	6.55e-01	1.62e-04	0.00e+00	0.00e+00	0.00e+00	0.00e+00	0.00e+00
 1.12248e+16	3.55e-01	6.45e-01	1.45e-04	0.00e+00	0.00e+00	0.00e+00	0.00e+00	0.00e+00
 1.12291e+16	3.65e-01	6.35e-01	1.30e-04	0.00e+00	0.00e+00	0.00e+00	0.00e+00	0.00e+00
 1.12334e+16	3.75e-01	6.25e-01	1.17e-04	0.00e+00	0.00e+00	0.00e+00	0.00e+00	0.00e+00
 1.12376e+16	3.86e-01	6.14e-01	1.05e-04	0.00e+00	0.00e+00	0.00e+00	0.00e+00	0.00e+00
 1.12419e+16	3.97e-01	6.03e-01	9.38e-05	0.00e+00	0.00e+00	0.00e+00	0.00e+00	0.00e+00
 1.12462e+16	4.09e-01	5.91e-01	8.40e-05	0.00e+00	0.00e+00	0.00e+00	0.00e+00	0.00e+00
 1.12504e+16	4.20e-01	5.79e-01	7.54e-05	0.00e+00	0.00e+00	0.00e+00	0.00e+00	0.00e+00
 1.12547e+16	4.34e-01	5.66e-01	6.75e-05	0.00e+00	0.00e+00	0.00e+00	0.00e+00	0.00e+00
 1.12591e+16	4.47e-01	5.53e-01	6.05e-05	0.00e+00	0.00e+00	0.00e+00	0.00e+00	0.00e+00
 1.12634e+16	4.61e-01	5.39e-01	5.41e-05	0.00e+00	0.00e+00	0.00e+00	0.00e+00	0.00e+00
 1.12679e+16	4.74e-01	5.26e-01	4.85e-05	0.00e+00	0.00e+00	0.00e+00	0.00e+00	0.00e+00
 1.12725e+16	4.90e-01	5.10e-01	4.33e-05	0.00e+00	0.00e+00	0.00e+00	0.00e+00	0.00e+00
 1.12772e+16	5.05e-01	4.95e-01	3.86e-05	0.00e+00	0.00e+00	0.00e+00	0.00e+00	0.00e+00
 1.12819e+16	5.22e-01	4.78e-01	3.44e-05	0.00e+00	0.00e+00	0.00e+00	0.00e+00	0.00e+00
 1.12869e+16	5.39e-01	4.61e-01	3.06e-05	0.00e+00	0.00e+00	0.00e+00	0.00e+00	0.00e+00
 1.12920e+16	5.59e-01	4.41e-01	2.70e-05	0.00e+00	0.00e+00	0.00e+00	0.00e+00	0.00e+00
 1.12973e+16	5.78e-01	4.22e-01	2.39e-05	0.00e+00	0.00e+00	0.00e+00	0.00e+00	0.00e+00
 1.13028e+16	5.98e-01	4.02e-01	2.12e-05	0.00e+00	0.00e+00	0.00e+00	0.00e+00	0.00e+00
 1.13087e+16	6.18e-01	3.82e-01	1.87e-05	0.00e+00	0.00e+00	0.00e+00	0.00e+00	0.00e+00
 1.13150e+16	6.41e-01	3.59e-01	1.64e-05	0.00e+00	0.00e+00	0.00e+00	0.00e+00	0.00e+00
 1.13217e+16	6.62e-01	3.38e-01	1.44e-05	0.00e+00	0.00e+00	0.00e+00	0.00e+00	0.00e+00
 1.13290e+16	6.82e-01	3.18e-01	1.26e-05	0.00e+00	0.00e+00	0.00e+00	0.00e+00	0.00e+00
 1.13359e+16	7.00e-01	3.00e-01	1.13e-05	0.00e+00	0.00e+00	0.00e+00	0.00e+00	0.00e+00
 1.13416e+16	7.14e-01	2.86e-01	1.03e-05	0.00e+00	0.00e+00	0.00e+00	0.00e+00	0.00e+00
 1.13476e+16	7.28e-01	2.72e-01	9.42e-06	0.00e+00	0.00e+00	0.00e+00	0.00e+00	0.00e+00
 1.13543e+16	7.41e-01	2.59e-01	8.62e-06	0.00e+00	0.00e+00	0.00e+00	0.00e+00	0.00e+00
 1.13618e+16	7.54e-01	2.46e-01	7.86e-06	0.00e+00	0.00e+00	0.00e+00	0.00e+00	0.00e+00
 1.13698e+16	7.68e-01	2.32e-01	7.16e-06	0.00e+00	0.00e+00	0.00e+00	0.00e+00	0.00e+00
 1.13782e+16	7.80e-01	2.20e-01	6.54e-06	0.00e+00	0.00e+00	0.00e+00	0.00e+00	0.00e+00
 1.13873e+16	7.92e-01	2.08e-01	6.00e-06	0.00e+00	0.00e+00	0.00e+00	0.00e+00	0.00e+00
 1.13973e+16	8.04e-01	1.96e-01	5.47e-06	0.00e+00	0.00e+00	0.00e+00	0.00e+00	0.00e+00
 1.14086e+16	8.14e-01	1.86e-01	5.03e-06	0.00e+00	0.00e+00	0.00e+00	0.00e+00	0.00e+00
 1.14208e+16	8.25e-01	1.75e-01	4.58e-06	0.00e+00	0.00e+00	0.00e+00	0.00e+00	0.00e+00
 1.14338e+16	8.34e-01	1.66e-01	4.21e-06	0.00e+00	0.00e+00	0.00e+00	0.00e+00	0.00e+00
 1.14478e+16	8.45e-01	1.55e-01	3.83e-06	0.00e+00	0.00e+00	0.00e+00	0.00e+00	0.00e+00
 1.14627e+16	8.53e-01	1.47e-01	3.52e-06	0.00e+00	0.00e+00	0.00e+00	0.00e+00	0.00e+00
 1.14784e+16	8.63e-01	1.37e-01	3.19e-06	0.00e+00	0.00e+00	0.00e+00	0.00e+00	0.00e+00
 1.14945e+16	8.71e-01	1.29e-01	2.92e-06	0.00e+00	0.00e+00	0.00e+00	0.00e+00	0.00e+00
 1.15109e+16	8.80e-01	1.20e-01	2.64e-06	0.00e+00	0.00e+00	0.00e+00	0.00e+00	0.00e+00
 1.15274e+16	8.87e-01	1.13e-01	2.40e-06	0.00e+00	0.00e+00	0.00e+00	0.00e+00	0.00e+00
 1.15443e+16	8.95e-01	1.05e-01	2.18e-06	0.00e+00	0.00e+00	0.00e+00	0.00e+00	0.00e+00
 1.15609e+16	9.02e-01	9.85e-02	1.98e-06	0.00e+00	0.00e+00	0.00e+00	0.00e+00	0.00e+00
 1.15768e+16	9.08e-01	9.24e-02	1.81e-06	0.00e+00	0.00e+00	0.00e+00	0.00e+00	0.00e+00
 1.15923e+16	9.13e-01	8.67e-02	1.66e-06	0.00e+00	0.00e+00	0.00e+00	0.00e+00	0.00e+00
 1.16080e+16	9.19e-01	8.12e-02	1.51e-06	0.00e+00	0.00e+00	0.00e+00	0.00e+00	0.00e+00
 1.16238e+16	9.24e-01	7.59e-02	1.38e-06	0.00e+00	0.00e+00	0.00e+00	0.00e+00	0.00e+00
 1.16395e+16	9.29e-01	7.10e-02	1.26e-06	0.00e+00	0.00e+00	0.00e+00	0.00e+00	0.00e+00
 1.16549e+16	9.33e-01	6.65e-02	1.15e-06	0.00e+00	0.00e+00	0.00e+00	0.00e+00	0.00e+00
 1.16702e+16	9.38e-01	6.23e-02	1.05e-06	0.00e+00	0.00e+00	0.00e+00	0.00e+00	0.00e+00
 1.16854e+16	9.42e-01	5.84e-02	9.62e-07	0.00e+00	0.00e+00	0.00e+00	0.00e+00	0.00e+00
 1.17006e+16	9.45e-01	5.47e-02	8.80e-07	0.00e+00	0.00e+00	0.00e+00	0.00e+00	0.00e+00
 1.17157e+16	9.49e-01	5.12e-02	8.06e-07	0.00e+00	0.00e+00	0.00e+00	0.00e+00	0.00e+00
 1.17308e+16	9.52e-01	4.80e-02	7.38e-07	0.00e+00	0.00e+00	0.00e+00	0.00e+00	0.00e+00
 1.17459e+16	9.55e-01	4.50e-02	6.75e-07	0.00e+00	0.00e+00	0.00e+00	0.00e+00	0.00e+00
 1.17610e+16	9.58e-01	4.21e-02	6.18e-07	0.00e+00	0.00e+00	0.00e+00	0.00e+00	0.00e+00
 1.17763e+16	9.61e-01	3.95e-02	5.66e-07	0.00e+00	0.00e+00	0.00e+00	0.00e+00	0.00e+00
 1.17917e+16	9.63e-01	3.70e-02	5.18e-07	0.00e+00	0.00e+00	0.00e+00	0.00e+00	0.00e+00
 1.18074e+16	9.65e-01	3.46e-02	4.74e-07	0.00e+00	0.00e+00	0.00e+00	0.00e+00	0.00e+00
 1.18237e+16	9.68e-01	3.23e-02	4.32e-07	0.00e+00	0.00e+00	0.00e+00	0.00e+00	0.00e+00
 1.18407e+16	9.70e-01	3.01e-02	3.93e-07	0.00e+00	0.00e+00	0.00e+00	0.00e+00	0.00e+00
 1.18583e+16	9.72e-01	2.80e-02	3.56e-07	0.00e+00	0.00e+00	0.00e+00	0.00e+00	0.00e+00
 1.18766e+16	9.74e-01	2.61e-02	3.22e-07	0.00e+00	0.00e+00	0.00e+00	0.00e+00	0.00e+00
 1.18961e+16	9.76e-01	2.42e-02	2.90e-07	0.00e+00	0.00e+00	0.00e+00	0.00e+00	0.00e+00
 1.19170e+16	9.78e-01	2.23e-02	2.60e-07	0.00e+00	0.00e+00	0.00e+00	0.00e+00	0.00e+00
 1.19401e+16	9.80e-01	2.05e-02	2.31e-07	0.00e+00	0.00e+00	0.00e+00	0.00e+00	0.00e+00
 1.19665e+16	9.81e-01	1.86e-02	2.02e-07	0.00e+00	0.00e+00	0.00e+00	0.00e+00	0.00e+00
 1.19959e+16	9.83e-01	1.69e-02	1.76e-07	0.00e+00	0.00e+00	0.00e+00	0.00e+00	0.00e+00
