#depth	He	He+	He+2
 1.49634e+10	3.91e-21	7.79e-11	1.00e+00
 4.54887e+10	4.58e-21	8.48e-11	1.00e+00
 7.72350e+10	5.31e-21	9.24e-11	1.00e+00
 1.10251e+11	6.16e-21	1.01e-10	1.00e+00
 1.43688e+11	7.13e-21	1.10e-10	1.00e+00
 1.78462e+11	8.24e-21	1.19e-10	1.00e+00
 2.12433e+11	9.48e-21	1.29e-10	1.00e+00
 2.43118e+11	1.07e-20	1.39e-10	1.00e+00
 2.77348e+11	1.21e-20	1.50e-10	1.00e+00
 3.17592e+11	1.41e-20	1.63e-10	1.00e+00
 3.57454e+11	1.63e-20	1.77e-10	1.00e+00
 3.94865e+11	1.85e-20	1.92e-10	1.00e+00
 4.36540e+11	2.12e-20	2.08e-10	1.00e+00
 4.83929e+11	2.47e-20	2.28e-10	1.00e+00
 5.30504e+11	2.85e-20	2.48e-10	1.00e+00
 5.78942e+11	3.28e-20	2.71e-10	1.00e+00
 6.32026e+11	3.81e-20	2.96e-10	1.00e+00
 6.85803e+11	4.41e-20	3.25e-10	1.00e+00
 7.41730e+11	5.09e-20	3.55e-10	1.00e+00
 8.01326e+11	5.91e-20	3.90e-10	1.00e+00
 8.60655e+11	6.81e-20	4.27e-10	1.00e+00
 9.22358e+11	7.82e-20	4.68e-10	1.00e+00
 9.89179e+11	9.04e-20	5.15e-10	1.00e+00
 1.05867e+12	1.04e-19	5.66e-10	1.00e+00
 1.13095e+12	1.20e-19	6.23e-10	1.00e+00
 1.20611e+12	1.39e-19	6.86e-10	1.00e+00
 1.27404e+12	1.57e-19	7.47e-10	1.00e+00
 1.33056e+12	1.73e-19	8.00e-10	1.00e+00
 1.39243e+12	1.91e-19	8.60e-10	1.00e+00
 1.47092e+12	2.17e-19	9.41e-10	1.00e+00
 1.55282e+12	2.46e-19	1.03e-09	1.00e+00
 1.62525e+12	2.74e-19	1.11e-09	1.00e+00
 1.69284e+12	3.01e-19	1.19e-09	1.00e+00
 1.77002e+12	3.34e-19	1.29e-09	1.00e+00
 1.86487e+12	3.79e-19	1.42e-09	1.00e+00
 1.95938e+12	4.29e-19	1.55e-09	1.00e+00
 2.04146e+12	4.75e-19	1.67e-09	1.00e+00
 2.13073e+12	5.28e-19	1.80e-09	1.00e+00
 2.23978e+12	5.98e-19	1.98e-09	1.00e+00
 2.35117e+12	6.78e-19	2.17e-09	1.00e+00
 2.45344e+12	7.56e-19	2.35e-09	1.00e+00
 2.56717e+12	8.51e-19	2.56e-09	1.00e+00
 2.69905e+12	9.73e-19	2.82e-09	1.00e+00
 2.82911e+12	1.11e-18	3.08e-09	1.00e+00
 2.95360e+12	1.25e-18	3.35e-09	1.00e+00
 3.09091e+12	1.42e-18	3.66e-09	1.00e+00
 3.24447e+12	1.63e-18	4.02e-09	1.00e+00
 3.38404e+12	1.85e-18	4.37e-09	1.00e+00
 3.50144e+12	2.05e-18	4.67e-09	1.00e+00
 3.63052e+12	2.28e-18	5.01e-09	1.00e+00
 3.77622e+12	2.58e-18	5.41e-09	1.00e+00
 3.91573e+12	2.90e-18	5.81e-09	1.00e+00
 4.06928e+12	3.27e-18	6.27e-09	1.00e+00
 4.23983e+12	3.74e-18	6.80e-09	1.00e+00
 4.39965e+12	4.23e-18	7.31e-09	1.00e+00
 4.57457e+12	4.82e-18	7.90e-09	1.00e+00
 4.77129e+12	5.56e-18	8.58e-09	1.00e+00
 4.95921e+12	6.35e-18	9.27e-09	1.00e+00
 5.16523e+12	7.32e-18	1.00e-08	1.00e+00
 5.38353e+12	8.47e-18	1.09e-08	1.00e+00
 5.57455e+12	9.58e-18	1.17e-08	1.00e+00
 5.77847e+12	1.09e-17	1.26e-08	1.00e+00
 6.02657e+12	1.27e-17	1.37e-08	1.00e+00
 6.27368e+12	1.47e-17	1.48e-08	1.00e+00
 6.49172e+12	1.67e-17	1.58e-08	1.00e+00
 6.73037e+12	1.90e-17	1.70e-08	1.00e+00
 7.01753e+12	2.22e-17	1.85e-08	1.00e+00
 7.30485e+12	2.59e-17	2.01e-08	1.00e+00
 7.56620e+12	2.95e-17	2.15e-08	1.00e+00
 7.85667e+12	3.40e-17	2.32e-08	1.00e+00
 8.19623e+12	4.00e-17	2.53e-08	1.00e+00
 8.53135e+12	4.66e-17	2.74e-08	1.00e+00
 8.84807e+12	5.36e-17	2.95e-08	1.00e+00
 9.20011e+12	6.22e-17	3.18e-08	1.00e+00
 9.59804e+12	7.33e-17	3.47e-08	1.00e+00
 9.99791e+12	8.58e-17	3.76e-08	1.00e+00
 1.04138e+13	1.01e-16	4.08e-08	1.00e+00
 1.08603e+13	1.18e-16	4.44e-08	1.00e+00
 1.13246e+13	1.39e-16	4.83e-08	1.00e+00
 1.17817e+13	1.63e-16	5.22e-08	1.00e+00
 1.22070e+13	1.87e-16	5.61e-08	1.00e+00
 1.25910e+13	2.11e-16	5.96e-08	1.00e+00
 1.30026e+13	2.39e-16	6.36e-08	1.00e+00
 1.35150e+13	2.78e-16	6.87e-08	1.00e+00
 1.40286e+13	3.22e-16	7.40e-08	1.00e+00
 1.44705e+13	3.63e-16	7.86e-08	1.00e+00
 1.49486e+13	4.12e-16	8.39e-08	1.00e+00
 1.55381e+13	4.79e-16	9.06e-08	1.00e+00
 1.61272e+13	5.55e-16	9.75e-08	1.00e+00
 1.66360e+13	6.26e-16	1.04e-07	1.00e+00
 1.71857e+13	7.10e-16	1.10e-07	1.00e+00
 1.78614e+13	8.26e-16	1.19e-07	1.00e+00
 1.85432e+13	9.57e-16	1.28e-07	1.00e+00
 1.91476e+13	1.08e-15	1.37e-07	1.00e+00
 1.98086e+13	1.24e-15	1.46e-07	1.00e+00
 2.06009e+13	1.44e-15	1.58e-07	1.00e+00
 2.13901e+13	1.67e-15	1.70e-07	1.00e+00
 2.21096e+13	1.90e-15	1.81e-07	1.00e+00
 2.29118e+13	2.18e-15	1.95e-07	1.00e+00
 2.38474e+13	2.55e-15	2.10e-07	1.00e+00
 2.47693e+13	2.96e-15	2.27e-07	1.00e+00
 2.56426e+13	3.38e-15	2.43e-07	1.00e+00
 2.66127e+13	3.91e-15	2.61e-07	1.00e+00
 2.77072e+13	4.58e-15	2.83e-07	1.00e+00
 2.88076e+13	5.32e-15	3.05e-07	1.00e+00
 2.99520e+13	6.20e-15	3.29e-07	1.00e+00
 3.11800e+13	7.25e-15	3.56e-07	1.00e+00
 3.23698e+13	8.40e-15	3.84e-07	1.00e+00
 3.34901e+13	9.59e-15	4.11e-07	1.00e+00
 3.47424e+13	1.11e-14	4.41e-07	1.00e+00
 3.60040e+13	1.27e-14	4.74e-07	1.00e+00
 3.70531e+13	1.43e-14	5.02e-07	1.00e+00
 3.81646e+13	1.60e-14	5.32e-07	1.00e+00
 3.95836e+13	1.85e-14	5.72e-07	1.00e+00
 4.10713e+13	2.14e-14	6.16e-07	1.00e+00
 4.23894e+13	2.42e-14	6.56e-07	1.00e+00
 4.38181e+13	2.76e-14	7.01e-07	1.00e+00
 4.55332e+13	3.21e-14	7.58e-07	1.00e+00
 4.72693e+13	3.72e-14	8.17e-07	1.00e+00
 4.88984e+13	4.25e-14	8.75e-07	1.00e+00
 5.04705e+13	4.82e-14	9.33e-07	1.00e+00
 5.22452e+13	5.53e-14	1.00e-06	1.00e+00
 5.42028e+13	6.40e-14	1.08e-06	1.00e+00
 5.60086e+13	7.29e-14	1.15e-06	1.00e+00
 5.79667e+13	8.36e-14	1.24e-06	1.00e+00
 6.01533e+13	9.69e-14	1.33e-06	1.00e+00
 6.22086e+13	1.11e-13	1.43e-06	1.00e+00
 6.44522e+13	1.27e-13	1.54e-06	1.00e+00
 6.69443e+13	1.48e-13	1.66e-06	1.00e+00
 6.92728e+13	1.70e-13	1.78e-06	1.00e+00
 7.17998e+13	1.96e-13	1.92e-06	1.00e+00
 7.46235e+13	2.28e-13	2.08e-06	1.00e+00
 7.73113e+13	2.62e-13	2.23e-06	1.00e+00
 8.01848e+13	3.02e-13	2.41e-06	1.00e+00
 8.34221e+13	3.53e-13	2.61e-06	1.00e+00
 8.66164e+13	4.09e-13	2.82e-06	1.00e+00
 8.99385e+13	4.74e-13	3.05e-06	1.00e+00
 9.33440e+13	5.48e-13	3.29e-06	1.00e+00
 9.65024e+13	6.24e-13	3.52e-06	1.00e+00
 1.00009e+14	7.17e-13	3.78e-06	1.00e+00
 1.03859e+14	8.29e-13	4.09e-06	1.00e+00
 1.07422e+14	9.44e-13	4.38e-06	1.00e+00
 1.10553e+14	1.05e-12	4.64e-06	1.00e+00
 1.13868e+14	1.18e-12	4.93e-06	1.00e+00
 1.18071e+14	1.36e-12	5.31e-06	1.00e+00
 1.22329e+14	1.55e-12	5.70e-06	1.00e+00
 1.25930e+14	1.73e-12	6.05e-06	1.00e+00
 1.29778e+14	1.94e-12	6.43e-06	1.00e+00
 1.34606e+14	2.22e-12	6.93e-06	1.00e+00
 1.39590e+14	2.55e-12	7.46e-06	1.00e+00
 1.43983e+14	2.86e-12	7.94e-06	1.00e+00
 1.48728e+14	3.23e-12	8.48e-06	1.00e+00
 1.54454e+14	3.72e-12	9.16e-06	1.00e+00
 1.60130e+14	4.25e-12	9.85e-06	1.00e+00
 1.65175e+14	4.77e-12	1.05e-05	1.00e+00
 1.70724e+14	5.38e-12	1.12e-05	1.00e+00
 1.77352e+14	6.21e-12	1.21e-05	1.00e+00
 1.83934e+14	7.09e-12	1.31e-05	1.00e+00
 1.89925e+14	7.99e-12	1.40e-05	1.00e+00
 1.96596e+14	9.07e-12	1.50e-05	1.00e+00
 2.04388e+14	1.05e-11	1.62e-05	1.00e+00
 2.12054e+14	1.20e-11	1.75e-05	1.00e+00
 2.19258e+14	1.36e-11	1.88e-05	1.00e+00
 2.27289e+14	1.56e-11	2.02e-05	1.00e+00
 2.36411e+14	1.80e-11	2.19e-05	1.00e+00
 2.45514e+14	2.08e-11	2.38e-05	1.00e+00
 2.54294e+14	2.38e-11	2.56e-05	1.00e+00
 2.61914e+14	2.66e-11	2.72e-05	1.00e+00
 2.68286e+14	2.91e-11	2.86e-05	1.00e+00
 2.75369e+14	3.22e-11	3.03e-05	1.00e+00
 2.84577e+14	3.66e-11	3.25e-05	1.00e+00
 2.94285e+14	4.16e-11	3.49e-05	1.00e+00
 3.02664e+14	4.65e-11	3.70e-05	1.00e+00
 3.11576e+14	5.21e-11	3.94e-05	1.00e+00
 3.22960e+14	6.00e-11	4.26e-05	1.00e+00
 3.34674e+14	6.91e-11	4.61e-05	1.00e+00
 3.44713e+14	7.78e-11	4.92e-05	1.00e+00
 3.55458e+14	8.81e-11	5.26e-05	1.00e+00
 3.68776e+14	1.02e-10	5.71e-05	1.00e+00
 3.82424e+14	1.19e-10	6.19e-05	1.00e+00
 3.94578e+14	1.35e-10	6.63e-05	1.00e+00
 4.07809e+14	1.55e-10	7.14e-05	1.00e+00
 4.23607e+14	1.81e-10	7.77e-05	1.00e+00
 4.39188e+14	2.11e-10	8.43e-05	1.00e+00
 4.53208e+14	2.41e-10	9.05e-05	1.00e+00
 4.68754e+14	2.78e-10	9.76e-05	1.00e+00
 4.87107e+14	3.27e-10	1.06e-04	1.00e+00
 5.05235e+14	3.82e-10	1.16e-04	1.00e+00
 5.21991e+14	4.39e-10	1.24e-04	1.00e+00
 5.40803e+14	5.11e-10	1.35e-04	1.00e+00
 5.62465e+14	6.05e-10	1.47e-04	1.00e+00
 5.83671e+14	7.09e-10	1.60e-04	1.00e+00
 6.05726e+14	8.32e-10	1.74e-04	1.00e+00
 6.29985e+14	9.87e-10	1.90e-04	1.00e+00
 6.50506e+14	1.13e-09	2.05e-04	1.00e+00
 6.65510e+14	1.25e-09	2.15e-04	1.00e+00
 6.81264e+14	1.38e-09	2.27e-04	1.00e+00
 7.01743e+14	1.58e-09	2.43e-04	1.00e+00
 7.24331e+14	1.81e-09	2.61e-04	1.00e+00
 7.45233e+14	2.04e-09	2.78e-04	1.00e+00
 7.67976e+14	2.33e-09	2.97e-04	1.00e+00
 7.93545e+14	2.68e-09	3.20e-04	1.00e+00
 8.17892e+14	3.06e-09	3.42e-04	1.00e+00
 8.44651e+14	3.52e-09	3.68e-04	1.00e+00
 8.74587e+14	4.09e-09	3.98e-04	1.00e+00
 9.03043e+14	4.70e-09	4.27e-04	1.00e+00
 9.34424e+14	5.45e-09	4.61e-04	1.00e+00
 9.69556e+14	6.40e-09	5.00e-04	1.00e+00
 1.00260e+15	7.40e-09	5.38e-04	9.99e-01
 1.03859e+15	8.62e-09	5.82e-04	9.99e-01
 1.07874e+15	1.02e-08	6.32e-04	9.99e-01
 1.11635e+15	1.18e-08	6.82e-04	9.99e-01
 1.15686e+15	1.37e-08	7.37e-04	9.99e-01
 1.20215e+15	1.62e-08	8.01e-04	9.99e-01
 1.24574e+15	1.88e-08	8.66e-04	9.99e-01
 1.29209e+15	2.20e-08	9.38e-04	9.99e-01
 1.34380e+15	2.61e-08	1.02e-03	9.99e-01
 1.38727e+15	2.99e-08	1.09e-03	9.99e-01
 1.41859e+15	3.28e-08	1.15e-03	9.99e-01
 1.45128e+15	3.62e-08	1.20e-03	9.99e-01
 1.49378e+15	4.09e-08	1.28e-03	9.99e-01
 1.54108e+15	4.67e-08	1.37e-03	9.99e-01
 1.58525e+15	5.26e-08	1.45e-03	9.99e-01
 1.63330e+15	5.97e-08	1.55e-03	9.98e-01
 1.68711e+15	6.84e-08	1.66e-03	9.98e-01
 1.73787e+15	7.74e-08	1.77e-03	9.98e-01
 1.79330e+15	8.83e-08	1.89e-03	9.98e-01
 1.85551e+15	1.02e-07	2.03e-03	9.98e-01
 1.91465e+15	1.16e-07	2.17e-03	9.98e-01
 1.97970e+15	1.33e-07	2.33e-03	9.98e-01
 2.05186e+15	1.55e-07	2.51e-03	9.97e-01
 2.11875e+15	1.76e-07	2.68e-03	9.97e-01
 2.19118e+15	2.03e-07	2.88e-03	9.97e-01
 2.27199e+15	2.35e-07	3.11e-03	9.97e-01
 2.34759e+15	2.69e-07	3.33e-03	9.97e-01
 2.42975e+15	3.11e-07	3.58e-03	9.96e-01
 2.51721e+15	3.60e-07	3.85e-03	9.96e-01
 2.59385e+15	4.07e-07	4.09e-03	9.96e-01
 2.65976e+15	4.51e-07	4.31e-03	9.96e-01
 2.72943e+15	5.02e-07	4.55e-03	9.95e-01
 2.80785e+15	5.65e-07	4.83e-03	9.95e-01
 2.88277e+15	6.29e-07	5.10e-03	9.95e-01
 2.96527e+15	7.08e-07	5.41e-03	9.95e-01
 3.05521e+15	8.00e-07	5.76e-03	9.94e-01
 3.13782e+15	8.92e-07	6.09e-03	9.94e-01
 3.22823e+15	1.00e-06	6.47e-03	9.94e-01
 3.32855e+15	1.14e-06	6.89e-03	9.93e-01
 3.42349e+15	1.28e-06	7.31e-03	9.93e-01
 3.52864e+15	1.45e-06	7.80e-03	9.92e-01
 3.64282e+15	1.65e-06	8.34e-03	9.92e-01
 3.74545e+15	1.85e-06	8.84e-03	9.91e-01
 3.85558e+15	2.09e-06	9.42e-03	9.91e-01
 3.97795e+15	2.38e-06	1.01e-02	9.90e-01
 4.09233e+15	2.67e-06	1.07e-02	9.89e-01
 4.21714e+15	3.04e-06	1.15e-02	9.89e-01
 4.35311e+15	3.47e-06	1.23e-02	9.88e-01
 4.47011e+15	3.87e-06	1.30e-02	9.87e-01
 4.57202e+15	4.25e-06	1.37e-02	9.86e-01
 4.68775e+15	4.74e-06	1.46e-02	9.85e-01
 4.81110e+15	5.29e-06	1.55e-02	9.84e-01
 4.92316e+15	5.84e-06	1.64e-02	9.84e-01
 5.03078e+15	6.42e-06	1.73e-02	9.83e-01
 5.15380e+15	7.17e-06	1.84e-02	9.82e-01
 5.28953e+15	8.06e-06	1.97e-02	9.80e-01
 5.41453e+15	8.94e-06	2.10e-02	9.79e-01
 5.52949e+15	9.86e-06	2.22e-02	9.78e-01
 5.65865e+15	1.11e-05	2.38e-02	9.76e-01
 5.80056e+15	1.25e-05	2.57e-02	9.74e-01
 5.92993e+15	1.39e-05	2.75e-02	9.73e-01
 6.05057e+15	1.55e-05	2.94e-02	9.71e-01
 6.18902e+15	1.75e-05	3.18e-02	9.68e-01
 6.33714e+15	2.00e-05	3.46e-02	9.65e-01
 6.46576e+15	2.24e-05	3.74e-02	9.63e-01
 6.58279e+15	2.50e-05	4.03e-02	9.60e-01
 6.71681e+15	2.86e-05	4.40e-02	9.56e-01
 6.86061e+15	3.30e-05	4.85e-02	9.51e-01
 6.98083e+15	3.72e-05	5.28e-02	9.47e-01
 7.08165e+15	4.15e-05	5.70e-02	9.43e-01
 7.19349e+15	4.71e-05	6.23e-02	9.38e-01
 7.31479e+15	5.45e-05	6.89e-02	9.31e-01
 7.41916e+15	6.17e-05	7.55e-02	9.24e-01
 7.49922e+15	6.81e-05	8.12e-02	9.19e-01
 7.56566e+15	7.44e-05	8.65e-02	9.13e-01
 7.64079e+15	8.21e-05	9.34e-02	9.07e-01
 7.73846e+15	9.46e-05	1.04e-01	8.96e-01
 7.83117e+15	1.09e-04	1.15e-01	8.85e-01
 7.89498e+15	1.21e-04	1.23e-01	8.76e-01
 7.94325e+15	1.31e-04	1.31e-01	8.69e-01
 7.99381e+15	1.42e-04	1.39e-01	8.60e-01
 8.05953e+15	1.60e-04	1.52e-01	8.48e-01
 8.12994e+15	1.81e-04	1.67e-01	8.33e-01
 8.19001e+15	2.05e-04	1.81e-01	8.18e-01
 8.23762e+15	2.24e-04	1.94e-01	8.05e-01
 8.28548e+15	2.46e-04	2.09e-01	7.91e-01
 8.34770e+15	2.83e-04	2.30e-01	7.70e-01
 8.40671e+15	3.19e-04	2.52e-01	7.48e-01
 8.45253e+15	3.52e-04	2.71e-01	7.29e-01
 8.50306e+15	3.95e-04	2.94e-01	7.05e-01
 8.55873e+15	4.48e-04	3.22e-01	6.77e-01
 8.60913e+15	5.03e-04	3.50e-01	6.49e-01
 8.65402e+15	5.61e-04	3.77e-01	6.23e-01
 8.69512e+15	6.15e-04	4.02e-01	5.97e-01
 8.73995e+15	6.84e-04	4.33e-01	5.66e-01
 8.79823e+15	7.82e-04	4.74e-01	5.25e-01
 8.85790e+15	8.89e-04	5.17e-01	4.82e-01
 8.89905e+15	9.68e-04	5.47e-01	4.53e-01
 8.92581e+15	1.02e-03	5.66e-01	4.33e-01
 8.95418e+15	1.08e-03	5.88e-01	4.11e-01
 8.99107e+15	1.17e-03	6.15e-01	3.84e-01
 9.03149e+15	1.26e-03	6.44e-01	3.55e-01
 9.06879e+15	1.35e-03	6.69e-01	3.29e-01
 9.10956e+15	1.45e-03	6.97e-01	3.01e-01
 9.15364e+15	1.56e-03	7.24e-01	2.74e-01
 9.19303e+15	1.66e-03	7.47e-01	2.51e-01
 9.23526e+15	1.78e-03	7.71e-01	2.27e-01
 9.28099e+15	1.90e-03	7.93e-01	2.05e-01
 9.32198e+15	2.00e-03	8.12e-01	1.86e-01
 9.35998e+15	2.11e-03	8.28e-01	1.70e-01
 9.40338e+15	2.24e-03	8.45e-01	1.53e-01
 9.45082e+15	2.37e-03	8.61e-01	1.37e-01
 9.49337e+15	2.50e-03	8.74e-01	1.24e-01
 9.53206e+15	2.61e-03	8.84e-01	1.13e-01
 9.57588e+15	2.75e-03	8.96e-01	1.02e-01
 9.62383e+15	2.91e-03	9.06e-01	9.11e-02
 9.66667e+15	3.05e-03	9.14e-01	8.27e-02
 9.70511e+15	3.19e-03	9.21e-01	7.59e-02
 9.74826e+15	3.36e-03	9.28e-01	6.86e-02
 9.79554e+15	3.54e-03	9.35e-01	6.20e-02
 9.83774e+15	3.72e-03	9.40e-01	5.66e-02
 9.87520e+15	3.89e-03	9.44e-01	5.23e-02
 9.91696e+15	4.10e-03	9.48e-01	4.77e-02
 9.96288e+15	4.34e-03	9.52e-01	4.33e-02
 1.00043e+16	4.58e-03	9.55e-01	3.99e-02
 1.00408e+16	4.80e-03	9.58e-01	3.71e-02
 1.00809e+16	5.07e-03	9.61e-01	3.41e-02
 1.01255e+16	5.40e-03	9.63e-01	3.13e-02
 1.01659e+16	5.74e-03	9.65e-01	2.89e-02
 1.02022e+16	6.06e-03	9.67e-01	2.70e-02
 1.02429e+16	6.46e-03	9.69e-01	2.49e-02
 1.02880e+16	6.96e-03	9.70e-01	2.29e-02
 1.03290e+16	7.47e-03	9.71e-01	2.13e-02
 1.03662e+16	8.01e-03	9.72e-01	1.99e-02
 1.04083e+16	8.68e-03	9.73e-01	1.84e-02
 1.04545e+16	9.55e-03	9.74e-01	1.69e-02
 1.04951e+16	1.04e-02	9.74e-01	1.58e-02
 1.05296e+16	1.13e-02	9.74e-01	1.49e-02
 1.05670e+16	1.24e-02	9.74e-01	1.39e-02
 1.06081e+16	1.38e-02	9.73e-01	1.29e-02
 1.06415e+16	1.53e-02	9.72e-01	1.23e-02
 1.06652e+16	1.64e-02	9.72e-01	1.18e-02
 1.06891e+16	1.77e-02	9.71e-01	1.13e-02
 1.07201e+16	1.96e-02	9.70e-01	1.07e-02
 1.07509e+16	2.19e-02	9.68e-01	1.02e-02
 1.07736e+16	2.40e-02	9.66e-01	9.85e-03
 1.07912e+16	2.58e-02	9.65e-01	9.59e-03
 1.08104e+16	2.80e-02	9.63e-01	9.28e-03
 1.08352e+16	3.12e-02	9.60e-01	8.93e-03
 1.08602e+16	3.53e-02	9.56e-01	8.61e-03
 1.08788e+16	3.89e-02	9.53e-01	8.39e-03
 1.08934e+16	4.21e-02	9.50e-01	8.23e-03
 1.09093e+16	4.60e-02	9.46e-01	8.06e-03
 1.09300e+16	5.18e-02	9.40e-01	7.83e-03
 1.09508e+16	5.90e-02	9.33e-01	7.67e-03
 1.09666e+16	6.58e-02	9.27e-01	7.55e-03
 1.09796e+16	7.18e-02	9.21e-01	7.48e-03
 1.09940e+16	7.97e-02	9.13e-01	7.38e-03
 1.10100e+16	8.95e-02	9.03e-01	7.32e-03
 1.10248e+16	1.00e-01	8.92e-01	7.28e-03
 1.10369e+16	1.10e-01	8.82e-01	7.27e-03
 1.10470e+16	1.20e-01	8.73e-01	7.26e-03
 1.10573e+16	1.31e-01	8.62e-01	7.25e-03
 1.10681e+16	1.43e-01	8.50e-01	7.26e-03
 1.10783e+16	1.56e-01	8.36e-01	7.27e-03
 1.10871e+16	1.69e-01	8.24e-01	7.31e-03
 1.10938e+16	1.79e-01	8.14e-01	7.34e-03
 1.10981e+16	1.86e-01	8.07e-01	7.36e-03
 1.11021e+16	1.93e-01	8.00e-01	7.37e-03
 1.11069e+16	2.01e-01	7.92e-01	7.37e-03
 1.11121e+16	2.11e-01	7.82e-01	7.39e-03
 1.11171e+16	2.20e-01	7.72e-01	7.41e-03
 1.11218e+16	2.30e-01	7.63e-01	7.44e-03
 1.11265e+16	2.40e-01	7.53e-01	7.45e-03
 1.11312e+16	2.50e-01	7.43e-01	7.48e-03
 1.11359e+16	2.60e-01	7.32e-01	7.50e-03
 1.11406e+16	2.72e-01	7.21e-01	7.51e-03
 1.11451e+16	2.83e-01	7.09e-01	7.53e-03
 1.11496e+16	2.94e-01	6.98e-01	7.55e-03
 1.11542e+16	3.07e-01	6.85e-01	7.55e-03
 1.11587e+16	3.19e-01	6.73e-01	7.57e-03
 1.11632e+16	3.32e-01	6.60e-01	7.57e-03
 1.11677e+16	3.45e-01	6.47e-01	7.59e-03
 1.11721e+16	3.59e-01	6.34e-01	7.58e-03
 1.11766e+16	3.73e-01	6.19e-01	7.57e-03
 1.11810e+16	3.87e-01	6.05e-01	7.57e-03
 1.11853e+16	4.01e-01	5.91e-01	7.56e-03
 1.11898e+16	4.17e-01	5.76e-01	7.53e-03
 1.11942e+16	4.31e-01	5.61e-01	7.52e-03
 1.11985e+16	4.47e-01	5.46e-01	7.49e-03
 1.12030e+16	4.63e-01	5.30e-01	7.45e-03
 1.12073e+16	4.79e-01	5.14e-01	7.41e-03
 1.12117e+16	4.95e-01	4.98e-01	7.36e-03
 1.12161e+16	5.11e-01	4.82e-01	7.30e-03
 1.12205e+16	5.27e-01	4.66e-01	7.23e-03
 1.12248e+16	5.43e-01	4.49e-01	7.16e-03
 1.12291e+16	5.59e-01	4.34e-01	7.08e-03
 1.12334e+16	5.75e-01	4.18e-01	6.99e-03
 1.12376e+16	5.91e-01	4.02e-01	6.89e-03
 1.12419e+16	6.07e-01	3.86e-01	6.78e-03
 1.12462e+16	6.22e-01	3.71e-01	6.67e-03
 1.12504e+16	6.37e-01	3.56e-01	6.55e-03
 1.12547e+16	6.52e-01	3.41e-01	6.43e-03
 1.12591e+16	6.67e-01	3.27e-01	6.29e-03
 1.12634e+16	6.81e-01	3.12e-01	6.15e-03
 1.12679e+16	6.96e-01	2.98e-01	5.98e-03
 1.12725e+16	7.10e-01	2.84e-01	5.82e-03
 1.12772e+16	7.24e-01	2.70e-01	5.65e-03
 1.12819e+16	7.37e-01	2.57e-01	5.47e-03
 1.12869e+16	7.51e-01	2.44e-01	5.29e-03
 1.12920e+16	7.63e-01	2.32e-01	5.11e-03
 1.12973e+16	7.76e-01	2.19e-01	4.92e-03
 1.13028e+16	7.87e-01	2.08e-01	4.72e-03
 1.13087e+16	7.99e-01	1.96e-01	4.52e-03
 1.13150e+16	8.10e-01	1.86e-01	4.33e-03
 1.13217e+16	8.20e-01	1.75e-01	4.14e-03
 1.13290e+16	8.31e-01	1.66e-01	3.93e-03
 1.13359e+16	8.38e-01	1.58e-01	3.76e-03
 1.13416e+16	8.44e-01	1.52e-01	3.63e-03
 1.13476e+16	8.50e-01	1.46e-01	3.50e-03
 1.13543e+16	8.56e-01	1.41e-01	3.37e-03
 1.13618e+16	8.61e-01	1.36e-01	3.25e-03
 1.13698e+16	8.65e-01	1.32e-01	3.13e-03
 1.13782e+16	8.70e-01	1.27e-01	3.02e-03
 1.13873e+16	8.73e-01	1.24e-01	2.92e-03
 1.13973e+16	8.77e-01	1.21e-01	2.82e-03
 1.14086e+16	8.80e-01	1.17e-01	2.71e-03
 1.14208e+16	8.83e-01	1.15e-01	2.62e-03
 1.14338e+16	8.86e-01	1.12e-01	2.52e-03
 1.14478e+16	8.88e-01	1.10e-01	2.44e-03
 1.14627e+16	8.90e-01	1.07e-01	2.34e-03
 1.14784e+16	8.92e-01	1.05e-01	2.26e-03
 1.14945e+16	8.95e-01	1.03e-01	2.17e-03
 1.15109e+16	8.97e-01	1.01e-01	2.10e-03
 1.15274e+16	8.98e-01	9.96e-02	2.02e-03
 1.15443e+16	9.00e-01	9.78e-02	1.95e-03
 1.15609e+16	9.02e-01	9.61e-02	1.87e-03
 1.15768e+16	9.04e-01	9.45e-02	1.81e-03
 1.15923e+16	9.05e-01	9.29e-02	1.75e-03
 1.16080e+16	9.07e-01	9.14e-02	1.69e-03
 1.16238e+16	9.08e-01	9.00e-02	1.63e-03
 1.16395e+16	9.10e-01	8.85e-02	1.58e-03
 1.16549e+16	9.11e-01	8.71e-02	1.53e-03
 1.16702e+16	9.13e-01	8.58e-02	1.48e-03
 1.16854e+16	9.14e-01	8.45e-02	1.43e-03
 1.17006e+16	9.15e-01	8.32e-02	1.39e-03
 1.17157e+16	9.17e-01	8.19e-02	1.34e-03
 1.17308e+16	9.18e-01	8.07e-02	1.30e-03
 1.17459e+16	9.19e-01	7.95e-02	1.26e-03
 1.17610e+16	9.21e-01	7.83e-02	1.22e-03
 1.17763e+16	9.22e-01	7.71e-02	1.18e-03
 1.17917e+16	9.23e-01	7.59e-02	1.14e-03
 1.18074e+16	9.24e-01	7.47e-02	1.11e-03
 1.18237e+16	9.25e-01	7.35e-02	1.07e-03
 1.18407e+16	9.27e-01	7.23e-02	1.03e-03
 1.18583e+16	9.28e-01	7.10e-02	9.93e-04
 1.18766e+16	9.29e-01	6.97e-02	9.56e-04
 1.18961e+16	9.31e-01	6.84e-02	9.18e-04
 1.19170e+16	9.32e-01	6.70e-02	8.78e-04
 1.19401e+16	9.34e-01	6.55e-02	8.36e-04
 1.19665e+16	9.35e-01	6.38e-02	7.91e-04
 1.19959e+16	9.37e-01	6.19e-02	7.44e-04
 1.20259e+16	9.39e-01	6.01e-02	6.99e-04
 1.20538e+16	9.41e-01	5.85e-02	6.61e-04
 1.20793e+16	9.42e-01	5.71e-02	6.27e-04
 1.21024e+16	9.44e-01	5.58e-02	5.98e-04
 1.21235e+16	9.45e-01	5.47e-02	5.73e-04
 1.21427e+16	9.46e-01	5.37e-02	5.51e-04
 1.21601e+16	9.47e-01	5.28e-02	5.32e-04
 1.21760e+16	9.48e-01	5.19e-02	5.14e-04
 1.21904e+16	9.48e-01	5.12e-02	4.99e-04
 1.22063e+16	9.49e-01	5.04e-02	4.82e-04
 1.22268e+16	9.50e-01	4.93e-02	4.61e-04
 1.22490e+16	9.51e-01	4.82e-02	4.40e-04
 1.22693e+16	9.52e-01	4.73e-02	4.23e-04
 1.22877e+16	9.53e-01	4.64e-02	4.06e-04
 1.23044e+16	9.54e-01	4.56e-02	3.92e-04
 1.23196e+16	9.55e-01	4.49e-02	3.79e-04
 1.23335e+16	9.55e-01	4.42e-02	3.68e-04
 1.23461e+16	9.56e-01	4.37e-02	3.58e-04
 1.23599e+16	9.57e-01	4.30e-02	3.46e-04
 1.23749e+16	9.57e-01	4.23e-02	3.35e-04
 1.23884e+16	9.58e-01	4.18e-02	3.26e-04
 1.24008e+16	9.58e-01	4.12e-02	3.17e-04
 1.24143e+16	9.59e-01	4.06e-02	3.07e-04
 1.24290e+16	9.60e-01	4.00e-02	2.97e-04
 1.24423e+16	9.60e-01	3.94e-02	2.88e-04
 1.24544e+16	9.61e-01	3.88e-02	2.80e-04
 1.24654e+16	9.61e-01	3.84e-02	2.73e-04
 1.24775e+16	9.62e-01	3.78e-02	2.65e-04
 1.24905e+16	9.62e-01	3.73e-02	2.58e-04
 1.25024e+16	9.63e-01	3.68e-02	2.51e-04
 1.25132e+16	9.63e-01	3.64e-02	2.45e-04
 1.25250e+16	9.64e-01	3.58e-02	2.38e-04
 1.25377e+16	9.64e-01	3.54e-02	2.31e-04
 1.25494e+16	9.65e-01	3.49e-02	2.25e-04
 1.25599e+16	9.65e-01	3.45e-02	2.19e-04
 1.25715e+16	9.66e-01	3.40e-02	2.13e-04
 1.25840e+16	9.66e-01	3.35e-02	2.07e-04
 1.25954e+16	9.67e-01	3.31e-02	2.02e-04
 1.26058e+16	9.67e-01	3.27e-02	1.97e-04
 1.26171e+16	9.68e-01	3.22e-02	1.91e-04
 1.26294e+16	9.68e-01	3.18e-02	1.86e-04
 1.26405e+16	9.68e-01	3.14e-02	1.81e-04
 1.26507e+16	9.69e-01	3.10e-02	1.77e-04
 1.26618e+16	9.69e-01	3.06e-02	1.72e-04
 1.26738e+16	9.70e-01	3.02e-02	1.68e-04
 1.26847e+16	9.70e-01	2.99e-02	1.64e-04
 1.26967e+16	9.70e-01	2.94e-02	1.59e-04
 1.27096e+16	9.71e-01	2.90e-02	1.54e-04
 1.27214e+16	9.71e-01	2.86e-02	1.50e-04
 1.27321e+16	9.72e-01	2.83e-02	1.47e-04
 1.27438e+16	9.72e-01	2.79e-02	1.43e-04
 1.27565e+16	9.72e-01	2.75e-02	1.39e-04
 1.27680e+16	9.73e-01	2.72e-02	1.35e-04
 1.27806e+16	9.73e-01	2.68e-02	1.32e-04
 1.27942e+16	9.73e-01	2.64e-02	1.28e-04
 1.28066e+16	9.74e-01	2.61e-02	1.24e-04
 1.28202e+16	9.74e-01	2.57e-02	1.21e-04
 1.28349e+16	9.75e-01	2.53e-02	1.17e-04
 1.28483e+16	9.75e-01	2.49e-02	1.14e-04
 1.28604e+16	9.75e-01	2.46e-02	1.11e-04
 1.28737e+16	9.76e-01	2.42e-02	1.08e-04
 1.28881e+16	9.76e-01	2.39e-02	1.04e-04
 1.29012e+16	9.76e-01	2.36e-02	1.02e-04
 1.29155e+16	9.77e-01	2.32e-02	9.85e-05
 1.29310e+16	9.77e-01	2.28e-02	9.55e-05
 1.29451e+16	9.77e-01	2.25e-02	9.28e-05
 1.29579e+16	9.78e-01	2.22e-02	9.03e-05
 1.29719e+16	9.78e-01	2.19e-02	8.77e-05
 1.29871e+16	9.78e-01	2.16e-02	8.51e-05
 1.30009e+16	9.79e-01	2.13e-02	8.28e-05
 1.30160e+16	9.79e-01	2.09e-02	8.02e-05
 1.30323e+16	9.79e-01	2.06e-02	7.77e-05
 1.30471e+16	9.80e-01	2.03e-02	7.55e-05
 1.30634e+16	9.80e-01	1.99e-02	7.30e-05
 1.30810e+16	9.80e-01	1.96e-02	7.06e-05
 1.30970e+16	9.81e-01	1.93e-02	6.84e-05
 1.31115e+16	9.81e-01	1.90e-02	6.65e-05
 1.31275e+16	9.81e-01	1.87e-02	6.44e-05
 1.31447e+16	9.82e-01	1.84e-02	6.24e-05
 1.31603e+16	9.82e-01	1.82e-02	6.06e-05
 1.31775e+16	9.82e-01	1.79e-02	5.86e-05
 1.31960e+16	9.82e-01	1.76e-02	5.67e-05
 1.32129e+16	9.83e-01	1.73e-02	5.49e-05
 1.32313e+16	9.83e-01	1.70e-02	5.30e-05
 1.32513e+16	9.83e-01	1.67e-02	5.11e-05
 1.32694e+16	9.84e-01	1.64e-02	4.95e-05
 1.32859e+16	9.84e-01	1.62e-02	4.81e-05
 1.33040e+16	9.84e-01	1.59e-02	4.64e-05
 1.33236e+16	9.84e-01	1.56e-02	4.49e-05
 1.33414e+16	9.85e-01	1.54e-02	4.35e-05
 1.33608e+16	9.85e-01	1.51e-02	4.20e-05
 1.33819e+16	9.85e-01	1.48e-02	4.05e-05
 1.34010e+16	9.85e-01	1.46e-02	3.92e-05
 1.34220e+16	9.86e-01	1.43e-02	3.77e-05
 1.34446e+16	9.86e-01	1.40e-02	3.63e-05
 1.34652e+16	9.86e-01	1.38e-02	3.51e-05
 1.34878e+16	9.86e-01	1.35e-02	3.38e-05
 1.35122e+16	9.87e-01	1.32e-02	3.24e-05
 1.35344e+16	9.87e-01	1.30e-02	3.13e-05
 1.35587e+16	9.87e-01	1.27e-02	3.00e-05
 1.35849e+16	9.88e-01	1.25e-02	2.88e-05
 1.36088e+16	9.88e-01	1.22e-02	2.77e-05
 1.36305e+16	9.88e-01	1.20e-02	2.68e-05
 1.36543e+16	9.88e-01	1.18e-02	2.57e-05
 1.36801e+16	9.88e-01	1.15e-02	2.47e-05
 1.37034e+16	9.89e-01	1.13e-02	2.39e-05
 1.37291e+16	9.89e-01	1.11e-02	2.29e-05
 1.37568e+16	9.89e-01	1.09e-02	2.20e-05
 1.37819e+16	9.89e-01	1.07e-02	2.11e-05
 1.38095e+16	9.90e-01	1.04e-02	2.02e-05
 1.38393e+16	9.90e-01	1.02e-02	1.94e-05
 1.38664e+16	9.90e-01	1.00e-02	1.86e-05
 1.38961e+16	9.90e-01	9.77e-03	1.78e-05
 1.39282e+16	9.90e-01	9.54e-03	1.70e-05
 1.39574e+16	9.91e-01	9.34e-03	1.63e-05
 1.39894e+16	9.91e-01	9.12e-03	1.55e-05
 1.40239e+16	9.91e-01	8.90e-03	1.48e-05
 1.40553e+16	9.91e-01	8.70e-03	1.42e-05
 1.40898e+16	9.92e-01	8.48e-03	1.35e-05
 1.41269e+16	9.92e-01	8.27e-03	1.28e-05
 1.41608e+16	9.92e-01	8.08e-03	1.22e-05
 1.41978e+16	9.92e-01	7.87e-03	1.16e-05
 1.42378e+16	9.92e-01	7.66e-03	1.10e-05
 1.42742e+16	9.93e-01	7.47e-03	1.05e-05
 1.43141e+16	9.93e-01	7.27e-03	9.92e-06
 1.43572e+16	9.93e-01	7.06e-03	9.38e-06
 1.43964e+16	9.93e-01	6.89e-03	8.92e-06
 1.44394e+16	9.93e-01	6.69e-03	8.42e-06
 1.44952e+16	9.94e-01	6.44e-03	7.81e-06
 1.45595e+16	9.94e-01	6.18e-03	7.20e-06
 1.46245e+16	9.94e-01	5.93e-03	6.64e-06
 1.46899e+16	9.94e-01	5.69e-03	6.12e-06
 1.47579e+16	9.95e-01	5.46e-03	5.63e-06
 1.48290e+16	9.95e-01	5.22e-03	5.17e-06
 1.49025e+16	9.95e-01	5.00e-03	4.73e-06
 1.49784e+16	9.95e-01	4.77e-03	4.33e-06
 1.50571e+16	9.95e-01	4.56e-03	3.95e-06
 1.51386e+16	9.96e-01	4.35e-03	3.59e-06
 1.52223e+16	9.96e-01	4.14e-03	3.27e-06
 1.53074e+16	9.96e-01	3.95e-03	2.97e-06
 1.53937e+16	9.96e-01	3.76e-03	2.70e-06
 1.54816e+16	9.96e-01	3.58e-03	2.45e-06
 1.55712e+16	9.97e-01	3.41e-03	2.22e-06
 1.56624e+16	9.97e-01	3.25e-03	2.02e-06
 1.57539e+16	9.97e-01	3.09e-03	1.83e-06
 1.58467e+16	9.97e-01	2.94e-03	1.66e-06
 1.59428e+16	9.97e-01	2.80e-03	1.50e-06
 1.60411e+16	9.97e-01	2.66e-03	1.36e-06
 1.61409e+16	9.97e-01	2.53e-03	1.23e-06
 1.62422e+16	9.98e-01	2.40e-03	1.11e-06
 1.63455e+16	9.98e-01	2.28e-03	9.99e-07
 1.64510e+16	9.98e-01	2.16e-03	8.99e-07
 1.65582e+16	9.98e-01	2.05e-03	8.09e-07
 1.66674e+16	9.98e-01	1.94e-03	7.27e-07
 1.67786e+16	9.98e-01	1.84e-03	6.53e-07
 1.68922e+16	9.98e-01	1.74e-03	5.85e-07
 1.70080e+16	9.98e-01	1.64e-03	5.24e-07
 1.71262e+16	9.98e-01	1.55e-03	4.69e-07
 1.72468e+16	9.99e-01	1.47e-03	4.19e-07
 1.73698e+16	9.99e-01	1.39e-03	3.73e-07
 1.74954e+16	9.99e-01	1.31e-03	3.32e-07
 1.76238e+16	9.99e-01	1.23e-03	2.95e-07
 1.77550e+16	9.99e-01	1.16e-03	2.62e-07
 1.78893e+16	9.99e-01	1.09e-03	2.32e-07
 1.80266e+16	9.99e-01	1.02e-03	2.05e-07
 1.81673e+16	9.99e-01	9.62e-04	1.81e-07
 1.83114e+16	9.99e-01	9.02e-04	1.59e-07
 1.84592e+16	9.99e-01	8.44e-04	1.40e-07
 1.86109e+16	9.99e-01	7.89e-04	1.22e-07
 1.87668e+16	9.99e-01	7.37e-04	1.07e-07
 1.89272e+16	9.99e-01	6.87e-04	9.27e-08
 1.90922e+16	9.99e-01	6.40e-04	8.06e-08
 1.92586e+16	9.99e-01	5.96e-04	6.99e-08
 1.94295e+16	9.99e-01	5.54e-04	6.05e-08
 1.96109e+16	9.99e-01	5.13e-04	5.18e-08
 1.98006e+16	1.00e+00	4.73e-04	4.41e-08
 1.99963e+16	1.00e+00	4.35e-04	3.74e-08
 2.01990e+16	1.00e+00	4.00e-04	3.16e-08
 2.04104e+16	1.00e+00	3.66e-04	2.65e-08
 2.06317e+16	1.00e+00	3.34e-04	2.21e-08
 2.08638e+16	1.00e+00	3.03e-04	1.82e-08
 2.11081e+16	1.00e+00	2.74e-04	1.49e-08
 2.13666e+16	1.00e+00	2.47e-04	1.21e-08
 2.16435e+16	1.00e+00	2.21e-04	9.66e-09
 2.19352e+16	1.00e+00	1.96e-04	7.64e-09
 2.22467e+16	1.00e+00	1.73e-04	5.95e-09
 2.25883e+16	1.00e+00	1.51e-04	4.53e-09
 2.29599e+16	1.00e+00	1.30e-04	3.37e-09
 2.33671e+16	1.00e+00	1.11e-04	2.45e-09
 2.38206e+16	1.00e+00	9.28e-05	1.72e-09
 2.43298e+16	1.00e+00	7.62e-05	1.16e-09
 2.49186e+16	1.00e+00	6.08e-05	7.39e-10
 2.55728e+16	1.00e+00	4.76e-05	4.54e-10
 2.62347e+16	1.00e+00	3.74e-05	2.81e-10
 2.68846e+16	1.00e+00	2.96e-05	1.77e-10
 2.75343e+16	1.00e+00	2.35e-05	1.12e-10
 2.81945e+16	1.00e+00	1.87e-05	7.06e-11
 2.88676e+16	1.00e+00	1.49e-05	4.47e-11
 2.95539e+16	1.00e+00	1.18e-05	2.82e-11
 3.02503e+16	1.00e+00	9.39e-06	1.79e-11
 3.09586e+16	1.00e+00	7.47e-06	1.13e-11
 3.16821e+16	1.00e+00	5.94e-06	7.15e-12
 3.24187e+16	1.00e+00	4.73e-06	4.54e-12
 3.31724e+16	1.00e+00	3.76e-06	2.87e-12
 3.39472e+16	1.00e+00	2.98e-06	1.81e-12
 3.47378e+16	1.00e+00	2.36e-06	1.14e-12
 3.55454e+16	1.00e+00	1.87e-06	7.16e-13
 3.63751e+16	1.00e+00	1.48e-06	4.48e-13
 3.72290e+16	1.00e+00	1.17e-06	2.80e-13
 3.81100e+16	1.00e+00	9.20e-07	1.73e-13
 3.90214e+16	1.00e+00	7.21e-07	1.07e-13
 3.99687e+16	1.00e+00	5.63e-07	6.50e-14
 4.09602e+16	1.00e+00	4.36e-07	3.91e-14
 4.20054e+16	1.00e+00	3.35e-07	2.31e-14
 4.31181e+16	1.00e+00	2.55e-07	1.33e-14
 4.43180e+16	1.00e+00	1.90e-07	7.47e-15
 4.56206e+16	1.00e+00	1.40e-07	4.04e-15
 4.69849e+16	1.00e+00	1.02e-07	2.16e-15
 4.83525e+16	1.00e+00	7.55e-08	1.18e-15
 4.97135e+16	1.00e+00	5.61e-08	6.51e-16
 5.10746e+16	1.00e+00	4.20e-08	3.65e-16
 5.24335e+16	1.00e+00	3.16e-08	2.07e-16
 5.37849e+16	1.00e+00	2.40e-08	1.20e-16
 5.51211e+16	1.00e+00	1.84e-08	7.04e-17
 5.64373e+16	1.00e+00	1.42e-08	4.23e-17
 5.77260e+16	1.00e+00	1.11e-08	2.59e-17
 5.89818e+16	1.00e+00	8.81e-09	1.62e-17
 6.02051e+16	1.00e+00	7.04e-09	1.03e-17
 6.13916e+16	1.00e+00	5.68e-09	6.76e-18
 6.25376e+16	1.00e+00	4.64e-09	4.51e-18
 6.36399e+16	1.00e+00	3.83e-09	3.08e-18
 6.46987e+16	1.00e+00	3.19e-09	2.14e-18
 6.57142e+16	1.00e+00	2.69e-09	1.52e-18
 6.66862e+16	1.00e+00	2.29e-09	1.10e-18
 6.76143e+16	1.00e+00	1.96e-09	8.13e-19
 6.84992e+16	1.00e+00	1.70e-09	6.10e-19
 6.93425e+16	1.00e+00	1.49e-09	4.66e-19
 7.01459e+16	1.00e+00	1.31e-09	3.61e-19
 7.09108e+16	1.00e+00	1.16e-09	2.84e-19
 7.16384e+16	1.00e+00	1.04e-09	2.27e-19
 7.23301e+16	1.00e+00	9.30e-10	1.83e-19
 7.29874e+16	1.00e+00	8.41e-10	1.50e-19
 7.36120e+16	1.00e+00	7.65e-10	1.24e-19
 7.42057e+16	1.00e+00	7.00e-10	1.04e-19
 7.47701e+16	1.00e+00	6.43e-10	8.78e-20
 7.53063e+16	1.00e+00	5.94e-10	7.49e-20
 7.58161e+16	1.00e+00	5.50e-10	6.45e-20
 7.63006e+16	1.00e+00	5.13e-10	5.59e-20
 7.67611e+16	1.00e+00	4.79e-10	4.89e-20
 7.71988e+16	1.00e+00	4.50e-10	4.31e-20
 7.76150e+16	1.00e+00	4.23e-10	3.82e-20
 7.80111e+16	1.00e+00	4.00e-10	3.41e-20
 7.83885e+16	1.00e+00	3.79e-10	3.06e-20
 7.87480e+16	1.00e+00	3.60e-10	2.76e-20
 7.90902e+16	1.00e+00	3.43e-10	2.51e-20
 7.94163e+16	1.00e+00	3.27e-10	2.29e-20
 7.97272e+16	1.00e+00	3.13e-10	2.10e-20
 8.00240e+16	1.00e+00	3.00e-10	1.93e-20
 8.03077e+16	1.00e+00	2.88e-10	1.78e-20
 8.05790e+16	1.00e+00	2.78e-10	1.65e-20
 8.08385e+16	1.00e+00	2.68e-10	1.54e-20
 8.10868e+16	1.00e+00	2.59e-10	1.43e-20
 8.13248e+16	1.00e+00	2.50e-10	1.34e-20
 8.15532e+16	1.00e+00	2.42e-10	1.26e-20
 8.17728e+16	1.00e+00	2.35e-10	1.19e-20
 8.19844e+16	1.00e+00	2.28e-10	1.12e-20
 8.21884e+16	1.00e+00	2.22e-10	1.06e-20
 8.23854e+16	1.00e+00	2.16e-10	1.00e-20
 8.25759e+16	1.00e+00	2.11e-10	9.51e-21
 8.27608e+16	1.00e+00	2.05e-10	0.00e+00
 8.29406e+16	1.00e+00	2.00e-10	0.00e+00
 8.31162e+16	1.00e+00	1.95e-10	0.00e+00
 8.32880e+16	1.00e+00	1.91e-10	0.00e+00
 8.34567e+16	1.00e+00	1.87e-10	0.00e+00
 8.36231e+16	1.00e+00	1.82e-10	0.00e+00
 8.37879e+16	1.00e+00	1.78e-10	0.00e+00
 8.39521e+16	1.00e+00	1.74e-10	0.00e+00
 8.41166e+16	1.00e+00	1.71e-10	0.00e+00
 8.42827e+16	1.00e+00	1.67e-10	0.00e+00
 8.44514e+16	1.00e+00	1.63e-10	0.00e+00
 8.46244e+16	1.00e+00	1.59e-10	0.00e+00
 8.48036e+16	1.00e+00	1.55e-10	0.00e+00
 8.49915e+16	1.00e+00	1.51e-10	0.00e+00
 8.51911e+16	1.00e+00	1.47e-10	0.00e+00
 8.54066e+16	1.00e+00	1.43e-10	0.00e+00
 8.56434e+16	1.00e+00	1.39e-10	0.00e+00
 8.59094e+16	1.00e+00	1.34e-10	0.00e+00
 8.62160e+16	1.00e+00	1.28e-10	0.00e+00
 8.65801e+16	1.00e+00	1.22e-10	0.00e+00
 8.70283e+16	1.00e+00	1.15e-10	0.00e+00
 8.76014e+16	1.00e+00	1.06e-10	0.00e+00
 8.83463e+16	1.00e+00	9.60e-11	0.00e+00
 8.93147e+16	1.00e+00	8.43e-11	0.00e+00
 9.05737e+16	1.00e+00	7.14e-11	0.00e+00
 9.22103e+16	1.00e+00	5.77e-11	0.00e+00
 9.43379e+16	1.00e+00	4.39e-11	0.00e+00
 9.71038e+16	1.00e+00	3.11e-11	0.00e+00
 1.00232e+17	1.00e+00	2.15e-11	0.00e+00
 1.03362e+17	1.00e+00	1.50e-11	0.00e+00
 1.06492e+17	1.00e+00	1.05e-11	0.00e+00
 1.09622e+17	1.00e+00	7.49e-12	0.00e+00
 1.12752e+17	1.00e+00	5.38e-12	0.00e+00
 1.15882e+17	1.00e+00	3.90e-12	0.00e+00
 1.19012e+17	1.00e+00	2.85e-12	0.00e+00
 1.22142e+17	1.00e+00	2.11e-12	0.00e+00
 1.25272e+17	1.00e+00	1.58e-12	0.00e+00
 1.28402e+17	1.00e+00	1.19e-12	0.00e+00
 1.31930e+17	1.00e+00	8.79e-13	0.00e+00
 1.35933e+17	1.00e+00	6.32e-13	0.00e+00
 1.40091e+17	1.00e+00	4.59e-13	0.00e+00
 1.44963e+17	1.00e+00	3.23e-13	0.00e+00
 1.50671e+17	1.00e+00	2.18e-13	0.00e+00
 1.56698e+17	1.00e+00	1.51e-13	0.00e+00
 1.62552e+17	1.00e+00	1.10e-13	0.00e+00
 1.67684e+17	1.00e+00	8.72e-14	0.00e+00
 1.72107e+17	1.00e+00	7.44e-14	0.00e+00
 1.76185e+17	1.00e+00	6.50e-14	0.00e+00
 1.79854e+17	1.00e+00	5.68e-14	0.00e+00
 1.82582e+17	1.00e+00	5.18e-14	0.00e+00
 1.84264e+17	1.00e+00	4.96e-14	0.00e+00
 1.85250e+17	1.00e+00	4.86e-14	0.00e+00
 1.85842e+17	1.00e+00	4.81e-14	0.00e+00
 1.86198e+17	1.00e+00	4.78e-14	0.00e+00
 1.86444e+17	1.00e+00	4.76e-14	0.00e+00
 1.86690e+17	1.00e+00	4.74e-14	0.00e+00
 1.86981e+17	1.00e+00	4.71e-14	0.00e+00
 1.87283e+17	1.00e+00	4.68e-14	0.00e+00
 1.87538e+17	1.00e+00	4.65e-14	0.00e+00
 1.87752e+17	1.00e+00	4.62e-14	0.00e+00
 1.87959e+17	1.00e+00	4.60e-14	0.00e+00
 1.88168e+17	1.00e+00	4.57e-14	0.00e+00
 1.88374e+17	1.00e+00	4.54e-14	0.00e+00
 1.88564e+17	1.00e+00	4.52e-14	0.00e+00
 1.88728e+17	1.00e+00	4.50e-14	0.00e+00
 1.88882e+17	1.00e+00	4.48e-14	0.00e+00
 1.89042e+17	1.00e+00	4.46e-14	0.00e+00
 1.89198e+17	1.00e+00	4.43e-14	0.00e+00
 1.89338e+17	1.00e+00	4.41e-14	0.00e+00
 1.89465e+17	1.00e+00	4.39e-14	0.00e+00
 1.89588e+17	1.00e+00	4.38e-14	0.00e+00
 1.89716e+17	1.00e+00	4.36e-14	0.00e+00
 1.89847e+17	1.00e+00	4.34e-14	0.00e+00
 1.89961e+17	1.00e+00	4.32e-14	0.00e+00
 1.90064e+17	1.00e+00	4.31e-14	0.00e+00
 1.90169e+17	1.00e+00	4.29e-14	0.00e+00
 1.90276e+17	1.00e+00	4.27e-14	0.00e+00
 1.90383e+17	1.00e+00	4.25e-14	0.00e+00
 1.90484e+17	1.00e+00	4.24e-14	0.00e+00
 1.90581e+17	1.00e+00	4.22e-14	0.00e+00
 1.90678e+17	1.00e+00	4.21e-14	0.00e+00
 1.90775e+17	1.00e+00	4.19e-14	0.00e+00
 1.90871e+17	1.00e+00	4.17e-14	0.00e+00
 1.90967e+17	1.00e+00	4.16e-14	0.00e+00
 1.91057e+17	1.00e+00	4.14e-14	0.00e+00
 1.91144e+17	1.00e+00	4.13e-14	0.00e+00
 1.91236e+17	1.00e+00	4.11e-14	0.00e+00
 1.91333e+17	1.00e+00	4.09e-14	0.00e+00
 1.91429e+17	1.00e+00	4.07e-14	0.00e+00
 1.91520e+17	1.00e+00	4.06e-14	0.00e+00
 1.91614e+17	1.00e+00	4.04e-14	0.00e+00
 1.91711e+17	1.00e+00	4.02e-14	0.00e+00
 1.91806e+17	1.00e+00	4.00e-14	0.00e+00
 1.91900e+17	1.00e+00	3.98e-14	0.00e+00
 1.91999e+17	1.00e+00	3.96e-14	0.00e+00
 1.92104e+17	1.00e+00	3.94e-14	0.00e+00
 1.92211e+17	1.00e+00	3.92e-14	0.00e+00
 1.92316e+17	1.00e+00	3.90e-14	0.00e+00
 1.92419e+17	1.00e+00	3.88e-14	0.00e+00
 1.92530e+17	1.00e+00	3.86e-14	0.00e+00
 1.92648e+17	1.00e+00	3.83e-14	0.00e+00
 1.92763e+17	1.00e+00	3.81e-14	0.00e+00
 1.92882e+17	1.00e+00	3.78e-14	0.00e+00
 1.93004e+17	1.00e+00	3.75e-14	0.00e+00
 1.93126e+17	1.00e+00	3.73e-14	0.00e+00
 1.93250e+17	1.00e+00	3.70e-14	0.00e+00
 1.93377e+17	1.00e+00	3.68e-14	0.00e+00
 1.93512e+17	1.00e+00	3.65e-14	0.00e+00
 1.93653e+17	1.00e+00	3.62e-14	0.00e+00
 1.93792e+17	1.00e+00	3.59e-14	0.00e+00
 1.93925e+17	1.00e+00	3.56e-14	0.00e+00
 1.94069e+17	1.00e+00	3.53e-14	0.00e+00
 1.94230e+17	1.00e+00	3.49e-14	0.00e+00
 1.94397e+17	1.00e+00	3.46e-14	0.00e+00
 1.94561e+17	1.00e+00	3.42e-14	0.00e+00
 1.94721e+17	1.00e+00	3.38e-14	0.00e+00
 1.94883e+17	1.00e+00	3.35e-14	0.00e+00
 1.95053e+17	1.00e+00	3.31e-14	0.00e+00
 1.95236e+17	1.00e+00	3.27e-14	0.00e+00
 1.95429e+17	1.00e+00	3.23e-14	0.00e+00
 1.95620e+17	1.00e+00	3.19e-14	0.00e+00
 1.95812e+17	1.00e+00	3.15e-14	0.00e+00
 1.96013e+17	1.00e+00	3.10e-14	0.00e+00
 1.96222e+17	1.00e+00	3.06e-14	0.00e+00
 1.96438e+17	1.00e+00	3.01e-14	0.00e+00
 1.96660e+17	1.00e+00	2.96e-14	0.00e+00
 1.96885e+17	1.00e+00	2.91e-14	0.00e+00
 1.97115e+17	1.00e+00	2.87e-14	0.00e+00
 1.97360e+17	1.00e+00	2.82e-14	0.00e+00
 1.97620e+17	1.00e+00	2.76e-14	0.00e+00
 1.97877e+17	1.00e+00	2.70e-14	0.00e+00
 1.98121e+17	1.00e+00	2.65e-14	0.00e+00
 1.98383e+17	1.00e+00	2.60e-14	0.00e+00
 1.98678e+17	1.00e+00	2.54e-14	0.00e+00
 1.98975e+17	1.00e+00	2.48e-14	0.00e+00
 1.99262e+17	1.00e+00	2.42e-14	0.00e+00
 1.99550e+17	1.00e+00	2.36e-14	0.00e+00
 1.99855e+17	1.00e+00	2.30e-14	0.00e+00
 2.00181e+17	1.00e+00	2.24e-14	0.00e+00
 2.00512e+17	1.00e+00	2.17e-14	0.00e+00
 2.00841e+17	1.00e+00	2.11e-14	0.00e+00
 2.01171e+17	1.00e+00	2.05e-14	0.00e+00
 2.01514e+17	1.00e+00	1.99e-14	0.00e+00
 2.01877e+17	1.00e+00	1.92e-14	0.00e+00
 2.02256e+17	1.00e+00	1.85e-14	0.00e+00
 2.02643e+17	1.00e+00	1.78e-14	0.00e+00
 2.03031e+17	1.00e+00	1.72e-14	0.00e+00
 2.03419e+17	1.00e+00	1.65e-14	0.00e+00
 2.03835e+17	1.00e+00	1.59e-14	0.00e+00
 2.04276e+17	1.00e+00	1.52e-14	0.00e+00
 2.04707e+17	1.00e+00	1.45e-14	0.00e+00
 2.05134e+17	1.00e+00	1.39e-14	0.00e+00
 2.05582e+17	1.00e+00	1.32e-14	0.00e+00
 2.06060e+17	1.00e+00	1.26e-14	0.00e+00
 2.06579e+17	1.00e+00	1.19e-14	0.00e+00
 2.07102e+17	1.00e+00	1.12e-14	0.00e+00
 2.07612e+17	1.00e+00	1.06e-14	0.00e+00
 2.08140e+17	1.00e+00	9.96e-15	0.00e+00
 2.08685e+17	1.00e+00	9.36e-15	0.00e+00
 2.09258e+17	1.00e+00	8.77e-15	0.00e+00
 2.09877e+17	1.00e+00	8.16e-15	0.00e+00
 2.10515e+17	1.00e+00	7.55e-15	0.00e+00
 2.11108e+17	1.00e+00	6.99e-15	0.00e+00
 2.11621e+17	1.00e+00	6.53e-15	0.00e+00
 2.12073e+17	1.00e+00	6.15e-15	0.00e+00
 2.12505e+17	1.00e+00	5.82e-15	0.00e+00
 2.12939e+17	1.00e+00	5.50e-15	0.00e+00
 2.13367e+17	1.00e+00	5.20e-15	0.00e+00
 2.13770e+17	1.00e+00	4.91e-15	0.00e+00
 2.14143e+17	1.00e+00	4.66e-15	0.00e+00
 2.14493e+17	1.00e+00	4.44e-15	0.00e+00
 2.14829e+17	1.00e+00	4.23e-15	0.00e+00
 2.15155e+17	1.00e+00	4.03e-15	0.00e+00
 2.15467e+17	1.00e+00	3.85e-15	0.00e+00
 2.15761e+17	1.00e+00	3.68e-15	0.00e+00
 2.16038e+17	1.00e+00	3.51e-15	0.00e+00
 2.16301e+17	1.00e+00	3.38e-15	0.00e+00
 2.16553e+17	1.00e+00	3.24e-15	0.00e+00
 2.16798e+17	1.00e+00	3.12e-15	0.00e+00
 2.17032e+17	1.00e+00	3.00e-15	0.00e+00
 2.17257e+17	1.00e+00	2.90e-15	0.00e+00
 2.17472e+17	1.00e+00	2.80e-15	0.00e+00
 2.17681e+17	1.00e+00	2.70e-15	0.00e+00
 2.17883e+17	1.00e+00	2.61e-15	0.00e+00
 2.18078e+17	1.00e+00	2.52e-15	0.00e+00
 2.18269e+17	1.00e+00	2.44e-15	0.00e+00
 2.18454e+17	1.00e+00	2.37e-15	0.00e+00
 2.18634e+17	1.00e+00	2.30e-15	0.00e+00
 2.18811e+17	1.00e+00	2.23e-15	0.00e+00
 2.18984e+17	1.00e+00	2.17e-15	0.00e+00
 2.19155e+17	1.00e+00	2.10e-15	0.00e+00
 2.19321e+17	1.00e+00	2.04e-15	0.00e+00
 2.19484e+17	1.00e+00	1.99e-15	0.00e+00
 2.19670e+17	1.00e+00	1.93e-15	0.00e+00
 2.19912e+17	1.00e+00	1.86e-15	0.00e+00
 2.20226e+17	1.00e+00	1.78e-15	0.00e+00
 2.20634e+17	1.00e+00	1.67e-15	0.00e+00
 2.21165e+17	1.00e+00	1.54e-15	0.00e+00
 2.21855e+17	1.00e+00	1.39e-15	0.00e+00
 2.22625e+17	1.00e+00	1.22e-15	0.00e+00
 2.23304e+17	1.00e+00	1.08e-15	0.00e+00
 2.23848e+17	1.00e+00	9.80e-16	0.00e+00
 2.24333e+17	1.00e+00	9.07e-16	0.00e+00
 2.24849e+17	1.00e+00	8.38e-16	0.00e+00
 2.25429e+17	1.00e+00	7.68e-16	0.00e+00
 2.26037e+17	1.00e+00	6.99e-16	0.00e+00
 2.26623e+17	1.00e+00	6.38e-16	0.00e+00
 2.27180e+17	1.00e+00	5.87e-16	0.00e+00
 2.27737e+17	1.00e+00	5.42e-16	0.00e+00
 2.28328e+17	1.00e+00	4.99e-16	0.00e+00
 2.28963e+17	1.00e+00	4.57e-16	0.00e+00
 2.29632e+17	1.00e+00	4.17e-16	0.00e+00
 2.30328e+17	1.00e+00	3.80e-16	0.00e+00
 2.31069e+17	1.00e+00	3.46e-16	0.00e+00
 2.31890e+17	1.00e+00	3.12e-16	0.00e+00
 2.32845e+17	1.00e+00	2.79e-16	0.00e+00
 2.34001e+17	1.00e+00	2.45e-16	0.00e+00
 2.35469e+17	1.00e+00	2.09e-16	0.00e+00
 2.37378e+17	1.00e+00	1.72e-16	0.00e+00
 2.39859e+17	1.00e+00	1.35e-16	0.00e+00
 2.43085e+17	1.00e+00	1.00e-16	0.00e+00
 2.47279e+17	1.00e+00	7.04e-17	0.00e+00
 2.52730e+17	1.00e+00	4.59e-17	0.00e+00
 2.59817e+17	1.00e+00	2.72e-17	0.00e+00
 2.69030e+17	1.00e+00	1.43e-17	0.00e+00
 2.79723e+17	1.00e+00	6.81e-18	0.00e+00
 2.90180e+17	1.00e+00	3.43e-18	0.00e+00
 2.99344e+17	1.00e+00	1.84e-18	0.00e+00
 3.07281e+17	1.00e+00	1.10e-18	0.00e+00
 3.15897e+17	1.00e+00	6.25e-19	0.00e+00
 3.25316e+17	1.00e+00	3.43e-19	0.00e+00
 3.33298e+17	1.00e+00	2.07e-19	0.00e+00
 3.39527e+17	1.00e+00	1.40e-19	0.00e+00
 3.45960e+17	1.00e+00	9.15e-20	0.00e+00
 3.53444e+17	1.00e+00	5.63e-20	0.00e+00
 3.60537e+17	1.00e+00	3.54e-20	0.00e+00
 3.66568e+17	1.00e+00	2.36e-20	0.00e+00
 3.72975e+17	1.00e+00	1.52e-20	0.00e+00
 3.81305e+17	1.00e+00	8.43e-21	0.00e+00
 3.88838e+17	1.00e+00	4.86e-21	0.00e+00
 3.93357e+17	1.00e+00	3.41e-21	0.00e+00
 3.96069e+17	1.00e+00	2.73e-21	0.00e+00
 3.97696e+17	1.00e+00	2.37e-21	0.00e+00
 3.98673e+17	1.00e+00	2.17e-21	0.00e+00
 3.99258e+17	1.00e+00	2.07e-21	0.00e+00
 3.99610e+17	1.00e+00	2.02e-21	0.00e+00
 3.99859e+17	1.00e+00	2.00e-21	0.00e+00
 4.00129e+17	1.00e+00	1.97e-21	0.00e+00
 4.00480e+17	1.00e+00	1.89e-21	0.00e+00
 4.00921e+17	1.00e+00	1.81e-21	0.00e+00
 4.01387e+17	1.00e+00	1.72e-21	0.00e+00
 4.01780e+17	1.00e+00	1.66e-21	0.00e+00
 4.02085e+17	1.00e+00	1.62e-21	0.00e+00
 4.02360e+17	1.00e+00	1.59e-21	0.00e+00
 4.02674e+17	1.00e+00	1.54e-21	0.00e+00
 4.03057e+17	1.00e+00	1.48e-21	0.00e+00
 4.03466e+17	1.00e+00	1.41e-21	0.00e+00
 4.03823e+17	1.00e+00	1.36e-21	0.00e+00
 4.04108e+17	1.00e+00	1.33e-21	0.00e+00
 4.04362e+17	1.00e+00	1.31e-21	0.00e+00
