#depth	N	N+	N+2	N+3	N+4	N+5	N+6	N+7
 1.49634e+10	0.00e+00	0.00e+00	4.98e-30	5.69e-20	1.18e-10	7.72e-01	2.28e-01	2.51e-05
 4.54887e+10	0.00e+00	1.10e-40	6.42e-30	6.78e-20	1.30e-10	7.86e-01	2.14e-01	2.18e-05
 7.72350e+10	0.00e+00	0.00e+00	8.27e-30	8.07e-20	1.43e-10	7.99e-01	2.01e-01	1.89e-05
 1.10251e+11	0.00e+00	2.12e-40	1.06e-29	9.59e-20	1.57e-10	8.12e-01	1.88e-01	1.64e-05
 1.41375e+11	0.00e+00	0.00e+00	1.33e-29	1.12e-19	1.71e-10	8.23e-01	1.77e-01	1.44e-05
 1.69323e+11	0.00e+00	3.71e-40	1.63e-29	1.28e-19	1.84e-10	8.32e-01	1.68e-01	1.28e-05
 2.00733e+11	0.00e+00	0.00e+00	2.01e-29	1.49e-19	1.99e-10	8.42e-01	1.58e-01	1.13e-05
 2.37820e+11	0.00e+00	6.78e-40	2.57e-29	1.76e-19	2.18e-10	8.52e-01	1.48e-01	9.78e-06
 2.74756e+11	0.00e+00	0.00e+00	3.24e-29	2.06e-19	2.37e-10	8.61e-01	1.39e-01	8.51e-06
 3.09391e+11	0.00e+00	1.21e-39	4.00e-29	2.37e-19	2.56e-10	8.69e-01	1.31e-01	7.49e-06
 3.47914e+11	0.00e+00	0.00e+00	5.01e-29	2.77e-19	2.77e-10	8.77e-01	1.23e-01	6.54e-06
 3.91758e+11	0.00e+00	2.26e-39	6.41e-29	3.27e-19	3.03e-10	8.86e-01	1.14e-01	5.62e-06
 4.35251e+11	0.00e+00	0.00e+00	8.10e-29	3.84e-19	3.30e-10	8.94e-01	1.06e-01	4.86e-06
 4.80484e+11	0.00e+00	4.20e-39	1.02e-28	4.50e-19	3.58e-10	9.01e-01	9.92e-02	4.20e-06
 5.29630e+11	0.00e+00	0.00e+00	1.31e-28	5.31e-19	3.91e-10	9.08e-01	9.21e-02	3.61e-06
 5.80742e+11	0.00e+00	8.03e-39	1.67e-28	6.27e-19	4.26e-10	9.15e-01	8.55e-02	3.09e-06
 6.33899e+11	0.00e+00	0.00e+00	2.13e-28	7.39e-19	4.64e-10	9.21e-01	7.92e-02	2.65e-06
 6.89181e+11	0.00e+00	1.53e-38	2.72e-28	8.72e-19	5.06e-10	9.27e-01	7.34e-02	2.27e-06
 7.46675e+11	0.00e+00	0.00e+00	3.47e-28	1.03e-18	5.51e-10	9.32e-01	6.80e-02	1.94e-06
 8.06469e+11	0.00e+00	2.92e-38	4.43e-28	1.21e-18	6.00e-10	9.37e-01	6.29e-02	1.66e-06
 8.68655e+11	0.00e+00	0.00e+00	5.64e-28	1.43e-18	6.53e-10	9.42e-01	5.82e-02	1.42e-06
 9.33328e+11	0.00e+00	5.55e-38	7.19e-28	1.68e-18	7.10e-10	9.46e-01	5.38e-02	1.21e-06
 1.00059e+12	0.00e+00	0.00e+00	9.17e-28	1.98e-18	7.72e-10	9.50e-01	4.97e-02	1.03e-06
 1.07054e+12	0.00e+00	1.06e-37	1.17e-27	2.33e-18	8.39e-10	9.54e-01	4.59e-02	8.81e-07
 1.14329e+12	0.00e+00	0.00e+00	1.49e-27	2.74e-18	9.13e-10	9.58e-01	4.24e-02	0.00e+00
 1.21894e+12	0.00e+00	2.01e-37	1.90e-27	3.23e-18	9.92e-10	9.61e-01	3.91e-02	0.00e+00
 1.29304e+12	0.00e+00	0.00e+00	2.38e-27	3.76e-18	1.07e-09	9.64e-01	3.63e-02	0.00e+00
 1.36171e+12	0.00e+00	3.57e-37	2.93e-27	4.32e-18	1.15e-09	9.66e-01	3.39e-02	0.00e+00
 1.43771e+12	0.00e+00	0.00e+00	3.64e-27	5.00e-18	1.24e-09	9.68e-01	3.15e-02	0.00e+00
 1.52515e+12	0.00e+00	6.59e-37	4.64e-27	5.89e-18	1.35e-09	9.71e-01	2.90e-02	0.00e+00
 1.61122e+12	0.00e+00	0.00e+00	5.84e-27	6.87e-18	1.46e-09	9.73e-01	2.69e-02	0.00e+00
 1.70074e+12	0.00e+00	1.21e-36	7.36e-27	8.02e-18	1.58e-09	9.75e-01	2.49e-02	0.00e+00
 1.79870e+12	3.14e-47	1.68e-36	9.38e-27	9.45e-18	1.71e-09	9.77e-01	2.29e-02	0.00e+00
 1.89824e+12	0.00e+00	0.00e+00	1.19e-26	1.11e-17	1.86e-09	9.79e-01	2.11e-02	0.00e+00
 2.00177e+12	0.00e+00	3.16e-36	1.51e-26	1.30e-17	2.01e-09	9.81e-01	1.95e-02	0.00e+00
 2.11177e+12	1.04e-46	4.36e-36	1.93e-26	1.53e-17	2.19e-09	9.82e-01	1.79e-02	0.00e+00
 2.22617e+12	0.00e+00	0.00e+00	2.46e-26	1.81e-17	2.38e-09	9.84e-01	1.65e-02	0.00e+00
 2.34514e+12	0.00e+00	8.35e-36	3.14e-26	2.13e-17	2.58e-09	9.85e-01	1.52e-02	0.00e+00
 2.46888e+12	3.50e-46	1.16e-35	4.01e-26	2.51e-17	2.81e-09	9.86e-01	1.40e-02	0.00e+00
 2.59756e+12	0.00e+00	0.00e+00	5.13e-26	2.96e-17	3.05e-09	9.87e-01	1.28e-02	0.00e+00
 2.73139e+12	0.00e+00	2.22e-35	6.56e-26	3.49e-17	3.32e-09	9.88e-01	1.18e-02	0.00e+00
 2.87057e+12	1.19e-45	3.08e-35	8.40e-26	4.12e-17	3.61e-09	9.89e-01	1.09e-02	0.00e+00
 3.00169e+12	0.00e+00	0.00e+00	1.05e-25	4.79e-17	3.89e-09	9.90e-01	1.01e-02	0.00e+00
 3.11933e+12	0.00e+00	5.36e-35	1.28e-25	5.46e-17	4.16e-09	9.91e-01	9.40e-03	0.00e+00
 3.25152e+12	3.38e-45	7.11e-35	1.58e-25	6.30e-17	4.47e-09	9.91e-01	8.75e-03	0.00e+00
 3.40772e+12	0.00e+00	0.00e+00	2.01e-25	7.42e-17	4.85e-09	9.92e-01	8.05e-03	0.00e+00
 3.56379e+12	0.00e+00	1.34e-34	2.54e-25	8.68e-17	5.25e-09	9.93e-01	7.43e-03	0.00e+00
 3.71082e+12	1.06e-44	1.77e-34	3.15e-25	1.00e-16	5.65e-09	9.93e-01	6.91e-03	0.00e+00
 3.87389e+12	0.00e+00	2.40e-34	3.96e-25	1.17e-16	6.11e-09	9.94e-01	6.39e-03	0.00e+00
 4.05877e+12	2.34e-44	3.35e-34	5.09e-25	1.38e-16	6.65e-09	9.94e-01	5.86e-03	0.00e+00
 4.24357e+12	0.00e+00	4.61e-34	6.48e-25	1.63e-16	7.23e-09	9.95e-01	5.39e-03	0.00e+00
 4.43576e+12	5.21e-44	6.36e-34	8.26e-25	1.92e-16	7.85e-09	9.95e-01	4.96e-03	0.00e+00
 4.64312e+12	0.00e+00	8.89e-34	1.06e-24	2.28e-16	8.56e-09	9.95e-01	4.55e-03	0.00e+00
 4.83754e+12	1.15e-43	1.20e-33	1.34e-24	2.66e-16	9.26e-09	9.96e-01	4.21e-03	0.00e+00
 5.01097e+12	0.00e+00	1.56e-33	1.63e-24	3.04e-16	9.91e-09	9.96e-01	3.93e-03	0.00e+00
 5.20585e+12	2.28e-43	2.08e-33	2.03e-24	3.53e-16	1.07e-08	9.96e-01	3.65e-03	0.00e+00
 5.43728e+12	0.00e+00	2.88e-33	2.59e-24	4.17e-16	1.16e-08	9.97e-01	3.35e-03	0.00e+00
 5.66969e+12	5.10e-43	3.97e-33	3.31e-24	4.92e-16	1.26e-08	9.97e-01	3.08e-03	0.00e+00
 5.88625e+12	0.00e+00	5.29e-33	4.11e-24	5.70e-16	1.36e-08	9.97e-01	2.86e-03	0.00e+00
 6.12649e+12	1.07e-42	7.17e-33	5.18e-24	6.68e-16	1.48e-08	9.97e-01	2.64e-03	0.00e+00
 6.40147e+12	0.00e+00	1.01e-32	6.72e-24	7.97e-16	1.62e-08	9.98e-01	2.41e-03	0.00e+00
 6.67104e+12	2.43e-42	1.39e-32	8.57e-24	9.41e-16	1.76e-08	9.98e-01	2.22e-03	0.00e+00
 6.95139e+12	0.00e+00	1.92e-32	1.10e-23	1.11e-15	1.92e-08	9.98e-01	2.04e-03	0.00e+00
 7.25938e+12	5.55e-42	2.70e-32	1.42e-23	1.33e-15	2.10e-08	9.98e-01	1.86e-03	0.00e+00
 7.57003e+12	0.00e+00	3.77e-32	1.84e-23	1.59e-15	2.29e-08	9.98e-01	1.70e-03	0.00e+00
 7.89311e+12	1.27e-41	5.26e-32	2.37e-23	1.89e-15	2.51e-08	9.98e-01	1.56e-03	0.00e+00
 8.23876e+12	0.00e+00	7.41e-32	3.08e-23	2.26e-15	2.75e-08	9.99e-01	1.42e-03	0.00e+00
 8.58076e+12	2.91e-41	1.03e-31	3.95e-23	2.69e-15	3.01e-08	9.99e-01	1.30e-03	0.00e+00
 8.93645e+12	0.00e+00	1.42e-31	5.08e-23	3.20e-15	3.29e-08	9.99e-01	1.19e-03	0.00e+00
 9.32383e+12	6.68e-41	2.01e-31	6.62e-23	3.84e-15	3.62e-08	9.99e-01	1.09e-03	0.00e+00
 9.72671e+12	0.00e+00	2.83e-31	8.61e-23	4.61e-15	3.97e-08	9.99e-01	9.90e-04	0.00e+00
 1.01457e+13	1.56e-40	3.98e-31	1.12e-22	5.54e-15	4.37e-08	9.99e-01	9.01e-04	0.00e+00
 1.05815e+13	0.00e+00	5.60e-31	1.46e-22	6.66e-15	4.81e-08	9.99e-01	8.20e-04	0.00e+00
 1.10346e+13	3.61e-40	7.87e-31	1.90e-22	8.01e-15	5.30e-08	9.99e-01	7.46e-04	0.00e+00
 1.14450e+13	0.00e+00	1.06e-30	2.39e-22	9.42e-15	5.76e-08	9.99e-01	6.86e-04	0.00e+00
 1.17878e+13	6.98e-40	1.34e-30	2.88e-22	1.07e-14	6.17e-08	9.99e-01	6.42e-04	0.00e+00
 1.21637e+13	0.00e+00	1.73e-30	3.51e-22	1.23e-14	6.64e-08	9.99e-01	5.97e-04	0.00e+00
 1.26386e+13	1.39e-39	2.36e-30	4.47e-22	1.46e-14	7.26e-08	9.99e-01	5.47e-04	0.00e+00
 1.31334e+13	0.00e+00	3.22e-30	5.70e-22	1.74e-14	7.95e-08	9.99e-01	5.00e-04	0.00e+00
 1.35566e+13	2.78e-39	4.16e-30	6.96e-22	2.00e-14	8.57e-08	1.00e+00	4.65e-04	0.00e+00
 1.39958e+13	0.00e+00	5.36e-30	8.50e-22	2.31e-14	9.24e-08	1.00e+00	4.32e-04	0.00e+00
 1.45438e+13	5.53e-39	7.29e-30	1.08e-21	2.75e-14	1.01e-07	1.00e+00	3.95e-04	0.00e+00
 1.50994e+13	0.00e+00	9.82e-30	1.37e-21	3.25e-14	1.11e-07	1.00e+00	3.62e-04	0.00e+00
 1.55822e+13	1.08e-38	1.26e-29	1.66e-21	3.74e-14	1.19e-07	1.00e+00	3.36e-04	0.00e+00
 1.61045e+13	0.00e+00	1.63e-29	2.04e-21	4.33e-14	1.29e-07	1.00e+00	3.11e-04	0.00e+00
 1.67428e+13	2.14e-38	2.22e-29	2.60e-21	5.15e-14	1.41e-07	1.00e+00	2.84e-04	0.00e+00
 1.73932e+13	0.00e+00	2.98e-29	3.29e-21	6.10e-14	1.55e-07	1.00e+00	2.60e-04	0.00e+00
 1.79876e+13	4.20e-38	3.87e-29	4.04e-21	7.08e-14	1.68e-07	1.00e+00	2.40e-04	0.00e+00
 1.86478e+13	0.00e+00	5.11e-29	5.04e-21	8.30e-14	1.83e-07	1.00e+00	2.21e-04	0.00e+00
 1.94164e+13	8.58e-38	6.98e-29	6.44e-21	9.92e-14	2.01e-07	1.00e+00	2.01e-04	0.00e+00
 2.01772e+13	0.00e+00	9.36e-29	8.13e-21	1.17e-13	2.20e-07	1.00e+00	1.84e-04	0.00e+00
 2.09040e+13	1.70e-37	1.23e-28	1.01e-20	1.37e-13	2.39e-07	1.00e+00	1.70e-04	0.00e+00
 2.17056e+13	0.00e+00	1.63e-28	1.26e-20	1.61e-13	2.61e-07	1.00e+00	1.56e-04	0.00e+00
 2.26038e+13	3.48e-37	2.22e-28	1.61e-20	1.92e-13	2.87e-07	1.00e+00	1.42e-04	0.00e+00
 2.35063e+13	0.00e+00	2.98e-28	2.03e-20	2.28e-13	3.14e-07	1.00e+00	1.30e-04	0.00e+00
 2.43155e+13	6.76e-37	3.84e-28	2.49e-20	2.64e-13	3.40e-07	1.00e+00	1.20e-04	0.00e+00
 2.50016e+13	0.00e+00	4.74e-28	2.94e-20	2.97e-13	3.62e-07	1.00e+00	1.13e-04	0.00e+00
 2.57412e+13	1.14e-36	5.89e-28	3.49e-20	3.36e-13	3.87e-07	1.00e+00	1.06e-04	0.00e+00
 2.66973e+13	0.00e+00	7.74e-28	4.33e-20	3.93e-13	4.21e-07	1.00e+00	9.73e-05	0.00e+00
 2.76942e+13	2.20e-36	1.02e-27	5.37e-20	4.59e-13	4.58e-07	1.00e+00	8.95e-05	0.00e+00
 2.85487e+13	0.00e+00	1.28e-27	6.43e-20	5.23e-13	4.90e-07	1.00e+00	8.36e-05	0.00e+00
 2.94591e+13	3.85e-36	1.61e-27	7.73e-20	5.97e-13	5.26e-07	1.00e+00	7.80e-05	0.00e+00
 3.05881e+13	0.00e+00	2.13e-27	9.64e-20	6.99e-13	5.73e-07	1.00e+00	7.17e-05	0.00e+00
 3.17476e+13	7.57e-36	2.81e-27	1.20e-19	8.18e-13	6.23e-07	1.00e+00	6.60e-05	0.00e+00
 3.27919e+13	0.00e+00	3.58e-27	1.45e-19	9.37e-13	6.70e-07	1.00e+00	6.14e-05	0.00e+00
 3.39400e+13	1.38e-35	4.62e-27	1.77e-19	1.08e-12	7.24e-07	1.00e+00	5.69e-05	0.00e+00
 3.51947e+13	0.00e+00	6.05e-27	2.19e-19	1.26e-12	7.85e-07	1.00e+00	5.26e-05	0.00e+00
 3.63359e+13	2.56e-35	7.66e-27	2.64e-19	1.44e-12	8.43e-07	1.00e+00	4.90e-05	0.00e+00
 3.75671e+13	0.00e+00	9.81e-27	3.21e-19	1.65e-12	9.08e-07	1.00e+00	4.55e-05	0.00e+00
 3.89483e+13	4.80e-35	1.28e-26	3.96e-19	1.92e-12	9.83e-07	1.00e+00	4.21e-05	0.00e+00
 4.02566e+13	0.00e+00	1.64e-26	4.80e-19	2.20e-12	1.06e-06	1.00e+00	3.91e-05	0.00e+00
 4.16896e+13	8.89e-35	2.13e-26	5.88e-19	2.54e-12	1.14e-06	1.00e+00	3.63e-05	0.00e+00
 4.32766e+13	0.00e+00	2.81e-26	7.31e-19	2.97e-12	1.24e-06	1.00e+00	3.34e-05	0.00e+00
 4.47524e+13	1.69e-34	3.61e-26	8.89e-19	3.41e-12	1.34e-06	1.00e+00	3.11e-05	0.00e+00
 4.63597e+13	2.33e-34	4.69e-26	1.09e-18	3.94e-12	1.44e-06	1.00e+00	2.88e-05	0.00e+00
 4.81599e+13	3.29e-34	6.22e-26	1.36e-18	4.61e-12	1.57e-06	1.00e+00	2.65e-05	0.00e+00
 4.98634e+13	4.53e-34	8.08e-26	1.67e-18	5.31e-12	1.69e-06	1.00e+00	2.46e-05	0.00e+00
 5.17035e+13	6.31e-34	1.06e-25	2.06e-18	6.16e-12	1.83e-06	1.00e+00	2.28e-05	0.00e+00
 5.37542e+13	9.00e-34	1.42e-25	2.58e-18	7.22e-12	1.99e-06	1.00e+00	2.10e-05	0.00e+00
 5.57299e+13	1.25e-33	1.86e-25	3.19e-18	8.37e-12	2.15e-06	1.00e+00	1.94e-05	0.00e+00
 5.78318e+13	1.76e-33	2.45e-25	3.96e-18	9.73e-12	2.33e-06	1.00e+00	1.79e-05	0.00e+00
 6.01750e+13	2.54e-33	3.30e-25	4.99e-18	1.14e-11	2.53e-06	1.00e+00	1.65e-05	0.00e+00
 6.25244e+13	3.62e-33	4.41e-25	6.24e-18	1.34e-11	2.75e-06	1.00e+00	1.52e-05	0.00e+00
 6.49677e+13	5.17e-33	5.89e-25	7.81e-18	1.56e-11	2.98e-06	1.00e+00	1.40e-05	0.00e+00
 6.75963e+13	7.47e-33	7.95e-25	9.84e-18	1.83e-11	3.25e-06	1.00e+00	1.29e-05	0.00e+00
 7.03301e+13	1.08e-32	1.07e-24	1.24e-17	2.15e-11	3.53e-06	1.00e+00	1.19e-05	0.00e+00
 7.30193e+13	1.54e-32	1.43e-24	1.55e-17	2.51e-11	3.82e-06	1.00e+00	1.10e-05	0.00e+00
 7.55315e+13	2.11e-32	1.85e-24	1.88e-17	2.87e-11	4.10e-06	1.00e+00	1.02e-05	0.00e+00
 7.78044e+13	2.78e-32	2.31e-24	2.24e-17	3.24e-11	4.37e-06	1.00e+00	9.59e-06	0.00e+00
 8.02336e+13	3.72e-32	2.93e-24	2.69e-17	3.67e-11	4.66e-06	1.00e+00	9.00e-06	0.00e+00
 8.32538e+13	5.27e-32	3.88e-24	3.34e-17	4.26e-11	5.03e-06	1.00e+00	8.33e-06	0.00e+00
 8.62723e+13	7.38e-32	5.10e-24	4.11e-17	4.92e-11	5.42e-06	1.00e+00	7.74e-06	0.00e+00
 8.88598e+13	9.79e-32	6.40e-24	4.90e-17	5.54e-11	5.76e-06	1.00e+00	7.28e-06	0.00e+00
 9.16568e+13	1.32e-31	8.14e-24	5.88e-17	6.27e-11	6.14e-06	1.00e+00	6.83e-06	0.00e+00
 9.51175e+13	1.87e-31	1.08e-23	7.31e-17	7.28e-11	6.63e-06	1.00e+00	6.33e-06	0.00e+00
 9.85797e+13	2.63e-31	1.43e-23	9.02e-17	8.40e-11	7.14e-06	1.00e+00	5.88e-06	0.00e+00
 1.01569e+14	3.51e-31	1.80e-23	1.08e-16	9.47e-11	7.59e-06	1.00e+00	5.53e-06	0.00e+00
 1.04804e+14	4.75e-31	2.29e-23	1.30e-16	1.07e-10	8.10e-06	1.00e+00	5.19e-06	0.00e+00
 1.08780e+14	6.79e-31	3.06e-23	1.61e-16	1.25e-10	8.74e-06	1.00e+00	4.80e-06	0.00e+00
 1.12790e+14	9.63e-31	4.06e-23	2.00e-16	1.44e-10	9.41e-06	1.00e+00	4.46e-06	0.00e+00
 1.16341e+14	1.30e-30	5.17e-23	2.40e-16	1.63e-10	1.00e-05	1.00e+00	4.19e-06	0.00e+00
 1.20226e+14	1.79e-30	6.68e-23	2.92e-16	1.86e-10	1.07e-05	1.00e+00	3.92e-06	0.00e+00
 1.24885e+14	2.59e-30	8.99e-23	3.65e-16	2.17e-10	1.16e-05	1.00e+00	3.63e-06	0.00e+00
 1.29526e+14	3.70e-30	1.20e-22	4.54e-16	2.51e-10	1.25e-05	1.00e+00	3.37e-06	0.00e+00
 1.33749e+14	5.06e-30	1.54e-22	5.49e-16	2.85e-10	1.33e-05	1.00e+00	3.16e-06	0.00e+00
 1.38455e+14	7.10e-30	2.02e-22	6.74e-16	3.27e-10	1.43e-05	1.00e+00	2.95e-06	0.00e+00
 1.43952e+14	1.04e-29	2.74e-22	8.49e-16	3.82e-10	1.54e-05	1.00e+00	2.72e-06	0.00e+00
 1.49373e+14	1.49e-29	3.67e-22	1.06e-15	4.43e-10	1.66e-05	1.00e+00	2.53e-06	0.00e+00
 1.54498e+14	2.08e-29	4.79e-22	1.29e-15	5.07e-10	1.78e-05	1.00e+00	2.36e-06	0.00e+00
 1.60195e+14	2.97e-29	6.38e-22	1.60e-15	5.86e-10	1.91e-05	1.00e+00	2.20e-06	0.00e+00
 1.66633e+14	4.37e-29	8.70e-22	2.03e-15	6.86e-10	2.07e-05	1.00e+00	2.03e-06	0.00e+00
 1.73092e+14	6.36e-29	1.17e-21	2.54e-15	7.98e-10	2.24e-05	1.00e+00	1.88e-06	0.00e+00
 1.79810e+14	9.26e-29	1.59e-21	3.19e-15	9.29e-10	2.41e-05	1.00e+00	1.74e-06	0.00e+00
 1.87032e+14	1.36e-28	2.16e-21	4.03e-15	1.09e-09	2.61e-05	1.00e+00	1.61e-06	0.00e+00
 1.94022e+14	1.95e-28	2.89e-21	5.01e-15	1.26e-09	2.81e-05	1.00e+00	1.49e-06	0.00e+00
 2.00590e+14	2.71e-28	3.76e-21	6.11e-15	1.44e-09	3.01e-05	1.00e+00	1.40e-06	0.00e+00
 2.07943e+14	3.86e-28	4.99e-21	7.57e-15	1.66e-09	3.24e-05	1.00e+00	1.30e-06	0.00e+00
 2.15358e+14	5.44e-28	6.57e-21	9.32e-15	1.91e-09	3.47e-05	1.00e+00	1.21e-06	0.00e+00
 2.21509e+14	7.17e-28	8.21e-21	1.10e-14	2.14e-09	3.68e-05	1.00e+00	1.14e-06	0.00e+00
 2.28012e+14	9.52e-28	1.03e-20	1.31e-14	2.40e-09	3.90e-05	1.00e+00	1.08e-06	0.00e+00
 2.36336e+14	1.35e-27	1.36e-20	1.62e-14	2.77e-09	4.20e-05	1.00e+00	1.00e-06	0.00e+00
 2.45057e+14	1.92e-27	1.82e-20	2.01e-14	3.21e-09	4.52e-05	1.00e+00	9.31e-07	0.00e+00
 2.52759e+14	2.60e-27	2.31e-20	2.42e-14	3.63e-09	4.81e-05	1.00e+00	0.00e+00	0.00e+00
 2.61106e+14	3.57e-27	2.98e-20	2.93e-14	4.14e-09	5.14e-05	1.00e+00	0.00e+00	0.00e+00
 2.71155e+14	5.14e-27	4.01e-20	3.67e-14	4.81e-09	5.55e-05	1.00e+00	0.00e+00	0.00e+00
 2.81327e+14	7.36e-27	5.35e-20	4.56e-14	5.58e-09	5.99e-05	1.00e+00	0.00e+00	0.00e+00
 2.90827e+14	1.02e-26	6.93e-20	5.56e-14	6.38e-09	6.41e-05	1.00e+00	0.00e+00	0.00e+00
 3.01411e+14	1.44e-26	9.17e-20	6.88e-14	7.36e-09	6.90e-05	1.00e+00	0.00e+00	0.00e+00
 3.12668e+14	2.05e-26	1.22e-19	8.55e-14	8.53e-09	7.44e-05	1.00e+00	0.00e+00	0.00e+00
 3.22673e+14	2.78e-26	1.56e-19	1.03e-13	9.68e-09	7.93e-05	1.00e+00	0.00e+00	0.00e+00
 3.33420e+14	3.82e-26	2.02e-19	1.25e-13	1.10e-08	8.49e-05	1.00e+00	0.00e+00	0.00e+00
 3.46298e+14	5.51e-26	2.71e-19	1.57e-13	1.29e-08	9.18e-05	1.00e+00	0.00e+00	0.00e+00
 3.58972e+14	7.79e-26	3.59e-19	1.94e-13	1.49e-08	9.88e-05	1.00e+00	0.00e+00	0.00e+00
 3.70252e+14	1.05e-25	4.57e-19	2.33e-13	1.68e-08	1.05e-04	1.00e+00	0.00e+00	0.00e+00
 3.82697e+14	1.44e-25	5.91e-19	2.84e-13	1.92e-08	1.13e-04	1.00e+00	0.00e+00	0.00e+00
 3.97541e+14	2.08e-25	7.94e-19	3.56e-13	2.24e-08	1.22e-04	1.00e+00	0.00e+00	0.00e+00
 4.12267e+14	2.96e-25	1.05e-18	4.42e-13	2.60e-08	1.32e-04	1.00e+00	0.00e+00	0.00e+00
 4.25704e+14	4.03e-25	1.35e-18	5.34e-13	2.95e-08	1.40e-04	1.00e+00	0.00e+00	0.00e+00
 4.40698e+14	5.62e-25	1.77e-18	6.56e-13	3.39e-08	1.51e-04	1.00e+00	0.00e+00	0.00e+00
 4.58172e+14	8.17e-25	2.40e-18	8.26e-13	3.97e-08	1.64e-04	1.00e+00	0.00e+00	0.00e+00
 4.75346e+14	1.17e-24	3.19e-18	1.03e-12	4.60e-08	1.76e-04	1.00e+00	0.00e+00	0.00e+00
 4.91557e+14	1.61e-24	4.14e-18	1.25e-12	5.27e-08	1.89e-04	1.00e+00	0.00e+00	0.00e+00
 5.09599e+14	2.28e-24	5.48e-18	1.55e-12	6.09e-08	2.04e-04	1.00e+00	0.00e+00	0.00e+00
 5.30013e+14	3.32e-24	7.43e-18	1.96e-12	7.13e-08	2.21e-04	1.00e+00	0.00e+00	0.00e+00
 5.50439e+14	4.79e-24	9.99e-18	2.45e-12	8.30e-08	2.39e-04	1.00e+00	0.00e+00	0.00e+00
 5.69594e+14	6.66e-24	1.30e-17	3.00e-12	9.52e-08	2.56e-04	1.00e+00	0.00e+00	0.00e+00
 5.90318e+14	9.40e-24	1.72e-17	3.71e-12	1.10e-07	2.76e-04	1.00e+00	0.00e+00	0.00e+00
 6.13483e+14	1.36e-23	2.32e-17	4.66e-12	1.28e-07	2.98e-04	1.00e+00	0.00e+00	0.00e+00
 6.35112e+14	1.91e-23	3.05e-17	5.73e-12	1.47e-07	3.20e-04	1.00e+00	0.00e+00	0.00e+00
 6.55143e+14	2.57e-23	3.88e-17	6.88e-12	1.67e-07	3.41e-04	1.00e+00	0.00e+00	0.00e+00
 6.74483e+14	3.42e-23	4.87e-17	8.18e-12	1.87e-07	3.62e-04	1.00e+00	0.00e+00	0.00e+00
 6.96016e+14	4.62e-23	6.21e-17	9.85e-12	2.13e-07	3.86e-04	1.00e+00	0.00e+00	0.00e+00
 7.19827e+14	6.41e-23	8.09e-17	1.20e-11	2.43e-07	4.14e-04	1.00e+00	0.00e+00	0.00e+00
 7.41981e+14	8.59e-23	1.02e-16	1.44e-11	2.75e-07	4.40e-04	1.00e+00	0.00e+00	0.00e+00
 7.66160e+14	1.17e-22	1.32e-16	1.74e-11	3.12e-07	4.70e-04	1.00e+00	0.00e+00	0.00e+00
 7.93411e+14	1.64e-22	1.73e-16	2.14e-11	3.59e-07	5.05e-04	9.99e-01	0.00e+00	0.00e+00
 8.19346e+14	2.26e-22	2.23e-16	2.59e-11	4.09e-07	5.39e-04	9.99e-01	0.00e+00	0.00e+00
 8.47752e+14	3.14e-22	2.91e-16	3.18e-11	4.68e-07	5.78e-04	9.99e-01	0.00e+00	0.00e+00
 8.79042e+14	4.47e-22	3.86e-16	3.94e-11	5.42e-07	6.22e-04	9.99e-01	0.00e+00	0.00e+00
 9.07780e+14	6.10e-22	4.96e-16	4.77e-11	6.16e-07	6.64e-04	9.99e-01	0.00e+00	0.00e+00
 9.38840e+14	8.49e-22	6.47e-16	5.82e-11	7.04e-07	7.11e-04	9.99e-01	0.00e+00	0.00e+00
 9.73644e+14	1.21e-21	8.60e-16	7.22e-11	8.15e-07	7.66e-04	9.99e-01	0.00e+00	0.00e+00
 1.00645e+15	1.67e-21	1.11e-15	8.79e-11	9.30e-07	8.19e-04	9.99e-01	0.00e+00	0.00e+00
 1.04222e+15	2.33e-21	1.46e-15	1.08e-10	1.07e-06	8.80e-04	9.99e-01	0.00e+00	0.00e+00
 1.08196e+15	3.37e-21	1.96e-15	1.35e-10	1.24e-06	9.49e-04	9.99e-01	0.00e+00	0.00e+00
 1.11903e+15	4.65e-21	2.55e-15	1.65e-10	1.42e-06	1.02e-03	9.99e-01	0.00e+00	0.00e+00
 1.15933e+15	6.55e-21	3.36e-15	2.03e-10	1.64e-06	1.09e-03	9.99e-01	0.00e+00	0.00e+00
 1.20445e+15	9.43e-21	4.51e-15	2.55e-10	1.91e-06	1.18e-03	9.99e-01	0.00e+00	0.00e+00
 1.24725e+15	1.32e-20	5.93e-15	3.13e-10	2.20e-06	1.27e-03	9.99e-01	0.00e+00	0.00e+00
 1.29303e+15	1.86e-20	7.83e-15	3.87e-10	2.54e-06	1.37e-03	9.99e-01	0.00e+00	0.00e+00
 1.34478e+15	2.70e-20	1.06e-14	4.88e-10	2.97e-06	1.49e-03	9.99e-01	0.00e+00	0.00e+00
 1.39574e+15	3.85e-20	1.41e-14	6.08e-10	3.45e-06	1.61e-03	9.98e-01	0.00e+00	0.00e+00
 1.44874e+15	5.46e-20	1.87e-14	7.57e-10	4.01e-06	1.74e-03	9.98e-01	0.00e+00	0.00e+00
 1.50672e+15	7.88e-20	2.53e-14	9.54e-10	4.70e-06	1.89e-03	9.98e-01	0.00e+00	0.00e+00
 1.56396e+15	1.12e-19	3.35e-14	1.19e-09	5.46e-06	2.04e-03	9.98e-01	0.00e+00	0.00e+00
 1.61153e+15	1.48e-19	4.21e-14	1.42e-09	6.16e-06	2.17e-03	9.98e-01	0.00e+00	0.00e+00
 1.65000e+15	1.83e-19	5.02e-14	1.63e-09	6.77e-06	2.29e-03	9.98e-01	0.00e+00	0.00e+00
 1.69272e+15	2.31e-19	6.08e-14	1.89e-09	7.51e-06	2.42e-03	9.98e-01	0.00e+00	0.00e+00
 1.74825e+15	3.10e-19	7.74e-14	2.28e-09	8.56e-06	2.59e-03	9.97e-01	0.00e+00	0.00e+00
 1.80774e+15	4.19e-19	9.93e-14	2.77e-09	9.79e-06	2.78e-03	9.97e-01	0.00e+00	0.00e+00
 1.86044e+15	5.42e-19	1.23e-13	3.28e-09	1.10e-05	2.96e-03	9.97e-01	0.00e+00	0.00e+00
 1.91704e+15	7.10e-19	1.53e-13	3.90e-09	1.24e-05	3.16e-03	9.97e-01	0.00e+00	0.00e+00
 1.98803e+15	9.78e-19	2.00e-13	4.82e-09	1.44e-05	3.43e-03	9.97e-01	0.00e+00	0.00e+00
 2.06009e+15	1.34e-18	2.60e-13	5.93e-09	1.66e-05	3.71e-03	9.96e-01	0.00e+00	0.00e+00
 2.12251e+15	1.74e-18	3.23e-13	7.05e-09	1.87e-05	3.96e-03	9.96e-01	0.00e+00	0.00e+00
 2.19005e+15	2.28e-18	4.04e-13	8.45e-09	2.13e-05	4.24e-03	9.96e-01	0.00e+00	0.00e+00
 2.27280e+15	3.14e-18	5.29e-13	1.05e-08	2.47e-05	4.61e-03	9.95e-01	0.00e+00	0.00e+00
 2.35634e+15	4.28e-18	6.85e-13	1.29e-08	2.86e-05	5.00e-03	9.95e-01	0.00e+00	0.00e+00
 2.43057e+15	5.57e-18	8.54e-13	1.54e-08	3.24e-05	5.36e-03	9.95e-01	0.00e+00	0.00e+00
 2.51169e+15	7.37e-18	1.08e-12	1.87e-08	3.70e-05	5.77e-03	9.94e-01	0.00e+00	0.00e+00
 2.60871e+15	1.02e-17	1.42e-12	2.33e-08	4.31e-05	6.28e-03	9.94e-01	0.00e+00	0.00e+00
 2.70470e+15	1.38e-17	1.83e-12	2.87e-08	4.99e-05	6.82e-03	9.93e-01	0.00e+00	0.00e+00
 2.79131e+15	1.79e-17	2.29e-12	3.44e-08	5.67e-05	7.33e-03	9.93e-01	0.00e+00	0.00e+00
 2.88740e+15	2.38e-17	2.91e-12	4.19e-08	6.50e-05	7.91e-03	9.92e-01	0.00e+00	0.00e+00
 3.00057e+15	3.27e-17	3.82e-12	5.23e-08	7.59e-05	8.64e-03	9.91e-01	0.00e+00	0.00e+00
 3.11223e+15	4.44e-17	4.94e-12	6.47e-08	8.79e-05	9.38e-03	9.91e-01	0.00e+00	0.00e+00
 3.21593e+15	5.82e-17	6.23e-12	7.83e-08	1.00e-04	1.01e-02	9.90e-01	0.00e+00	0.00e+00
 3.33217e+15	7.82e-17	8.00e-12	9.63e-08	1.16e-04	1.10e-02	9.89e-01	0.00e+00	0.00e+00
 3.46548e+15	1.08e-16	1.06e-11	1.21e-07	1.36e-04	1.20e-02	9.88e-01	0.00e+00	0.00e+00
 3.59673e+15	1.70e-16	1.37e-11	1.51e-07	1.57e-04	1.31e-02	9.87e-01	0.00e+00	0.00e+00
 3.73322e+15	2.32e-16	1.79e-11	1.87e-07	1.83e-04	1.42e-02	9.86e-01	0.00e+00	0.00e+00
 3.85752e+15	3.05e-16	2.26e-11	2.27e-07	2.08e-04	1.53e-02	9.84e-01	0.00e+00	0.00e+00
 3.95030e+15	3.73e-16	2.67e-11	2.61e-07	2.29e-04	1.61e-02	9.84e-01	0.00e+00	0.00e+00
 4.04619e+15	4.55e-16	3.17e-11	3.00e-07	2.52e-04	1.70e-02	9.83e-01	0.00e+00	0.00e+00
 4.17084e+15	5.88e-16	3.94e-11	3.60e-07	2.85e-04	1.83e-02	9.81e-01	0.00e+00	0.00e+00
 4.30580e+15	7.69e-16	4.95e-11	4.34e-07	3.24e-04	1.96e-02	9.80e-01	0.00e+00	0.00e+00
 4.42761e+15	9.69e-16	6.04e-11	5.12e-07	3.62e-04	2.09e-02	9.79e-01	0.00e+00	0.00e+00
 4.55941e+15	1.24e-15	7.46e-11	6.10e-07	4.07e-04	2.23e-02	9.77e-01	0.00e+00	0.00e+00
 4.72659e+15	1.69e-15	9.70e-11	7.57e-07	4.71e-04	2.43e-02	9.75e-01	0.00e+00	0.00e+00
 4.89489e+15	2.27e-15	1.25e-10	9.33e-07	5.42e-04	2.62e-02	9.73e-01	0.00e+00	0.00e+00
 5.03634e+15	2.88e-15	1.53e-10	1.10e-06	6.07e-04	2.80e-02	9.71e-01	0.00e+00	0.00e+00
 5.18776e+15	3.71e-15	1.90e-10	1.32e-06	6.84e-04	2.99e-02	9.69e-01	0.00e+00	0.00e+00
 5.37883e+15	5.07e-15	2.48e-10	1.64e-06	7.92e-04	3.24e-02	9.67e-01	0.00e+00	0.00e+00
 5.57905e+15	6.92e-15	3.25e-10	2.05e-06	9.17e-04	3.52e-02	9.64e-01	0.00e+00	0.00e+00
 5.75913e+15	9.05e-15	4.09e-10	2.48e-06	1.04e-03	3.78e-02	9.61e-01	0.00e+00	0.00e+00
 5.95540e+15	1.21e-14	5.24e-10	3.03e-06	1.19e-03	4.07e-02	9.58e-01	0.00e+00	0.00e+00
 6.18769e+15	1.69e-14	6.97e-10	3.83e-06	1.39e-03	4.43e-02	9.54e-01	0.00e+00	0.00e+00
 6.41493e+15	2.30e-14	9.10e-10	4.77e-06	1.61e-03	4.80e-02	9.50e-01	0.00e+00	0.00e+00
 6.62128e+15	3.02e-14	1.15e-09	5.77e-06	1.82e-03	5.15e-02	9.47e-01	0.00e+00	0.00e+00
 6.85230e+15	4.08e-14	1.48e-09	7.11e-06	2.09e-03	5.55e-02	9.42e-01	0.00e+00	0.00e+00
 7.12255e+15	5.74e-14	1.98e-09	9.02e-06	2.45e-03	6.04e-02	9.37e-01	0.00e+00	0.00e+00
 7.38773e+15	7.88e-14	2.61e-09	1.13e-05	2.84e-03	6.54e-02	9.32e-01	0.00e+00	0.00e+00
 7.63576e+15	1.05e-13	3.33e-09	1.38e-05	3.24e-03	7.03e-02	9.26e-01	0.00e+00	0.00e+00
 7.91346e+15	1.44e-13	4.36e-09	1.72e-05	3.75e-03	7.60e-02	9.20e-01	0.00e+00	0.00e+00
 8.17882e+15	1.92e-13	5.58e-09	2.10e-05	4.27e-03	8.15e-02	9.14e-01	0.00e+00	0.00e+00
 8.37619e+15	2.36e-13	6.67e-09	2.43e-05	4.71e-03	8.59e-02	9.09e-01	0.00e+00	0.00e+00
 8.57671e+15	2.92e-13	8.00e-09	2.81e-05	5.18e-03	9.04e-02	9.04e-01	0.00e+00	0.00e+00
 8.83740e+15	3.85e-13	1.01e-08	3.38e-05	5.84e-03	9.62e-02	8.98e-01	0.00e+00	0.00e+00
 9.11940e+15	5.10e-13	1.28e-08	4.10e-05	6.64e-03	1.03e-01	8.90e-01	0.00e+00	0.00e+00
 9.37075e+15	6.49e-13	1.57e-08	4.84e-05	7.40e-03	1.09e-01	8.84e-01	0.00e+00	0.00e+00
 9.63910e+15	8.40e-13	1.95e-08	5.77e-05	8.29e-03	1.16e-01	8.76e-01	0.00e+00	0.00e+00
 9.98661e+15	1.17e-12	2.58e-08	7.20e-05	9.59e-03	1.25e-01	8.66e-01	0.00e+00	0.00e+00
 1.03384e+16	1.59e-12	3.35e-08	8.90e-05	1.10e-02	1.34e-01	8.55e-01	0.00e+00	0.00e+00
 1.06255e+16	2.03e-12	4.13e-08	1.05e-04	1.23e-02	1.42e-01	8.46e-01	0.00e+00	0.00e+00
 1.09272e+16	2.63e-12	5.14e-08	1.25e-04	1.38e-02	1.50e-01	8.36e-01	0.00e+00	0.00e+00
 1.13193e+16	3.64e-12	6.76e-08	1.56e-04	1.59e-02	1.61e-01	8.23e-01	0.00e+00	0.00e+00
 1.17271e+16	5.03e-12	8.89e-08	1.95e-04	1.83e-02	1.73e-01	8.08e-01	0.00e+00	0.00e+00
 1.20722e+16	6.53e-12	1.11e-07	2.32e-04	2.06e-02	1.83e-01	7.96e-01	0.00e+00	0.00e+00
 1.24379e+16	8.64e-12	1.40e-07	2.80e-04	2.32e-02	1.94e-01	7.82e-01	0.00e+00	0.00e+00
 1.28976e+16	1.21e-11	1.87e-07	3.53e-04	2.70e-02	2.09e-01	7.64e-01	0.00e+00	0.00e+00
 1.33536e+16	1.66e-11	2.43e-07	4.37e-04	3.09e-02	2.23e-01	7.46e-01	0.00e+00	0.00e+00
 1.37328e+16	2.14e-11	3.02e-07	5.21e-04	3.47e-02	2.35e-01	7.30e-01	0.00e+00	0.00e+00
 1.41377e+16	2.82e-11	3.81e-07	6.27e-04	3.90e-02	2.48e-01	7.13e-01	0.00e+00	0.00e+00
 1.45917e+16	3.77e-11	4.87e-07	7.64e-04	4.43e-02	2.62e-01	6.93e-01	0.00e+00	0.00e+00
 1.50232e+16	4.94e-11	6.12e-07	9.20e-04	4.98e-02	2.76e-01	6.73e-01	0.00e+00	0.00e+00
 1.54001e+16	6.18e-11	7.41e-07	1.07e-03	5.50e-02	2.88e-01	6.56e-01	0.00e+00	0.00e+00
 1.57928e+16	7.89e-11	9.08e-07	1.26e-03	6.09e-02	3.01e-01	6.37e-01	0.00e+00	0.00e+00
 1.62189e+16	1.01e-10	1.12e-06	1.50e-03	6.77e-02	3.14e-01	6.17e-01	0.00e+00	0.00e+00
 1.66136e+16	1.26e-10	1.35e-06	1.75e-03	7.46e-02	3.26e-01	5.98e-01	0.00e+00	0.00e+00
 1.70517e+16	1.63e-10	1.67e-06	2.07e-03	8.29e-02	3.39e-01	5.76e-01	0.00e+00	0.00e+00
 1.75199e+16	2.10e-10	2.07e-06	2.47e-03	9.25e-02	3.53e-01	5.52e-01	0.00e+00	0.00e+00
 1.79428e+16	2.62e-10	2.50e-06	2.89e-03	1.02e-01	3.65e-01	5.31e-01	0.00e+00	0.00e+00
 1.84084e+16	3.40e-10	3.11e-06	3.44e-03	1.13e-01	3.78e-01	5.06e-01	0.00e+00	0.00e+00
 1.89096e+16	4.39e-10	3.86e-06	4.11e-03	1.26e-01	3.90e-01	4.80e-01	0.00e+00	0.00e+00
 1.93713e+16	5.56e-10	4.71e-06	4.84e-03	1.38e-01	4.01e-01	4.56e-01	0.00e+00	0.00e+00
 1.97993e+16	6.91e-10	5.67e-06	5.62e-03	1.51e-01	4.10e-01	4.33e-01	0.00e+00	0.00e+00
 2.02065e+16	8.50e-10	6.74e-06	6.47e-03	1.64e-01	4.18e-01	4.11e-01	0.00e+00	0.00e+00
 2.06734e+16	1.08e-09	8.25e-06	7.63e-03	1.80e-01	4.26e-01	3.86e-01	0.00e+00	0.00e+00
 2.11716e+16	1.39e-09	1.02e-05	9.05e-03	1.98e-01	4.34e-01	3.60e-01	0.00e+00	0.00e+00
 2.16023e+16	1.72e-09	1.21e-05	1.05e-02	2.14e-01	4.38e-01	3.37e-01	0.00e+00	0.00e+00
 2.19926e+16	2.09e-09	1.43e-05	1.19e-02	2.30e-01	4.42e-01	3.17e-01	0.00e+00	0.00e+00
 2.24388e+16	2.64e-09	1.73e-05	1.39e-02	2.49e-01	4.44e-01	2.93e-01	0.00e+00	0.00e+00
 2.28951e+16	3.33e-09	2.10e-05	1.63e-02	2.70e-01	4.44e-01	2.70e-01	0.00e+00	0.00e+00
 2.32606e+16	4.00e-09	2.45e-05	1.84e-02	2.87e-01	4.43e-01	2.51e-01	0.00e+00	0.00e+00
 2.35831e+16	4.75e-09	2.82e-05	2.06e-02	3.03e-01	4.41e-01	2.35e-01	0.00e+00	0.00e+00
 2.39539e+16	5.79e-09	3.32e-05	2.35e-02	3.23e-01	4.37e-01	2.16e-01	0.00e+00	0.00e+00
 2.43519e+16	7.23e-09	3.97e-05	2.71e-02	3.45e-01	4.32e-01	1.97e-01	0.00e+00	0.00e+00
 2.46937e+16	8.71e-09	4.62e-05	3.05e-02	3.64e-01	4.25e-01	1.81e-01	0.00e+00	0.00e+00
 2.49926e+16	1.02e-08	5.27e-05	3.40e-02	3.81e-01	4.18e-01	1.67e-01	0.00e+00	0.00e+00
 2.53269e+16	1.27e-08	6.25e-05	3.86e-02	4.02e-01	4.09e-01	1.51e-01	0.00e+00	0.00e+00
 2.56773e+16	1.54e-08	7.31e-05	4.38e-02	4.23e-01	3.97e-01	1.36e-01	0.00e+00	0.00e+00
 2.59730e+16	1.84e-08	8.45e-05	4.90e-02	4.42e-01	3.86e-01	1.23e-01	0.00e+00	0.00e+00
 2.62324e+16	2.20e-08	9.71e-05	5.42e-02	4.59e-01	3.75e-01	1.12e-01	0.00e+00	0.00e+00
 2.64822e+16	2.48e-08	1.08e-04	5.96e-02	4.75e-01	3.63e-01	1.02e-01	0.00e+00	0.00e+00
 2.67685e+16	3.00e-08	1.25e-04	6.68e-02	4.95e-01	3.48e-01	9.03e-02	0.00e+00	0.00e+00
 2.70632e+16	3.66e-08	1.47e-04	7.52e-02	5.14e-01	3.31e-01	7.90e-02	0.00e+00	0.00e+00
 2.72973e+16	4.58e-08	1.73e-04	8.33e-02	5.31e-01	3.16e-01	6.98e-02	0.00e+00	0.00e+00
 2.74838e+16	5.20e-08	1.92e-04	9.00e-02	5.43e-01	3.03e-01	6.32e-02	0.00e+00	0.00e+00
 2.76800e+16	5.89e-08	2.12e-04	9.78e-02	5.57e-01	2.89e-01	5.63e-02	0.00e+00	0.00e+00
 2.79005e+16	6.96e-08	2.42e-04	1.08e-01	5.72e-01	2.71e-01	4.89e-02	0.00e+00	0.00e+00
 2.80986e+16	8.22e-08	2.75e-04	1.17e-01	5.85e-01	2.55e-01	4.25e-02	0.00e+00	0.00e+00
 2.82613e+16	9.99e-08	3.15e-04	1.27e-01	5.96e-01	2.40e-01	3.71e-02	0.00e+00	0.00e+00
 2.84007e+16	1.08e-07	3.38e-04	1.35e-01	6.05e-01	2.27e-01	3.31e-02	0.00e+00	0.00e+00
 2.85514e+16	1.24e-07	3.75e-04	1.44e-01	6.15e-01	2.12e-01	2.87e-02	0.00e+00	0.00e+00
 2.87139e+16	1.45e-07	4.20e-04	1.56e-01	6.24e-01	1.95e-01	2.44e-02	0.00e+00	0.00e+00
 2.88526e+16	1.67e-07	4.67e-04	1.66e-01	6.32e-01	1.80e-01	2.08e-02	0.00e+00	0.00e+00
 2.89669e+16	1.89e-07	5.11e-04	1.75e-01	6.39e-01	1.68e-01	1.80e-02	0.00e+00	0.00e+00
 2.90719e+16	2.11e-07	5.56e-04	1.84e-01	6.44e-01	1.56e-01	1.55e-02	0.00e+00	0.00e+00
 2.91919e+16	2.51e-07	6.27e-04	1.95e-01	6.50e-01	1.41e-01	1.28e-02	0.00e+00	0.00e+00
 2.92954e+16	2.70e-07	6.64e-04	2.04e-01	6.55e-01	1.30e-01	1.09e-02	0.00e+00	0.00e+00
 2.93633e+16	3.02e-07	7.18e-04	2.11e-01	6.57e-01	1.21e-01	9.54e-03	0.00e+00	0.00e+00
 2.94229e+16	3.21e-07	7.51e-04	2.17e-01	6.60e-01	1.15e-01	8.54e-03	0.00e+00	0.00e+00
 2.94859e+16	3.49e-07	7.97e-04	2.23e-01	6.62e-01	1.07e-01	7.46e-03	0.00e+00	0.00e+00
 2.95677e+16	3.86e-07	8.57e-04	2.32e-01	6.64e-01	9.71e-02	6.21e-03	0.00e+00	0.00e+00
 2.96504e+16	4.25e-07	9.19e-04	2.40e-01	6.66e-01	8.77e-02	5.12e-03	0.00e+00	0.00e+00
 2.97160e+16	4.50e-07	9.61e-04	2.47e-01	6.67e-01	8.04e-02	4.36e-03	0.00e+00	0.00e+00
 2.97831e+16	5.01e-07	1.03e-03	2.54e-01	6.68e-01	7.27e-02	3.60e-03	0.00e+00	0.00e+00
 2.98526e+16	5.45e-07	1.10e-03	2.62e-01	6.69e-01	6.55e-02	2.95e-03	0.00e+00	0.00e+00
 2.99147e+16	5.87e-07	1.16e-03	2.68e-01	6.69e-01	5.91e-02	2.44e-03	0.00e+00	0.00e+00
 2.99847e+16	6.42e-07	1.23e-03	2.76e-01	6.69e-01	5.23e-02	1.94e-03	0.00e+00	0.00e+00
 3.00625e+16	7.05e-07	1.32e-03	2.84e-01	6.68e-01	4.55e-02	1.49e-03	0.00e+00	0.00e+00
 3.01359e+16	7.72e-07	1.41e-03	2.92e-01	6.66e-01	3.95e-02	1.14e-03	0.00e+00	0.00e+00
 3.02171e+16	8.49e-07	1.50e-03	3.00e-01	6.65e-01	3.35e-02	8.39e-04	0.00e+00	0.00e+00
 3.03076e+16	9.45e-07	1.62e-03	3.09e-01	6.61e-01	2.78e-02	5.89e-04	0.00e+00	0.00e+00
 3.03950e+16	1.04e-06	1.74e-03	3.17e-01	6.58e-01	2.31e-02	4.15e-04	0.00e+00	0.00e+00
 3.04933e+16	1.16e-06	1.87e-03	3.26e-01	6.54e-01	1.86e-02	2.75e-04	0.00e+00	0.00e+00
 3.06210e+16	1.33e-06	2.05e-03	3.36e-01	6.47e-01	1.41e-02	1.61e-04	0.00e+00	0.00e+00
 3.07627e+16	1.53e-06	2.26e-03	3.47e-01	6.40e-01	1.04e-02	9.04e-05	0.00e+00	0.00e+00
 3.09228e+16	1.78e-06	2.50e-03	3.59e-01	6.31e-01	7.42e-03	4.70e-05	0.00e+00	0.00e+00
 3.11308e+16	2.14e-06	2.83e-03	3.74e-01	6.18e-01	4.90e-03	2.09e-05	0.00e+00	0.00e+00
 3.14012e+16	2.69e-06	3.30e-03	3.92e-01	6.01e-01	2.96e-03	7.72e-06	0.00e+00	0.00e+00
 3.17022e+16	3.49e-06	3.92e-03	4.13e-01	5.81e-01	1.78e-03	2.81e-06	0.00e+00	0.00e+00
 3.19842e+16	4.48e-06	4.62e-03	4.33e-01	5.61e-01	1.15e-03	1.17e-06	0.00e+00	0.00e+00
 3.22463e+16	5.69e-06	5.43e-03	4.54e-01	5.40e-01	7.82e-04	5.37e-07	0.00e+00	0.00e+00
 3.25413e+16	7.54e-06	6.56e-03	4.78e-01	5.15e-01	5.13e-04	0.00e+00	0.00e+00	0.00e+00
 3.28520e+16	1.03e-05	8.12e-03	5.05e-01	4.86e-01	3.37e-04	0.00e+00	0.00e+00	0.00e+00
 3.30585e+16	1.31e-05	9.52e-03	5.25e-01	4.65e-01	2.59e-04	0.00e+00	0.00e+00	0.00e+00
 3.31604e+16	1.47e-05	1.03e-02	5.35e-01	4.54e-01	2.28e-04	0.00e+00	0.00e+00	0.00e+00
 3.32507e+16	1.63e-05	1.11e-02	5.44e-01	4.44e-01	2.01e-04	0.00e+00	0.00e+00	0.00e+00
 3.33681e+16	1.87e-05	1.21e-02	5.57e-01	4.31e-01	1.71e-04	0.00e+00	0.00e+00	0.00e+00
 3.35208e+16	2.24e-05	1.38e-02	5.73e-01	4.13e-01	1.38e-04	0.00e+00	0.00e+00	0.00e+00
 3.36810e+16	2.75e-05	1.58e-02	5.91e-01	3.93e-01	1.11e-04	0.00e+00	0.00e+00	0.00e+00
 3.38109e+16	3.27e-05	1.79e-02	6.06e-01	3.76e-01	9.33e-05	0.00e+00	0.00e+00	0.00e+00
 3.39178e+16	3.79e-05	1.98e-02	6.18e-01	3.62e-01	8.03e-05	0.00e+00	0.00e+00	0.00e+00
 3.40139e+16	4.34e-05	2.17e-02	6.29e-01	3.49e-01	7.00e-05	0.00e+00	0.00e+00	0.00e+00
 3.41021e+16	4.93e-05	2.37e-02	6.40e-01	3.37e-01	6.15e-05	0.00e+00	0.00e+00	0.00e+00
 3.42010e+16	5.70e-05	2.62e-02	6.51e-01	3.22e-01	5.29e-05	0.00e+00	0.00e+00	0.00e+00
 3.43061e+16	6.70e-05	2.93e-02	6.64e-01	3.07e-01	4.51e-05	0.00e+00	0.00e+00	0.00e+00
 3.43939e+16	7.71e-05	3.23e-02	6.74e-01	2.93e-01	3.94e-05	0.00e+00	0.00e+00	0.00e+00
 3.44672e+16	8.71e-05	3.51e-02	6.83e-01	2.82e-01	3.50e-05	0.00e+00	0.00e+00	0.00e+00
 3.45471e+16	9.94e-05	3.85e-02	6.92e-01	2.70e-01	3.06e-05	0.00e+00	0.00e+00	0.00e+00
 3.46361e+16	1.16e-04	4.28e-02	7.02e-01	2.55e-01	2.64e-05	0.00e+00	0.00e+00	0.00e+00
 3.47162e+16	1.34e-04	4.72e-02	7.10e-01	2.42e-01	2.29e-05	0.00e+00	0.00e+00	0.00e+00
 3.47846e+16	1.52e-04	5.16e-02	7.17e-01	2.31e-01	2.03e-05	0.00e+00	0.00e+00	0.00e+00
 3.48585e+16	1.74e-04	5.67e-02	7.24e-01	2.19e-01	1.76e-05	0.00e+00	0.00e+00	0.00e+00
 3.49389e+16	2.04e-04	6.32e-02	7.31e-01	2.05e-01	1.51e-05	0.00e+00	0.00e+00	0.00e+00
 3.50091e+16	2.34e-04	6.96e-02	7.37e-01	1.93e-01	1.31e-05	0.00e+00	0.00e+00	0.00e+00
 3.50685e+16	2.65e-04	7.58e-02	7.41e-01	1.83e-01	1.16e-05	0.00e+00	0.00e+00	0.00e+00
 3.51328e+16	3.03e-04	8.32e-02	7.44e-01	1.72e-01	1.01e-05	0.00e+00	0.00e+00	0.00e+00
 3.52036e+16	3.54e-04	9.24e-02	7.47e-01	1.60e-01	8.61e-06	0.00e+00	0.00e+00	0.00e+00
 3.52664e+16	4.09e-04	1.02e-01	7.48e-01	1.49e-01	7.44e-06	0.00e+00	0.00e+00	0.00e+00
 3.53203e+16	4.63e-04	1.11e-01	7.48e-01	1.40e-01	6.52e-06	0.00e+00	0.00e+00	0.00e+00
 3.53792e+16	5.33e-04	1.22e-01	7.47e-01	1.30e-01	5.60e-06	0.00e+00	0.00e+00	0.00e+00
 3.54435e+16	6.25e-04	1.36e-01	7.45e-01	1.19e-01	4.72e-06	0.00e+00	0.00e+00	0.00e+00
 3.55001e+16	7.23e-04	1.49e-01	7.40e-01	1.10e-01	4.03e-06	0.00e+00	0.00e+00	0.00e+00
 3.55487e+16	8.19e-04	1.63e-01	7.35e-01	1.02e-01	3.48e-06	0.00e+00	0.00e+00	0.00e+00
 3.56018e+16	9.43e-04	1.79e-01	7.28e-01	9.28e-02	2.95e-06	0.00e+00	0.00e+00	0.00e+00
 3.56605e+16	1.11e-03	1.99e-01	7.17e-01	8.34e-02	2.43e-06	0.00e+00	0.00e+00	0.00e+00
 3.57133e+16	1.29e-03	2.20e-01	7.04e-01	7.49e-02	2.02e-06	0.00e+00	0.00e+00	0.00e+00
 3.57594e+16	1.48e-03	2.40e-01	6.91e-01	6.78e-02	1.70e-06	0.00e+00	0.00e+00	0.00e+00
 3.58101e+16	1.72e-03	2.64e-01	6.74e-01	6.01e-02	1.39e-06	0.00e+00	0.00e+00	0.00e+00
 3.58664e+16	2.05e-03	2.95e-01	6.51e-01	5.20e-02	1.09e-06	0.00e+00	0.00e+00	0.00e+00
 3.59182e+16	2.42e-03	3.27e-01	6.26e-01	4.47e-02	8.60e-07	0.00e+00	0.00e+00	0.00e+00
 3.59647e+16	2.81e-03	3.59e-01	5.99e-01	3.85e-02	0.00e+00	0.00e+00	0.00e+00	0.00e+00
 3.60166e+16	3.34e-03	3.98e-01	5.66e-01	3.21e-02	0.00e+00	0.00e+00	0.00e+00	0.00e+00
 3.60731e+16	4.06e-03	4.46e-01	5.24e-01	2.56e-02	0.00e+00	0.00e+00	0.00e+00	0.00e+00
 3.61217e+16	4.86e-03	4.93e-01	4.82e-01	2.04e-02	0.00e+00	0.00e+00	0.00e+00	0.00e+00
 3.61609e+16	5.59e-03	5.33e-01	4.45e-01	1.67e-02	0.00e+00	0.00e+00	0.00e+00	0.00e+00
 3.61964e+16	6.37e-03	5.70e-01	4.10e-01	1.36e-02	0.00e+00	0.00e+00	0.00e+00	0.00e+00
 3.62369e+16	7.37e-03	6.14e-01	3.68e-01	1.06e-02	0.00e+00	0.00e+00	0.00e+00	0.00e+00
 3.62801e+16	8.68e-03	6.63e-01	3.21e-01	7.80e-03	0.00e+00	0.00e+00	0.00e+00	0.00e+00
 3.63160e+16	9.99e-03	7.04e-01	2.80e-01	5.83e-03	0.00e+00	0.00e+00	0.00e+00	0.00e+00
 3.63449e+16	1.12e-02	7.38e-01	2.47e-01	4.48e-03	0.00e+00	0.00e+00	0.00e+00	0.00e+00
 3.63756e+16	1.26e-02	7.71e-01	2.13e-01	3.33e-03	0.00e+00	0.00e+00	0.00e+00	0.00e+00
 3.64095e+16	1.45e-02	8.06e-01	1.78e-01	2.31e-03	0.00e+00	0.00e+00	0.00e+00	0.00e+00
 3.64389e+16	1.63e-02	8.34e-01	1.48e-01	1.61e-03	0.00e+00	0.00e+00	0.00e+00	0.00e+00
 3.64628e+16	1.81e-02	8.55e-01	1.26e-01	1.18e-03	0.00e+00	0.00e+00	0.00e+00	0.00e+00
 3.64829e+16	1.96e-02	8.72e-01	1.08e-01	8.84e-04	0.00e+00	0.00e+00	0.00e+00	0.00e+00
 3.65041e+16	2.15e-02	8.87e-01	9.13e-02	6.45e-04	0.00e+00	0.00e+00	0.00e+00	0.00e+00
 3.65317e+16	2.42e-02	9.03e-01	7.22e-02	4.14e-04	0.00e+00	0.00e+00	0.00e+00	0.00e+00
 3.65593e+16	2.74e-02	9.17e-01	5.53e-02	2.53e-04	0.00e+00	0.00e+00	0.00e+00	0.00e+00
 3.65798e+16	3.01e-02	9.25e-01	4.43e-02	1.69e-04	0.00e+00	0.00e+00	0.00e+00	0.00e+00
 3.65956e+16	3.24e-02	9.30e-01	3.72e-02	1.23e-04	0.00e+00	0.00e+00	0.00e+00	0.00e+00
 3.66123e+16	3.51e-02	9.34e-01	3.05e-02	8.54e-05	0.00e+00	0.00e+00	0.00e+00	0.00e+00
 3.66312e+16	3.85e-02	9.37e-01	2.42e-02	5.58e-05	0.00e+00	0.00e+00	0.00e+00	0.00e+00
 3.66487e+16	4.20e-02	9.39e-01	1.92e-02	3.66e-05	0.00e+00	0.00e+00	0.00e+00	0.00e+00
 3.66638e+16	4.53e-02	9.39e-01	1.55e-02	2.49e-05	0.00e+00	0.00e+00	0.00e+00	0.00e+00
 3.66773e+16	4.85e-02	9.39e-01	1.27e-02	1.74e-05	0.00e+00	0.00e+00	0.00e+00	0.00e+00
 3.66908e+16	5.20e-02	9.38e-01	1.04e-02	1.20e-05	0.00e+00	0.00e+00	0.00e+00	0.00e+00
 3.67045e+16	5.58e-02	9.36e-01	8.37e-03	8.14e-06	0.00e+00	0.00e+00	0.00e+00	0.00e+00
 3.67170e+16	5.98e-02	9.33e-01	6.82e-03	5.62e-06	0.00e+00	0.00e+00	0.00e+00	0.00e+00
 3.67279e+16	6.33e-02	9.31e-01	5.67e-03	4.01e-06	0.00e+00	0.00e+00	0.00e+00	0.00e+00
 3.67379e+16	6.68e-02	9.28e-01	4.76e-03	2.92e-06	0.00e+00	0.00e+00	0.00e+00	0.00e+00
 3.67475e+16	7.03e-02	9.26e-01	4.02e-03	2.14e-06	0.00e+00	0.00e+00	0.00e+00	0.00e+00
 3.67550e+16	7.31e-02	9.23e-01	3.51e-03	1.68e-06	0.00e+00	0.00e+00	0.00e+00	0.00e+00
 3.67598e+16	7.49e-02	9.22e-01	3.22e-03	1.43e-06	0.00e+00	0.00e+00	0.00e+00	0.00e+00
 3.67640e+16	7.67e-02	9.20e-01	2.97e-03	1.24e-06	0.00e+00	0.00e+00	0.00e+00	0.00e+00
 3.67690e+16	7.90e-02	9.18e-01	2.70e-03	1.04e-06	0.00e+00	0.00e+00	0.00e+00	0.00e+00
 3.67745e+16	8.16e-02	9.16e-01	2.42e-03	8.56e-07	0.00e+00	0.00e+00	0.00e+00	0.00e+00
 3.67799e+16	8.40e-02	9.14e-01	2.18e-03	0.00e+00	0.00e+00	0.00e+00	0.00e+00	0.00e+00
 3.67848e+16	8.63e-02	9.12e-01	1.98e-03	0.00e+00	0.00e+00	0.00e+00	0.00e+00	0.00e+00
 3.67896e+16	8.87e-02	9.10e-01	1.80e-03	0.00e+00	0.00e+00	0.00e+00	0.00e+00	0.00e+00
 3.67945e+16	9.13e-02	9.07e-01	1.63e-03	0.00e+00	0.00e+00	0.00e+00	0.00e+00	0.00e+00
 3.67994e+16	9.40e-02	9.05e-01	1.47e-03	0.00e+00	0.00e+00	0.00e+00	0.00e+00	0.00e+00
 3.68042e+16	9.66e-02	9.02e-01	1.33e-03	0.00e+00	0.00e+00	0.00e+00	0.00e+00	0.00e+00
 3.68089e+16	9.94e-02	8.99e-01	1.21e-03	0.00e+00	0.00e+00	0.00e+00	0.00e+00	0.00e+00
 3.68135e+16	1.02e-01	8.97e-01	1.10e-03	0.00e+00	0.00e+00	0.00e+00	0.00e+00	0.00e+00
 3.68181e+16	1.05e-01	8.94e-01	9.91e-04	0.00e+00	0.00e+00	0.00e+00	0.00e+00	0.00e+00
 3.68227e+16	1.08e-01	8.91e-01	8.97e-04	0.00e+00	0.00e+00	0.00e+00	0.00e+00	0.00e+00
 3.68272e+16	1.11e-01	8.88e-01	8.11e-04	0.00e+00	0.00e+00	0.00e+00	0.00e+00	0.00e+00
 3.68316e+16	1.14e-01	8.85e-01	7.35e-04	0.00e+00	0.00e+00	0.00e+00	0.00e+00	0.00e+00
 3.68361e+16	1.18e-01	8.81e-01	6.64e-04	0.00e+00	0.00e+00	0.00e+00	0.00e+00	0.00e+00
 3.68405e+16	1.21e-01	8.78e-01	6.00e-04	0.00e+00	0.00e+00	0.00e+00	0.00e+00	0.00e+00
 3.68448e+16	1.25e-01	8.75e-01	5.43e-04	0.00e+00	0.00e+00	0.00e+00	0.00e+00	0.00e+00
 3.68490e+16	1.29e-01	8.71e-01	4.92e-04	0.00e+00	0.00e+00	0.00e+00	0.00e+00	0.00e+00
 3.68532e+16	1.32e-01	8.67e-01	4.44e-04	0.00e+00	0.00e+00	0.00e+00	0.00e+00	0.00e+00
 3.68573e+16	1.37e-01	8.63e-01	4.02e-04	0.00e+00	0.00e+00	0.00e+00	0.00e+00	0.00e+00
 3.68615e+16	1.41e-01	8.59e-01	3.63e-04	0.00e+00	0.00e+00	0.00e+00	0.00e+00	0.00e+00
 3.68655e+16	1.46e-01	8.54e-01	3.28e-04	0.00e+00	0.00e+00	0.00e+00	0.00e+00	0.00e+00
 3.68695e+16	1.51e-01	8.49e-01	2.96e-04	0.00e+00	0.00e+00	0.00e+00	0.00e+00	0.00e+00
 3.68736e+16	1.56e-01	8.44e-01	2.67e-04	0.00e+00	0.00e+00	0.00e+00	0.00e+00	0.00e+00
 3.68775e+16	1.61e-01	8.38e-01	2.41e-04	0.00e+00	0.00e+00	0.00e+00	0.00e+00	0.00e+00
 3.68813e+16	1.67e-01	8.32e-01	2.18e-04	0.00e+00	0.00e+00	0.00e+00	0.00e+00	0.00e+00
 3.68851e+16	1.73e-01	8.26e-01	1.97e-04	0.00e+00	0.00e+00	0.00e+00	0.00e+00	0.00e+00
 3.68889e+16	1.80e-01	8.20e-01	1.77e-04	0.00e+00	0.00e+00	0.00e+00	0.00e+00	0.00e+00
 3.68927e+16	1.87e-01	8.13e-01	1.60e-04	0.00e+00	0.00e+00	0.00e+00	0.00e+00	0.00e+00
 3.68963e+16	1.94e-01	8.06e-01	1.45e-04	0.00e+00	0.00e+00	0.00e+00	0.00e+00	0.00e+00
 3.68998e+16	2.02e-01	7.98e-01	1.31e-04	0.00e+00	0.00e+00	0.00e+00	0.00e+00	0.00e+00
 3.69033e+16	2.11e-01	7.89e-01	1.18e-04	0.00e+00	0.00e+00	0.00e+00	0.00e+00	0.00e+00
 3.69067e+16	2.20e-01	7.80e-01	1.07e-04	0.00e+00	0.00e+00	0.00e+00	0.00e+00	0.00e+00
 3.69100e+16	2.29e-01	7.71e-01	9.66e-05	0.00e+00	0.00e+00	0.00e+00	0.00e+00	0.00e+00
 3.69132e+16	2.39e-01	7.61e-01	8.72e-05	0.00e+00	0.00e+00	0.00e+00	0.00e+00	0.00e+00
 3.69165e+16	2.50e-01	7.50e-01	7.88e-05	0.00e+00	0.00e+00	0.00e+00	0.00e+00	0.00e+00
 3.69196e+16	2.61e-01	7.39e-01	7.12e-05	0.00e+00	0.00e+00	0.00e+00	0.00e+00	0.00e+00
 3.69228e+16	2.73e-01	7.27e-01	6.42e-05	0.00e+00	0.00e+00	0.00e+00	0.00e+00	0.00e+00
 3.69259e+16	2.86e-01	7.14e-01	5.79e-05	0.00e+00	0.00e+00	0.00e+00	0.00e+00	0.00e+00
 3.69289e+16	2.99e-01	7.01e-01	5.22e-05	0.00e+00	0.00e+00	0.00e+00	0.00e+00	0.00e+00
 3.69319e+16	3.14e-01	6.86e-01	4.70e-05	0.00e+00	0.00e+00	0.00e+00	0.00e+00	0.00e+00
 3.69348e+16	3.29e-01	6.71e-01	4.23e-05	0.00e+00	0.00e+00	0.00e+00	0.00e+00	0.00e+00
 3.69377e+16	3.47e-01	6.53e-01	3.79e-05	0.00e+00	0.00e+00	0.00e+00	0.00e+00	0.00e+00
