#depth	C	C+	C+2	C+3	C+4	C+5	C+6	C[1]	C[2]	C[3]	C+[1]	C+[2]	CO
 1.49634e+10	5.61e-48	1.95e-36	8.63e-26	8.73e-16	4.63e-05	2.28e-01	7.72e-01	0.00e+00	0.00e+00	0.00e+00	0.00e+00	0.00e+00	0.00e+00
 4.54887e+10	0.00e+00	2.84e-36	1.16e-25	1.08e-15	5.32e-05	2.42e-01	7.58e-01	0.00e+00	0.00e+00	0.00e+00	0.00e+00	0.00e+00	0.00e+00
 7.72350e+10	1.39e-47	4.14e-36	1.56e-25	1.35e-15	6.11e-05	2.57e-01	7.43e-01	0.00e+00	0.00e+00	0.00e+00	0.00e+00	0.00e+00	0.00e+00
 1.10251e+11	0.00e+00	6.02e-36	2.10e-25	1.68e-15	7.01e-05	2.72e-01	7.28e-01	0.00e+00	0.00e+00	0.00e+00	0.00e+00	0.00e+00	0.00e+00
 1.41375e+11	3.30e-47	8.44e-36	2.74e-25	2.04e-15	7.94e-05	2.87e-01	7.13e-01	0.00e+00	0.00e+00	0.00e+00	0.00e+00	0.00e+00	0.00e+00
 1.69323e+11	0.00e+00	1.13e-35	3.46e-25	2.41e-15	8.84e-05	3.00e-01	7.00e-01	0.00e+00	0.00e+00	0.00e+00	0.00e+00	0.00e+00	0.00e+00
 2.00733e+11	6.93e-47	1.56e-35	4.44e-25	2.90e-15	9.93e-05	3.14e-01	6.86e-01	0.00e+00	0.00e+00	0.00e+00	0.00e+00	0.00e+00	0.00e+00
 2.37820e+11	0.00e+00	2.24e-35	5.91e-25	3.57e-15	1.13e-04	3.31e-01	6.69e-01	0.00e+00	0.00e+00	0.00e+00	0.00e+00	0.00e+00	0.00e+00
 2.74756e+11	1.64e-46	3.16e-35	7.75e-25	4.35e-15	1.28e-04	3.48e-01	6.52e-01	0.00e+00	0.00e+00	0.00e+00	0.00e+00	0.00e+00	6.57e-147
 3.09391e+11	0.00e+00	0.00e+00	9.91e-25	5.20e-15	1.43e-04	3.63e-01	6.37e-01	0.00e+00	0.00e+00	0.00e+00	0.00e+00	0.00e+00	3.05e-211
 3.47914e+11	0.00e+00	6.04e-35	1.29e-24	6.30e-15	1.61e-04	3.80e-01	6.20e-01	0.00e+00	0.00e+00	0.00e+00	0.00e+00	0.00e+00	9.44e-276
 3.91758e+11	5.60e-46	8.71e-35	1.72e-24	7.75e-15	1.83e-04	3.99e-01	6.01e-01	0.00e+00	0.00e+00	0.00e+00	0.00e+00	0.00e+00	1.57e-145
 4.35251e+11	0.00e+00	1.23e-34	2.26e-24	9.44e-15	2.07e-04	4.17e-01	5.83e-01	0.00e+00	0.00e+00	0.00e+00	0.00e+00	0.00e+00	1.90e-210
 4.80484e+11	1.31e-45	1.75e-34	2.96e-24	1.15e-14	2.34e-04	4.35e-01	5.64e-01	0.00e+00	0.00e+00	0.00e+00	0.00e+00	0.00e+00	1.49e-275
 5.29630e+11	0.00e+00	2.51e-34	3.93e-24	1.41e-14	2.65e-04	4.55e-01	5.45e-01	0.00e+00	0.00e+00	0.00e+00	0.00e+00	0.00e+00	7.27e-166
 5.80742e+11	3.15e-45	3.60e-34	5.21e-24	1.73e-14	3.00e-04	4.75e-01	5.25e-01	0.00e+00	0.00e+00	0.00e+00	0.00e+00	0.00e+00	2.16e-231
 6.33899e+11	0.00e+00	5.15e-34	6.90e-24	2.11e-14	3.39e-04	4.94e-01	5.05e-01	0.00e+00	0.00e+00	0.00e+00	0.00e+00	0.00e+00	4.13e-297
 6.89181e+11	7.57e-45	7.38e-34	9.12e-24	2.58e-14	3.82e-04	5.14e-01	4.85e-01	0.00e+00	0.00e+00	0.00e+00	0.00e+00	0.00e+00	1.37e-142
 7.46675e+11	0.00e+00	1.05e-33	1.20e-23	3.14e-14	4.31e-04	5.34e-01	4.66e-01	0.00e+00	0.00e+00	0.00e+00	0.00e+00	0.00e+00	9.68e-209
 8.06469e+11	1.81e-44	1.51e-33	1.59e-23	3.83e-14	4.85e-04	5.54e-01	4.46e-01	0.00e+00	0.00e+00	0.00e+00	0.00e+00	0.00e+00	1.35e-141
 8.68655e+11	0.00e+00	2.15e-33	2.09e-23	4.66e-14	5.45e-04	5.73e-01	4.26e-01	0.00e+00	0.00e+00	0.00e+00	0.00e+00	0.00e+00	3.61e-208
 9.33328e+11	4.31e-44	3.06e-33	2.75e-23	5.67e-14	6.11e-04	5.92e-01	4.07e-01	0.00e+00	0.00e+00	0.00e+00	0.00e+00	0.00e+00	1.33e-140
 1.00059e+12	0.00e+00	4.35e-33	3.62e-23	6.88e-14	6.85e-04	6.11e-01	3.88e-01	0.00e+00	0.00e+00	0.00e+00	0.00e+00	0.00e+00	1.33e-207
 1.07054e+12	1.02e-43	6.19e-33	4.75e-23	8.34e-14	7.67e-04	6.30e-01	3.69e-01	0.00e+00	0.00e+00	0.00e+00	0.00e+00	0.00e+00	1.30e-139
 1.14329e+12	0.00e+00	8.80e-33	6.24e-23	1.01e-13	8.58e-04	6.48e-01	3.51e-01	0.00e+00	0.00e+00	0.00e+00	0.00e+00	0.00e+00	4.84e-207
 1.21894e+12	2.42e-43	1.25e-32	8.18e-23	1.22e-13	9.58e-04	6.66e-01	3.33e-01	0.00e+00	0.00e+00	0.00e+00	0.00e+00	0.00e+00	1.28e-138
 1.29304e+12	0.00e+00	1.74e-32	1.05e-22	1.46e-13	1.06e-03	6.83e-01	3.16e-01	0.00e+00	0.00e+00	0.00e+00	0.00e+00	0.00e+00	1.75e-206
 1.36171e+12	5.21e-43	2.33e-32	1.32e-22	1.71e-13	1.16e-03	6.97e-01	3.02e-01	0.00e+00	0.00e+00	0.00e+00	0.00e+00	0.00e+00	9.82e-138
 1.43771e+12	0.00e+00	3.19e-32	1.69e-22	2.03e-13	1.28e-03	7.12e-01	2.87e-01	0.00e+00	0.00e+00	0.00e+00	0.00e+00	0.00e+00	5.37e-206
 1.52515e+12	1.18e-42	4.52e-32	2.20e-22	2.45e-13	1.43e-03	7.28e-01	2.71e-01	0.00e+00	0.00e+00	0.00e+00	0.00e+00	0.00e+00	8.62e-137
 1.61122e+12	0.00e+00	6.28e-32	2.84e-22	2.93e-13	1.58e-03	7.43e-01	2.56e-01	0.00e+00	0.00e+00	0.00e+00	0.00e+00	0.00e+00	1.64e-205
 1.70074e+12	2.65e-42	8.74e-32	3.66e-22	3.49e-13	1.75e-03	7.57e-01	2.42e-01	0.00e+00	0.00e+00	0.00e+00	0.00e+00	0.00e+00	7.52e-136
 1.79870e+12	0.00e+00	1.24e-31	4.78e-22	4.20e-13	1.94e-03	7.71e-01	2.27e-01	0.00e+00	0.00e+00	0.00e+00	0.00e+00	0.00e+00	4.56e-205
 1.89824e+12	6.17e-42	1.73e-31	6.20e-22	5.04e-13	2.15e-03	7.84e-01	2.13e-01	0.00e+00	0.00e+00	0.00e+00	0.00e+00	0.00e+00	7.21e-135
 2.00177e+12	0.00e+00	2.44e-31	8.04e-22	6.04e-13	2.38e-03	7.97e-01	2.00e-01	0.00e+00	0.00e+00	0.00e+00	0.00e+00	0.00e+00	1.13e-204
 2.11177e+12	1.44e-41	3.44e-31	1.05e-21	7.26e-13	2.64e-03	8.10e-01	1.88e-01	0.00e+00	0.00e+00	0.00e+00	0.00e+00	0.00e+00	6.94e-134
 2.22617e+12	0.00e+00	4.87e-31	1.37e-21	8.72e-13	2.92e-03	8.21e-01	1.76e-01	0.00e+00	0.00e+00	0.00e+00	0.00e+00	0.00e+00	1.17e-204
 2.34514e+12	3.38e-41	6.89e-31	1.78e-21	1.05e-12	3.23e-03	8.33e-01	1.64e-01	0.00e+00	0.00e+00	0.00e+00	0.00e+00	0.00e+00	6.88e-133
 2.46888e+12	0.00e+00	9.74e-31	2.32e-21	1.26e-12	3.58e-03	8.43e-01	1.53e-01	0.00e+00	0.00e+00	0.00e+00	0.00e+00	0.00e+00	0.00e+00
 2.59756e+12	7.96e-41	1.38e-30	3.03e-21	1.51e-12	3.96e-03	8.53e-01	1.43e-01	0.00e+00	0.00e+00	0.00e+00	0.00e+00	0.00e+00	6.86e-132
 2.73139e+12	0.00e+00	1.95e-30	3.96e-21	1.82e-12	4.38e-03	8.63e-01	1.33e-01	0.00e+00	0.00e+00	0.00e+00	0.00e+00	0.00e+00	0.00e+00
 2.87057e+12	1.88e-40	2.76e-30	5.16e-21	2.18e-12	4.84e-03	8.71e-01	1.24e-01	0.00e+00	0.00e+00	0.00e+00	0.00e+00	0.00e+00	6.87e-131
 3.00169e+12	0.00e+00	3.79e-30	6.57e-21	2.58e-12	5.30e-03	8.79e-01	1.16e-01	0.00e+00	0.00e+00	0.00e+00	0.00e+00	0.00e+00	0.00e+00
 3.11933e+12	3.90e-40	4.99e-30	8.10e-21	2.98e-12	5.74e-03	8.85e-01	1.09e-01	0.00e+00	0.00e+00	0.00e+00	0.00e+00	0.00e+00	4.87e-130
 3.25152e+12	0.00e+00	6.73e-30	1.02e-20	3.49e-12	6.25e-03	8.91e-01	1.03e-01	0.00e+00	0.00e+00	0.00e+00	0.00e+00	0.00e+00	0.00e+00
 3.40772e+12	8.63e-40	9.48e-30	1.32e-20	4.17e-12	6.90e-03	8.98e-01	9.52e-02	0.00e+00	0.00e+00	0.00e+00	0.00e+00	0.00e+00	4.09e-129
 3.56379e+12	0.00e+00	1.32e-29	1.70e-20	4.96e-12	7.58e-03	9.04e-01	8.86e-02	0.00e+00	0.00e+00	0.00e+00	0.00e+00	0.00e+00	0.00e+00
 3.71082e+12	1.88e-39	1.78e-29	2.14e-20	5.80e-12	8.25e-03	9.09e-01	8.30e-02	0.00e+00	0.00e+00	0.00e+00	0.00e+00	0.00e+00	3.29e-128
 3.87389e+12	0.00e+00	2.46e-29	2.74e-20	6.87e-12	9.04e-03	9.14e-01	7.73e-02	0.00e+00	0.00e+00	0.00e+00	0.00e+00	0.00e+00	0.00e+00
 4.05877e+12	4.33e-39	3.49e-29	3.59e-20	8.27e-12	9.98e-03	9.19e-01	7.14e-02	0.00e+00	0.00e+00	0.00e+00	0.00e+00	0.00e+00	3.08e-127
 4.24357e+12	0.00e+00	4.92e-29	4.65e-20	9.88e-12	1.10e-02	9.23e-01	6.61e-02	0.00e+00	0.00e+00	0.00e+00	0.00e+00	0.00e+00	0.00e+00
 4.43576e+12	1.01e-38	6.91e-29	6.03e-20	1.18e-11	1.21e-02	9.27e-01	6.12e-02	0.00e+00	0.00e+00	0.00e+00	0.00e+00	0.00e+00	2.94e-126
 4.64312e+12	0.00e+00	9.87e-29	7.92e-20	1.42e-11	1.34e-02	9.30e-01	5.64e-02	0.00e+00	0.00e+00	0.00e+00	0.00e+00	0.00e+00	0.00e+00
 4.83754e+12	2.33e-38	1.36e-28	1.01e-19	1.68e-11	1.46e-02	9.33e-01	5.24e-02	0.00e+00	0.00e+00	0.00e+00	0.00e+00	0.00e+00	2.76e-125
 5.01097e+12	0.00e+00	1.80e-28	1.25e-19	1.94e-11	1.58e-02	9.35e-01	4.91e-02	0.00e+00	0.00e+00	0.00e+00	0.00e+00	0.00e+00	0.00e+00
 5.20585e+12	4.79e-38	2.44e-28	1.58e-19	2.28e-11	1.72e-02	9.37e-01	4.57e-02	0.00e+00	0.00e+00	0.00e+00	0.00e+00	0.00e+00	1.89e-124
 5.43728e+12	0.00e+00	3.44e-28	2.06e-19	2.73e-11	1.89e-02	9.39e-01	4.22e-02	0.00e+00	0.00e+00	0.00e+00	0.00e+00	0.00e+00	0.00e+00
 5.66969e+12	1.12e-37	4.85e-28	2.67e-19	3.26e-11	2.08e-02	9.40e-01	3.89e-02	0.00e+00	0.00e+00	0.00e+00	0.00e+00	0.00e+00	1.82e-123
 5.88625e+12	0.00e+00	6.58e-28	3.37e-19	3.82e-11	2.26e-02	9.41e-01	3.62e-02	0.00e+00	0.00e+00	0.00e+00	0.00e+00	0.00e+00	0.00e+00
 6.12649e+12	2.45e-37	9.10e-28	4.32e-19	4.52e-11	2.47e-02	9.42e-01	3.34e-02	0.00e+00	0.00e+00	0.00e+00	0.00e+00	0.00e+00	1.45e-122
 6.40147e+12	0.00e+00	1.31e-27	5.71e-19	5.47e-11	2.73e-02	9.42e-01	3.06e-02	0.00e+00	0.00e+00	0.00e+00	0.00e+00	0.00e+00	0.00e+00
 6.67104e+12	5.86e-37	1.84e-27	7.40e-19	6.53e-11	2.99e-02	9.42e-01	2.82e-02	0.00e+00	0.00e+00	0.00e+00	0.00e+00	0.00e+00	1.47e-121
 6.95139e+12	0.00e+00	2.60e-27	9.64e-19	7.81e-11	3.28e-02	9.41e-01	2.59e-02	0.00e+00	0.00e+00	0.00e+00	0.00e+00	0.00e+00	0.00e+00
 7.25938e+12	1.41e-36	3.74e-27	1.27e-18	9.42e-11	3.62e-02	9.40e-01	2.36e-02	0.00e+00	0.00e+00	0.00e+00	0.00e+00	0.00e+00	1.51e-120
 7.57003e+12	0.00e+00	5.35e-27	1.67e-18	1.14e-10	3.98e-02	9.39e-01	2.16e-02	0.00e+00	0.00e+00	0.00e+00	0.00e+00	0.00e+00	0.00e+00
 7.89311e+12	3.40e-36	7.63e-27	2.19e-18	1.36e-10	4.38e-02	9.36e-01	1.98e-02	0.00e+00	0.00e+00	0.00e+00	0.00e+00	0.00e+00	1.56e-119
 8.23876e+12	0.00e+00	1.10e-26	2.90e-18	1.65e-10	4.82e-02	9.34e-01	1.80e-02	0.00e+00	0.00e+00	0.00e+00	0.00e+00	0.00e+00	0.00e+00
 8.58076e+12	8.25e-36	1.56e-26	3.79e-18	1.98e-10	5.29e-02	9.31e-01	1.64e-02	0.00e+00	0.00e+00	0.00e+00	0.00e+00	0.00e+00	1.62e-118
 8.93645e+12	0.00e+00	2.22e-26	4.96e-18	2.37e-10	5.80e-02	9.27e-01	1.50e-02	0.00e+00	0.00e+00	0.00e+00	0.00e+00	0.00e+00	0.00e+00
 9.32383e+12	2.00e-35	3.20e-26	6.57e-18	2.87e-10	6.38e-02	9.23e-01	1.36e-02	0.00e+00	0.00e+00	0.00e+00	0.00e+00	0.00e+00	1.70e-117
 9.72671e+12	0.00e+00	4.62e-26	8.71e-18	3.47e-10	7.02e-02	9.17e-01	1.23e-02	0.00e+00	0.00e+00	0.00e+00	0.00e+00	0.00e+00	0.00e+00
 1.01457e+13	4.97e-35	6.67e-26	1.15e-17	4.20e-10	7.72e-02	9.12e-01	1.12e-02	0.00e+00	0.00e+00	0.00e+00	0.00e+00	0.00e+00	1.87e-116
 1.05815e+13	7.82e-35	9.63e-26	1.53e-17	5.08e-10	8.48e-02	9.05e-01	1.01e-02	0.00e+00	0.00e+00	0.00e+00	0.00e+00	0.00e+00	0.00e+00
 1.10346e+13	1.23e-34	1.39e-25	2.03e-17	6.13e-10	9.31e-02	8.98e-01	9.12e-03	0.00e+00	0.00e+00	0.00e+00	0.00e+00	0.00e+00	2.05e-115
 1.14450e+13	1.82e-34	1.91e-25	2.59e-17	7.24e-10	1.01e-01	8.91e-01	8.33e-03	0.00e+00	0.00e+00	0.00e+00	0.00e+00	0.00e+00	9.46e-98
 1.17878e+13	2.51e-34	2.47e-25	3.16e-17	8.27e-10	1.08e-01	8.85e-01	7.74e-03	0.00e+00	0.00e+00	0.00e+00	0.00e+00	0.00e+00	0.00e+00
 1.21637e+13	3.51e-34	3.25e-25	3.90e-17	9.53e-10	1.15e-01	8.78e-01	7.15e-03	0.00e+00	0.00e+00	0.00e+00	0.00e+00	0.00e+00	3.29e-114
 1.26386e+13	5.30e-34	4.54e-25	5.04e-17	1.13e-09	1.25e-01	8.68e-01	6.48e-03	0.00e+00	0.00e+00	0.00e+00	0.00e+00	0.00e+00	1.03e-96
 1.31334e+13	8.01e-34	6.34e-25	6.53e-17	1.35e-09	1.36e-01	8.58e-01	5.87e-03	0.00e+00	0.00e+00	0.00e+00	0.00e+00	0.00e+00	6.85e-286
 1.35566e+13	1.12e-33	8.35e-25	8.07e-17	1.55e-09	1.45e-01	8.49e-01	5.40e-03	0.00e+00	0.00e+00	0.00e+00	0.00e+00	0.00e+00	7.18e-113
 1.39958e+13	1.58e-33	1.10e-24	9.97e-17	1.79e-09	1.55e-01	8.40e-01	4.96e-03	0.00e+00	0.00e+00	0.00e+00	0.00e+00	0.00e+00	1.17e-95
 1.45438e+13	2.37e-33	1.53e-24	1.29e-16	2.12e-09	1.68e-01	8.27e-01	4.47e-03	0.00e+00	0.00e+00	0.00e+00	0.00e+00	0.00e+00	3.37e-283
 1.50994e+13	3.52e-33	2.11e-24	1.65e-16	2.50e-09	1.81e-01	8.15e-01	4.03e-03	0.00e+00	0.00e+00	0.00e+00	0.00e+00	0.00e+00	1.50e-111
 1.55822e+13	4.89e-33	2.75e-24	2.03e-16	2.87e-09	1.93e-01	8.03e-01	3.70e-03	0.00e+00	0.00e+00	0.00e+00	0.00e+00	0.00e+00	1.46e-94
 1.61045e+13	6.89e-33	3.63e-24	2.51e-16	3.31e-09	2.06e-01	7.91e-01	3.37e-03	0.00e+00	0.00e+00	0.00e+00	0.00e+00	0.00e+00	9.10e-111
 1.67428e+13	1.03e-32	5.03e-24	3.23e-16	3.92e-09	2.22e-01	7.75e-01	3.02e-03	0.00e+00	0.00e+00	0.00e+00	0.00e+00	0.00e+00	7.69e-94
 1.73932e+13	1.52e-32	6.91e-24	4.13e-16	4.61e-09	2.38e-01	7.59e-01	2.71e-03	0.00e+00	0.00e+00	0.00e+00	0.00e+00	0.00e+00	7.70e-110
 1.79876e+13	2.14e-32	9.11e-24	5.11e-16	5.31e-09	2.54e-01	7.44e-01	2.46e-03	0.00e+00	0.00e+00	0.00e+00	0.00e+00	0.00e+00	3.97e-93
 1.86478e+13	3.07e-32	1.22e-23	6.41e-16	6.16e-09	2.70e-01	7.28e-01	2.21e-03	0.00e+00	0.00e+00	0.00e+00	0.00e+00	0.00e+00	5.22e-109
 1.94164e+13	4.60e-32	1.69e-23	8.25e-16	7.28e-09	2.90e-01	7.08e-01	1.96e-03	0.00e+00	0.00e+00	0.00e+00	0.00e+00	0.00e+00	2.24e-92
 2.01772e+13	6.73e-32	2.30e-23	1.04e-15	8.50e-09	3.09e-01	6.89e-01	1.75e-03	0.00e+00	0.00e+00	0.00e+00	0.00e+00	0.00e+00	4.46e-108
 2.09040e+13	9.51e-32	3.05e-23	1.30e-15	9.78e-09	3.27e-01	6.71e-01	1.57e-03	0.00e+00	0.00e+00	0.00e+00	0.00e+00	0.00e+00	1.16e-91
 2.17056e+13	1.37e-31	4.09e-23	1.62e-15	1.13e-08	3.47e-01	6.51e-01	1.40e-03	0.00e+00	0.00e+00	0.00e+00	0.00e+00	0.00e+00	3.19e-107
 2.26038e+13	2.02e-31	5.60e-23	2.07e-15	1.32e-08	3.69e-01	6.29e-01	1.23e-03	0.00e+00	0.00e+00	0.00e+00	0.00e+00	0.00e+00	6.54e-91
 2.35063e+13	2.93e-31	7.56e-23	2.60e-15	1.54e-08	3.91e-01	6.08e-01	1.09e-03	0.00e+00	0.00e+00	0.00e+00	0.00e+00	0.00e+00	2.68e-106
 2.43155e+13	4.03e-31	9.77e-23	3.16e-15	1.74e-08	4.10e-01	5.89e-01	9.75e-04	0.00e+00	0.00e+00	0.00e+00	0.00e+00	0.00e+00	3.22e-90
 2.50016e+13	5.22e-31	1.20e-22	3.71e-15	1.93e-08	4.26e-01	5.74e-01	8.92e-04	0.00e+00	0.00e+00	0.00e+00	0.00e+00	0.00e+00	1.37e-105
 2.57412e+13	6.84e-31	1.50e-22	4.37e-15	2.14e-08	4.42e-01	5.57e-01	8.11e-04	0.00e+00	0.00e+00	0.00e+00	0.00e+00	0.00e+00	1.11e-89
 2.66973e+13	9.56e-31	1.96e-22	5.37e-15	2.44e-08	4.63e-01	5.36e-01	7.20e-04	0.00e+00	0.00e+00	0.00e+00	0.00e+00	0.00e+00	7.74e-105
 2.76942e+13	1.34e-30	2.56e-22	6.58e-15	2.77e-08	4.84e-01	5.15e-01	6.37e-04	0.00e+00	0.00e+00	0.00e+00	0.00e+00	0.00e+00	5.35e-89
 2.85487e+13	1.76e-30	3.19e-22	7.77e-15	3.08e-08	5.01e-01	4.98e-01	5.75e-04	0.00e+00	0.00e+00	0.00e+00	0.00e+00	0.00e+00	4.47e-104
 2.94591e+13	2.33e-30	3.99e-22	9.20e-15	3.42e-08	5.19e-01	4.80e-01	5.17e-04	0.00e+00	0.00e+00	0.00e+00	0.00e+00	0.00e+00	2.01e-88
 3.05881e+13	3.26e-30	5.22e-22	1.13e-14	3.88e-08	5.40e-01	4.59e-01	4.55e-04	0.00e+00	0.00e+00	0.00e+00	0.00e+00	0.00e+00	2.70e-103
 3.17476e+13	4.53e-30	6.79e-22	1.37e-14	4.38e-08	5.61e-01	4.38e-01	4.00e-04	0.00e+00	0.00e+00	0.00e+00	0.00e+00	0.00e+00	9.83e-88
 3.27919e+13	6.02e-30	8.51e-22	1.62e-14	4.86e-08	5.79e-01	4.20e-01	3.57e-04	0.00e+00	0.00e+00	0.00e+00	0.00e+00	0.00e+00	1.63e-102
 3.39400e+13	8.12e-30	1.08e-21	1.94e-14	5.42e-08	5.98e-01	4.02e-01	3.16e-04	0.00e+00	0.00e+00	0.00e+00	0.00e+00	0.00e+00	4.04e-87
 3.51947e+13	1.11e-29	1.39e-21	2.34e-14	6.07e-08	6.17e-01	3.83e-01	2.78e-04	0.00e+00	0.00e+00	0.00e+00	0.00e+00	0.00e+00	1.01e-101
 3.63359e+13	1.46e-29	1.72e-21	2.75e-14	6.69e-08	6.34e-01	3.66e-01	2.48e-04	0.00e+00	0.00e+00	0.00e+00	0.00e+00	0.00e+00	1.70e-86
 3.75671e+13	1.95e-29	2.16e-21	3.25e-14	7.40e-08	6.51e-01	3.49e-01	2.20e-04	0.00e+00	0.00e+00	0.00e+00	0.00e+00	0.00e+00	5.39e-101
 3.89483e+13	2.64e-29	2.75e-21	3.89e-14	8.24e-08	6.69e-01	3.31e-01	1.93e-04	0.00e+00	0.00e+00	0.00e+00	0.00e+00	0.00e+00	7.28e-86
 4.02566e+13	3.50e-29	3.43e-21	4.57e-14	9.08e-08	6.85e-01	3.15e-01	1.71e-04	0.00e+00	0.00e+00	0.00e+00	0.00e+00	0.00e+00	3.17e-100
 4.16896e+13	4.69e-29	4.32e-21	5.42e-14	1.00e-07	7.01e-01	2.99e-01	1.50e-04	0.00e+00	0.00e+00	0.00e+00	0.00e+00	0.00e+00	3.02e-85
 4.32766e+13	6.41e-29	5.53e-21	6.49e-14	1.12e-07	7.18e-01	2.82e-01	1.30e-04	0.00e+00	0.00e+00	0.00e+00	0.00e+00	0.00e+00	2.01e-99
 4.47524e+13	8.47e-29	6.88e-21	7.62e-14	1.23e-07	7.33e-01	2.67e-01	1.15e-04	0.00e+00	0.00e+00	0.00e+00	0.00e+00	0.00e+00	1.32e-84
 4.63597e+13	1.13e-28	8.65e-21	9.00e-14	1.35e-07	7.47e-01	2.52e-01	1.01e-04	0.00e+00	0.00e+00	0.00e+00	0.00e+00	0.00e+00	1.16e-98
 4.81599e+13	1.55e-28	1.11e-20	1.08e-13	1.50e-07	7.63e-01	2.37e-01	8.71e-05	0.00e+00	0.00e+00	0.00e+00	0.00e+00	0.00e+00	6.10e-84
 4.98634e+13	2.07e-28	1.38e-20	1.27e-13	1.64e-07	7.76e-01	2.24e-01	7.63e-05	0.00e+00	0.00e+00	0.00e+00	0.00e+00	0.00e+00	7.39e-98
 5.17035e+13	2.78e-28	1.74e-20	1.49e-13	1.81e-07	7.89e-01	2.10e-01	6.64e-05	0.00e+00	0.00e+00	0.00e+00	0.00e+00	0.00e+00	2.69e-83
 5.37542e+13	3.81e-28	2.23e-20	1.79e-13	2.00e-07	8.03e-01	1.97e-01	5.72e-05	0.00e+00	0.00e+00	0.00e+00	0.00e+00	0.00e+00	4.97e-97
 5.57299e+13	5.11e-28	2.80e-20	2.10e-13	2.20e-07	8.15e-01	1.85e-01	4.97e-05	0.00e+00	0.00e+00	0.00e+00	0.00e+00	0.00e+00	1.28e-82
 5.78318e+13	6.89e-28	3.53e-20	2.49e-13	2.41e-07	8.27e-01	1.73e-01	4.31e-05	0.00e+00	0.00e+00	0.00e+00	0.00e+00	0.00e+00	3.18e-96
 6.01750e+13	9.49e-28	4.53e-20	2.97e-13	2.66e-07	8.39e-01	1.61e-01	3.69e-05	0.00e+00	0.00e+00	0.00e+00	0.00e+00	0.00e+00	6.34e-82
 6.25244e+13	1.29e-27	5.75e-20	3.52e-13	2.93e-07	8.49e-01	1.51e-01	3.17e-05	0.00e+00	0.00e+00	0.00e+00	0.00e+00	0.00e+00	2.30e-95
 6.49677e+13	1.76e-27	7.29e-20	4.16e-13	3.21e-07	8.59e-01	1.41e-01	2.73e-05	0.00e+00	0.00e+00	0.00e+00	0.00e+00	0.00e+00	3.15e-81
 6.75963e+13	2.41e-27	9.32e-20	4.96e-13	3.54e-07	8.69e-01	1.31e-01	2.34e-05	0.00e+00	0.00e+00	0.00e+00	0.00e+00	0.00e+00	1.67e-94
 7.03301e+13	3.31e-27	1.19e-19	5.89e-13	3.89e-07	8.79e-01	1.21e-01	2.00e-05	0.00e+00	0.00e+00	0.00e+00	0.00e+00	0.00e+00	1.66e-80
 7.30193e+13	4.47e-27	1.50e-19	6.92e-13	4.25e-07	8.87e-01	1.13e-01	1.72e-05	0.00e+00	0.00e+00	0.00e+00	0.00e+00	0.00e+00	1.18e-93
 7.55315e+13	5.84e-27	1.84e-19	8.01e-13	4.60e-07	8.94e-01	1.06e-01	1.51e-05	0.00e+00	0.00e+00	0.00e+00	0.00e+00	0.00e+00	7.40e-80
 7.78044e+13	7.40e-27	2.21e-19	9.10e-13	4.92e-07	8.99e-01	1.01e-01	1.34e-05	0.00e+00	0.00e+00	0.00e+00	0.00e+00	0.00e+00	5.94e-93
 8.02336e+13	9.45e-27	2.66e-19	1.04e-12	5.28e-07	9.05e-01	9.49e-02	1.19e-05	0.00e+00	0.00e+00	0.00e+00	0.00e+00	0.00e+00	2.64e-79
 8.32538e+13	1.27e-26	3.34e-19	1.21e-12	5.75e-07	9.12e-01	8.85e-02	1.02e-05	0.00e+00	0.00e+00	0.00e+00	0.00e+00	0.00e+00	3.33e-92
 8.62723e+13	1.68e-26	4.14e-19	1.41e-12	6.23e-07	9.17e-01	8.27e-02	8.88e-06	0.00e+00	0.00e+00	0.00e+00	0.00e+00	0.00e+00	1.22e-78
 8.88598e+13	2.13e-26	4.96e-19	1.60e-12	6.65e-07	9.22e-01	7.82e-02	7.90e-06	0.00e+00	0.00e+00	0.00e+00	0.00e+00	0.00e+00	1.75e-91
 9.16568e+13	2.72e-26	5.98e-19	1.82e-12	7.13e-07	9.26e-01	7.37e-02	6.99e-06	0.00e+00	0.00e+00	0.00e+00	0.00e+00	0.00e+00	4.43e-78
 9.51175e+13	3.65e-26	7.49e-19	2.13e-12	7.74e-07	9.31e-01	6.86e-02	6.02e-06	0.00e+00	0.00e+00	0.00e+00	0.00e+00	0.00e+00	9.95e-91
 9.85797e+13	4.85e-26	9.29e-19	2.47e-12	8.37e-07	9.36e-01	6.40e-02	5.23e-06	0.00e+00	0.00e+00	0.00e+00	0.00e+00	0.00e+00	2.08e-77
 1.01569e+14	6.15e-26	1.11e-18	2.79e-12	8.93e-07	9.40e-01	6.05e-02	4.64e-06	0.00e+00	0.00e+00	0.00e+00	0.00e+00	0.00e+00	5.34e-90
 1.04804e+14	7.88e-26	1.34e-18	3.18e-12	9.56e-07	9.43e-01	5.69e-02	4.10e-06	0.00e+00	0.00e+00	0.00e+00	0.00e+00	0.00e+00	7.70e-77
 1.08780e+14	1.06e-25	1.68e-18	3.71e-12	1.04e-06	9.47e-01	5.29e-02	3.53e-06	0.00e+00	0.00e+00	0.00e+00	0.00e+00	0.00e+00	1.70e-76
 1.12790e+14	1.41e-25	2.09e-18	4.30e-12	1.12e-06	9.51e-01	4.94e-02	3.06e-06	0.00e+00	0.00e+00	0.00e+00	0.00e+00	0.00e+00	3.70e-76
 1.16341e+14	1.81e-25	2.52e-18	4.89e-12	1.20e-06	9.53e-01	4.65e-02	2.71e-06	0.00e+00	0.00e+00	0.00e+00	0.00e+00	0.00e+00	7.22e-76
 1.20226e+14	2.34e-25	3.07e-18	5.59e-12	1.28e-06	9.56e-01	4.36e-02	2.38e-06	0.00e+00	0.00e+00	0.00e+00	0.00e+00	0.00e+00	1.46e-75
 1.24885e+14	3.17e-25	3.86e-18	6.53e-12	1.39e-06	9.59e-01	4.05e-02	2.04e-06	0.00e+00	0.00e+00	0.00e+00	0.00e+00	0.00e+00	3.31e-75
 1.29526e+14	4.23e-25	4.81e-18	7.58e-12	1.50e-06	9.62e-01	3.77e-02	1.77e-06	0.00e+00	0.00e+00	0.00e+00	0.00e+00	0.00e+00	7.28e-75
 1.33749e+14	5.47e-25	5.83e-18	8.64e-12	1.61e-06	9.65e-01	3.54e-02	1.56e-06	0.00e+00	0.00e+00	0.00e+00	0.00e+00	0.00e+00	1.46e-74
 1.38455e+14	7.20e-25	7.18e-18	9.94e-12	1.73e-06	9.67e-01	3.31e-02	1.36e-06	0.00e+00	0.00e+00	0.00e+00	0.00e+00	0.00e+00	3.08e-74
 1.43952e+14	9.80e-25	9.07e-18	1.16e-11	1.87e-06	9.69e-01	3.07e-02	1.16e-06	0.00e+00	0.00e+00	0.00e+00	0.00e+00	0.00e+00	7.15e-74
 1.49373e+14	1.32e-24	1.13e-17	1.35e-11	2.02e-06	9.71e-01	2.86e-02	1.00e-06	0.00e+00	0.00e+00	0.00e+00	0.00e+00	0.00e+00	1.59e-73
 1.54498e+14	1.72e-24	1.39e-17	1.55e-11	2.17e-06	9.73e-01	2.67e-02	8.77e-07	0.00e+00	0.00e+00	0.00e+00	0.00e+00	0.00e+00	3.32e-73
 1.60195e+14	2.29e-24	1.72e-17	1.79e-11	2.33e-06	9.75e-01	2.49e-02	0.00e+00	0.00e+00	0.00e+00	0.00e+00	0.00e+00	0.00e+00	7.28e-73
 1.66633e+14	3.14e-24	2.18e-17	2.10e-11	2.53e-06	9.77e-01	2.30e-02	0.00e+00	0.00e+00	0.00e+00	0.00e+00	0.00e+00	0.00e+00	1.71e-72
 1.73092e+14	4.25e-24	2.74e-17	2.45e-11	2.74e-06	9.79e-01	2.14e-02	0.00e+00	0.00e+00	0.00e+00	0.00e+00	0.00e+00	0.00e+00	3.91e-72
 1.79810e+14	5.75e-24	3.44e-17	2.86e-11	2.96e-06	9.80e-01	1.98e-02	0.00e+00	0.00e+00	0.00e+00	0.00e+00	0.00e+00	0.00e+00	8.93e-72
 1.87032e+14	7.85e-24	4.35e-17	3.35e-11	3.21e-06	9.82e-01	1.83e-02	0.00e+00	0.00e+00	0.00e+00	0.00e+00	0.00e+00	0.00e+00	2.10e-71
 1.94022e+14	1.05e-23	5.42e-17	3.88e-11	3.46e-06	9.83e-01	1.71e-02	0.00e+00	0.00e+00	0.00e+00	0.00e+00	1.73e-17	3.68e-17	4.65e-71
 2.00590e+14	1.37e-23	6.61e-17	4.44e-11	3.70e-06	9.84e-01	1.60e-02	0.00e+00	0.00e+00	0.00e+00	0.00e+00	2.19e-17	4.42e-17	9.57e-71
 2.07943e+14	1.82e-23	8.20e-17	5.13e-11	3.98e-06	9.85e-01	1.49e-02	0.00e+00	0.00e+00	0.00e+00	0.00e+00	2.72e-17	5.48e-17	2.09e-70
 2.15358e+14	2.40e-23	1.01e-16	5.91e-11	4.28e-06	9.86e-01	1.39e-02	0.00e+00	0.00e+00	0.00e+00	0.00e+00	3.35e-17	6.75e-17	4.44e-70
 2.21509e+14	3.00e-23	1.20e-16	6.62e-11	4.53e-06	9.87e-01	1.31e-02	0.00e+00	0.00e+00	0.00e+00	0.00e+00	3.97e-17	7.98e-17	8.18e-70
 2.28012e+14	3.77e-23	1.42e-16	7.44e-11	4.81e-06	9.88e-01	1.24e-02	0.00e+00	0.00e+00	0.00e+00	0.00e+00	4.71e-17	9.49e-17	1.53e-69
 2.36336e+14	5.01e-23	1.76e-16	8.60e-11	5.18e-06	9.88e-01	1.15e-02	0.00e+00	0.00e+00	0.00e+00	0.00e+00	5.84e-17	1.17e-16	3.30e-69
 2.45057e+14	6.68e-23	2.18e-16	9.96e-11	5.58e-06	9.89e-01	1.07e-02	0.00e+00	0.00e+00	0.00e+00	0.00e+00	7.25e-17	1.46e-16	7.30e-69
 2.52759e+14	8.52e-23	2.63e-16	1.13e-10	5.94e-06	9.90e-01	1.01e-02	0.00e+00	0.00e+00	0.00e+00	0.00e+00	8.72e-17	1.76e-16	1.41e-68
 2.61106e+14	1.10e-22	3.19e-16	1.29e-10	6.35e-06	9.91e-01	9.41e-03	0.00e+00	0.00e+00	0.00e+00	0.00e+00	1.06e-16	2.13e-16	2.83e-68
 2.71155e+14	1.48e-22	3.99e-16	1.50e-10	6.87e-06	9.91e-01	8.72e-03	0.00e+00	0.00e+00	0.00e+00	0.00e+00	1.32e-16	2.67e-16	6.34e-68
 2.81327e+14	1.98e-22	4.97e-16	1.74e-10	7.41e-06	9.92e-01	8.09e-03	0.00e+00	0.00e+00	0.00e+00	0.00e+00	1.65e-16	3.32e-16	1.40e-67
 2.90827e+14	2.58e-22	6.06e-16	1.99e-10	7.94e-06	9.92e-01	7.56e-03	0.00e+00	0.00e+00	0.00e+00	0.00e+00	2.01e-16	4.05e-16	2.85e-67
 3.01411e+14	3.41e-22	7.51e-16	2.30e-10	8.55e-06	9.93e-01	7.03e-03	0.00e+00	0.00e+00	0.00e+00	0.00e+00	2.49e-16	5.02e-16	6.14e-67
 3.12668e+14	4.56e-22	9.34e-16	2.67e-10	9.23e-06	9.93e-01	6.53e-03	0.00e+00	0.00e+00	0.00e+00	0.00e+00	3.10e-16	6.24e-16	1.35e-66
 3.22673e+14	5.84e-22	1.13e-15	3.04e-10	9.85e-06	9.94e-01	6.12e-03	0.00e+00	0.00e+00	0.00e+00	0.00e+00	3.74e-16	7.53e-16	2.64e-66
 3.33420e+14	7.55e-22	1.37e-15	3.47e-10	1.05e-05	9.94e-01	5.72e-03	0.00e+00	0.00e+00	0.00e+00	0.00e+00	4.54e-16	9.15e-16	5.30e-66
 3.46298e+14	1.02e-21	1.72e-15	4.05e-10	1.14e-05	9.95e-01	5.30e-03	0.00e+00	0.00e+00	0.00e+00	0.00e+00	5.70e-16	1.15e-15	1.19e-65
 3.58972e+14	1.35e-21	2.13e-15	4.69e-10	1.23e-05	9.95e-01	4.92e-03	0.00e+00	0.00e+00	0.00e+00	0.00e+00	7.06e-16	1.42e-15	2.57e-65
 3.70252e+14	1.72e-21	2.56e-15	5.32e-10	1.31e-05	9.95e-01	4.62e-03	0.00e+00	0.00e+00	0.00e+00	0.00e+00	8.49e-16	1.71e-15	4.98e-65
 3.82697e+14	2.23e-21	3.12e-15	6.09e-10	1.41e-05	9.96e-01	4.31e-03	0.00e+00	0.00e+00	0.00e+00	0.00e+00	1.03e-15	2.08e-15	1.01e-64
 3.97541e+14	3.01e-21	3.91e-15	7.11e-10	1.52e-05	9.96e-01	3.99e-03	0.00e+00	0.00e+00	0.00e+00	0.00e+00	1.30e-15	2.61e-15	2.26e-64
 4.12267e+14	4.00e-21	4.86e-15	8.24e-10	1.64e-05	9.96e-01	3.70e-03	0.00e+00	0.00e+00	0.00e+00	0.00e+00	1.61e-15	3.25e-15	4.92e-64
 4.25704e+14	5.15e-21	5.88e-15	9.38e-10	1.75e-05	9.97e-01	3.47e-03	0.00e+00	0.00e+00	0.00e+00	0.00e+00	1.95e-15	3.93e-15	9.76e-64
 4.40698e+14	6.75e-21	7.22e-15	1.08e-09	1.89e-05	9.97e-01	3.23e-03	0.00e+00	0.00e+00	0.00e+00	0.00e+00	2.39e-15	4.82e-15	2.04e-63
 4.58172e+14	9.15e-21	9.09e-15	1.26e-09	2.04e-05	9.97e-01	2.98e-03	0.00e+00	0.00e+00	0.00e+00	0.00e+00	3.01e-15	6.08e-15	4.66e-63
 4.75346e+14	1.22e-20	1.13e-14	1.47e-09	2.21e-05	9.97e-01	2.76e-03	0.00e+00	0.00e+00	0.00e+00	0.00e+00	3.75e-15	7.56e-15	1.02e-62
 4.91557e+14	1.59e-20	1.38e-14	1.68e-09	2.36e-05	9.97e-01	2.58e-03	0.00e+00	0.00e+00	0.00e+00	0.00e+00	4.57e-15	9.23e-15	2.09e-62
 5.09599e+14	2.10e-20	1.71e-14	1.94e-09	2.55e-05	9.98e-01	2.39e-03	0.00e+00	0.00e+00	0.00e+00	0.00e+00	5.66e-15	1.14e-14	4.50e-62
 5.30013e+14	2.86e-20	2.16e-14	2.28e-09	2.76e-05	9.98e-01	2.21e-03	0.00e+00	0.00e+00	0.00e+00	0.00e+00	7.14e-15	1.44e-14	1.04e-61
 5.50439e+14	3.85e-20	2.70e-14	2.65e-09	2.99e-05	9.98e-01	2.04e-03	0.00e+00	0.00e+00	0.00e+00	0.00e+00	8.94e-15	1.81e-14	2.33e-61
 5.69594e+14	5.02e-20	3.31e-14	3.05e-09	3.21e-05	9.98e-01	1.90e-03	0.00e+00	0.00e+00	0.00e+00	0.00e+00	1.09e-14	2.21e-14	4.83e-61
 5.90318e+14	6.64e-20	4.08e-14	3.52e-09	3.45e-05	9.98e-01	1.77e-03	0.00e+00	0.00e+00	0.00e+00	0.00e+00	1.35e-14	2.73e-14	1.04e-60
 6.13483e+14	8.97e-20	5.13e-14	4.11e-09	3.74e-05	9.98e-01	1.63e-03	0.00e+00	0.00e+00	0.00e+00	0.00e+00	1.70e-14	3.43e-14	2.35e-60
 6.35112e+14	1.18e-19	6.30e-14	4.73e-09	4.01e-05	9.98e-01	1.52e-03	0.00e+00	0.00e+00	0.00e+00	0.00e+00	2.09e-14	4.22e-14	4.97e-60
 6.55143e+14	1.50e-19	7.57e-14	5.36e-09	4.27e-05	9.99e-01	1.43e-03	0.00e+00	0.00e+00	0.00e+00	0.00e+00	2.51e-14	5.07e-14	9.63e-60
 6.74483e+14	1.89e-19	9.00e-14	6.02e-09	4.53e-05	9.99e-01	1.35e-03	0.00e+00	0.00e+00	0.00e+00	0.00e+00	2.98e-14	6.02e-14	1.80e-59
 6.96016e+14	2.41e-19	1.08e-13	6.83e-09	4.84e-05	9.99e-01	1.26e-03	0.00e+00	0.00e+00	0.00e+00	0.00e+00	3.58e-14	7.25e-14	3.52e-59
 7.19827e+14	3.14e-19	1.32e-13	7.82e-09	5.18e-05	9.99e-01	1.18e-03	0.00e+00	0.00e+00	0.00e+00	0.00e+00	4.37e-14	8.85e-14	7.26e-59
 7.41981e+14	3.98e-19	1.58e-13	8.84e-09	5.51e-05	9.99e-01	1.11e-03	0.00e+00	0.00e+00	0.00e+00	0.00e+00	5.23e-14	1.06e-13	1.39e-58
 7.66160e+14	5.12e-19	1.91e-13	1.00e-08	5.89e-05	9.99e-01	1.04e-03	0.00e+00	0.00e+00	0.00e+00	0.00e+00	6.33e-14	1.28e-13	2.77e-58
 7.93411e+14	6.73e-19	2.36e-13	1.16e-08	6.33e-05	9.99e-01	9.64e-04	0.00e+00	0.00e+00	0.00e+00	0.00e+00	7.78e-14	1.58e-13	5.85e-58
 8.19346e+14	8.68e-19	2.85e-13	1.32e-08	6.75e-05	9.99e-01	9.03e-04	0.00e+00	0.00e+00	0.00e+00	0.00e+00	9.43e-14	1.91e-13	1.18e-57
 8.47752e+14	1.13e-18	3.49e-13	1.51e-08	7.24e-05	9.99e-01	8.42e-04	0.00e+00	0.00e+00	0.00e+00	0.00e+00	1.15e-13	2.34e-13	2.45e-57
 8.79042e+14	1.51e-18	4.33e-13	1.75e-08	7.80e-05	9.99e-01	7.82e-04	0.00e+00	0.00e+00	0.00e+00	0.00e+00	1.43e-13	2.90e-13	5.36e-57
 9.07780e+14	1.94e-18	5.24e-13	1.99e-08	8.33e-05	9.99e-01	7.32e-04	0.00e+00	0.00e+00	0.00e+00	0.00e+00	1.73e-13	3.51e-13	1.07e-56
 9.38840e+14	2.53e-18	6.41e-13	2.28e-08	8.92e-05	9.99e-01	6.83e-04	0.00e+00	0.00e+00	0.00e+00	0.00e+00	2.11e-13	4.29e-13	2.22e-56
 9.73644e+14	3.36e-18	7.95e-13	2.63e-08	9.61e-05	9.99e-01	6.34e-04	0.00e+00	0.00e+00	0.00e+00	0.00e+00	2.62e-13	5.33e-13	4.85e-56
 1.00645e+15	4.37e-18	9.68e-13	3.01e-08	1.03e-04	9.99e-01	5.92e-04	0.00e+00	0.00e+00	0.00e+00	0.00e+00	3.19e-13	6.48e-13	9.95e-56
 1.04222e+15	5.72e-18	1.19e-12	3.46e-08	1.10e-04	9.99e-01	5.51e-04	0.00e+00	0.00e+00	0.00e+00	0.00e+00	3.92e-13	7.97e-13	2.09e-55
 1.08196e+15	7.70e-18	1.49e-12	4.02e-08	1.19e-04	9.99e-01	5.10e-04	0.00e+00	0.00e+00	0.00e+00	0.00e+00	4.89e-13	9.96e-13	4.74e-55
 1.11903e+15	1.00e-17	1.81e-12	4.61e-08	1.28e-04	9.99e-01	4.76e-04	0.00e+00	0.00e+00	0.00e+00	0.00e+00	5.97e-13	1.22e-12	9.73e-55
 1.15933e+15	1.32e-17	2.23e-12	5.31e-08	1.37e-04	9.99e-01	4.42e-04	0.00e+00	0.00e+00	0.00e+00	0.00e+00	7.36e-13	1.50e-12	2.09e-54
 1.20445e+15	1.77e-17	2.80e-12	6.19e-08	1.49e-04	9.99e-01	4.08e-04	0.00e+00	0.00e+00	0.00e+00	0.00e+00	9.21e-13	1.88e-12	4.72e-54
 1.24725e+15	2.33e-17	3.44e-12	7.13e-08	1.60e-04	9.99e-01	3.80e-04	0.00e+00	0.00e+00	0.00e+00	0.00e+00	1.13e-12	2.31e-12	1.00e-53
 1.29303e+15	3.08e-17	4.25e-12	8.24e-08	1.72e-04	9.99e-01	3.52e-04	0.00e+00	0.00e+00	0.00e+00	0.00e+00	1.40e-12	2.86e-12	2.16e-53
 1.34478e+15	4.16e-17	5.36e-12	9.66e-08	1.87e-04	9.99e-01	3.25e-04	0.00e+00	0.00e+00	0.00e+00	0.00e+00	1.76e-12	3.60e-12	4.98e-53
 1.39574e+15	5.54e-17	6.67e-12	1.12e-07	2.02e-04	9.99e-01	3.00e-04	0.00e+00	4.56e-18	1.37e-17	2.29e-17	2.19e-12	4.48e-12	1.10e-52
 1.44874e+15	7.37e-17	8.30e-12	1.31e-07	2.18e-04	1.00e+00	2.77e-04	0.00e+00	6.07e-18	1.82e-17	3.05e-17	2.72e-12	5.57e-12	2.42e-52
 1.50672e+15	9.94e-17	1.04e-11	1.53e-07	2.37e-04	1.00e+00	2.55e-04	0.00e+00	8.19e-18	2.46e-17	4.11e-17	3.43e-12	7.01e-12	5.53e-52
 1.56396e+15	1.32e-16	1.30e-11	1.78e-07	2.57e-04	1.00e+00	2.36e-04	0.00e+00	1.09e-17	3.27e-17	5.46e-17	4.26e-12	8.72e-12	1.22e-51
 1.61153e+15	1.66e-16	1.55e-11	2.01e-07	2.74e-04	1.00e+00	2.21e-04	0.00e+00	1.37e-17	4.11e-17	6.87e-17	5.07e-12	1.04e-11	2.30e-51
 1.65000e+15	1.98e-16	1.77e-11	2.22e-07	2.88e-04	1.00e+00	2.10e-04	0.00e+00	1.63e-17	4.90e-17	8.19e-17	5.81e-12	1.19e-11	3.73e-51
 1.69272e+15	2.40e-16	2.05e-11	2.46e-07	3.04e-04	9.99e-01	1.99e-04	0.00e+00	1.98e-17	5.94e-17	9.92e-17	6.73e-12	1.38e-11	6.36e-51
 1.74825e+15	3.05e-16	2.48e-11	2.81e-07	3.26e-04	9.99e-01	1.85e-04	0.00e+00	2.52e-17	7.56e-17	1.26e-16	8.12e-12	1.67e-11	1.25e-50
 1.80774e+15	3.91e-16	3.01e-11	3.22e-07	3.51e-04	9.99e-01	1.72e-04	0.00e+00	3.23e-17	9.70e-17	1.62e-16	9.84e-12	2.02e-11	2.49e-50
 1.86044e+15	4.83e-16	3.55e-11	3.62e-07	3.74e-04	9.99e-01	1.62e-04	0.00e+00	3.99e-17	1.20e-16	2.00e-16	1.16e-11	2.38e-11	4.51e-50
 1.91704e+15	6.03e-16	4.21e-11	4.09e-07	3.99e-04	9.99e-01	1.52e-04	0.00e+00	4.98e-17	1.50e-16	2.50e-16	1.38e-11	2.83e-11	8.38e-50
 1.98803e+15	7.85e-16	5.18e-11	4.75e-07	4.33e-04	9.99e-01	1.40e-04	0.00e+00	6.49e-17	1.95e-16	3.26e-16	1.70e-11	3.49e-11	1.76e-49
 2.06009e+15	1.02e-15	6.35e-11	5.50e-07	4.68e-04	9.99e-01	1.29e-04	0.00e+00	8.41e-17	2.53e-16	4.22e-16	2.08e-11	4.27e-11	3.66e-49
 2.12251e+15	1.26e-15	7.52e-11	6.21e-07	5.00e-04	9.99e-01	1.21e-04	0.00e+00	1.04e-16	3.13e-16	5.24e-16	2.46e-11	5.06e-11	6.75e-49
 2.19005e+15	1.57e-15	8.96e-11	7.07e-07	5.37e-04	9.99e-01	1.13e-04	0.00e+00	1.30e-16	3.91e-16	6.54e-16	2.93e-11	6.03e-11	1.27e-48
 2.27280e+15	2.05e-15	1.10e-10	8.23e-07	5.84e-04	9.99e-01	1.04e-04	0.00e+00	1.70e-16	5.10e-16	8.52e-16	3.61e-11	7.43e-11	2.70e-48
 2.35634e+15	2.64e-15	1.35e-10	9.54e-07	6.33e-04	9.99e-01	9.57e-05	0.00e+00	2.19e-16	6.58e-16	1.10e-15	4.42e-11	9.10e-11	5.61e-48
 2.43057e+15	3.26e-15	1.60e-10	1.08e-06	6.79e-04	9.99e-01	8.93e-05	0.00e+00	2.72e-16	8.16e-16	1.36e-15	5.25e-11	1.08e-10	1.04e-47
 2.51169e+15	4.10e-15	1.93e-10	1.24e-06	7.32e-04	9.99e-01	8.29e-05	0.00e+00	3.41e-16	1.03e-15	1.71e-15	6.29e-11	1.30e-10	2.03e-47
 2.60871e+15	5.19e-15	2.37e-10	1.45e-06	7.98e-04	9.99e-01	7.61e-05	0.00e+00	4.32e-16	1.30e-15	2.17e-15	7.76e-11	1.60e-10	4.30e-47
 2.70470e+15	6.60e-15	2.90e-10	1.67e-06	8.66e-04	9.99e-01	7.01e-05	0.00e+00	5.51e-16	1.65e-15	2.77e-15	9.47e-11	1.95e-10	8.90e-47
 2.79131e+15	8.14e-15	3.44e-10	1.90e-06	9.31e-04	9.99e-01	6.52e-05	0.00e+00	6.80e-16	2.04e-15	3.41e-15	1.12e-10	2.32e-10	1.68e-46
 2.88740e+15	1.02e-14	4.14e-10	2.19e-06	1.01e-03	9.99e-01	6.04e-05	0.00e+00	8.51e-16	2.55e-15	4.27e-15	1.35e-10	2.79e-10	3.31e-46
 3.00057e+15	1.31e-14	5.10e-10	2.56e-06	1.10e-03	9.99e-01	5.53e-05	0.00e+00	1.09e-15	3.29e-15	5.49e-15	1.67e-10	3.43e-10	7.18e-46
 3.11223e+15	1.65e-14	6.22e-10	2.96e-06	1.20e-03	9.99e-01	5.09e-05	0.00e+00	1.39e-15	4.16e-15	6.95e-15	2.03e-10	4.19e-10	1.50e-45
 3.21593e+15	2.04e-14	7.43e-10	3.39e-06	1.29e-03	9.99e-01	4.72e-05	0.00e+00	1.71e-15	5.13e-15	8.57e-15	2.43e-10	5.00e-10	2.90e-45
 3.33217e+15	2.55e-14	8.99e-10	3.91e-06	1.40e-03	9.99e-01	4.35e-05	0.00e+00	2.14e-15	6.44e-15	1.08e-14	2.94e-10	6.05e-10	5.94e-45
 3.46548e+15	3.26e-14	1.11e-09	4.58e-06	1.53e-03	9.98e-01	3.98e-05	0.00e+00	2.74e-15	8.24e-15	1.38e-14	3.63e-10	7.47e-10	1.32e-44
 3.59673e+15	4.09e-14	1.36e-09	5.32e-06	1.67e-03	9.98e-01	3.65e-05	0.00e+00	3.45e-15	1.04e-14	1.73e-14	4.44e-10	9.12e-10	2.80e-44
 3.73322e+15	5.14e-14	1.66e-09	6.18e-06	1.82e-03	9.98e-01	3.36e-05	0.00e+00	4.34e-15	1.30e-14	2.18e-14	5.42e-10	1.11e-09	5.96e-44
 3.85752e+15	6.24e-14	1.97e-09	7.05e-06	1.96e-03	9.98e-01	3.12e-05	0.00e+00	5.28e-15	1.58e-14	2.65e-14	6.46e-10	1.33e-09	1.16e-43
 3.95030e+15	7.21e-14	2.24e-09	7.76e-06	2.07e-03	9.98e-01	2.95e-05	0.00e+00	6.10e-15	1.83e-14	3.06e-14	7.33e-10	1.51e-09	1.87e-43
 4.04619e+15	8.31e-14	2.54e-09	8.54e-06	2.19e-03	9.98e-01	2.80e-05	0.00e+00	7.04e-15	2.11e-14	3.53e-14	8.33e-10	1.71e-09	3.05e-43
 4.17084e+15	9.95e-14	2.99e-09	9.65e-06	2.35e-03	9.98e-01	2.61e-05	0.00e+00	8.44e-15	2.53e-14	4.23e-14	9.81e-10	2.01e-09	5.69e-43
 4.30580e+15	1.20e-13	3.55e-09	1.10e-05	2.53e-03	9.97e-01	2.43e-05	0.00e+00	1.02e-14	3.05e-14	5.10e-14	1.16e-09	2.38e-09	1.09e-42
 4.42761e+15	1.41e-13	4.11e-09	1.23e-05	2.69e-03	9.97e-01	2.28e-05	0.00e+00	1.20e-14	3.59e-14	6.00e-14	1.35e-09	2.76e-09	1.93e-42
 4.55941e+15	1.67e-13	4.81e-09	1.38e-05	2.88e-03	9.97e-01	2.13e-05	0.00e+00	1.42e-14	4.26e-14	7.12e-14	1.58e-09	3.23e-09	3.57e-42
 4.72659e+15	2.05e-13	5.84e-09	1.59e-05	3.13e-03	9.97e-01	1.97e-05	0.00e+00	1.75e-14	5.25e-14	8.77e-14	1.92e-09	3.92e-09	7.65e-42
 4.89489e+15	2.49e-13	7.04e-09	1.83e-05	3.39e-03	9.97e-01	1.82e-05	0.00e+00	2.13e-14	6.38e-14	1.07e-13	2.31e-09	4.73e-09	1.59e-41
 5.03634e+15	2.93e-13	8.18e-09	2.05e-05	3.62e-03	9.96e-01	1.71e-05	0.00e+00	2.50e-14	7.51e-14	1.25e-13	2.69e-09	5.49e-09	2.89e-41
 5.18776e+15	3.46e-13	9.59e-09	2.31e-05	3.87e-03	9.96e-01	1.60e-05	0.00e+00	2.96e-14	8.89e-14	1.48e-13	3.15e-09	6.44e-09	5.42e-41
 5.37883e+15	4.23e-13	1.17e-08	2.67e-05	4.21e-03	9.96e-01	1.48e-05	0.00e+00	3.62e-14	1.09e-13	1.81e-13	3.83e-09	7.83e-09	1.17e-40
 5.57905e+15	5.15e-13	1.42e-08	3.08e-05	4.58e-03	9.95e-01	1.37e-05	0.00e+00	4.42e-14	1.33e-13	2.21e-13	4.66e-09	9.52e-09	2.52e-40
 5.75913e+15	6.14e-13	1.68e-08	3.50e-05	4.92e-03	9.95e-01	1.28e-05	0.00e+00	5.28e-14	1.58e-13	2.64e-13	5.52e-09	1.13e-08	4.91e-40
 5.95540e+15	7.39e-13	2.01e-08	4.00e-05	5.31e-03	9.95e-01	1.19e-05	0.00e+00	6.36e-14	1.91e-13	3.19e-13	6.62e-09	1.35e-08	9.98e-40
 6.18769e+15	9.05e-13	2.48e-08	4.66e-05	5.80e-03	9.94e-01	1.10e-05	0.00e+00	7.79e-14	2.34e-13	3.91e-13	8.15e-09	1.66e-08	2.22e-39
 6.41493e+15	1.09e-12	3.01e-08	5.38e-05	6.30e-03	9.94e-01	1.02e-05	0.00e+00	9.42e-14	2.83e-13	4.72e-13	9.90e-09	2.02e-08	4.68e-39
 6.62128e+15	1.30e-12	3.56e-08	6.10e-05	6.77e-03	9.93e-01	9.56e-06	0.00e+00	1.13e-13	3.38e-13	5.64e-13	1.17e-08	2.39e-08	9.05e-39
 6.85230e+15	1.58e-12	4.29e-08	6.99e-05	7.32e-03	9.93e-01	8.91e-06	0.00e+00	1.36e-13	4.09e-13	6.83e-13	1.41e-08	2.88e-08	1.86e-38
 7.12255e+15	1.95e-12	5.31e-08	8.17e-05	8.00e-03	9.92e-01	8.27e-06	0.00e+00	1.69e-13	5.06e-13	8.45e-13	1.75e-08	3.56e-08	4.15e-38
 7.38773e+15	2.37e-12	6.46e-08	9.45e-05	8.70e-03	9.91e-01	7.70e-06	0.00e+00	2.06e-13	6.18e-13	1.03e-12	2.13e-08	4.33e-08	8.82e-38
 7.63576e+15	2.85e-12	7.72e-08	1.08e-04	9.38e-03	9.91e-01	7.23e-06	0.00e+00	2.48e-13	7.44e-13	1.24e-12	2.55e-08	5.18e-08	1.73e-37
 7.91346e+15	3.47e-12	9.40e-08	1.24e-04	1.02e-02	9.90e-01	6.77e-06	0.00e+00	3.02e-13	9.06e-13	1.51e-12	3.10e-08	6.30e-08	3.61e-37
 8.17882e+15	4.17e-12	1.12e-07	1.42e-04	1.10e-02	9.89e-01	6.38e-06	0.00e+00	3.63e-13	1.09e-12	1.82e-12	3.71e-08	7.53e-08	7.05e-37
 8.37619e+15	4.69e-12	1.28e-07	1.56e-04	1.16e-02	9.88e-01	6.12e-06	0.00e+00	4.09e-13	1.23e-12	2.05e-12	4.22e-08	8.56e-08	1.13e-36
 8.57671e+15	5.41e-12	1.46e-07	1.72e-04	1.23e-02	9.88e-01	5.88e-06	0.00e+00	4.72e-13	1.42e-12	2.36e-12	4.82e-08	9.77e-08	1.83e-36
 8.83740e+15	6.50e-12	1.73e-07	1.94e-04	1.31e-02	9.87e-01	5.58e-06	0.00e+00	5.67e-13	1.70e-12	2.84e-12	5.70e-08	1.16e-07	3.39e-36
 9.11940e+15	7.75e-12	2.06e-07	2.20e-04	1.41e-02	9.86e-01	5.30e-06	0.00e+00	6.77e-13	2.03e-12	3.39e-12	6.79e-08	1.38e-07	6.37e-36
 9.37075e+15	9.05e-12	2.39e-07	2.45e-04	1.50e-02	9.85e-01	5.07e-06	0.00e+00	7.92e-13	2.38e-12	3.96e-12	7.89e-08	1.60e-07	1.10e-35
 9.63910e+15	1.07e-11	2.80e-07	2.75e-04	1.60e-02	9.84e-01	4.85e-06	0.00e+00	9.40e-13	2.82e-12	4.71e-12	9.25e-08	1.88e-07	1.95e-35
 9.98661e+15	1.33e-11	3.43e-07	3.18e-04	1.74e-02	9.82e-01	4.61e-06	0.00e+00	1.17e-12	3.50e-12	5.85e-12	1.13e-07	2.29e-07	4.04e-35
 1.03384e+16	1.62e-11	4.15e-07	3.66e-04	1.88e-02	9.81e-01	4.38e-06	0.00e+00	1.42e-12	4.27e-12	7.13e-12	1.37e-07	2.78e-07	7.92e-35
 1.06255e+16	1.91e-11	4.84e-07	4.09e-04	2.01e-02	9.80e-01	4.22e-06	0.00e+00	1.68e-12	5.03e-12	8.39e-12	1.60e-07	3.24e-07	1.34e-34
 1.09272e+16	2.27e-11	5.68e-07	4.59e-04	2.14e-02	9.78e-01	4.07e-06	0.00e+00	1.99e-12	5.98e-12	9.98e-12	1.88e-07	3.80e-07	2.37e-34
 1.13193e+16	2.82e-11	6.95e-07	5.31e-04	2.33e-02	9.76e-01	3.87e-06	0.00e+00	2.48e-12	7.45e-12	1.24e-11	2.30e-07	4.65e-07	4.79e-34
 1.17271e+16	3.49e-11	8.49e-07	6.14e-04	2.53e-02	9.74e-01	3.72e-06	0.00e+00	3.08e-12	9.24e-12	1.54e-11	2.81e-07	5.68e-07	9.42e-34
 1.20722e+16	4.16e-11	1.00e-06	6.92e-04	2.71e-02	9.72e-01	3.59e-06	0.00e+00	3.67e-12	1.10e-11	1.84e-11	3.31e-07	6.69e-07	1.62e-33
 1.24379e+16	5.03e-11	1.19e-06	7.85e-04	2.91e-02	9.70e-01	3.47e-06	0.00e+00	4.45e-12	1.33e-11	2.23e-11	3.94e-07	7.97e-07	2.93e-33
 1.28976e+16	6.38e-11	1.47e-06	9.17e-04	3.18e-02	9.67e-01	3.34e-06	0.00e+00	5.65e-12	1.69e-11	2.83e-11	4.88e-07	9.86e-07	5.96e-33
 1.33536e+16	7.85e-11	1.79e-06	1.06e-03	3.46e-02	9.64e-01	3.21e-06	0.00e+00	6.95e-12	2.09e-11	3.48e-11	5.94e-07	1.20e-06	1.12e-32
 1.37328e+16	9.40e-11	2.11e-06	1.20e-03	3.70e-02	9.62e-01	3.14e-06	0.00e+00	8.34e-12	2.50e-11	4.17e-11	6.99e-07	1.41e-06	1.88e-32
 1.41377e+16	1.15e-10	2.51e-06	1.36e-03	3.98e-02	9.59e-01	3.06e-06	0.00e+00	1.02e-11	3.05e-11	5.09e-11	8.33e-07	1.68e-06	3.31e-32
 1.45917e+16	1.40e-10	3.02e-06	1.56e-03	4.30e-02	9.55e-01	2.97e-06	0.00e+00	1.25e-11	3.74e-11	6.23e-11	1.00e-06	2.02e-06	5.93e-32
 1.50232e+16	1.70e-10	3.60e-06	1.77e-03	4.63e-02	9.52e-01	2.90e-06	0.00e+00	1.52e-11	4.55e-11	7.59e-11	1.19e-06	2.40e-06	1.02e-31
 1.54001e+16	2.01e-10	4.16e-06	1.98e-03	4.93e-02	9.49e-01	2.84e-06	0.00e+00	1.79e-11	5.36e-11	8.95e-11	1.38e-06	2.78e-06	1.58e-31
 1.57928e+16	2.40e-10	4.87e-06	2.22e-03	5.27e-02	9.45e-01	2.79e-06	0.00e+00	2.14e-11	6.42e-11	1.07e-10	1.61e-06	3.25e-06	2.56e-31
 1.62189e+16	2.86e-10	5.71e-06	2.51e-03	5.64e-02	9.41e-01	2.72e-06	0.00e+00	2.55e-11	7.64e-11	1.27e-10	1.89e-06	3.82e-06	4.15e-31
 1.66136e+16	3.37e-10	6.62e-06	2.80e-03	6.01e-02	9.37e-01	2.67e-06	0.00e+00	3.01e-11	9.04e-11	1.51e-10	2.20e-06	4.42e-06	6.40e-31
 1.70517e+16	4.09e-10	7.83e-06	3.18e-03	6.45e-02	9.32e-01	2.62e-06	0.00e+00	3.66e-11	1.10e-10	1.83e-10	2.60e-06	5.23e-06	1.06e-30
 1.75199e+16	5.00e-10	9.28e-06	3.62e-03	6.95e-02	9.27e-01	2.59e-06	0.00e+00	4.47e-11	1.34e-10	2.24e-10	3.08e-06	6.20e-06	1.73e-30
 1.79428e+16	5.92e-10	1.08e-05	4.06e-03	7.42e-02	9.22e-01	2.54e-06	0.00e+00	5.31e-11	1.59e-10	2.65e-10	3.58e-06	7.21e-06	2.67e-30
 1.84084e+16	7.30e-10	1.29e-05	4.64e-03	7.99e-02	9.15e-01	2.51e-06	0.00e+00	6.55e-11	1.96e-10	3.28e-10	4.27e-06	8.59e-06	4.45e-30
 1.89096e+16	8.89e-10	1.53e-05	5.32e-03	8.62e-02	9.08e-01	2.46e-06	0.00e+00	7.98e-11	2.40e-10	3.99e-10	5.09e-06	1.02e-05	7.27e-30
 1.93713e+16	1.08e-09	1.80e-05	6.05e-03	9.26e-02	9.01e-01	2.43e-06	0.00e+00	9.67e-11	2.90e-10	4.84e-10	6.00e-06	1.21e-05	1.14e-29
 1.97993e+16	1.30e-09	2.10e-05	6.81e-03	9.90e-02	8.94e-01	2.42e-06	0.00e+00	1.17e-10	3.51e-10	5.85e-10	6.99e-06	1.40e-05	1.74e-29
 2.02065e+16	1.54e-09	2.43e-05	7.63e-03	1.05e-01	8.87e-01	2.39e-06	0.00e+00	1.39e-10	4.17e-10	6.96e-10	8.09e-06	1.62e-05	2.59e-29
 2.06734e+16	1.88e-09	2.89e-05	8.73e-03	1.13e-01	8.78e-01	2.36e-06	0.00e+00	1.70e-10	5.09e-10	8.49e-10	9.61e-06	1.93e-05	4.19e-29
 2.11716e+16	2.34e-09	3.46e-05	1.01e-02	1.23e-01	8.67e-01	2.35e-06	0.00e+00	2.12e-10	6.35e-10	1.06e-09	1.15e-05	2.31e-05	6.81e-29
 2.16023e+16	2.84e-09	4.04e-05	1.14e-02	1.31e-01	8.58e-01	2.33e-06	0.00e+00	2.56e-10	7.68e-10	1.28e-09	1.34e-05	2.70e-05	1.02e-28
 2.19926e+16	3.38e-09	4.68e-05	1.28e-02	1.39e-01	8.48e-01	2.32e-06	0.00e+00	3.05e-10	9.16e-10	1.53e-09	1.56e-05	3.12e-05	1.50e-28
 2.24388e+16	4.13e-09	5.56e-05	1.47e-02	1.50e-01	8.35e-01	2.31e-06	0.00e+00	3.74e-10	1.12e-09	1.87e-09	1.85e-05	3.71e-05	2.39e-28
 2.28951e+16	5.12e-09	6.62e-05	1.69e-02	1.61e-01	8.22e-01	2.31e-06	0.00e+00	4.64e-10	1.39e-09	2.32e-09	2.20e-05	4.41e-05	3.77e-28
 2.32606e+16	6.10e-09	7.61e-05	1.89e-02	1.71e-01	8.10e-01	2.31e-06	0.00e+00	5.53e-10	1.66e-09	2.77e-09	2.53e-05	5.08e-05	5.42e-28
 2.35831e+16	7.17e-09	8.68e-05	2.10e-02	1.81e-01	7.98e-01	2.32e-06	0.00e+00	6.50e-10	1.95e-09	3.25e-09	2.89e-05	5.79e-05	7.64e-28
 2.39539e+16	8.61e-09	1.01e-04	2.37e-02	1.92e-01	7.84e-01	2.32e-06	0.00e+00	7.82e-10	2.34e-09	3.91e-09	3.37e-05	6.76e-05	1.15e-27
