#depth	He	He+	He+2
 1.49634e+10	1.65e-23	2.02e-12	1.00e+00
 4.54887e+10	1.85e-23	2.18e-12	1.00e+00
 7.72350e+10	2.04e-23	2.36e-12	1.00e+00
 1.10251e+11	2.26e-23	2.55e-12	1.00e+00
 1.41375e+11	2.49e-23	2.74e-12	1.00e+00
 1.69323e+11	2.69e-23	2.92e-12	1.00e+00
 2.00733e+11	2.94e-23	3.12e-12	1.00e+00
 2.37820e+11	3.25e-23	3.37e-12	1.00e+00
 2.74756e+11	3.58e-23	3.63e-12	1.00e+00
 3.09391e+11	3.91e-23	3.88e-12	1.00e+00
 3.47914e+11	4.29e-23	4.17e-12	1.00e+00
 3.91758e+11	4.77e-23	4.51e-12	1.00e+00
 4.35251e+11	5.28e-23	4.86e-12	1.00e+00
 4.80484e+11	5.84e-23	5.25e-12	1.00e+00
 5.29630e+11	6.50e-23	5.68e-12	1.00e+00
 5.80742e+11	7.24e-23	6.15e-12	1.00e+00
 6.33899e+11	8.07e-23	6.65e-12	1.00e+00
 6.89181e+11	9.00e-23	7.20e-12	1.00e+00
 7.46675e+11	1.01e-22	7.80e-12	1.00e+00
 8.06469e+11	1.12e-22	8.44e-12	1.00e+00
 8.68655e+11	1.26e-22	9.14e-12	1.00e+00
 9.33328e+11	1.41e-22	9.90e-12	1.00e+00
 1.00059e+12	1.58e-22	1.07e-11	1.00e+00
 1.07054e+12	1.78e-22	1.16e-11	1.00e+00
 1.14329e+12	2.01e-22	1.26e-11	1.00e+00
 1.21894e+12	2.26e-22	1.36e-11	1.00e+00
 1.29304e+12	2.54e-22	1.47e-11	1.00e+00
 1.36171e+12	2.81e-22	1.57e-11	1.00e+00
 1.43771e+12	3.14e-22	1.69e-11	1.00e+00
 1.52515e+12	3.56e-22	1.83e-11	1.00e+00
 1.61122e+12	4.02e-22	1.98e-11	1.00e+00
 1.70074e+12	4.53e-22	2.14e-11	1.00e+00
 1.79870e+12	5.15e-22	2.32e-11	1.00e+00
 1.89824e+12	5.86e-22	2.51e-11	1.00e+00
 2.00177e+12	6.66e-22	2.72e-11	1.00e+00
 2.11177e+12	7.62e-22	2.95e-11	1.00e+00
 2.22617e+12	8.71e-22	3.20e-11	1.00e+00
 2.34514e+12	9.98e-22	3.47e-11	1.00e+00
 2.46888e+12	1.15e-21	3.77e-11	1.00e+00
 2.59756e+12	1.32e-21	4.09e-11	1.00e+00
 2.73139e+12	1.51e-21	4.45e-11	1.00e+00
 2.87057e+12	1.74e-21	4.83e-11	1.00e+00
 3.00169e+12	1.99e-21	5.21e-11	1.00e+00
 3.11933e+12	2.22e-21	5.57e-11	1.00e+00
 3.25152e+12	2.50e-21	5.98e-11	1.00e+00
 3.40772e+12	2.89e-21	6.50e-11	1.00e+00
 3.56379e+12	3.32e-21	7.03e-11	1.00e+00
 3.71082e+12	3.76e-21	7.56e-11	1.00e+00
 3.87389e+12	4.29e-21	8.18e-11	1.00e+00
 4.05877e+12	4.98e-21	8.90e-11	1.00e+00
 4.24357e+12	5.75e-21	9.67e-11	1.00e+00
 4.43576e+12	6.63e-21	1.05e-10	1.00e+00
 4.64312e+12	7.70e-21	1.15e-10	1.00e+00
 4.83754e+12	8.84e-21	1.24e-10	1.00e+00
 5.01097e+12	9.92e-21	1.33e-10	1.00e+00
 5.20585e+12	1.12e-20	1.43e-10	1.00e+00
 5.43728e+12	1.30e-20	1.56e-10	1.00e+00
 5.66969e+12	1.51e-20	1.70e-10	1.00e+00
 5.88625e+12	1.71e-20	1.83e-10	1.00e+00
 6.12649e+12	1.96e-20	1.98e-10	1.00e+00
 6.40147e+12	2.28e-20	2.17e-10	1.00e+00
 6.67104e+12	2.63e-20	2.36e-10	1.00e+00
 6.95139e+12	3.03e-20	2.58e-10	1.00e+00
 7.25938e+12	3.52e-20	2.82e-10	1.00e+00
 7.57003e+12	4.07e-20	3.09e-10	1.00e+00
 7.89311e+12	4.70e-20	3.38e-10	1.00e+00
 8.23876e+12	5.46e-20	3.71e-10	1.00e+00
 8.58076e+12	6.29e-20	4.06e-10	1.00e+00
 8.93645e+12	7.22e-20	4.44e-10	1.00e+00
 9.32383e+12	8.36e-20	4.88e-10	1.00e+00
 9.72671e+12	9.65e-20	5.37e-10	1.00e+00
 1.01457e+13	1.11e-19	5.91e-10	1.00e+00
 1.05815e+13	1.28e-19	6.51e-10	1.00e+00
 1.10346e+13	1.48e-19	7.17e-10	1.00e+00
 1.14450e+13	1.67e-19	7.80e-10	1.00e+00
 1.17878e+13	1.84e-19	8.36e-10	1.00e+00
 1.21637e+13	2.04e-19	8.99e-10	1.00e+00
 1.26386e+13	2.31e-19	9.84e-10	1.00e+00
 1.31334e+13	2.62e-19	1.08e-09	1.00e+00
 1.35566e+13	2.91e-19	1.16e-09	1.00e+00
 1.39958e+13	3.21e-19	1.25e-09	1.00e+00
 1.45438e+13	3.64e-19	1.37e-09	1.00e+00
 1.50994e+13	4.12e-19	1.50e-09	1.00e+00
 1.55822e+13	4.56e-19	1.62e-09	1.00e+00
 1.61045e+13	5.07e-19	1.75e-09	1.00e+00
 1.67428e+13	5.75e-19	1.92e-09	1.00e+00
 1.73932e+13	6.51e-19	2.10e-09	1.00e+00
 1.79876e+13	7.26e-19	2.28e-09	1.00e+00
 1.86478e+13	8.16e-19	2.48e-09	1.00e+00
 1.94164e+13	9.32e-19	2.73e-09	1.00e+00
 2.01772e+13	1.06e-18	2.98e-09	1.00e+00
 2.09040e+13	1.19e-18	3.24e-09	1.00e+00
 2.17056e+13	1.35e-18	3.54e-09	1.00e+00
 2.26038e+13	1.56e-18	3.89e-09	1.00e+00
 2.35063e+13	1.79e-18	4.26e-09	1.00e+00
 2.43155e+13	2.01e-18	4.60e-09	1.00e+00
 2.50016e+13	2.22e-18	4.91e-09	1.00e+00
 2.57412e+13	2.47e-18	5.25e-09	1.00e+00
 2.66973e+13	2.82e-18	5.70e-09	1.00e+00
 2.76942e+13	3.23e-18	6.20e-09	1.00e+00
 2.85487e+13	3.62e-18	6.64e-09	1.00e+00
 2.94591e+13	4.07e-18	7.13e-09	1.00e+00
 3.05881e+13	4.70e-18	7.76e-09	1.00e+00
 3.17476e+13	5.42e-18	8.44e-09	1.00e+00
 3.27919e+13	6.14e-18	9.07e-09	1.00e+00
 3.39400e+13	7.02e-18	9.80e-09	1.00e+00
 3.51947e+13	8.09e-18	1.06e-08	1.00e+00
 3.63359e+13	9.18e-18	1.14e-08	1.00e+00
 3.75671e+13	1.05e-17	1.23e-08	1.00e+00
 3.89483e+13	1.21e-17	1.33e-08	1.00e+00
 4.02566e+13	1.38e-17	1.43e-08	1.00e+00
 4.16896e+13	1.59e-17	1.54e-08	1.00e+00
 4.32766e+13	1.85e-17	1.68e-08	1.00e+00
 4.47524e+13	2.12e-17	1.80e-08	1.00e+00
 4.63597e+13	2.45e-17	1.95e-08	1.00e+00
 4.81599e+13	2.86e-17	2.12e-08	1.00e+00
 4.98634e+13	3.30e-17	2.28e-08	1.00e+00
 5.17035e+13	3.82e-17	2.47e-08	1.00e+00
 5.37542e+13	4.49e-17	2.68e-08	1.00e+00
 5.57299e+13	5.20e-17	2.90e-08	1.00e+00
 5.78318e+13	6.05e-17	3.14e-08	1.00e+00
 6.01750e+13	7.13e-17	3.42e-08	1.00e+00
 6.25244e+13	8.35e-17	3.71e-08	1.00e+00
 6.49677e+13	9.77e-17	4.02e-08	1.00e+00
 6.75963e+13	1.15e-16	4.37e-08	1.00e+00
 7.03301e+13	1.35e-16	4.75e-08	1.00e+00
 7.30193e+13	1.58e-16	5.14e-08	1.00e+00
 7.55315e+13	1.82e-16	5.52e-08	1.00e+00
 7.78044e+13	2.05e-16	5.88e-08	1.00e+00
 8.02336e+13	2.33e-16	6.27e-08	1.00e+00
 8.32538e+13	2.71e-16	6.77e-08	1.00e+00
 8.62723e+13	3.13e-16	7.29e-08	1.00e+00
 8.88598e+13	3.53e-16	7.75e-08	1.00e+00
 9.16568e+13	4.00e-16	8.26e-08	1.00e+00
 9.51175e+13	4.66e-16	8.92e-08	1.00e+00
 9.85797e+13	5.39e-16	9.60e-08	1.00e+00
 1.01569e+14	6.08e-16	1.02e-07	1.00e+00
 1.04804e+14	6.90e-16	1.09e-07	1.00e+00
 1.08780e+14	8.03e-16	1.17e-07	1.00e+00
 1.12790e+14	9.30e-16	1.26e-07	1.00e+00
 1.16341e+14	1.05e-15	1.35e-07	1.00e+00
 1.20226e+14	1.20e-15	1.44e-07	1.00e+00
 1.24885e+14	1.40e-15	1.56e-07	1.00e+00
 1.29526e+14	1.62e-15	1.67e-07	1.00e+00
 1.33749e+14	1.84e-15	1.79e-07	1.00e+00
 1.38455e+14	2.12e-15	1.91e-07	1.00e+00
 1.43952e+14	2.47e-15	2.07e-07	1.00e+00
 1.49373e+14	2.87e-15	2.23e-07	1.00e+00
 1.54498e+14	3.28e-15	2.39e-07	1.00e+00
 1.60195e+14	3.79e-15	2.57e-07	1.00e+00
 1.66633e+14	4.43e-15	2.78e-07	1.00e+00
 1.73092e+14	5.16e-15	3.00e-07	1.00e+00
 1.79810e+14	6.00e-15	3.24e-07	1.00e+00
 1.87032e+14	7.02e-15	3.50e-07	1.00e+00
 1.94022e+14	8.12e-15	3.77e-07	1.00e+00
 2.00590e+14	9.27e-15	4.03e-07	1.00e+00
 2.07943e+14	1.07e-14	4.33e-07	1.00e+00
 2.15358e+14	1.23e-14	4.65e-07	1.00e+00
 2.21509e+14	1.38e-14	4.92e-07	1.00e+00
 2.28012e+14	1.54e-14	5.22e-07	1.00e+00
 2.36336e+14	1.78e-14	5.61e-07	1.00e+00
 2.45057e+14	2.06e-14	6.04e-07	1.00e+00
 2.52759e+14	2.33e-14	6.43e-07	1.00e+00
 2.61106e+14	2.65e-14	6.87e-07	1.00e+00
 2.71155e+14	3.09e-14	7.42e-07	1.00e+00
 2.81327e+14	3.58e-14	7.99e-07	1.00e+00
 2.90827e+14	4.09e-14	8.56e-07	1.00e+00
 3.01411e+14	4.72e-14	9.22e-07	1.00e+00
 3.12668e+14	5.47e-14	9.94e-07	1.00e+00
 3.22673e+14	6.21e-14	1.06e-06	1.00e+00
 3.33420e+14	7.09e-14	1.14e-06	1.00e+00
 3.46298e+14	8.26e-14	1.23e-06	1.00e+00
 3.58972e+14	9.54e-14	1.32e-06	1.00e+00
 3.70252e+14	1.08e-13	1.41e-06	1.00e+00
 3.82697e+14	1.23e-13	1.51e-06	1.00e+00
 3.97541e+14	1.44e-13	1.64e-06	1.00e+00
 4.12267e+14	1.66e-13	1.76e-06	1.00e+00
 4.25704e+14	1.89e-13	1.89e-06	1.00e+00
 4.40698e+14	2.17e-13	2.03e-06	1.00e+00
 4.58172e+14	2.54e-13	2.20e-06	1.00e+00
 4.75346e+14	2.93e-13	2.37e-06	1.00e+00
 4.91557e+14	3.35e-13	2.54e-06	1.00e+00
 5.09599e+14	3.86e-13	2.74e-06	1.00e+00
 5.30013e+14	4.51e-13	2.97e-06	1.00e+00
 5.50439e+14	5.23e-13	3.21e-06	1.00e+00
 5.69594e+14	5.98e-13	3.44e-06	1.00e+00
 5.90318e+14	6.87e-13	3.70e-06	1.00e+00
 6.13483e+14	7.99e-13	4.01e-06	1.00e+00
 6.35112e+14	9.12e-13	4.30e-06	1.00e+00
 6.55143e+14	1.03e-12	4.59e-06	1.00e+00
 6.74483e+14	1.15e-12	4.87e-06	1.00e+00
 6.96016e+14	1.30e-12	5.19e-06	1.00e+00
 7.19827e+14	1.48e-12	5.56e-06	1.00e+00
 7.41981e+14	1.66e-12	5.91e-06	1.00e+00
 7.66160e+14	1.87e-12	6.31e-06	1.00e+00
 7.93411e+14	2.14e-12	6.78e-06	1.00e+00
 8.19346e+14	2.41e-12	7.24e-06	1.00e+00
 8.47752e+14	2.74e-12	7.76e-06	1.00e+00
 8.79042e+14	3.14e-12	8.35e-06	1.00e+00
 9.07780e+14	3.55e-12	8.92e-06	1.00e+00
 9.38840e+14	4.02e-12	9.55e-06	1.00e+00
 9.73644e+14	4.60e-12	1.03e-05	1.00e+00
 1.00645e+15	5.20e-12	1.10e-05	1.00e+00
 1.04222e+15	5.93e-12	1.18e-05	1.00e+00
 1.08196e+15	6.80e-12	1.28e-05	1.00e+00
 1.11903e+15	7.71e-12	1.37e-05	1.00e+00
 1.15933e+15	8.78e-12	1.47e-05	1.00e+00
 1.20445e+15	1.01e-11	1.59e-05	1.00e+00
 1.24725e+15	1.15e-11	1.71e-05	1.00e+00
 1.29303e+15	1.32e-11	1.84e-05	1.00e+00
 1.34478e+15	1.53e-11	2.00e-05	1.00e+00
 1.39574e+15	1.76e-11	2.16e-05	1.00e+00
 1.44874e+15	2.02e-11	2.33e-05	1.00e+00
 1.50672e+15	2.35e-11	2.54e-05	1.00e+00
 1.56396e+15	2.70e-11	2.74e-05	1.00e+00
 1.61153e+15	3.03e-11	2.92e-05	1.00e+00
 1.65000e+15	3.32e-11	3.08e-05	1.00e+00
 1.69272e+15	3.66e-11	3.25e-05	1.00e+00
 1.74825e+15	4.16e-11	3.48e-05	1.00e+00
 1.80774e+15	4.74e-11	3.74e-05	1.00e+00
 1.86044e+15	5.31e-11	3.99e-05	1.00e+00
 1.91704e+15	5.97e-11	4.25e-05	1.00e+00
 1.98803e+15	6.91e-11	4.61e-05	1.00e+00
 2.06009e+15	7.97e-11	4.98e-05	1.00e+00
 2.12251e+15	8.99e-11	5.32e-05	1.00e+00
 2.19005e+15	1.02e-10	5.71e-05	1.00e+00
 2.27280e+15	1.19e-10	6.19e-05	1.00e+00
 2.35634e+15	1.38e-10	6.71e-05	1.00e+00
 2.43057e+15	1.57e-10	7.20e-05	1.00e+00
 2.51169e+15	1.80e-10	7.75e-05	1.00e+00
 2.60871e+15	2.11e-10	8.43e-05	1.00e+00
 2.70470e+15	2.45e-10	9.15e-05	1.00e+00
 2.79131e+15	2.80e-10	9.82e-05	1.00e+00
 2.88740e+15	3.23e-10	1.06e-04	1.00e+00
 3.00057e+15	3.81e-10	1.16e-04	1.00e+00
 3.11223e+15	4.45e-10	1.26e-04	1.00e+00
 3.21593e+15	5.12e-10	1.35e-04	1.00e+00
 3.33217e+15	5.96e-10	1.47e-04	1.00e+00
 3.46548e+15	7.06e-10	1.60e-04	1.00e+00
 3.59673e+15	8.29e-10	1.74e-04	1.00e+00
 3.73322e+15	9.74e-10	1.90e-04	1.00e+00
 3.85752e+15	1.12e-09	2.04e-04	1.00e+00
 3.95030e+15	1.24e-09	2.15e-04	1.00e+00
 4.04619e+15	1.38e-09	2.27e-04	1.00e+00
 4.17084e+15	1.57e-09	2.43e-04	1.00e+00
 4.30580e+15	1.80e-09	2.61e-04	1.00e+00
 4.42761e+15	2.04e-09	2.78e-04	1.00e+00
 4.55941e+15	2.31e-09	2.97e-04	1.00e+00
 4.72659e+15	2.70e-09	3.22e-04	1.00e+00
 4.89489e+15	3.14e-09	3.48e-04	1.00e+00
 5.03634e+15	3.55e-09	3.71e-04	1.00e+00
 5.18776e+15	4.04e-09	3.96e-04	1.00e+00
 5.37883e+15	4.72e-09	4.29e-04	1.00e+00
 5.57905e+15	5.52e-09	4.66e-04	1.00e+00
 5.75913e+15	6.33e-09	4.99e-04	1.00e+00
 5.95540e+15	7.31e-09	5.38e-04	9.99e-01
 6.18769e+15	8.60e-09	5.85e-04	9.99e-01
 6.41493e+15	1.00e-08	6.33e-04	9.99e-01
 6.62128e+15	1.15e-08	6.78e-04	9.99e-01
 6.85230e+15	1.33e-08	7.30e-04	9.99e-01
 7.12255e+15	1.56e-08	7.95e-04	9.99e-01
 7.38773e+15	1.82e-08	8.60e-04	9.99e-01
 7.63576e+15	2.09e-08	9.23e-04	9.99e-01
 7.91346e+15	2.43e-08	9.98e-04	9.99e-01
 8.17882e+15	2.78e-08	1.07e-03	9.99e-01
 8.37619e+15	3.08e-08	1.13e-03	9.99e-01
 8.57671e+15	3.40e-08	1.18e-03	9.99e-01
 8.83740e+15	3.85e-08	1.26e-03	9.99e-01
 9.11940e+15	4.39e-08	1.35e-03	9.99e-01
 9.37075e+15	4.92e-08	1.43e-03	9.99e-01
 9.63910e+15	5.53e-08	1.52e-03	9.98e-01
 9.98661e+15	6.42e-08	1.64e-03	9.98e-01
 1.03384e+16	7.40e-08	1.76e-03	9.98e-01
 1.06255e+16	8.28e-08	1.87e-03	9.98e-01
 1.09272e+16	9.31e-08	1.98e-03	9.98e-01
 1.13193e+16	1.08e-07	2.14e-03	9.98e-01
 1.17271e+16	1.24e-07	2.30e-03	9.98e-01
 1.20722e+16	1.40e-07	2.45e-03	9.98e-01
 1.24379e+16	1.59e-07	2.61e-03	9.97e-01
 1.28976e+16	1.85e-07	2.83e-03	9.97e-01
 1.33536e+16	2.12e-07	3.04e-03	9.97e-01
 1.37328e+16	2.37e-07	3.23e-03	9.97e-01
 1.41377e+16	2.68e-07	3.45e-03	9.97e-01
 1.45917e+16	3.05e-07	3.70e-03	9.96e-01
 1.50232e+16	3.44e-07	3.94e-03	9.96e-01
 1.54001e+16	3.80e-07	4.17e-03	9.96e-01
 1.57928e+16	4.23e-07	4.42e-03	9.96e-01
 1.62189e+16	4.72e-07	4.70e-03	9.95e-01
 1.66136e+16	5.22e-07	4.98e-03	9.95e-01
 1.70517e+16	5.86e-07	5.31e-03	9.95e-01
 1.75199e+16	6.57e-07	5.68e-03	9.94e-01
 1.79428e+16	7.27e-07	6.03e-03	9.94e-01
 1.84084e+16	8.20e-07	6.47e-03	9.94e-01
 1.89096e+16	9.22e-07	6.95e-03	9.93e-01
 1.93713e+16	1.03e-06	7.44e-03	9.93e-01
 1.97993e+16	1.14e-06	7.94e-03	9.92e-01
 2.02065e+16	1.26e-06	8.45e-03	9.92e-01
 2.06734e+16	1.42e-06	9.12e-03	9.91e-01
 2.11716e+16	1.61e-06	9.89e-03	9.90e-01
 2.16023e+16	1.79e-06	1.06e-02	9.89e-01
 2.19926e+16	1.98e-06	1.14e-02	9.89e-01
 2.24388e+16	2.25e-06	1.24e-02	9.88e-01
 2.28951e+16	2.55e-06	1.35e-02	9.87e-01
 2.32606e+16	2.82e-06	1.45e-02	9.86e-01
 2.35831e+16	3.11e-06	1.55e-02	9.84e-01
 2.39539e+16	3.50e-06	1.69e-02	9.83e-01
 2.43519e+16	3.99e-06	1.85e-02	9.81e-01
 2.46937e+16	4.47e-06	2.02e-02	9.80e-01
 2.49926e+16	4.96e-06	2.18e-02	9.78e-01
 2.53269e+16	5.69e-06	2.40e-02	9.76e-01
 2.56773e+16	6.51e-06	2.67e-02	9.73e-01
 2.59730e+16	7.38e-06	2.93e-02	9.71e-01
 2.62324e+16	8.35e-06	3.21e-02	9.68e-01
 2.64822e+16	9.30e-06	3.52e-02	9.65e-01
 2.67685e+16	1.08e-05	3.95e-02	9.60e-01
 2.70632e+16	1.27e-05	4.49e-02	9.55e-01
 2.72973e+16	1.49e-05	5.02e-02	9.50e-01
 2.74838e+16	1.67e-05	5.52e-02	9.45e-01
 2.76800e+16	1.90e-05	6.14e-02	9.39e-01
 2.79005e+16	2.23e-05	6.99e-02	9.30e-01
 2.80986e+16	2.61e-05	7.93e-02	9.21e-01
 2.82613e+16	3.05e-05	8.87e-02	9.11e-01
 2.84007e+16	3.43e-05	9.85e-02	9.02e-01
 2.85514e+16	3.98e-05	1.11e-01	8.89e-01
 2.87139e+16	4.71e-05	1.27e-01	8.73e-01
 2.88526e+16	5.51e-05	1.44e-01	8.55e-01
 2.89669e+16	6.34e-05	1.61e-01	8.38e-01
 2.90719e+16	7.24e-05	1.80e-01	8.20e-01
 2.91919e+16	8.57e-05	2.05e-01	7.95e-01
 2.92954e+16	9.77e-05	2.29e-01	7.70e-01
 2.93633e+16	1.09e-04	2.48e-01	7.52e-01
 2.94229e+16	1.18e-04	2.66e-01	7.34e-01
 2.94859e+16	1.30e-04	2.88e-01	7.12e-01
 2.95677e+16	1.48e-04	3.18e-01	6.82e-01
 2.96504e+16	1.67e-04	3.51e-01	6.48e-01
 2.97160e+16	1.84e-04	3.81e-01	6.19e-01
 2.97831e+16	2.06e-04	4.14e-01	5.86e-01
 2.98526e+16	2.28e-04	4.49e-01	5.50e-01
 2.99147e+16	2.50e-04	4.83e-01	5.17e-01
 2.99847e+16	2.77e-04	5.22e-01	4.77e-01
 3.00625e+16	3.08e-04	5.67e-01	4.33e-01
 3.01359e+16	3.40e-04	6.09e-01	3.91e-01
 3.02171e+16	3.75e-04	6.54e-01	3.46e-01
 3.03076e+16	4.16e-04	7.02e-01	2.98e-01
 3.03950e+16	4.53e-04	7.44e-01	2.55e-01
 3.04933e+16	4.95e-04	7.87e-01	2.12e-01
 3.06210e+16	5.46e-04	8.34e-01	1.65e-01
 3.07627e+16	5.96e-04	8.74e-01	1.25e-01
 3.09228e+16	6.47e-04	9.08e-01	9.16e-02
 3.11308e+16	7.06e-04	9.38e-01	6.17e-02
 3.14012e+16	7.73e-04	9.61e-01	3.82e-02
 3.17022e+16	8.43e-04	9.75e-01	2.37e-02
 3.19842e+16	9.12e-04	9.83e-01	1.58e-02
 3.22463e+16	9.82e-04	9.88e-01	1.12e-02
 3.25413e+16	1.07e-03	9.91e-01	7.76e-03
 3.28520e+16	1.17e-03	9.93e-01	5.50e-03
 3.30585e+16	1.26e-03	9.94e-01	4.51e-03
 3.31604e+16	1.30e-03	9.95e-01	4.10e-03
 3.32507e+16	1.34e-03	9.95e-01	3.73e-03
 3.33681e+16	1.40e-03	9.95e-01	3.32e-03
 3.35208e+16	1.48e-03	9.96e-01	2.86e-03
 3.36810e+16	1.58e-03	9.96e-01	2.47e-03
 3.38109e+16	1.66e-03	9.96e-01	2.21e-03
 3.39178e+16	1.74e-03	9.96e-01	2.01e-03
 3.40139e+16	1.82e-03	9.96e-01	1.86e-03
 3.41021e+16	1.89e-03	9.96e-01	1.72e-03
 3.42010e+16	1.98e-03	9.96e-01	1.58e-03
 3.43061e+16	2.09e-03	9.96e-01	1.45e-03
 3.43939e+16	2.19e-03	9.96e-01	1.36e-03
 3.44672e+16	2.28e-03	9.96e-01	1.28e-03
 3.45471e+16	2.38e-03	9.96e-01	1.20e-03
 3.46361e+16	2.51e-03	9.96e-01	1.12e-03
 3.47162e+16	2.63e-03	9.96e-01	1.05e-03
 3.47846e+16	2.75e-03	9.96e-01	9.98e-04
 3.48585e+16	2.88e-03	9.96e-01	9.41e-04
 3.49389e+16	3.04e-03	9.96e-01	8.85e-04
 3.50091e+16	3.20e-03	9.96e-01	8.42e-04
 3.50685e+16	3.34e-03	9.96e-01	8.05e-04
 3.51328e+16	3.51e-03	9.96e-01	7.66e-04
 3.52036e+16	3.71e-03	9.96e-01	7.27e-04
 3.52664e+16	3.91e-03	9.95e-01	6.95e-04
 3.53203e+16	4.09e-03	9.95e-01	6.69e-04
 3.53792e+16	4.32e-03	9.95e-01	6.40e-04
 3.54435e+16	4.59e-03	9.95e-01	6.11e-04
 3.55001e+16	4.85e-03	9.95e-01	5.87e-04
 3.55487e+16	5.10e-03	9.94e-01	5.68e-04
 3.56018e+16	5.39e-03	9.94e-01	5.46e-04
 3.56605e+16	5.76e-03	9.94e-01	5.23e-04
 3.57133e+16	6.13e-03	9.93e-01	5.04e-04
 3.57594e+16	6.49e-03	9.93e-01	4.89e-04
 3.58101e+16	6.93e-03	9.93e-01	4.71e-04
 3.58664e+16	7.49e-03	9.92e-01	4.52e-04
 3.59182e+16	8.09e-03	9.91e-01	4.37e-04
 3.59647e+16	8.68e-03	9.91e-01	4.23e-04
 3.60166e+16	9.45e-03	9.90e-01	4.07e-04
 3.60731e+16	1.05e-02	9.89e-01	3.92e-04
 3.61217e+16	1.15e-02	9.88e-01	3.79e-04
 3.61609e+16	1.25e-02	9.87e-01	3.70e-04
 3.61964e+16	1.35e-02	9.86e-01	3.60e-04
 3.62369e+16	1.48e-02	9.85e-01	3.50e-04
 3.62801e+16	1.65e-02	9.83e-01	3.40e-04
 3.63160e+16	1.82e-02	9.81e-01	3.32e-04
 3.63449e+16	1.99e-02	9.80e-01	3.26e-04
 3.63756e+16	2.18e-02	9.78e-01	3.19e-04
 3.64095e+16	2.45e-02	9.75e-01	3.12e-04
 3.64389e+16	2.73e-02	9.72e-01	3.07e-04
 3.64628e+16	2.99e-02	9.70e-01	3.04e-04
 3.64829e+16	3.26e-02	9.67e-01	3.00e-04
 3.65041e+16	3.56e-02	9.64e-01	2.97e-04
 3.65317e+16	4.03e-02	9.59e-01	2.93e-04
 3.65593e+16	4.62e-02	9.53e-01	2.90e-04
 3.65798e+16	5.18e-02	9.48e-01	2.89e-04
 3.65956e+16	5.65e-02	9.43e-01	2.89e-04
 3.66123e+16	6.23e-02	9.37e-01	2.88e-04
 3.66312e+16	6.98e-02	9.30e-01	2.89e-04
 3.66487e+16	7.81e-02	9.22e-01	2.90e-04
 3.66638e+16	8.66e-02	9.13e-01	2.91e-04
 3.66773e+16	9.50e-02	9.05e-01	2.94e-04
 3.66908e+16	1.05e-01	8.95e-01	2.96e-04
 3.67045e+16	1.16e-01	8.84e-01	3.00e-04
 3.67170e+16	1.27e-01	8.72e-01	3.04e-04
 3.67279e+16	1.39e-01	8.61e-01	3.08e-04
 3.67379e+16	1.50e-01	8.49e-01	3.12e-04
 3.67475e+16	1.62e-01	8.37e-01	3.16e-04
 3.67550e+16	1.72e-01	8.27e-01	3.20e-04
 3.67598e+16	1.79e-01	8.20e-01	3.22e-04
 3.67640e+16	1.86e-01	8.14e-01	3.24e-04
 3.67690e+16	1.94e-01	8.06e-01	3.27e-04
 3.67745e+16	2.03e-01	7.97e-01	3.30e-04
 3.67799e+16	2.13e-01	7.87e-01	3.33e-04
 3.67848e+16	2.21e-01	7.78e-01	3.36e-04
 3.67896e+16	2.31e-01	7.69e-01	3.39e-04
 3.67945e+16	2.41e-01	7.59e-01	3.42e-04
 3.67994e+16	2.51e-01	7.49e-01	3.45e-04
 3.68042e+16	2.62e-01	7.38e-01	3.48e-04
 3.68089e+16	2.72e-01	7.27e-01	3.51e-04
 3.68135e+16	2.83e-01	7.17e-01	3.54e-04
 3.68181e+16	2.95e-01	7.05e-01	3.57e-04
 3.68227e+16	3.06e-01	6.93e-01	3.60e-04
 3.68272e+16	3.19e-01	6.81e-01	3.63e-04
 3.68316e+16	3.31e-01	6.69e-01	3.66e-04
 3.68361e+16	3.43e-01	6.56e-01	3.69e-04
 3.68405e+16	3.56e-01	6.43e-01	3.71e-04
 3.68448e+16	3.69e-01	6.30e-01	3.74e-04
 3.68490e+16	3.82e-01	6.17e-01	3.76e-04
 3.68532e+16	3.96e-01	6.04e-01	3.78e-04
 3.68573e+16	4.09e-01	5.90e-01	3.81e-04
 3.68615e+16	4.24e-01	5.76e-01	3.82e-04
 3.68655e+16	4.37e-01	5.62e-01	3.85e-04
 3.68695e+16	4.51e-01	5.48e-01	3.86e-04
 3.68736e+16	4.66e-01	5.34e-01	3.87e-04
 3.68775e+16	4.80e-01	5.20e-01	3.88e-04
 3.68813e+16	4.94e-01	5.05e-01	3.89e-04
 3.68851e+16	5.08e-01	4.91e-01	3.90e-04
 3.68889e+16	5.23e-01	4.77e-01	3.90e-04
 3.68927e+16	5.37e-01	4.63e-01	3.91e-04
 3.68963e+16	5.51e-01	4.49e-01	3.91e-04
 3.68998e+16	5.64e-01	4.35e-01	3.91e-04
 3.69033e+16	5.78e-01	4.22e-01	3.91e-04
 3.69067e+16	5.90e-01	4.09e-01	3.91e-04
 3.69100e+16	6.03e-01	3.96e-01	3.90e-04
 3.69132e+16	6.16e-01	3.84e-01	3.89e-04
 3.69165e+16	6.28e-01	3.71e-01	3.87e-04
 3.69196e+16	6.41e-01	3.59e-01	3.85e-04
 3.69228e+16	6.52e-01	3.47e-01	3.83e-04
 3.69259e+16	6.64e-01	3.36e-01	3.81e-04
 3.69289e+16	6.75e-01	3.24e-01	3.79e-04
 3.69319e+16	6.86e-01	3.13e-01	3.77e-04
 3.69348e+16	6.97e-01	3.02e-01	3.74e-04
 3.69377e+16	7.08e-01	2.92e-01	3.72e-04
 3.69405e+16	7.18e-01	2.82e-01	3.69e-04
 3.69433e+16	7.27e-01	2.72e-01	3.66e-04
 3.69461e+16	7.37e-01	2.63e-01	3.62e-04
 3.69488e+16	7.46e-01	2.53e-01	3.59e-04
 3.69516e+16	7.55e-01	2.44e-01	3.55e-04
 3.69543e+16	7.64e-01	2.36e-01	3.52e-04
 3.69569e+16	7.72e-01	2.27e-01	3.48e-04
 3.69595e+16	7.81e-01	2.19e-01	3.44e-04
 3.69621e+16	7.89e-01	2.11e-01	3.40e-04
 3.69647e+16	7.96e-01	2.03e-01	3.36e-04
 3.69673e+16	8.04e-01	1.96e-01	3.31e-04
 3.69695e+16	8.10e-01	1.90e-01	3.27e-04
 3.69711e+16	8.15e-01	1.85e-01	3.24e-04
 3.69726e+16	8.19e-01	1.81e-01	3.20e-04
 3.69741e+16	8.23e-01	1.76e-01	3.17e-04
 3.69758e+16	8.28e-01	1.72e-01	3.14e-04
 3.69774e+16	8.32e-01	1.68e-01	3.10e-04
 3.69789e+16	8.36e-01	1.64e-01	3.07e-04
 3.69803e+16	8.40e-01	1.60e-01	3.04e-04
 3.69818e+16	8.43e-01	1.56e-01	3.01e-04
 3.69833e+16	8.47e-01	1.53e-01	2.97e-04
 3.69847e+16	8.50e-01	1.49e-01	2.94e-04
 3.69861e+16	8.54e-01	1.46e-01	2.91e-04
 3.69874e+16	8.57e-01	1.43e-01	2.88e-04
 3.69888e+16	8.60e-01	1.39e-01	2.84e-04
 3.69902e+16	8.63e-01	1.36e-01	2.81e-04
 3.69916e+16	8.67e-01	1.33e-01	2.78e-04
 3.69930e+16	8.70e-01	1.30e-01	2.74e-04
 3.69944e+16	8.73e-01	1.27e-01	2.71e-04
 3.69958e+16	8.76e-01	1.24e-01	2.67e-04
 3.69973e+16	8.79e-01	1.21e-01	2.63e-04
 3.69989e+16	8.82e-01	1.18e-01	2.60e-04
 3.70006e+16	8.86e-01	1.14e-01	2.55e-04
 3.70026e+16	8.89e-01	1.10e-01	2.50e-04
 3.70047e+16	8.93e-01	1.06e-01	2.45e-04
 3.70069e+16	8.97e-01	1.02e-01	2.39e-04
 3.70091e+16	9.01e-01	9.87e-02	2.34e-04
 3.70110e+16	9.05e-01	9.52e-02	2.28e-04
 3.70130e+16	9.08e-01	9.20e-02	2.22e-04
 3.70148e+16	9.11e-01	8.89e-02	2.17e-04
 3.70167e+16	9.14e-01	8.60e-02	2.12e-04
 3.70184e+16	9.16e-01	8.33e-02	2.07e-04
 3.70200e+16	9.19e-01	8.09e-02	2.02e-04
 3.70214e+16	9.21e-01	7.88e-02	1.98e-04
 3.70227e+16	9.23e-01	7.69e-02	1.94e-04
 3.70239e+16	9.25e-01	7.51e-02	1.91e-04
 3.70250e+16	9.26e-01	7.36e-02	1.87e-04
 3.70260e+16	9.28e-01	7.22e-02	1.84e-04
 3.70271e+16	9.29e-01	7.07e-02	1.81e-04
 3.70283e+16	9.31e-01	6.91e-02	1.77e-04
 3.70293e+16	9.32e-01	6.77e-02	1.74e-04
 3.70303e+16	9.33e-01	6.65e-02	1.71e-04
 3.70312e+16	9.35e-01	6.53e-02	1.68e-04
 3.70322e+16	9.36e-01	6.41e-02	1.65e-04
 3.70332e+16	9.37e-01	6.28e-02	1.62e-04
 3.70342e+16	9.38e-01	6.16e-02	1.60e-04
 3.70350e+16	9.39e-01	6.06e-02	1.57e-04
 3.70358e+16	9.40e-01	5.96e-02	1.54e-04
 3.70367e+16	9.41e-01	5.86e-02	1.52e-04
 3.70376e+16	9.42e-01	5.75e-02	1.49e-04
 3.70384e+16	9.43e-01	5.66e-02	1.47e-04
 3.70392e+16	9.44e-01	5.57e-02	1.44e-04
 3.70399e+16	9.45e-01	5.49e-02	1.42e-04
 3.70407e+16	9.46e-01	5.40e-02	1.40e-04
 3.70415e+16	9.47e-01	5.31e-02	1.38e-04
 3.70423e+16	9.48e-01	5.23e-02	1.35e-04
 3.70430e+16	9.48e-01	5.15e-02	1.33e-04
 3.70437e+16	9.49e-01	5.07e-02	1.31e-04
 3.70445e+16	9.50e-01	4.99e-02	1.29e-04
 3.70453e+16	9.51e-01	4.91e-02	1.27e-04
 3.70459e+16	9.51e-01	4.84e-02	1.25e-04
 3.70467e+16	9.52e-01	4.77e-02	1.23e-04
 3.70475e+16	9.53e-01	4.69e-02	1.21e-04
 3.70482e+16	9.54e-01	4.62e-02	1.19e-04
 3.70489e+16	9.54e-01	4.56e-02	1.17e-04
 3.70496e+16	9.55e-01	4.49e-02	1.15e-04
 3.70504e+16	9.56e-01	4.42e-02	1.13e-04
 3.70511e+16	9.56e-01	4.36e-02	1.11e-04
 3.70517e+16	9.57e-01	4.30e-02	1.09e-04
 3.70524e+16	9.58e-01	4.23e-02	1.08e-04
 3.70532e+16	9.58e-01	4.17e-02	1.06e-04
 3.70539e+16	9.59e-01	4.11e-02	1.04e-04
 3.70545e+16	9.59e-01	4.06e-02	1.03e-04
 3.70552e+16	9.60e-01	4.00e-02	1.01e-04
 3.70560e+16	9.61e-01	3.94e-02	9.94e-05
 3.70566e+16	9.61e-01	3.88e-02	9.78e-05
 3.70574e+16	9.62e-01	3.83e-02	9.62e-05
 3.70582e+16	9.62e-01	3.77e-02	9.45e-05
 3.70589e+16	9.63e-01	3.71e-02	9.29e-05
 3.70596e+16	9.63e-01	3.67e-02	9.17e-05
 3.70603e+16	9.64e-01	3.61e-02	9.01e-05
 3.70611e+16	9.64e-01	3.56e-02	8.86e-05
 3.70618e+16	9.65e-01	3.51e-02	8.74e-05
 3.70626e+16	9.65e-01	3.46e-02	8.59e-05
 3.70636e+16	9.66e-01	3.39e-02	8.41e-05
 3.70648e+16	9.67e-01	3.32e-02	8.23e-05
 3.70658e+16	9.67e-01	3.27e-02	8.07e-05
 3.70667e+16	9.68e-01	3.22e-02	7.94e-05
 3.70677e+16	9.68e-01	3.16e-02	7.78e-05
 3.70688e+16	9.69e-01	3.10e-02	7.62e-05
 3.70697e+16	9.69e-01	3.05e-02	7.49e-05
 3.70706e+16	9.70e-01	3.00e-02	7.37e-05
 3.70716e+16	9.70e-01	2.95e-02	7.23e-05
 3.70727e+16	9.71e-01	2.90e-02	7.09e-05
 3.70737e+16	9.71e-01	2.86e-02	6.98e-05
 3.70747e+16	9.72e-01	2.81e-02	6.84e-05
 3.70759e+16	9.72e-01	2.76e-02	6.71e-05
 3.70769e+16	9.73e-01	2.72e-02	6.60e-05
 3.70780e+16	9.73e-01	2.67e-02	6.47e-05
 3.70793e+16	9.74e-01	2.62e-02	6.35e-05
 3.70804e+16	9.74e-01	2.58e-02	6.24e-05
 3.70816e+16	9.75e-01	2.54e-02	6.12e-05
 3.70829e+16	9.75e-01	2.49e-02	6.00e-05
 3.70841e+16	9.75e-01	2.45e-02	5.90e-05
 3.70854e+16	9.76e-01	2.41e-02	5.78e-05
 3.70869e+16	9.76e-01	2.37e-02	5.67e-05
 3.70882e+16	9.77e-01	2.33e-02	5.57e-05
 3.70896e+16	9.77e-01	2.29e-02	5.46e-05
 3.70914e+16	9.78e-01	2.24e-02	5.33e-05
 3.70934e+16	9.78e-01	2.19e-02	5.21e-05
 3.70952e+16	9.78e-01	2.15e-02	5.10e-05
 3.70969e+16	9.79e-01	2.12e-02	5.01e-05
 3.70987e+16	9.79e-01	2.08e-02	4.90e-05
 3.71011e+16	9.80e-01	2.03e-02	4.78e-05
 3.71036e+16	9.80e-01	1.98e-02	4.67e-05
 3.71059e+16	9.80e-01	1.95e-02	4.57e-05
 3.71080e+16	9.81e-01	1.91e-02	4.48e-05
 3.71103e+16	9.81e-01	1.88e-02	4.39e-05
 3.71133e+16	9.82e-01	1.84e-02	4.28e-05
 3.71165e+16	9.82e-01	1.80e-02	4.18e-05
 3.71195e+16	9.82e-01	1.77e-02	4.10e-05
 3.71227e+16	9.83e-01	1.73e-02	4.00e-05
 3.71269e+16	9.83e-01	1.69e-02	3.90e-05
 3.71314e+16	9.83e-01	1.66e-02	3.81e-05
 3.71355e+16	9.84e-01	1.63e-02	3.74e-05
 3.71401e+16	9.84e-01	1.60e-02	3.65e-05
 3.71459e+16	9.84e-01	1.57e-02	3.57e-05
 3.71523e+16	9.85e-01	1.54e-02	3.49e-05
 3.71592e+16	9.85e-01	1.51e-02	3.41e-05
 3.71682e+16	9.85e-01	1.48e-02	3.33e-05
 3.71780e+16	9.85e-01	1.46e-02	3.26e-05
 3.71886e+16	9.86e-01	1.44e-02	3.19e-05
 3.72025e+16	9.86e-01	1.41e-02	3.10e-05
 3.72205e+16	9.86e-01	1.39e-02	3.02e-05
 3.72440e+16	9.86e-01	1.36e-02	2.92e-05
 3.72693e+16	9.87e-01	1.34e-02	2.82e-05
 3.72970e+16	9.87e-01	1.31e-02	2.72e-05
 3.73331e+16	9.87e-01	1.28e-02	2.60e-05
 3.73720e+16	9.87e-01	1.25e-02	2.49e-05
 3.74074e+16	9.88e-01	1.23e-02	2.39e-05
 3.74463e+16	9.88e-01	1.20e-02	2.28e-05
 3.74882e+16	9.88e-01	1.17e-02	2.18e-05
 3.75263e+16	9.89e-01	1.14e-02	2.09e-05
 3.75681e+16	9.89e-01	1.12e-02	1.99e-05
 3.76132e+16	9.89e-01	1.09e-02	1.89e-05
 3.76543e+16	9.89e-01	1.06e-02	1.81e-05
 3.76993e+16	9.90e-01	1.04e-02	1.72e-05
 3.77478e+16	9.90e-01	1.01e-02	1.64e-05
 3.77920e+16	9.90e-01	9.88e-03	1.56e-05
 3.78405e+16	9.90e-01	9.61e-03	1.48e-05
 3.78927e+16	9.91e-01	9.35e-03	1.40e-05
 3.79403e+16	9.91e-01	9.13e-03	1.34e-05
 3.79925e+16	9.91e-01	8.88e-03	1.27e-05
 3.80487e+16	9.91e-01	8.63e-03	1.20e-05
 3.81000e+16	9.92e-01	8.41e-03	1.14e-05
 3.81561e+16	9.92e-01	8.17e-03	1.07e-05
 3.82167e+16	9.92e-01	7.93e-03	1.01e-05
 3.82718e+16	9.92e-01	7.72e-03	9.62e-06
 3.83322e+16	9.92e-01	7.49e-03	9.05e-06
 3.83975e+16	9.93e-01	7.26e-03	8.51e-06
 3.84690e+16	9.93e-01	7.01e-03	7.94e-06
 3.85550e+16	9.93e-01	6.72e-03	7.31e-06
 3.86466e+16	9.94e-01	6.44e-03	6.72e-06
 3.87397e+16	9.94e-01	6.17e-03	6.18e-06
 3.88362e+16	9.94e-01	5.91e-03	5.67e-06
 3.89368e+16	9.94e-01	5.65e-03	5.18e-06
 3.90411e+16	9.95e-01	5.40e-03	4.73e-06
 3.91493e+16	9.95e-01	5.15e-03	4.31e-06
 3.92605e+16	9.95e-01	4.91e-03	3.92e-06
 3.93736e+16	9.95e-01	4.68e-03	3.57e-06
 3.94886e+16	9.96e-01	4.46e-03	3.25e-06
 3.96059e+16	9.96e-01	4.25e-03	2.95e-06
 3.97257e+16	9.96e-01	4.05e-03	2.68e-06
 3.98478e+16	9.96e-01	3.86e-03	2.43e-06
 3.99722e+16	9.96e-01	3.67e-03	2.21e-06
 4.00990e+16	9.97e-01	3.50e-03	2.00e-06
 4.02283e+16	9.97e-01	3.33e-03	1.81e-06
 4.03600e+16	9.97e-01	3.17e-03	1.64e-06
 4.04923e+16	9.97e-01	3.01e-03	1.49e-06
 4.06266e+16	9.97e-01	2.87e-03	1.34e-06
 4.07660e+16	9.97e-01	2.72e-03	1.21e-06
 4.09091e+16	9.97e-01	2.58e-03	1.09e-06
 4.10545e+16	9.98e-01	2.45e-03	9.85e-07
 4.12025e+16	9.98e-01	2.33e-03	8.87e-07
 4.13533e+16	9.98e-01	2.21e-03	7.97e-07
 4.15073e+16	9.98e-01	2.09e-03	7.16e-07
 4.16645e+16	9.98e-01	1.98e-03	6.43e-07
 4.18250e+16	9.98e-01	1.88e-03	5.76e-07
 4.19889e+16	9.98e-01	1.77e-03	5.15e-07
 4.21564e+16	9.98e-01	1.68e-03	4.60e-07
 4.23276e+16	9.98e-01	1.59e-03	4.11e-07
 4.25025e+16	9.99e-01	1.50e-03	3.66e-07
 4.26815e+16	9.99e-01	1.41e-03	3.25e-07
 4.28645e+16	9.99e-01	1.33e-03	2.89e-07
 4.30520e+16	9.99e-01	1.25e-03	2.56e-07
 4.32441e+16	9.99e-01	1.18e-03	2.26e-07
 4.34408e+16	9.99e-01	1.11e-03	2.00e-07
 4.36425e+16	9.99e-01	1.04e-03	1.76e-07
 4.38497e+16	9.99e-01	9.79e-04	1.55e-07
 4.40626e+16	9.99e-01	9.18e-04	1.36e-07
 4.42814e+16	9.99e-01	8.60e-04	1.19e-07
 4.45067e+16	9.99e-01	8.04e-04	1.04e-07
 4.47388e+16	9.99e-01	7.51e-04	9.02e-08
 4.49746e+16	9.99e-01	7.02e-04	7.84e-08
 4.52159e+16	9.99e-01	6.54e-04	6.79e-08
 4.54698e+16	9.99e-01	6.08e-04	5.84e-08
 4.57362e+16	9.99e-01	5.64e-04	4.99e-08
 4.60121e+16	9.99e-01	5.22e-04	4.25e-08
 4.62978e+16	1.00e+00	4.82e-04	3.60e-08
 4.65955e+16	1.00e+00	4.44e-04	3.04e-08
 4.69071e+16	1.00e+00	4.07e-04	2.54e-08
 4.72345e+16	1.00e+00	3.72e-04	2.11e-08
 4.75787e+16	1.00e+00	3.39e-04	1.74e-08
 4.79407e+16	1.00e+00	3.08e-04	1.42e-08
 4.83263e+16	1.00e+00	2.78e-04	1.14e-08
 4.87379e+16	1.00e+00	2.49e-04	9.07e-09
 4.91757e+16	1.00e+00	2.21e-04	7.12e-09
 4.96458e+16	1.00e+00	1.96e-04	5.49e-09
 5.01562e+16	1.00e+00	1.71e-04	4.15e-09
 5.07156e+16	1.00e+00	1.48e-04	3.06e-09
 5.13247e+16	1.00e+00	1.26e-04	2.19e-09
 5.20156e+16	1.00e+00	1.04e-04	1.49e-09
 5.28627e+16	1.00e+00	8.27e-05	9.33e-10
 5.38489e+16	1.00e+00	6.37e-05	5.50e-10
 5.49086e+16	1.00e+00	4.81e-05	3.13e-10
 5.60190e+16	1.00e+00	3.59e-05	1.75e-10
 5.71688e+16	1.00e+00	2.65e-05	9.60e-11
 5.83588e+16	1.00e+00	1.94e-05	5.23e-11
 5.96041e+16	1.00e+00	1.41e-05	2.78e-11
 6.09231e+16	1.00e+00	1.01e-05	1.45e-11
 6.23212e+16	1.00e+00	7.13e-06	7.34e-12
 6.38144e+16	1.00e+00	4.96e-06	3.61e-12
 6.53712e+16	1.00e+00	3.43e-06	1.76e-12
 6.69373e+16	1.00e+00	2.39e-06	8.73e-13
 6.85033e+16	1.00e+00	1.68e-06	4.40e-13
 7.00694e+16	1.00e+00	1.20e-06	2.26e-13
 7.16355e+16	1.00e+00	8.55e-07	1.18e-13
 7.32016e+16	1.00e+00	6.19e-07	6.23e-14
 7.47676e+16	1.00e+00	4.50e-07	3.35e-14
 7.63337e+16	1.00e+00	3.30e-07	1.83e-14
 7.78998e+16	1.00e+00	2.44e-07	1.01e-14
 7.94659e+16	1.00e+00	1.82e-07	5.69e-15
 8.12668e+16	1.00e+00	1.30e-07	2.92e-15
 8.33334e+16	1.00e+00	8.98e-08	1.42e-15
 8.54305e+16	1.00e+00	6.26e-08	6.96e-16
 8.75278e+16	1.00e+00	4.41e-08	3.48e-16
 8.97998e+16	1.00e+00	3.04e-08	1.67e-16
 9.22586e+16	1.00e+00	2.06e-08	7.76e-17
 9.47292e+16	1.00e+00	1.42e-08	3.69e-17
 9.72928e+16	1.00e+00	9.69e-09	1.74e-17
 9.99884e+16	1.00e+00	6.58e-09	8.08e-18
 1.02763e+17	1.00e+00	4.48e-09	3.76e-18
 1.05591e+17	1.00e+00	3.06e-09	1.77e-18
 1.08433e+17	1.00e+00	2.11e-09	8.47e-19
 1.11275e+17	1.00e+00	1.47e-09	4.14e-19
 1.14117e+17	1.00e+00	1.04e-09	2.06e-19
 1.16959e+17	1.00e+00	7.37e-10	1.04e-19
 1.19802e+17	1.00e+00	5.28e-10	5.37e-20
 1.22644e+17	1.00e+00	3.81e-10	2.81e-20
 1.25487e+17	1.00e+00	2.77e-10	1.49e-20
 1.28329e+17	1.00e+00	2.03e-10	8.03e-21
 1.31171e+17	1.00e+00	1.50e-10	0.00e+00
 1.34014e+17	1.00e+00	1.12e-10	0.00e+00
 1.36856e+17	1.00e+00	8.37e-11	0.00e+00
 1.39842e+17	1.00e+00	6.20e-11	0.00e+00
 1.42972e+17	1.00e+00	4.58e-11	0.00e+00
 1.46103e+17	1.00e+00	3.42e-11	0.00e+00
 1.49632e+17	1.00e+00	2.46e-11	0.00e+00
 1.53561e+17	1.00e+00	1.74e-11	0.00e+00
 1.57643e+17	1.00e+00	1.24e-11	0.00e+00
 1.61921e+17	1.00e+00	8.82e-12	0.00e+00
 1.66301e+17	1.00e+00	6.38e-12	0.00e+00
 1.70766e+17	1.00e+00	4.72e-12	0.00e+00
 1.75339e+17	1.00e+00	3.58e-12	0.00e+00
 1.79999e+17	1.00e+00	2.79e-12	0.00e+00
 1.84660e+17	1.00e+00	2.26e-12	0.00e+00
 1.89320e+17	1.00e+00	1.90e-12	0.00e+00
 1.94189e+17	1.00e+00	1.64e-12	0.00e+00
 1.99314e+17	1.00e+00	1.43e-12	0.00e+00
 2.04538e+17	1.00e+00	1.29e-12	0.00e+00
 2.09873e+17	1.00e+00	1.19e-12	0.00e+00
 2.15243e+17	1.00e+00	1.11e-12	0.00e+00
 2.20529e+17	1.00e+00	1.07e-12	0.00e+00
 2.25675e+17	1.00e+00	1.05e-12	0.00e+00
 2.30677e+17	1.00e+00	1.04e-12	0.00e+00
 2.35546e+17	1.00e+00	1.04e-12	0.00e+00
 2.40261e+17	1.00e+00	1.04e-12	0.00e+00
 2.44795e+17	1.00e+00	1.05e-12	0.00e+00
 2.49125e+17	1.00e+00	1.06e-12	0.00e+00
 2.53245e+17	1.00e+00	1.08e-12	0.00e+00
 2.57163e+17	1.00e+00	1.09e-12	0.00e+00
 2.60886e+17	1.00e+00	1.11e-12	0.00e+00
 2.64421e+17	1.00e+00	1.12e-12	0.00e+00
 2.67769e+17	1.00e+00	1.14e-12	0.00e+00
 2.70933e+17	1.00e+00	1.16e-12	0.00e+00
 2.73920e+17	1.00e+00	1.17e-12	0.00e+00
 2.76739e+17	1.00e+00	1.19e-12	0.00e+00
 2.79402e+17	1.00e+00	1.20e-12	0.00e+00
 2.81917e+17	1.00e+00	1.22e-12	0.00e+00
 2.84292e+17	1.00e+00	1.23e-12	0.00e+00
 2.86534e+17	1.00e+00	1.25e-12	0.00e+00
 2.88652e+17	1.00e+00	1.26e-12	0.00e+00
 2.90652e+17	1.00e+00	1.27e-12	0.00e+00
 2.92543e+17	1.00e+00	1.28e-12	0.00e+00
 2.94332e+17	1.00e+00	1.29e-12	0.00e+00
 2.96024e+17	1.00e+00	1.30e-12	0.00e+00
 2.97625e+17	1.00e+00	1.31e-12	0.00e+00
 2.99139e+17	1.00e+00	1.32e-12	0.00e+00
 3.00574e+17	1.00e+00	1.33e-12	0.00e+00
 3.01933e+17	1.00e+00	1.33e-12	0.00e+00
 3.03222e+17	1.00e+00	1.34e-12	0.00e+00
 3.04444e+17	1.00e+00	1.35e-12	0.00e+00
 3.05605e+17	1.00e+00	1.36e-12	0.00e+00
 3.06706e+17	1.00e+00	1.36e-12	0.00e+00
 3.07752e+17	1.00e+00	1.37e-12	0.00e+00
 3.08745e+17	1.00e+00	1.37e-12	0.00e+00
 3.09690e+17	1.00e+00	1.38e-12	0.00e+00
 3.10589e+17	1.00e+00	1.38e-12	0.00e+00
 3.11445e+17	1.00e+00	1.39e-12	0.00e+00
 3.12260e+17	1.00e+00	1.39e-12	0.00e+00
 3.13037e+17	1.00e+00	1.39e-12	0.00e+00
 3.13778e+17	1.00e+00	1.40e-12	0.00e+00
 3.14486e+17	1.00e+00	1.40e-12	0.00e+00
 3.15161e+17	1.00e+00	1.40e-12	0.00e+00
 3.15808e+17	1.00e+00	1.41e-12	0.00e+00
 3.16426e+17	1.00e+00	1.41e-12	0.00e+00
 3.17019e+17	1.00e+00	1.41e-12	0.00e+00
 3.17587e+17	1.00e+00	1.42e-12	0.00e+00
 3.18133e+17	1.00e+00	1.42e-12	0.00e+00
 3.18657e+17	1.00e+00	1.42e-12	0.00e+00
 3.19163e+17	1.00e+00	1.42e-12	0.00e+00
 3.19651e+17	1.00e+00	1.43e-12	0.00e+00
 3.20122e+17	1.00e+00	1.43e-12	0.00e+00
 3.20578e+17	1.00e+00	1.43e-12	0.00e+00
 3.21021e+17	1.00e+00	1.43e-12	0.00e+00
 3.21451e+17	1.00e+00	1.43e-12	0.00e+00
 3.21871e+17	1.00e+00	1.43e-12	0.00e+00
 3.22282e+17	1.00e+00	1.43e-12	0.00e+00
 3.22686e+17	1.00e+00	1.44e-12	0.00e+00
 3.23083e+17	1.00e+00	1.44e-12	0.00e+00
 3.23476e+17	1.00e+00	1.44e-12	0.00e+00
 3.23867e+17	1.00e+00	1.44e-12	0.00e+00
 3.24258e+17	1.00e+00	1.44e-12	0.00e+00
 3.24650e+17	1.00e+00	1.44e-12	0.00e+00
 3.25047e+17	1.00e+00	1.44e-12	0.00e+00
 3.25451e+17	1.00e+00	1.44e-12	0.00e+00
 3.25866e+17	1.00e+00	1.44e-12	0.00e+00
 3.26297e+17	1.00e+00	1.44e-12	0.00e+00
 3.26749e+17	1.00e+00	1.44e-12	0.00e+00
 3.27229e+17	1.00e+00	1.44e-12	0.00e+00
 3.27746e+17	1.00e+00	1.44e-12	0.00e+00
 3.28310e+17	1.00e+00	1.44e-12	0.00e+00
 3.28940e+17	1.00e+00	1.43e-12	0.00e+00
 3.29655e+17	1.00e+00	1.43e-12	0.00e+00
 3.30489e+17	1.00e+00	1.42e-12	0.00e+00
 3.31487e+17	1.00e+00	1.42e-12	0.00e+00
 3.32717e+17	1.00e+00	1.40e-12	0.00e+00
 3.34288e+17	1.00e+00	1.38e-12	0.00e+00
 3.36327e+17	1.00e+00	1.34e-12	0.00e+00
 3.38978e+17	1.00e+00	1.28e-12	0.00e+00
 3.42424e+17	1.00e+00	1.20e-12	0.00e+00
 3.46904e+17	1.00e+00	1.09e-12	0.00e+00
 3.52727e+17	1.00e+00	9.56e-13	0.00e+00
 3.60298e+17	1.00e+00	7.95e-13	0.00e+00
 3.70140e+17	1.00e+00	6.18e-13	0.00e+00
 3.82935e+17	1.00e+00	4.39e-13	0.00e+00
 3.97970e+17	1.00e+00	2.75e-13	0.00e+00
 4.13889e+17	1.00e+00	2.23e-13	0.00e+00
 4.30445e+17	1.00e+00	1.97e-13	0.00e+00
 4.47663e+17	1.00e+00	1.74e-13	0.00e+00
 4.65569e+17	1.00e+00	1.52e-13	0.00e+00
 4.84192e+17	1.00e+00	1.32e-13	0.00e+00
 5.03560e+17	1.00e+00	1.13e-13	0.00e+00
 5.23702e+17	1.00e+00	9.59e-14	0.00e+00
 5.44650e+17	1.00e+00	8.02e-14	0.00e+00
 5.65718e+17	1.00e+00	6.60e-14	0.00e+00
 5.85457e+17	1.00e+00	6.56e-14	0.00e+00
 6.03076e+17	1.00e+00	8.00e-14	0.00e+00
 6.18961e+17	1.00e+00	9.80e-14	0.00e+00
 6.33890e+17	1.00e+00	1.07e-13	0.00e+00
 6.48218e+17	1.00e+00	1.05e-13	0.00e+00
 6.61655e+17	1.00e+00	1.02e-13	0.00e+00
 6.73661e+17	1.00e+00	1.05e-13	0.00e+00
 6.84077e+17	1.00e+00	1.14e-13	0.00e+00
 6.93199e+17	1.00e+00	1.21e-13	0.00e+00
 7.01169e+17	1.00e+00	1.23e-13	0.00e+00
 7.07348e+17	1.00e+00	1.25e-13	0.00e+00
 7.11224e+17	1.00e+00	1.37e-13	0.00e+00
 7.13372e+17	1.00e+00	1.49e-13	0.00e+00
 7.14609e+17	1.00e+00	1.57e-13	0.00e+00
 7.15351e+17	1.00e+00	1.61e-13	0.00e+00
 7.15831e+17	1.00e+00	1.64e-13	0.00e+00
 7.16263e+17	1.00e+00	1.66e-13	0.00e+00
 7.16774e+17	1.00e+00	1.67e-13	0.00e+00
 7.17310e+17	1.00e+00	1.68e-13	0.00e+00
 7.17786e+17	1.00e+00	1.69e-13	0.00e+00
 7.18204e+17	1.00e+00	1.70e-13	0.00e+00
 7.18576e+17	1.00e+00	1.70e-13	0.00e+00
 7.18917e+17	1.00e+00	1.71e-13	0.00e+00
 7.19254e+17	1.00e+00	1.71e-13	0.00e+00
 7.19603e+17	1.00e+00	1.71e-13	0.00e+00
 7.19944e+17	1.00e+00	1.71e-13	0.00e+00
 7.20233e+17	1.00e+00	1.71e-13	0.00e+00
 7.20474e+17	1.00e+00	1.70e-13	0.00e+00
 7.20719e+17	1.00e+00	1.70e-13	0.00e+00
 7.20990e+17	1.00e+00	1.70e-13	0.00e+00
 7.21261e+17	1.00e+00	1.70e-13	0.00e+00
 7.21507e+17	1.00e+00	1.69e-13	0.00e+00
 7.21717e+17	1.00e+00	1.69e-13	0.00e+00
 7.21910e+17	1.00e+00	1.69e-13	0.00e+00
 7.22113e+17	1.00e+00	1.68e-13	0.00e+00
 7.22339e+17	1.00e+00	1.68e-13	0.00e+00
 7.22563e+17	1.00e+00	1.67e-13	0.00e+00
 7.22751e+17	1.00e+00	1.67e-13	0.00e+00
 7.22923e+17	1.00e+00	1.66e-13	0.00e+00
 7.23110e+17	1.00e+00	1.66e-13	0.00e+00
 7.23308e+17	1.00e+00	1.65e-13	0.00e+00
 7.23492e+17	1.00e+00	1.65e-13	0.00e+00
 7.23662e+17	1.00e+00	1.64e-13	0.00e+00
 7.23835e+17	1.00e+00	1.64e-13	0.00e+00
 7.24012e+17	1.00e+00	1.63e-13	0.00e+00
 7.24192e+17	1.00e+00	1.63e-13	0.00e+00
 7.24372e+17	1.00e+00	1.62e-13	0.00e+00
 7.24552e+17	1.00e+00	1.61e-13	0.00e+00
 7.24723e+17	1.00e+00	1.61e-13	0.00e+00
 7.24892e+17	1.00e+00	1.60e-13	0.00e+00
 7.25066e+17	1.00e+00	1.60e-13	0.00e+00
 7.25258e+17	1.00e+00	1.59e-13	0.00e+00
 7.25459e+17	1.00e+00	1.58e-13	0.00e+00
 7.25647e+17	1.00e+00	1.57e-13	0.00e+00
 7.25832e+17	1.00e+00	1.56e-13	0.00e+00
 7.26020e+17	1.00e+00	1.56e-13	0.00e+00
 7.26228e+17	1.00e+00	1.55e-13	0.00e+00
 7.26450e+17	1.00e+00	1.54e-13	0.00e+00
 7.26663e+17	1.00e+00	1.53e-13	0.00e+00
 7.26865e+17	1.00e+00	1.52e-13	0.00e+00
 7.27071e+17	1.00e+00	1.51e-13	0.00e+00
 7.27289e+17	1.00e+00	1.50e-13	0.00e+00
 7.27510e+17	1.00e+00	1.49e-13	0.00e+00
 7.27748e+17	1.00e+00	1.48e-13	0.00e+00
 7.27990e+17	1.00e+00	1.46e-13	0.00e+00
 7.28224e+17	1.00e+00	1.45e-13	0.00e+00
 7.28474e+17	1.00e+00	1.44e-13	0.00e+00
 7.28748e+17	1.00e+00	1.43e-13	0.00e+00
 7.29030e+17	1.00e+00	1.41e-13	0.00e+00
 7.29299e+17	1.00e+00	1.40e-13	0.00e+00
 7.29559e+17	1.00e+00	1.38e-13	0.00e+00
 7.29838e+17	1.00e+00	1.37e-13	0.00e+00
 7.30132e+17	1.00e+00	1.35e-13	0.00e+00
 7.30441e+17	1.00e+00	1.33e-13	0.00e+00
 7.30759e+17	1.00e+00	1.32e-13	0.00e+00
 7.31081e+17	1.00e+00	1.30e-13	0.00e+00
 7.31411e+17	1.00e+00	1.28e-13	0.00e+00
 7.31746e+17	1.00e+00	1.26e-13	0.00e+00
 7.32090e+17	1.00e+00	1.24e-13	0.00e+00
 7.32446e+17	1.00e+00	1.22e-13	0.00e+00
 7.32813e+17	1.00e+00	1.20e-13	0.00e+00
 7.33188e+17	1.00e+00	1.18e-13	0.00e+00
 7.33566e+17	1.00e+00	1.16e-13	0.00e+00
 7.33966e+17	1.00e+00	1.14e-13	0.00e+00
 7.34385e+17	1.00e+00	1.12e-13	0.00e+00
 7.34797e+17	1.00e+00	1.09e-13	0.00e+00
 7.35214e+17	1.00e+00	1.07e-13	0.00e+00
 7.35654e+17	1.00e+00	1.05e-13	0.00e+00
 7.36113e+17	1.00e+00	1.02e-13	0.00e+00
 7.36580e+17	1.00e+00	9.95e-14	0.00e+00
 7.37053e+17	1.00e+00	9.69e-14	0.00e+00
 7.37526e+17	1.00e+00	9.43e-14	0.00e+00
 7.38001e+17	1.00e+00	9.19e-14	0.00e+00
 7.38498e+17	1.00e+00	8.93e-14	0.00e+00
 7.39024e+17	1.00e+00	8.65e-14	0.00e+00
 7.39557e+17	1.00e+00	8.37e-14	0.00e+00
 7.40083e+17	1.00e+00	8.10e-14	0.00e+00
 7.40617e+17	1.00e+00	7.83e-14	0.00e+00
 7.41174e+17	1.00e+00	7.57e-14	0.00e+00
 7.41754e+17	1.00e+00	7.28e-14	0.00e+00
 7.42339e+17	1.00e+00	6.99e-14	0.00e+00
 7.42919e+17	1.00e+00	6.72e-14	0.00e+00
 7.43509e+17	1.00e+00	6.45e-14	0.00e+00
 7.44126e+17	1.00e+00	6.17e-14	0.00e+00
 7.44768e+17	1.00e+00	5.89e-14	0.00e+00
 7.45413e+17	1.00e+00	5.61e-14	0.00e+00
 7.46056e+17	1.00e+00	5.34e-14	0.00e+00
 7.46700e+17	1.00e+00	5.08e-14	0.00e+00
 7.47373e+17	1.00e+00	4.81e-14	0.00e+00
 7.48068e+17	1.00e+00	4.54e-14	0.00e+00
 7.48771e+17	1.00e+00	4.28e-14	0.00e+00
 7.49480e+17	1.00e+00	4.02e-14	0.00e+00
 7.50191e+17	1.00e+00	3.77e-14	0.00e+00
 7.50922e+17	1.00e+00	3.54e-14	0.00e+00
 7.51693e+17	1.00e+00	3.30e-14	0.00e+00
 7.52507e+17	1.00e+00	3.05e-14	0.00e+00
 7.53322e+17	1.00e+00	2.81e-14	0.00e+00
 7.54067e+17	1.00e+00	2.59e-14	0.00e+00
 7.54699e+17	1.00e+00	2.42e-14	0.00e+00
 7.55244e+17	1.00e+00	2.28e-14	0.00e+00
 7.55753e+17	1.00e+00	2.15e-14	0.00e+00
 7.56259e+17	1.00e+00	2.05e-14	0.00e+00
 7.56757e+17	1.00e+00	1.93e-14	0.00e+00
 7.57220e+17	1.00e+00	1.83e-14	0.00e+00
 7.57644e+17	1.00e+00	1.75e-14	0.00e+00
 7.58042e+17	1.00e+00	1.67e-14	0.00e+00
 7.58429e+17	1.00e+00	1.59e-14	0.00e+00
 7.58809e+17	1.00e+00	1.52e-14	0.00e+00
 7.59177e+17	1.00e+00	1.46e-14	0.00e+00
 7.59525e+17	1.00e+00	1.40e-14	0.00e+00
 7.59855e+17	1.00e+00	1.34e-14	0.00e+00
 7.60174e+17	1.00e+00	1.29e-14	0.00e+00
 7.60484e+17	1.00e+00	1.24e-14	0.00e+00
 7.60786e+17	1.00e+00	1.19e-14	0.00e+00
 7.61079e+17	1.00e+00	1.15e-14	0.00e+00
 7.61360e+17	1.00e+00	1.11e-14	0.00e+00
 7.61631e+17	1.00e+00	1.07e-14	0.00e+00
 7.61894e+17	1.00e+00	1.03e-14	0.00e+00
 7.62151e+17	1.00e+00	9.94e-15	0.00e+00
 7.62402e+17	1.00e+00	9.60e-15	0.00e+00
 7.62645e+17	1.00e+00	9.26e-15	0.00e+00
 7.62880e+17	1.00e+00	8.96e-15	0.00e+00
 7.63108e+17	1.00e+00	8.67e-15	0.00e+00
