#depth	N	N+	N+2	N+3	N+4	N+5	N+6	N+7
 1.49634e+10	1.41e-46	5.46e-36	2.29e-26	1.78e-17	2.46e-09	9.83e-01	1.71e-02	0.00e+00
 4.54887e+10	0.00e+00	7.56e-36	2.93e-26	2.10e-17	2.68e-09	9.84e-01	1.57e-02	9.75e-08
 7.72350e+10	3.19e-46	1.05e-35	3.75e-26	2.47e-17	2.91e-09	9.86e-01	1.45e-02	0.00e+00
 1.10251e+11	0.00e+00	1.45e-35	4.79e-26	2.91e-17	3.16e-09	9.87e-01	1.33e-02	0.00e+00
 1.44588e+11	7.20e-46	2.01e-35	6.12e-26	3.44e-17	3.44e-09	9.88e-01	1.22e-02	0.00e+00
 1.76774e+11	0.00e+00	2.70e-35	7.64e-26	3.99e-17	3.71e-09	9.89e-01	1.13e-02	0.00e+00
 2.05255e+11	1.43e-45	3.47e-35	9.24e-26	4.53e-17	3.96e-09	9.89e-01	1.06e-02	0.00e+00
 2.36995e+11	0.00e+00	4.56e-35	1.14e-25	5.21e-17	4.24e-09	9.90e-01	9.86e-03	0.00e+00
 2.74997e+11	2.98e-45	6.27e-35	1.44e-25	6.12e-17	4.60e-09	9.91e-01	9.07e-03	0.00e+00
 3.13418e+11	0.00e+00	8.53e-35	1.82e-25	7.15e-17	4.98e-09	9.92e-01	8.37e-03	0.00e+00
 3.49160e+11	6.21e-45	1.13e-34	2.25e-25	8.23e-17	5.35e-09	9.92e-01	7.78e-03	0.00e+00
 3.88837e+11	0.00e+00	1.52e-34	2.81e-25	9.59e-17	5.78e-09	9.93e-01	7.19e-03	0.00e+00
 4.34317e+11	1.36e-44	2.11e-34	3.61e-25	1.13e-16	6.29e-09	9.93e-01	6.59e-03	0.00e+00
 4.79346e+11	0.00e+00	2.90e-34	4.58e-25	1.33e-16	6.82e-09	9.94e-01	6.06e-03	0.00e+00
 5.26176e+11	3.01e-44	3.98e-34	5.82e-25	1.56e-16	7.40e-09	9.94e-01	5.57e-03	0.00e+00
 5.77150e+11	0.00e+00	5.55e-34	7.49e-25	1.85e-16	8.07e-09	9.95e-01	5.10e-03	0.00e+00
 6.29030e+11	6.85e-44	7.69e-34	9.58e-25	2.19e-16	8.78e-09	9.95e-01	4.68e-03	0.00e+00
 6.77204e+11	0.00e+00	1.03e-33	1.19e-24	2.54e-16	9.46e-09	9.96e-01	4.33e-03	0.00e+00
 7.21450e+11	1.37e-43	1.34e-33	1.45e-24	2.90e-16	1.01e-08	9.96e-01	4.04e-03	0.00e+00
 7.71969e+11	0.00e+00	1.78e-33	1.81e-24	3.37e-16	1.09e-08	9.96e-01	3.74e-03	0.00e+00
 8.31496e+11	2.96e-43	2.48e-33	2.32e-24	3.99e-16	1.19e-08	9.97e-01	3.43e-03	0.00e+00
 8.90444e+11	0.00e+00	3.39e-33	2.95e-24	4.69e-16	1.29e-08	9.97e-01	3.15e-03	0.00e+00
 9.45249e+11	6.23e-43	4.50e-33	3.65e-24	5.42e-16	1.39e-08	9.97e-01	2.92e-03	0.00e+00
 1.00648e+12	0.00e+00	6.11e-33	4.60e-24	6.34e-16	1.50e-08	9.97e-01	2.69e-03	0.00e+00
 1.07667e+12	1.39e-42	8.57e-33	5.95e-24	7.55e-16	1.64e-08	9.98e-01	2.46e-03	0.00e+00
 1.14550e+12	0.00e+00	1.18e-32	7.59e-24	8.91e-16	1.79e-08	9.98e-01	2.25e-03	0.00e+00
 1.21708e+12	3.09e-42	1.62e-32	9.68e-24	1.05e-15	1.95e-08	9.98e-01	2.07e-03	0.00e+00
 1.29569e+12	0.00e+00	2.28e-32	1.25e-23	1.25e-15	2.13e-08	9.98e-01	1.89e-03	0.00e+00
 1.37467e+12	7.10e-42	3.17e-32	1.61e-23	1.49e-15	2.32e-08	9.98e-01	1.72e-03	0.00e+00
 1.45680e+12	0.00e+00	4.40e-32	2.07e-23	1.77e-15	2.54e-08	9.98e-01	1.58e-03	0.00e+00
 1.54500e+12	1.63e-41	6.18e-32	2.68e-23	2.11e-15	2.78e-08	9.99e-01	1.44e-03	0.00e+00
 1.63207e+12	0.00e+00	8.55e-32	3.44e-23	2.50e-15	3.03e-08	9.99e-01	1.32e-03	0.00e+00
 1.72263e+12	3.64e-41	1.18e-31	4.40e-23	2.97e-15	3.31e-08	9.99e-01	1.20e-03	0.00e+00
 1.82147e+12	0.00e+00	1.66e-31	5.72e-23	3.55e-15	3.63e-08	9.99e-01	1.10e-03	0.00e+00
 1.92213e+12	8.40e-41	2.32e-31	7.38e-23	4.24e-15	3.98e-08	9.99e-01	9.99e-04	0.00e+00
 2.02682e+12	0.00e+00	3.23e-31	9.54e-23	5.06e-15	4.36e-08	9.99e-01	9.11e-04	0.00e+00
 2.13782e+12	1.93e-40	4.54e-31	1.24e-22	6.07e-15	4.79e-08	9.99e-01	8.28e-04	0.00e+00
 2.25326e+12	0.00e+00	6.37e-31	1.61e-22	7.28e-15	5.27e-08	9.99e-01	7.53e-04	0.00e+00
 2.35771e+12	4.22e-40	8.56e-31	2.02e-22	8.54e-15	5.72e-08	9.99e-01	6.93e-04	0.00e+00
 2.44466e+12	0.00e+00	1.08e-30	2.43e-22	9.71e-15	6.12e-08	9.99e-01	6.48e-04	0.00e+00
 2.53979e+12	7.69e-40	1.39e-30	2.95e-22	1.11e-14	6.57e-08	9.99e-01	6.04e-04	0.00e+00
 2.66039e+12	0.00e+00	1.90e-30	3.75e-22	1.32e-14	7.17e-08	9.99e-01	5.53e-04	0.00e+00
 2.78654e+12	1.64e-39	2.59e-30	4.78e-22	1.56e-14	7.84e-08	9.99e-01	5.06e-04	0.00e+00
 2.89454e+12	0.00e+00	3.34e-30	5.83e-22	1.79e-14	8.44e-08	1.00e+00	4.70e-04	0.00e+00
 3.00652e+12	3.07e-39	4.31e-30	7.11e-22	2.07e-14	9.08e-08	1.00e+00	4.36e-04	0.00e+00
 3.14617e+12	0.00e+00	5.87e-30	9.05e-22	2.45e-14	9.93e-08	1.00e+00	3.99e-04	0.00e+00
 3.28796e+12	6.44e-39	7.93e-30	1.14e-21	2.90e-14	1.08e-07	1.00e+00	3.65e-04	0.00e+00
 3.41141e+12	0.00e+00	1.02e-29	1.39e-21	3.33e-14	1.17e-07	1.00e+00	3.39e-04	0.00e+00
 3.54489e+12	1.20e-38	1.32e-29	1.71e-21	3.85e-14	1.26e-07	1.00e+00	3.14e-04	0.00e+00
 3.70770e+12	0.00e+00	1.80e-29	2.18e-21	4.58e-14	1.38e-07	1.00e+00	2.87e-04	0.00e+00
 3.87345e+12	2.51e-38	2.43e-29	2.76e-21	5.42e-14	1.51e-07	1.00e+00	2.63e-04	0.00e+00
 4.02501e+12	0.00e+00	3.17e-29	3.40e-21	6.29e-14	1.64e-07	1.00e+00	2.43e-04	0.00e+00
 4.19334e+12	4.85e-38	4.19e-29	4.24e-21	7.37e-14	1.78e-07	1.00e+00	2.23e-04	0.00e+00
 4.38922e+12	0.00e+00	5.75e-29	5.44e-21	8.81e-14	1.96e-07	1.00e+00	2.03e-04	0.00e+00
 4.58250e+12	1.02e-37	7.74e-29	6.88e-21	1.04e-13	2.14e-07	1.00e+00	1.86e-04	0.00e+00
 4.76636e+12	0.00e+00	1.01e-28	8.52e-21	1.22e-13	2.33e-07	1.00e+00	1.72e-04	0.00e+00
 4.96979e+12	2.00e-37	1.35e-28	1.07e-20	1.43e-13	2.54e-07	1.00e+00	1.57e-04	0.00e+00
 5.19850e+12	0.00e+00	1.85e-28	1.37e-20	1.71e-13	2.79e-07	1.00e+00	1.43e-04	0.00e+00
 5.42784e+12	4.19e-37	2.49e-28	1.73e-20	2.03e-13	3.05e-07	1.00e+00	1.31e-04	0.00e+00
 5.63329e+12	0.00e+00	3.23e-28	2.13e-20	2.34e-13	3.30e-07	1.00e+00	1.21e-04	0.00e+00
 5.81631e+12	7.48e-37	4.03e-28	2.53e-20	2.66e-13	3.53e-07	1.00e+00	1.14e-04	0.00e+00
 6.02402e+12	0.00e+00	5.14e-28	3.07e-20	3.05e-13	3.80e-07	1.00e+00	1.06e-04	0.00e+00
 6.25599e+12	1.38e-36	6.69e-28	3.78e-20	3.54e-13	4.12e-07	1.00e+00	9.77e-05	0.00e+00
 6.47422e+12	0.00e+00	8.50e-28	4.56e-20	4.06e-13	4.43e-07	1.00e+00	9.10e-05	0.00e+00
 6.71265e+12	2.51e-36	1.09e-27	5.56e-20	4.67e-13	4.77e-07	1.00e+00	8.45e-05	0.00e+00
 6.98051e+12	0.00e+00	1.44e-27	6.90e-20	5.46e-13	5.19e-07	1.00e+00	7.79e-05	0.00e+00
 7.23490e+12	4.73e-36	1.85e-27	8.41e-20	6.29e-13	5.59e-07	1.00e+00	7.23e-05	0.00e+00
 7.51388e+12	0.00e+00	2.41e-27	1.04e-19	7.29e-13	6.05e-07	1.00e+00	6.69e-05	0.00e+00
 7.82699e+12	9.24e-36	3.21e-27	1.30e-19	8.57e-13	6.60e-07	1.00e+00	6.14e-05	0.00e+00
 8.12431e+12	0.00e+00	4.17e-27	1.60e-19	9.94e-13	7.14e-07	1.00e+00	5.68e-05	0.00e+00
 8.39605e+12	1.68e-35	5.25e-27	1.92e-19	1.13e-12	7.65e-07	1.00e+00	5.31e-05	0.00e+00
 8.69470e+12	0.00e+00	6.73e-27	2.33e-19	1.30e-12	8.23e-07	1.00e+00	4.94e-05	0.00e+00
 9.03152e+12	3.16e-35	8.80e-27	2.87e-19	1.51e-12	8.92e-07	1.00e+00	4.57e-05	0.00e+00
 9.35296e+12	4.27e-35	1.13e-26	3.49e-19	1.73e-12	9.60e-07	1.00e+00	4.25e-05	0.00e+00
 9.65974e+12	5.65e-35	1.42e-26	4.18e-19	1.97e-12	1.03e-06	1.00e+00	3.98e-05	0.00e+00
 1.00124e+13	7.71e-35	1.83e-26	5.10e-19	2.27e-12	1.11e-06	1.00e+00	3.69e-05	0.00e+00
 1.04091e+13	1.08e-34	2.42e-26	6.34e-19	2.64e-12	1.20e-06	1.00e+00	3.41e-05	0.00e+00
 1.07865e+13	1.48e-34	3.12e-26	7.74e-19	3.04e-12	1.29e-06	1.00e+00	3.17e-05	0.00e+00
 1.12008e+13	2.06e-34	4.09e-26	9.55e-19	3.53e-12	1.40e-06	1.00e+00	2.93e-05	0.00e+00
 1.16617e+13	2.93e-34	5.46e-26	1.20e-18	4.14e-12	1.52e-06	1.00e+00	2.70e-05	0.00e+00
 1.20923e+13	4.04e-34	7.10e-26	1.47e-18	4.77e-12	1.64e-06	1.00e+00	2.50e-05	0.00e+00
 1.25570e+13	5.65e-34	9.34e-26	1.82e-18	5.54e-12	1.77e-06	1.00e+00	2.32e-05	0.00e+00
 1.30892e+13	8.17e-34	1.26e-25	2.30e-18	6.52e-12	1.93e-06	1.00e+00	2.13e-05	0.00e+00
 1.36073e+13	1.16e-33	1.67e-25	2.86e-18	7.60e-12	2.09e-06	1.00e+00	1.97e-05	0.00e+00
 1.40996e+13	1.59e-33	2.17e-25	3.49e-18	8.74e-12	2.25e-06	1.00e+00	1.83e-05	0.00e+00
 1.46471e+13	2.24e-33	2.87e-25	4.33e-18	1.02e-11	2.44e-06	1.00e+00	1.69e-05	0.00e+00
 1.52629e+13	3.25e-33	3.88e-25	5.47e-18	1.19e-11	2.65e-06	1.00e+00	1.56e-05	0.00e+00
 1.58863e+13	4.67e-33	5.22e-25	6.87e-18	1.40e-11	2.88e-06	1.00e+00	1.44e-05	0.00e+00
 1.65346e+13	6.72e-33	7.01e-25	8.63e-18	1.64e-11	3.13e-06	1.00e+00	1.32e-05	0.00e+00
 1.72259e+13	9.75e-33	9.49e-25	1.09e-17	1.92e-11	3.40e-06	1.00e+00	1.22e-05	0.00e+00
 1.79044e+13	1.39e-32	1.26e-24	1.36e-17	2.24e-11	3.68e-06	1.00e+00	1.13e-05	0.00e+00
 1.85352e+13	1.90e-32	1.63e-24	1.66e-17	2.57e-11	3.95e-06	1.00e+00	1.05e-05	0.00e+00
 1.92316e+13	2.68e-32	2.15e-24	2.05e-17	2.97e-11	4.26e-06	1.00e+00	9.74e-06	0.00e+00
 1.99513e+13	3.74e-32	2.83e-24	2.53e-17	3.43e-11	4.60e-06	1.00e+00	9.03e-06	0.00e+00
 2.05544e+13	4.93e-32	3.53e-24	3.00e-17	3.86e-11	4.88e-06	1.00e+00	8.50e-06	0.00e+00
 2.11873e+13	6.52e-32	4.43e-24	3.56e-17	4.35e-11	5.19e-06	1.00e+00	8.00e-06	0.00e+00
 2.19909e+13	9.20e-32	5.86e-24	4.42e-17	5.04e-11	5.60e-06	1.00e+00	7.41e-06	0.00e+00
 2.28247e+13	1.29e-31	7.73e-24	5.47e-17	5.84e-11	6.05e-06	1.00e+00	6.87e-06	0.00e+00
 2.35634e+13	1.74e-31	9.83e-24	6.57e-17	6.63e-11	6.46e-06	1.00e+00	6.44e-06	0.00e+00
 2.43703e+13	2.39e-31	1.27e-23	7.98e-17	7.56e-11	6.91e-06	1.00e+00	6.02e-06	0.00e+00
 2.52699e+13	3.33e-31	1.66e-23	9.83e-17	8.74e-11	7.45e-06	1.00e+00	5.59e-06	0.00e+00
 2.61038e+13	4.52e-31	2.13e-23	1.19e-16	9.93e-11	7.96e-06	1.00e+00	5.23e-06	0.00e+00
 2.70017e+13	6.20e-31	2.75e-23	1.44e-16	1.13e-10	8.52e-06	1.00e+00	4.89e-06	0.00e+00
 2.80118e+13	8.73e-31	3.62e-23	1.79e-16	1.31e-10	9.19e-06	1.00e+00	4.53e-06	0.00e+00
 2.89634e+13	1.20e-30	4.68e-23	2.17e-16	1.50e-10	9.83e-06	1.00e+00	4.24e-06	0.00e+00
 2.99959e+13	1.66e-30	6.10e-23	2.66e-16	1.72e-10	1.06e-05	1.00e+00	3.95e-06	0.00e+00
 3.11508e+13	2.37e-30	8.13e-23	3.31e-16	2.00e-10	1.14e-05	1.00e+00	3.66e-06	0.00e+00
 3.22307e+13	3.29e-30	1.06e-22	4.03e-16	2.29e-10	1.22e-05	1.00e+00	3.42e-06	0.00e+00
 3.34005e+13	4.60e-30	1.39e-22	4.96e-16	2.63e-10	1.31e-05	1.00e+00	3.18e-06	0.00e+00
 3.47190e+13	6.65e-30	1.86e-22	6.22e-16	3.07e-10	1.42e-05	1.00e+00	2.94e-06	0.00e+00
 3.59719e+13	9.33e-30	2.45e-22	7.65e-16	3.53e-10	1.52e-05	1.00e+00	2.74e-06	0.00e+00
 3.73138e+13	1.32e-29	3.25e-22	9.47e-16	4.08e-10	1.64e-05	1.00e+00	2.54e-06	0.00e+00
 3.88362e+13	1.94e-29	4.42e-22	1.20e-15	4.78e-10	1.78e-05	1.00e+00	2.35e-06	0.00e+00
 4.03243e+13	2.79e-29	5.91e-22	1.49e-15	5.55e-10	1.92e-05	1.00e+00	2.18e-06	0.00e+00
 4.17465e+13	3.89e-29	7.73e-22	1.83e-15	6.36e-10	2.05e-05	1.00e+00	2.03e-06	0.00e+00
 4.33208e+13	5.56e-29	1.03e-21	2.27e-15	7.36e-10	2.21e-05	1.00e+00	1.89e-06	0.00e+00
 4.50835e+13	8.15e-29	1.40e-21	2.87e-15	8.62e-10	2.40e-05	1.00e+00	1.74e-06	0.00e+00
 4.68807e+13	1.19e-28	1.90e-21	3.61e-15	1.01e-09	2.59e-05	1.00e+00	1.61e-06	0.00e+00
 4.85902e+13	1.68e-28	2.51e-21	4.45e-15	1.16e-09	2.79e-05	1.00e+00	1.50e-06	0.00e+00
 5.04042e+13	2.40e-28	3.34e-21	5.52e-15	1.34e-09	3.00e-05	1.00e+00	1.39e-06	0.00e+00
 5.24503e+13	3.52e-28	4.55e-21	6.98e-15	1.57e-09	3.25e-05	1.00e+00	1.28e-06	0.00e+00
 5.42441e+13	4.88e-28	5.91e-21	8.51e-15	1.79e-09	3.47e-05	1.00e+00	1.20e-06	0.00e+00
 5.56649e+13	6.26e-28	7.22e-21	9.90e-15	1.99e-09	3.66e-05	1.00e+00	1.14e-06	0.00e+00
 5.72059e+13	8.15e-28	8.92e-21	1.16e-14	2.21e-09	3.86e-05	1.00e+00	1.08e-06	0.00e+00
 5.92093e+13	1.14e-27	1.17e-20	1.42e-14	2.54e-09	4.14e-05	1.00e+00	1.01e-06	0.00e+00
 6.13756e+13	1.60e-27	1.54e-20	1.76e-14	2.93e-09	4.46e-05	1.00e+00	9.35e-07	0.00e+00
 6.33337e+13	2.18e-27	1.97e-20	2.12e-14	3.32e-09	4.75e-05	1.00e+00	0.00e+00	0.00e+00
 6.54591e+13	2.98e-27	2.54e-20	2.57e-14	3.78e-09	5.08e-05	1.00e+00	0.00e+00	0.00e+00
 6.80086e+13	4.30e-27	3.41e-20	3.22e-14	4.41e-09	5.49e-05	1.00e+00	0.00e+00	0.00e+00
 7.05551e+13	6.11e-27	4.53e-20	3.99e-14	5.11e-09	5.92e-05	1.00e+00	0.00e+00	0.00e+00
 7.29007e+13	8.38e-27	5.83e-20	4.84e-14	5.82e-09	6.32e-05	1.00e+00	0.00e+00	0.00e+00
 7.55393e+13	1.17e-26	7.67e-20	5.97e-14	6.71e-09	6.80e-05	1.00e+00	0.00e+00	0.00e+00
 7.83790e+13	1.67e-26	1.02e-19	7.41e-14	7.77e-09	7.34e-05	1.00e+00	0.00e+00	0.00e+00
 8.09030e+13	2.26e-26	1.30e-19	8.94e-14	8.82e-09	7.83e-05	1.00e+00	0.00e+00	0.00e+00
 8.36070e+13	3.08e-26	1.67e-19	1.08e-13	1.01e-08	8.38e-05	1.00e+00	0.00e+00	0.00e+00
 8.68530e+13	4.42e-26	2.24e-19	1.36e-13	1.17e-08	9.07e-05	1.00e+00	0.00e+00	0.00e+00
 9.00343e+13	6.21e-26	2.95e-19	1.68e-13	1.35e-08	9.77e-05	1.00e+00	0.00e+00	0.00e+00
 9.28410e+13	8.32e-26	3.74e-19	2.01e-13	1.53e-08	1.04e-04	1.00e+00	0.00e+00	0.00e+00
 9.59300e+13	1.14e-25	4.81e-19	2.43e-13	1.75e-08	1.11e-04	1.00e+00	0.00e+00	0.00e+00
 9.96445e+13	1.63e-25	6.44e-19	3.04e-13	2.03e-08	1.21e-04	1.00e+00	0.00e+00	0.00e+00
 1.03366e+14	2.30e-25	8.53e-19	3.77e-13	2.36e-08	1.30e-04	1.00e+00	0.00e+00	0.00e+00
 1.06750e+14	3.14e-25	1.10e-18	4.57e-13	2.68e-08	1.39e-04	1.00e+00	0.00e+00	0.00e+00
 1.10501e+14	4.34e-25	1.42e-18	5.59e-13	3.08e-08	1.49e-04	1.00e+00	0.00e+00	0.00e+00
 1.14888e+14	6.28e-25	1.92e-18	7.03e-13	3.60e-08	1.62e-04	1.00e+00	0.00e+00	0.00e+00
 1.19199e+14	8.94e-25	2.56e-18	8.74e-13	4.17e-08	1.74e-04	1.00e+00	0.00e+00	0.00e+00
 1.23245e+14	1.23e-24	3.31e-18	1.06e-12	4.77e-08	1.87e-04	1.00e+00	0.00e+00	0.00e+00
 1.27767e+14	1.74e-24	4.37e-18	1.32e-12	5.51e-08	2.01e-04	1.00e+00	0.00e+00	0.00e+00
 1.32908e+14	2.52e-24	5.92e-18	1.66e-12	6.45e-08	2.18e-04	1.00e+00	0.00e+00	0.00e+00
 1.38027e+14	3.64e-24	7.94e-18	2.08e-12	7.50e-08	2.36e-04	1.00e+00	0.00e+00	0.00e+00
 1.42806e+14	5.04e-24	1.03e-17	2.54e-12	8.60e-08	2.53e-04	1.00e+00	0.00e+00	0.00e+00
 1.48004e+14	7.10e-24	1.36e-17	3.13e-12	9.91e-08	2.72e-04	1.00e+00	0.00e+00	0.00e+00
 1.53823e+14	1.03e-23	1.84e-17	3.93e-12	1.16e-07	2.94e-04	1.00e+00	0.00e+00	0.00e+00
 1.59222e+14	1.44e-23	2.41e-17	4.82e-12	1.33e-07	3.15e-04	1.00e+00	0.00e+00	0.00e+00
 1.64192e+14	1.93e-23	3.06e-17	5.78e-12	1.50e-07	3.36e-04	1.00e+00	0.00e+00	0.00e+00
 1.69004e+14	2.55e-23	3.82e-17	6.86e-12	1.68e-07	3.56e-04	1.00e+00	0.00e+00	0.00e+00
 1.74387e+14	3.46e-23	4.88e-17	8.26e-12	1.91e-07	3.80e-04	1.00e+00	0.00e+00	0.00e+00
 1.80337e+14	4.78e-23	6.34e-17	1.01e-11	2.18e-07	4.06e-04	1.00e+00	0.00e+00	0.00e+00
 1.85856e+14	6.41e-23	8.03e-17	1.20e-11	2.46e-07	4.32e-04	1.00e+00	0.00e+00	0.00e+00
 1.91863e+14	8.71e-23	1.03e-16	1.45e-11	2.79e-07	4.61e-04	1.00e+00	0.00e+00	0.00e+00
 1.98637e+14	1.22e-22	1.35e-16	1.78e-11	3.21e-07	4.94e-04	1.00e+00	0.00e+00	0.00e+00
 2.05091e+14	1.66e-22	1.73e-16	2.15e-11	3.64e-07	5.27e-04	9.99e-01	0.00e+00	0.00e+00
 2.12164e+14	2.32e-22	2.26e-16	2.64e-11	4.17e-07	5.65e-04	9.99e-01	0.00e+00	0.00e+00
 2.19973e+14	3.28e-22	2.99e-16	3.26e-11	4.82e-07	6.08e-04	9.99e-01	0.00e+00	0.00e+00
 2.27127e+14	4.49e-22	3.84e-16	3.94e-11	5.47e-07	6.48e-04	9.99e-01	0.00e+00	0.00e+00
 2.34815e+14	6.19e-22	4.98e-16	4.80e-11	6.24e-07	6.93e-04	9.99e-01	0.00e+00	0.00e+00
 2.43453e+14	8.80e-22	6.61e-16	5.95e-11	7.21e-07	7.46e-04	9.99e-01	0.00e+00	0.00e+00
 2.51614e+14	1.21e-21	8.54e-16	7.23e-11	8.22e-07	7.97e-04	9.99e-01	0.00e+00	0.00e+00
 2.60511e+14	1.70e-21	1.12e-15	8.87e-11	9.44e-07	8.55e-04	9.99e-01	0.00e+00	0.00e+00
 2.70398e+14	2.43e-21	1.50e-15	1.11e-10	1.10e-06	9.23e-04	9.99e-01	0.00e+00	0.00e+00
 2.79597e+14	3.37e-21	1.95e-15	1.35e-10	1.25e-06	9.88e-04	9.99e-01	0.00e+00	0.00e+00
 2.89580e+14	4.72e-21	2.56e-15	1.66e-10	1.44e-06	1.06e-03	9.99e-01	0.00e+00	0.00e+00
 3.00782e+14	6.79e-21	3.43e-15	2.08e-10	1.68e-06	1.15e-03	9.99e-01	0.00e+00	0.00e+00
 3.11389e+14	9.51e-21	4.50e-15	2.55e-10	1.93e-06	1.23e-03	9.99e-01	0.00e+00	0.00e+00
 3.22781e+14	1.34e-20	5.93e-15	3.15e-10	2.23e-06	1.33e-03	9.99e-01	0.00e+00	0.00e+00
 3.35722e+14	1.96e-20	8.07e-15	3.98e-10	2.61e-06	1.44e-03	9.99e-01	0.00e+00	0.00e+00
 3.48383e+14	2.77e-20	1.07e-14	4.96e-10	3.03e-06	1.55e-03	9.98e-01	0.00e+00	0.00e+00
 3.61551e+14	3.96e-20	1.43e-14	6.17e-10	3.51e-06	1.68e-03	9.98e-01	0.00e+00	0.00e+00
 3.76043e+14	5.73e-20	1.93e-14	7.78e-10	4.11e-06	1.82e-03	9.98e-01	0.00e+00	0.00e+00
 3.90455e+14	8.12e-20	2.57e-14	9.71e-10	4.79e-06	1.97e-03	9.98e-01	0.00e+00	0.00e+00
 4.02431e+14	1.08e-19	3.24e-14	1.16e-09	5.41e-06	2.10e-03	9.98e-01	0.00e+00	0.00e+00
 4.11916e+14	1.34e-19	3.86e-14	1.33e-09	5.94e-06	2.21e-03	9.98e-01	0.00e+00	0.00e+00
 4.22343e+14	1.69e-19	4.67e-14	1.54e-09	6.57e-06	2.33e-03	9.98e-01	0.00e+00	0.00e+00
 4.35898e+14	2.26e-19	5.92e-14	1.86e-09	7.47e-06	2.49e-03	9.98e-01	0.00e+00	0.00e+00
 4.50532e+14	3.06e-19	7.59e-14	2.25e-09	8.54e-06	2.68e-03	9.97e-01	0.00e+00	0.00e+00
 4.63626e+14	3.97e-19	9.40e-14	2.67e-09	9.59e-06	2.85e-03	9.97e-01	0.00e+00	0.00e+00
 4.77710e+14	5.21e-19	1.18e-13	3.18e-09	1.08e-05	3.04e-03	9.97e-01	0.00e+00	0.00e+00
 4.95398e+14	7.22e-19	1.54e-13	3.93e-09	1.25e-05	3.29e-03	9.97e-01	0.00e+00	0.00e+00
 5.13306e+14	9.92e-19	2.00e-13	4.84e-09	1.45e-05	3.56e-03	9.96e-01	0.00e+00	0.00e+00
 5.28682e+14	1.29e-18	2.49e-13	5.74e-09	1.63e-05	3.79e-03	9.96e-01	0.00e+00	0.00e+00
 5.45234e+14	1.69e-18	3.11e-13	6.87e-09	1.85e-05	4.06e-03	9.96e-01	0.00e+00	0.00e+00
 5.65696e+14	2.33e-18	4.07e-13	8.52e-09	2.15e-05	4.41e-03	9.96e-01	0.00e+00	0.00e+00
 5.86499e+14	3.20e-18	5.30e-13	1.05e-08	2.49e-05	4.78e-03	9.95e-01	0.00e+00	0.00e+00
 6.04874e+14	4.18e-18	6.63e-13	1.26e-08	2.82e-05	5.12e-03	9.95e-01	0.00e+00	0.00e+00
 6.24837e+14	5.50e-18	8.35e-13	1.52e-08	3.22e-05	5.51e-03	9.94e-01	0.00e+00	0.00e+00
 6.48858e+14	7.63e-18	1.10e-12	1.89e-08	3.76e-05	6.00e-03	9.94e-01	0.00e+00	0.00e+00
 6.72687e+14	1.04e-17	1.42e-12	2.34e-08	4.35e-05	6.51e-03	9.93e-01	0.00e+00	0.00e+00
 6.94033e+14	1.35e-17	1.78e-12	2.80e-08	4.94e-05	6.98e-03	9.93e-01	0.00e+00	0.00e+00
 7.17617e+14	1.79e-17	2.26e-12	3.41e-08	5.66e-05	7.53e-03	9.92e-01	0.00e+00	0.00e+00
 7.45581e+14	2.47e-17	2.97e-12	4.26e-08	6.61e-05	8.22e-03	9.92e-01	0.00e+00	0.00e+00
 7.73297e+14	3.36e-17	3.85e-12	5.28e-08	7.66e-05	8.93e-03	9.91e-01	0.00e+00	0.00e+00
 7.98850e+14	4.41e-17	4.85e-12	6.38e-08	8.74e-05	9.62e-03	9.90e-01	0.00e+00	0.00e+00
 8.27533e+14	5.93e-17	6.24e-12	7.84e-08	1.01e-04	1.04e-02	9.89e-01	0.00e+00	0.00e+00
 8.60635e+14	8.22e-17	8.25e-12	9.88e-08	1.18e-04	1.14e-02	9.88e-01	0.00e+00	0.00e+00
 8.93067e+14	1.12e-16	1.07e-11	1.23e-07	1.37e-04	1.24e-02	9.87e-01	0.00e+00	0.00e+00
 9.26796e+14	1.02e-16	1.40e-11	1.53e-07	1.59e-04	1.35e-02	9.86e-01	0.00e+00	0.00e+00
 9.57711e+14	1.95e-16	1.77e-11	1.85e-07	1.82e-04	1.45e-02	9.85e-01	0.00e+00	0.00e+00
 9.80762e+14	2.37e-16	2.09e-11	2.13e-07	2.00e-04	1.53e-02	9.84e-01	0.00e+00	0.00e+00
 1.00450e+15	2.89e-16	2.48e-11	2.45e-07	2.20e-04	1.62e-02	9.84e-01	0.00e+00	0.00e+00
 1.03537e+15	3.72e-16	3.08e-11	2.94e-07	2.49e-04	1.74e-02	9.82e-01	0.00e+00	0.00e+00
 1.06870e+15	4.83e-16	3.87e-11	3.55e-07	2.84e-04	1.87e-02	9.81e-01	0.00e+00	0.00e+00
 1.09870e+15	6.06e-16	4.71e-11	4.17e-07	3.17e-04	1.99e-02	9.80e-01	0.00e+00	0.00e+00
 1.13117e+15	7.72e-16	5.81e-11	4.96e-07	3.56e-04	2.12e-02	9.78e-01	0.00e+00	0.00e+00
 1.17253e+15	1.05e-15	7.56e-11	6.17e-07	4.13e-04	2.30e-02	9.77e-01	0.00e+00	0.00e+00
 1.21411e+15	1.40e-15	9.72e-11	7.60e-07	4.75e-04	2.49e-02	9.75e-01	0.00e+00	0.00e+00
 1.24878e+15	1.76e-15	1.19e-10	8.98e-07	5.31e-04	2.65e-02	9.73e-01	0.00e+00	0.00e+00
 1.28581e+15	2.25e-15	1.47e-10	1.07e-06	5.98e-04	2.83e-02	9.71e-01	0.00e+00	0.00e+00
 1.33288e+15	3.05e-15	1.91e-10	1.33e-06	6.93e-04	3.08e-02	9.69e-01	0.00e+00	0.00e+00
 1.38223e+15	4.14e-15	2.50e-10	1.66e-06	8.03e-04	3.34e-02	9.66e-01	0.00e+00	0.00e+00
 1.42624e+15	5.36e-15	3.12e-10	2.00e-06	9.10e-04	3.58e-02	9.63e-01	0.00e+00	0.00e+00
 1.47410e+15	7.09e-15	3.98e-10	2.45e-06	1.04e-03	3.86e-02	9.60e-01	0.00e+00	0.00e+00
 1.53120e+15	9.83e-15	5.28e-10	3.09e-06	1.22e-03	4.20e-02	9.57e-01	0.00e+00	0.00e+00
 1.58713e+15	1.33e-14	6.86e-10	3.85e-06	1.41e-03	4.55e-02	9.53e-01	0.00e+00	0.00e+00
 1.63735e+15	1.72e-14	8.59e-10	4.64e-06	1.59e-03	4.87e-02	9.50e-01	0.00e+00	0.00e+00
 1.69331e+15	2.30e-14	1.10e-09	5.72e-06	1.83e-03	5.26e-02	9.46e-01	0.00e+00	0.00e+00
 1.75946e+15	3.19e-14	1.47e-09	7.23e-06	2.14e-03	5.72e-02	9.41e-01	0.00e+00	0.00e+00
 1.82495e+15	4.34e-14	1.92e-09	9.04e-06	2.48e-03	6.20e-02	9.36e-01	0.00e+00	0.00e+00
 1.88567e+15	5.71e-14	2.43e-09	1.10e-05	2.83e-03	6.65e-02	9.31e-01	0.00e+00	0.00e+00
 1.95372e+15	7.77e-14	3.16e-09	1.37e-05	3.26e-03	7.19e-02	9.25e-01	0.00e+00	0.00e+00
 2.01932e+15	1.03e-13	4.04e-09	1.68e-05	3.73e-03	7.72e-02	9.19e-01	0.00e+00	0.00e+00
 2.06771e+15	1.27e-13	4.84e-09	1.95e-05	4.12e-03	8.14e-02	9.14e-01	0.00e+00	0.00e+00
 2.11626e+15	1.56e-13	5.77e-09	2.25e-05	4.53e-03	8.56e-02	9.10e-01	0.00e+00	0.00e+00
 2.17938e+15	2.03e-13	7.20e-09	2.69e-05	5.09e-03	9.11e-02	9.04e-01	0.00e+00	0.00e+00
 2.24790e+15	2.67e-13	9.12e-09	3.27e-05	5.79e-03	9.74e-02	8.97e-01	0.00e+00	0.00e+00
 2.30906e+15	3.37e-13	1.11e-08	3.85e-05	6.45e-03	1.03e-01	8.90e-01	0.00e+00	0.00e+00
 2.37421e+15	4.33e-13	1.38e-08	4.57e-05	7.22e-03	1.09e-01	8.83e-01	0.00e+00	0.00e+00
 2.45890e+15	5.97e-13	1.81e-08	5.71e-05	8.36e-03	1.18e-01	8.74e-01	0.00e+00	0.00e+00
 2.54449e+15	8.06e-13	2.34e-08	7.05e-05	9.60e-03	1.27e-01	8.64e-01	0.00e+00	0.00e+00
 2.61370e+15	1.02e-12	2.86e-08	8.32e-05	1.07e-02	1.34e-01	8.55e-01	0.00e+00	0.00e+00
 2.68616e+15	1.31e-12	3.54e-08	9.88e-05	1.20e-02	1.42e-01	8.46e-01	0.00e+00	0.00e+00
 2.78035e+15	1.79e-12	4.61e-08	1.22e-04	1.38e-02	1.52e-01	8.34e-01	0.00e+00	0.00e+00
 2.87917e+15	2.45e-12	6.03e-08	1.53e-04	1.59e-02	1.64e-01	8.20e-01	0.00e+00	0.00e+00
 2.96319e+15	3.16e-12	7.47e-08	1.82e-04	1.79e-02	1.73e-01	8.09e-01	0.00e+00	0.00e+00
 3.05157e+15	4.15e-12	9.40e-08	2.20e-04	2.02e-02	1.84e-01	7.96e-01	0.00e+00	0.00e+00
 3.16357e+15	5.77e-12	1.24e-07	2.76e-04	2.34e-02	1.98e-01	7.79e-01	0.00e+00	0.00e+00
 3.27635e+15	7.86e-12	1.62e-07	3.44e-04	2.70e-02	2.12e-01	7.61e-01	0.00e+00	0.00e+00
 3.37126e+15	1.02e-11	2.02e-07	4.13e-04	3.04e-02	2.24e-01	7.46e-01	0.00e+00	0.00e+00
 3.47286e+15	1.35e-11	2.56e-07	5.00e-04	3.44e-02	2.37e-01	7.28e-01	0.00e+00	0.00e+00
 3.58588e+15	1.80e-11	3.27e-07	6.14e-04	3.92e-02	2.51e-01	7.09e-01	0.00e+00	0.00e+00
 3.69037e+15	2.32e-11	4.07e-07	7.36e-04	4.41e-02	2.65e-01	6.91e-01	0.00e+00	0.00e+00
 3.80285e+15	3.09e-11	5.19e-07	8.99e-04	5.00e-02	2.80e-01	6.70e-01	0.00e+00	0.00e+00
 3.91384e+15	3.97e-11	6.43e-07	1.08e-03	5.62e-02	2.93e-01	6.49e-01	0.00e+00	0.00e+00
 4.00390e+15	4.89e-11	7.68e-07	1.25e-03	6.17e-02	3.05e-01	6.32e-01	0.00e+00	0.00e+00
 4.10195e+15	6.18e-11	9.36e-07	1.47e-03	6.83e-02	3.18e-01	6.12e-01	0.00e+00	0.00e+00
 4.21015e+15	7.89e-11	1.15e-06	1.75e-03	7.62e-02	3.32e-01	5.90e-01	0.00e+00	0.00e+00
 4.31215e+15	9.87e-11	1.39e-06	2.06e-03	8.42e-02	3.44e-01	5.70e-01	0.00e+00	0.00e+00
 4.42539e+15	1.27e-10	1.73e-06	2.46e-03	9.39e-02	3.58e-01	5.46e-01	0.00e+00	0.00e+00
 4.54652e+15	1.65e-10	2.16e-06	2.96e-03	1.05e-01	3.72e-01	5.20e-01	0.00e+00	0.00e+00
 4.65529e+15	2.07e-10	2.61e-06	3.48e-03	1.16e-01	3.83e-01	4.97e-01	0.00e+00	0.00e+00
 4.77406e+15	2.71e-10	3.27e-06	4.19e-03	1.29e-01	3.96e-01	4.70e-01	0.00e+00	0.00e+00
 4.90060e+15	3.49e-10	4.06e-06	5.04e-03	1.44e-01	4.07e-01	4.43e-01	0.00e+00	0.00e+00
 5.00658e+15	4.32e-10	4.87e-06	5.89e-03	1.58e-01	4.16e-01	4.20e-01	0.00e+00	0.00e+00
 5.09722e+15	5.26e-10	5.74e-06	6.74e-03	1.71e-01	4.23e-01	3.99e-01	0.00e+00	0.00e+00
 5.19858e+15	6.55e-10	6.89e-06	7.85e-03	1.86e-01	4.30e-01	3.76e-01	0.00e+00	0.00e+00
 5.31044e+15	8.37e-10	8.45e-06	9.27e-03	2.04e-01	4.36e-01	3.50e-01	0.00e+00	0.00e+00
 5.41150e+15	1.04e-09	1.01e-05	1.08e-02	2.21e-01	4.40e-01	3.28e-01	0.00e+00	0.00e+00
 5.50229e+15	1.25e-09	1.18e-05	1.23e-02	2.37e-01	4.43e-01	3.07e-01	0.00e+00	0.00e+00
 5.60419e+15	1.61e-09	1.45e-05	1.44e-02	2.58e-01	4.44e-01	2.83e-01	0.00e+00	0.00e+00
 5.70602e+15	1.99e-09	1.72e-05	1.68e-02	2.78e-01	4.43e-01	2.61e-01	0.00e+00	0.00e+00
 5.78571e+15	2.39e-09	2.00e-05	1.90e-02	2.96e-01	4.42e-01	2.44e-01	0.00e+00	0.00e+00
 5.85629e+15	2.84e-09	2.30e-05	2.12e-02	3.12e-01	4.39e-01	2.28e-01	0.00e+00	0.00e+00
 5.93708e+15	3.49e-09	2.72e-05	2.41e-02	3.32e-01	4.34e-01	2.10e-01	0.00e+00	0.00e+00
 6.02324e+15	4.40e-09	3.26e-05	2.78e-02	3.54e-01	4.28e-01	1.91e-01	0.00e+00	0.00e+00
 6.09613e+15	5.28e-09	3.78e-05	3.12e-02	3.73e-01	4.21e-01	1.75e-01	0.00e+00	0.00e+00
 6.15938e+15	6.19e-09	4.29e-05	3.46e-02	3.90e-01	4.13e-01	1.62e-01	0.00e+00	0.00e+00
 6.23035e+15	7.31e-09	4.93e-05	3.90e-02	4.10e-01	4.03e-01	1.47e-01	0.00e+00	0.00e+00
 6.30578e+15	9.00e-09	5.81e-05	4.44e-02	4.33e-01	3.91e-01	1.32e-01	0.00e+00	0.00e+00
 6.36901e+15	1.16e-08	7.01e-05	4.99e-02	4.52e-01	3.79e-01	1.19e-01	0.00e+00	0.00e+00
 6.42041e+15	1.36e-08	7.92e-05	5.47e-02	4.69e-01	3.68e-01	1.09e-01	0.00e+00	0.00e+00
 6.47444e+15	1.55e-08	8.82e-05	6.03e-02	4.86e-01	3.55e-01	9.82e-02	0.00e+00	0.00e+00
 6.53444e+15	1.87e-08	1.02e-04	6.74e-02	5.06e-01	3.39e-01	8.69e-02	0.00e+00	0.00e+00
 6.58747e+15	2.44e-08	1.23e-04	7.50e-02	5.25e-01	3.24e-01	7.66e-02	0.00e+00	0.00e+00
 6.62946e+15	2.78e-08	1.37e-04	8.12e-02	5.39e-01	3.10e-01	6.93e-02	0.00e+00	0.00e+00
 6.67181e+15	3.16e-08	1.52e-04	8.82e-02	5.54e-01	2.96e-01	6.18e-02	0.00e+00	0.00e+00
 6.71853e+15	3.77e-08	1.73e-04	9.68e-02	5.71e-01	2.79e-01	5.39e-02	0.00e+00	0.00e+00
 6.75945e+15	4.50e-08	1.97e-04	1.05e-01	5.85e-01	2.62e-01	4.71e-02	0.00e+00	0.00e+00
 6.79270e+15	5.59e-08	2.29e-04	1.13e-01	5.97e-01	2.48e-01	4.14e-02	0.00e+00	0.00e+00
 6.82123e+15	6.25e-08	2.49e-04	1.20e-01	6.07e-01	2.35e-01	3.71e-02	0.00e+00	0.00e+00
 6.85204e+15	6.96e-08	2.71e-04	1.28e-01	6.19e-01	2.21e-01	3.25e-02	0.00e+00	0.00e+00
 6.88597e+15	8.14e-08	3.04e-04	1.37e-01	6.30e-01	2.04e-01	2.77e-02	0.00e+00	0.00e+00
 6.91544e+15	9.52e-08	3.40e-04	1.46e-01	6.41e-01	1.89e-01	2.37e-02	0.00e+00	0.00e+00
 6.93912e+15	1.15e-07	3.85e-04	1.55e-01	6.49e-01	1.76e-01	2.04e-02	0.00e+00	0.00e+00
 6.95954e+15	1.22e-07	4.06e-04	1.61e-01	6.56e-01	1.65e-01	1.80e-02	0.00e+00	0.00e+00
 6.98182e+15	1.39e-07	4.43e-04	1.69e-01	6.63e-01	1.52e-01	1.54e-02	0.00e+00	0.00e+00
 7.00615e+15	1.68e-07	5.05e-04	1.79e-01	6.70e-01	1.38e-01	1.27e-02	0.00e+00	0.00e+00
 7.02671e+15	1.80e-07	5.34e-04	1.86e-01	6.77e-01	1.26e-01	1.07e-02	0.00e+00	0.00e+00
 7.04304e+15	2.07e-07	5.86e-04	1.93e-01	6.81e-01	1.17e-01	9.17e-03	0.00e+00	0.00e+00
 7.05558e+15	2.22e-07	6.16e-04	1.98e-01	6.84e-01	1.09e-01	8.13e-03	0.00e+00	0.00e+00
 7.06715e+15	2.35e-07	6.42e-04	2.02e-01	6.87e-01	1.03e-01	7.19e-03	0.00e+00	0.00e+00
 7.08220e+15	2.65e-07	6.97e-04	2.09e-01	6.91e-01	9.36e-02	6.03e-03	0.00e+00	0.00e+00
 7.09684e+15	2.90e-07	7.42e-04	2.15e-01	6.93e-01	8.55e-02	5.08e-03	0.00e+00	0.00e+00
 7.10828e+15	3.12e-07	7.80e-04	2.20e-01	6.96e-01	7.93e-02	4.40e-03	0.00e+00	0.00e+00
 7.12052e+15	3.38e-07	8.25e-04	2.25e-01	6.98e-01	7.26e-02	3.72e-03	0.00e+00	0.00e+00
 7.13428e+15	3.69e-07	8.77e-04	2.31e-01	6.99e-01	6.55e-02	3.06e-03	0.00e+00	0.00e+00
 7.14738e+15	4.01e-07	9.30e-04	2.37e-01	7.01e-01	5.91e-02	2.52e-03	0.00e+00	0.00e+00
 7.15975e+15	4.34e-07	9.82e-04	2.42e-01	7.01e-01	5.33e-02	2.07e-03	0.00e+00	0.00e+00
 7.17383e+15	4.75e-07	1.04e-03	2.48e-01	7.02e-01	4.71e-02	1.64e-03	0.00e+00	0.00e+00
 7.18936e+15	5.22e-07	1.11e-03	2.55e-01	7.02e-01	4.09e-02	1.26e-03	0.00e+00	0.00e+00
 7.20407e+15	5.71e-07	1.19e-03	2.61e-01	7.01e-01	3.56e-02	9.65e-04	0.00e+00	0.00e+00
 7.22050e+15	6.29e-07	1.27e-03	2.67e-01	7.00e-01	3.03e-02	7.09e-04	0.00e+00	0.00e+00
 7.23902e+15	6.98e-07	1.36e-03	2.74e-01	6.99e-01	2.51e-02	4.99e-04	0.00e+00	0.00e+00
 7.25737e+15	7.71e-07	1.46e-03	2.81e-01	6.96e-01	2.09e-02	3.50e-04	0.00e+00	0.00e+00
 7.27835e+15	8.60e-07	1.57e-03	2.89e-01	6.93e-01	1.68e-02	2.30e-04	0.00e+00	0.00e+00
 7.30563e+15	9.83e-07	1.72e-03	2.98e-01	6.88e-01	1.27e-02	1.34e-04	0.00e+00	0.00e+00
 7.33617e+15	1.13e-06	1.88e-03	3.07e-01	6.81e-01	9.36e-03	7.46e-05	0.00e+00	0.00e+00
 7.37096e+15	1.31e-06	2.08e-03	3.18e-01	6.74e-01	6.68e-03	3.86e-05	0.00e+00	0.00e+00
 7.41618e+15	1.57e-06	2.34e-03	3.30e-01	6.63e-01	4.42e-03	1.71e-05	0.00e+00	0.00e+00
 7.47498e+15	1.97e-06	2.72e-03	3.46e-01	6.48e-01	2.69e-03	6.36e-06	0.00e+00	0.00e+00
 7.54125e+15	2.53e-06	3.21e-03	3.65e-01	6.30e-01	1.63e-03	2.31e-06	0.00e+00	0.00e+00
 7.60495e+15	3.26e-06	3.78e-03	3.84e-01	6.11e-01	1.04e-03	9.40e-07	0.00e+00	0.00e+00
 7.66484e+15	4.17e-06	4.46e-03	4.03e-01	5.92e-01	7.05e-04	0.00e+00	0.00e+00	0.00e+00
 7.72276e+15	5.36e-06	5.27e-03	4.23e-01	5.71e-01	4.91e-04	0.00e+00	0.00e+00	0.00e+00
 7.77935e+15	6.96e-06	6.28e-03	4.45e-01	5.49e-01	3.48e-04	0.00e+00	0.00e+00	0.00e+00
 7.82244e+15	8.56e-06	7.22e-03	4.62e-01	5.31e-01	2.73e-04	0.00e+00	0.00e+00	0.00e+00
 7.84840e+15	9.77e-06	7.89e-03	4.73e-01	5.19e-01	2.35e-04	0.00e+00	0.00e+00	0.00e+00
 7.87319e+15	1.11e-05	8.62e-03	4.84e-01	5.07e-01	2.02e-04	0.00e+00	0.00e+00	0.00e+00
 7.90541e+15	1.32e-05	9.70e-03	5.00e-01	4.91e-01	1.66e-04	0.00e+00	0.00e+00	0.00e+00
 7.94007e+15	1.60e-05	1.11e-02	5.16e-01	4.72e-01	1.35e-04	0.00e+00	0.00e+00	0.00e+00
 7.96991e+15	1.90e-05	1.25e-02	5.32e-01	4.56e-01	1.13e-04	0.00e+00	0.00e+00	0.00e+00
 7.99544e+15	2.22e-05	1.39e-02	5.45e-01	4.41e-01	9.71e-05	0.00e+00	0.00e+00	0.00e+00
 8.02334e+15	2.65e-05	1.56e-02	5.61e-01	4.23e-01	8.13e-05	0.00e+00	0.00e+00	0.00e+00
 8.05353e+15	3.22e-05	1.79e-02	5.78e-01	4.04e-01	6.73e-05	0.00e+00	0.00e+00	0.00e+00
 8.07983e+15	3.85e-05	2.02e-02	5.93e-01	3.86e-01	5.68e-05	0.00e+00	0.00e+00	0.00e+00
 8.09999e+15	4.44e-05	2.23e-02	6.05e-01	3.72e-01	4.99e-05	0.00e+00	0.00e+00	0.00e+00
 8.11587e+15	4.98e-05	2.42e-02	6.15e-01	3.61e-01	4.48e-05	0.00e+00	0.00e+00	0.00e+00
 8.13333e+15	5.67e-05	2.65e-02	6.26e-01	3.48e-01	3.96e-05	0.00e+00	0.00e+00	0.00e+00
 8.15301e+15	6.60e-05	2.94e-02	6.38e-01	3.33e-01	3.44e-05	0.00e+00	0.00e+00	0.00e+00
 8.17119e+15	7.61e-05	3.24e-02	6.49e-01	3.19e-01	3.02e-05	0.00e+00	0.00e+00	0.00e+00
 8.18708e+15	8.66e-05	3.55e-02	6.58e-01	3.06e-01	2.68e-05	0.00e+00	0.00e+00	0.00e+00
 8.20437e+15	1.00e-04	3.93e-02	6.69e-01	2.92e-01	2.33e-05	0.00e+00	0.00e+00	0.00e+00
 8.22260e+15	1.17e-04	4.38e-02	6.79e-01	2.77e-01	2.02e-05	0.00e+00	0.00e+00	0.00e+00
 8.23798e+15	1.35e-04	4.81e-02	6.88e-01	2.64e-01	1.78e-05	0.00e+00	0.00e+00	0.00e+00
 8.25134e+15	1.52e-04	5.24e-02	6.95e-01	2.52e-01	1.59e-05	0.00e+00	0.00e+00	0.00e+00
 8.26615e+15	1.76e-04	5.78e-02	7.03e-01	2.39e-01	1.39e-05	0.00e+00	0.00e+00	0.00e+00
 8.28210e+15	2.05e-04	6.43e-02	7.11e-01	2.25e-01	1.20e-05	0.00e+00	0.00e+00	0.00e+00
 8.29591e+15	2.35e-04	7.07e-02	7.17e-01	2.12e-01	1.05e-05	0.00e+00	0.00e+00	0.00e+00
 8.30801e+15	2.67e-04	7.70e-02	7.21e-01	2.01e-01	9.33e-06	0.00e+00	0.00e+00	0.00e+00
 8.32152e+15	3.09e-04	8.51e-02	7.26e-01	1.89e-01	8.09e-06	0.00e+00	0.00e+00	0.00e+00
 8.33589e+15	3.61e-04	9.46e-02	7.29e-01	1.76e-01	6.94e-06	0.00e+00	0.00e+00	0.00e+00
 8.34817e+15	4.15e-04	1.04e-01	7.31e-01	1.65e-01	6.04e-06	0.00e+00	0.00e+00	0.00e+00
 8.35889e+15	4.70e-04	1.13e-01	7.32e-01	1.55e-01	5.33e-06	0.00e+00	0.00e+00	0.00e+00
 8.37078e+15	5.42e-04	1.25e-01	7.31e-01	1.44e-01	4.58e-06	0.00e+00	0.00e+00	0.00e+00
 8.38355e+15	6.35e-04	1.38e-01	7.29e-01	1.32e-01	3.89e-06	0.00e+00	0.00e+00	0.00e+00
 8.39466e+15	7.30e-04	1.52e-01	7.26e-01	1.22e-01	3.35e-06	0.00e+00	0.00e+00	0.00e+00
 8.40457e+15	8.30e-04	1.65e-01	7.21e-01	1.13e-01	2.90e-06	0.00e+00	0.00e+00	0.00e+00
 8.41574e+15	9.66e-04	1.83e-01	7.14e-01	1.03e-01	2.44e-06	0.00e+00	0.00e+00	0.00e+00
 8.42769e+15	1.14e-03	2.03e-01	7.03e-01	9.22e-02	2.02e-06	0.00e+00	0.00e+00	0.00e+00
 8.43808e+15	1.32e-03	2.24e-01	6.92e-01	8.32e-02	1.69e-06	0.00e+00	0.00e+00	0.00e+00
 8.44738e+15	1.51e-03	2.44e-01	6.79e-01	7.54e-02	1.43e-06	0.00e+00	0.00e+00	0.00e+00
 8.45785e+15	1.77e-03	2.70e-01	6.62e-01	6.66e-02	1.16e-06	0.00e+00	0.00e+00	0.00e+00
 8.46927e+15	2.10e-03	3.01e-01	6.39e-01	5.75e-02	9.14e-07	0.00e+00	0.00e+00	0.00e+00
 8.47954e+15	2.47e-03	3.32e-01	6.15e-01	4.98e-02	0.00e+00	0.00e+00	0.00e+00	0.00e+00
 8.48904e+15	2.88e-03	3.65e-01	5.89e-01	4.29e-02	0.00e+00	0.00e+00	0.00e+00	0.00e+00
 8.49995e+15	3.45e-03	4.07e-01	5.54e-01	3.53e-02	0.00e+00	0.00e+00	0.00e+00	0.00e+00
 8.51159e+15	4.19e-03	4.55e-01	5.12e-01	2.81e-02	0.00e+00	0.00e+00	0.00e+00	0.00e+00
 8.52146e+15	4.97e-03	5.00e-01	4.72e-01	2.26e-02	0.00e+00	0.00e+00	0.00e+00	0.00e+00
 8.52949e+15	5.70e-03	5.39e-01	4.36e-01	1.85e-02	0.00e+00	0.00e+00	0.00e+00	0.00e+00
 8.53664e+15	6.47e-03	5.76e-01	4.02e-01	1.51e-02	0.00e+00	0.00e+00	0.00e+00	0.00e+00
 8.54475e+15	7.49e-03	6.20e-01	3.61e-01	1.17e-02	0.00e+00	0.00e+00	0.00e+00	0.00e+00
 8.55326e+15	8.72e-03	6.65e-01	3.17e-01	8.79e-03	0.00e+00	0.00e+00	0.00e+00	0.00e+00
 8.56025e+15	9.89e-03	7.03e-01	2.80e-01	6.73e-03	0.00e+00	0.00e+00	0.00e+00	0.00e+00
 8.56610e+15	1.10e-02	7.34e-01	2.50e-01	5.28e-03	0.00e+00	0.00e+00	0.00e+00	0.00e+00
 8.57247e+15	1.24e-02	7.68e-01	2.16e-01	3.92e-03	0.00e+00	0.00e+00	0.00e+00	0.00e+00
 8.57934e+15	1.40e-02	8.01e-01	1.82e-01	2.78e-03	0.00e+00	0.00e+00	0.00e+00	0.00e+00
 8.58523e+15	1.57e-02	8.28e-01	1.54e-01	2.00e-03	0.00e+00	0.00e+00	0.00e+00	0.00e+00
 8.59020e+15	1.72e-02	8.49e-01	1.32e-01	1.48e-03	0.00e+00	0.00e+00	0.00e+00	0.00e+00
 8.59559e+15	1.90e-02	8.70e-01	1.10e-01	1.03e-03	0.00e+00	0.00e+00	0.00e+00	0.00e+00
 8.60135e+15	2.13e-02	8.89e-01	8.86e-02	6.91e-04	0.00e+00	0.00e+00	0.00e+00	0.00e+00
 8.60631e+15	2.34e-02	9.04e-01	7.24e-02	4.72e-04	0.00e+00	0.00e+00	0.00e+00	0.00e+00
 8.61060e+15	2.54e-02	9.14e-01	6.01e-02	3.33e-04	0.00e+00	0.00e+00	0.00e+00	0.00e+00
 8.61532e+15	2.80e-02	9.24e-01	4.80e-02	2.19e-04	0.00e+00	0.00e+00	0.00e+00	0.00e+00
 8.62022e+15	3.09e-02	9.31e-01	3.75e-02	1.39e-04	0.00e+00	0.00e+00	0.00e+00	0.00e+00
 8.62423e+15	3.37e-02	9.36e-01	3.02e-02	9.29e-05	0.00e+00	0.00e+00	0.00e+00	0.00e+00
 8.62757e+15	3.60e-02	9.39e-01	2.50e-02	6.55e-05	0.00e+00	0.00e+00	0.00e+00	0.00e+00
 8.63118e+15	3.91e-02	9.41e-01	2.00e-02	4.35e-05	0.00e+00	0.00e+00	0.00e+00	0.00e+00
 8.63501e+15	4.25e-02	9.42e-01	1.58e-02	2.79e-05	0.00e+00	0.00e+00	0.00e+00	0.00e+00
 8.63826e+15	4.57e-02	9.42e-01	1.27e-02	1.88e-05	0.00e+00	0.00e+00	0.00e+00	0.00e+00
 8.64101e+15	4.84e-02	9.41e-01	1.05e-02	1.32e-05	0.00e+00	0.00e+00	0.00e+00	0.00e+00
 8.64364e+15	5.14e-02	9.40e-01	8.69e-03	9.31e-06	0.00e+00	0.00e+00	0.00e+00	0.00e+00
 8.64634e+15	5.49e-02	9.38e-01	7.09e-03	6.40e-06	0.00e+00	0.00e+00	0.00e+00	0.00e+00
 8.64898e+15	5.83e-02	9.36e-01	5.78e-03	4.39e-06	0.00e+00	0.00e+00	0.00e+00	0.00e+00
 8.65138e+15	6.15e-02	9.34e-01	4.78e-03	3.09e-06	0.00e+00	0.00e+00	0.00e+00	0.00e+00
 8.65346e+15	6.48e-02	9.31e-01	4.04e-03	2.26e-06	0.00e+00	0.00e+00	0.00e+00	0.00e+00
 8.65496e+15	6.66e-02	9.30e-01	3.58e-03	1.81e-06	0.00e+00	0.00e+00	0.00e+00	0.00e+00
 8.65596e+15	6.83e-02	9.28e-01	3.29e-03	1.55e-06	0.00e+00	0.00e+00	0.00e+00	0.00e+00
 8.65694e+15	6.99e-02	9.27e-01	3.02e-03	1.32e-06	0.00e+00	0.00e+00	0.00e+00	0.00e+00
 8.65806e+15	7.19e-02	9.25e-01	2.73e-03	1.10e-06	0.00e+00	0.00e+00	0.00e+00	0.00e+00
 8.65922e+15	7.39e-02	9.24e-01	2.46e-03	9.04e-07	0.00e+00	0.00e+00	0.00e+00	0.00e+00
 8.66034e+15	7.59e-02	9.22e-01	2.23e-03	0.00e+00	0.00e+00	0.00e+00	0.00e+00	0.00e+00
 8.66142e+15	7.78e-02	9.20e-01	2.02e-03	0.00e+00	0.00e+00	0.00e+00	0.00e+00	0.00e+00
 8.66250e+15	7.98e-02	9.18e-01	1.83e-03	0.00e+00	0.00e+00	0.00e+00	0.00e+00	0.00e+00
 8.66356e+15	8.18e-02	9.17e-01	1.65e-03	0.00e+00	0.00e+00	0.00e+00	0.00e+00	0.00e+00
 8.66461e+15	8.39e-02	9.15e-01	1.50e-03	0.00e+00	0.00e+00	0.00e+00	0.00e+00	0.00e+00
 8.66564e+15	8.59e-02	9.13e-01	1.36e-03	0.00e+00	0.00e+00	0.00e+00	0.00e+00	0.00e+00
 8.66665e+15	8.82e-02	9.11e-01	1.23e-03	0.00e+00	0.00e+00	0.00e+00	0.00e+00	0.00e+00
 8.66766e+15	9.05e-02	9.08e-01	1.11e-03	0.00e+00	0.00e+00	0.00e+00	0.00e+00	0.00e+00
 8.66866e+15	9.27e-02	9.06e-01	1.00e-03	0.00e+00	0.00e+00	0.00e+00	0.00e+00	0.00e+00
 8.66964e+15	9.49e-02	9.04e-01	9.08e-04	0.00e+00	0.00e+00	0.00e+00	0.00e+00	0.00e+00
 8.67060e+15	9.74e-02	9.02e-01	8.22e-04	0.00e+00	0.00e+00	0.00e+00	0.00e+00	0.00e+00
 8.67157e+15	9.98e-02	8.99e-01	7.44e-04	0.00e+00	0.00e+00	0.00e+00	0.00e+00	0.00e+00
 8.67252e+15	1.02e-01	8.97e-01	6.72e-04	0.00e+00	0.00e+00	0.00e+00	0.00e+00	0.00e+00
 8.67346e+15	1.05e-01	8.95e-01	6.08e-04	0.00e+00	0.00e+00	0.00e+00	0.00e+00	0.00e+00
 8.67438e+15	1.07e-01	8.92e-01	5.50e-04	0.00e+00	0.00e+00	0.00e+00	0.00e+00	0.00e+00
 8.67529e+15	1.10e-01	8.89e-01	4.97e-04	0.00e+00	0.00e+00	0.00e+00	0.00e+00	0.00e+00
 8.67620e+15	1.13e-01	8.87e-01	4.49e-04	0.00e+00	0.00e+00	0.00e+00	0.00e+00	0.00e+00
 8.67710e+15	1.16e-01	8.84e-01	4.07e-04	0.00e+00	0.00e+00	0.00e+00	0.00e+00	0.00e+00
 8.67798e+15	1.19e-01	8.81e-01	3.67e-04	0.00e+00	0.00e+00	0.00e+00	0.00e+00	0.00e+00
 8.67887e+15	1.22e-01	8.78e-01	3.31e-04	0.00e+00	0.00e+00	0.00e+00	0.00e+00	0.00e+00
 8.67973e+15	1.25e-01	8.74e-01	3.00e-04	0.00e+00	0.00e+00	0.00e+00	0.00e+00	0.00e+00
 8.68057e+15	1.29e-01	8.71e-01	2.71e-04	0.00e+00	0.00e+00	0.00e+00	0.00e+00	0.00e+00
 8.68141e+15	1.32e-01	8.68e-01	2.45e-04	0.00e+00	0.00e+00	0.00e+00	0.00e+00	0.00e+00
 8.68225e+15	1.36e-01	8.64e-01	2.21e-04	0.00e+00	0.00e+00	0.00e+00	0.00e+00	0.00e+00
 8.68305e+15	1.40e-01	8.60e-01	2.01e-04	0.00e+00	0.00e+00	0.00e+00	0.00e+00	0.00e+00
 8.68384e+15	1.44e-01	8.56e-01	1.82e-04	0.00e+00	0.00e+00	0.00e+00	0.00e+00	0.00e+00
 8.68462e+15	1.48e-01	8.52e-01	1.65e-04	0.00e+00	0.00e+00	0.00e+00	0.00e+00	0.00e+00
 8.68539e+15	1.52e-01	8.48e-01	1.49e-04	0.00e+00	0.00e+00	0.00e+00	0.00e+00	0.00e+00
 8.68616e+15	1.57e-01	8.43e-01	1.35e-04	0.00e+00	0.00e+00	0.00e+00	0.00e+00	0.00e+00
 8.68692e+15	1.62e-01	8.38e-01	1.22e-04	0.00e+00	0.00e+00	0.00e+00	0.00e+00	0.00e+00
 8.68765e+15	1.67e-01	8.33e-01	1.11e-04	0.00e+00	0.00e+00	0.00e+00	0.00e+00	0.00e+00
 8.68837e+15	1.72e-01	8.28e-01	1.01e-04	0.00e+00	0.00e+00	0.00e+00	0.00e+00	0.00e+00
 8.68907e+15	1.77e-01	8.22e-01	9.14e-05	0.00e+00	0.00e+00	0.00e+00	0.00e+00	0.00e+00
 8.68977e+15	1.83e-01	8.17e-01	8.30e-05	0.00e+00	0.00e+00	0.00e+00	0.00e+00	0.00e+00
 8.69045e+15	1.90e-01	8.10e-01	7.54e-05	0.00e+00	0.00e+00	0.00e+00	0.00e+00	0.00e+00
 8.69112e+15	1.96e-01	8.04e-01	6.85e-05	0.00e+00	0.00e+00	0.00e+00	0.00e+00	0.00e+00
 8.69178e+15	2.03e-01	7.97e-01	6.22e-05	0.00e+00	0.00e+00	0.00e+00	0.00e+00	0.00e+00
 8.69243e+15	2.10e-01	7.90e-01	5.65e-05	0.00e+00	0.00e+00	0.00e+00	0.00e+00	0.00e+00
 8.69308e+15	2.18e-01	7.82e-01	5.14e-05	0.00e+00	0.00e+00	0.00e+00	0.00e+00	0.00e+00
 8.69372e+15	2.27e-01	7.73e-01	4.66e-05	0.00e+00	0.00e+00	0.00e+00	0.00e+00	0.00e+00
 8.69434e+15	2.36e-01	7.64e-01	4.24e-05	0.00e+00	0.00e+00	0.00e+00	0.00e+00	0.00e+00
 8.69495e+15	2.45e-01	7.55e-01	3.85e-05	0.00e+00	0.00e+00	0.00e+00	0.00e+00	0.00e+00
 8.69556e+15	2.55e-01	7.45e-01	3.49e-05	0.00e+00	0.00e+00	0.00e+00	0.00e+00	0.00e+00
 8.69616e+15	2.65e-01	7.35e-01	3.17e-05	0.00e+00	0.00e+00	0.00e+00	0.00e+00	0.00e+00
 8.69676e+15	2.75e-01	7.25e-01	2.87e-05	0.00e+00	0.00e+00	0.00e+00	0.00e+00	0.00e+00
 8.69736e+15	2.87e-01	7.13e-01	2.60e-05	0.00e+00	0.00e+00	0.00e+00	0.00e+00	0.00e+00
 8.69795e+15	3.00e-01	7.00e-01	2.35e-05	0.00e+00	0.00e+00	0.00e+00	0.00e+00	0.00e+00
 8.69853e+15	3.13e-01	6.87e-01	2.13e-05	0.00e+00	0.00e+00	0.00e+00	0.00e+00	0.00e+00
 8.69911e+15	3.26e-01	6.74e-01	1.92e-05	0.00e+00	0.00e+00	0.00e+00	0.00e+00	0.00e+00
 8.69968e+15	3.41e-01	6.59e-01	1.73e-05	0.00e+00	0.00e+00	0.00e+00	0.00e+00	0.00e+00
 8.70026e+15	3.56e-01	6.44e-01	1.56e-05	0.00e+00	0.00e+00	0.00e+00	0.00e+00	0.00e+00
 8.70082e+15	3.72e-01	6.28e-01	1.41e-05	0.00e+00	0.00e+00	0.00e+00	0.00e+00	0.00e+00
 8.70139e+15	3.88e-01	6.12e-01	1.26e-05	0.00e+00	0.00e+00	0.00e+00	0.00e+00	0.00e+00
 8.70195e+15	4.05e-01	5.95e-01	1.13e-05	0.00e+00	0.00e+00	0.00e+00	0.00e+00	0.00e+00
 8.70251e+15	4.24e-01	5.76e-01	1.01e-05	0.00e+00	0.00e+00	0.00e+00	0.00e+00	0.00e+00
 8.70306e+15	4.43e-01	5.57e-01	9.08e-06	0.00e+00	0.00e+00	0.00e+00	0.00e+00	0.00e+00
 8.70361e+15	4.61e-01	5.39e-01	8.13e-06	0.00e+00	0.00e+00	0.00e+00	0.00e+00	0.00e+00
 8.70416e+15	4.80e-01	5.20e-01	7.26e-06	0.00e+00	0.00e+00	0.00e+00	0.00e+00	0.00e+00
 8.70472e+15	5.00e-01	5.00e-01	6.46e-06	0.00e+00	0.00e+00	0.00e+00	0.00e+00	0.00e+00
 8.70526e+15	5.19e-01	4.81e-01	5.76e-06	0.00e+00	0.00e+00	0.00e+00	0.00e+00	0.00e+00
 8.70575e+15	5.35e-01	4.65e-01	5.22e-06	0.00e+00	0.00e+00	0.00e+00	0.00e+00	0.00e+00
 8.70616e+15	5.48e-01	4.52e-01	4.80e-06	0.00e+00	0.00e+00	0.00e+00	0.00e+00	0.00e+00
 8.70655e+15	5.62e-01	4.38e-01	4.42e-06	0.00e+00	0.00e+00	0.00e+00	0.00e+00	0.00e+00
 8.70696e+15	5.76e-01	4.24e-01	4.05e-06	0.00e+00	0.00e+00	0.00e+00	0.00e+00	0.00e+00
 8.70737e+15	5.89e-01	4.11e-01	3.71e-06	0.00e+00	0.00e+00	0.00e+00	0.00e+00	0.00e+00
 8.70776e+15	6.02e-01	3.98e-01	3.41e-06	0.00e+00	0.00e+00	0.00e+00	0.00e+00	0.00e+00
 8.70815e+15	6.15e-01	3.85e-01	3.14e-06	0.00e+00	0.00e+00	0.00e+00	0.00e+00	0.00e+00
 8.70853e+15	6.26e-01	3.74e-01	2.90e-06	0.00e+00	0.00e+00	0.00e+00	0.00e+00	0.00e+00
 8.70892e+15	6.38e-01	3.62e-01	2.68e-06	0.00e+00	0.00e+00	0.00e+00	0.00e+00	0.00e+00
 8.70930e+15	6.48e-01	3.52e-01	2.48e-06	0.00e+00	0.00e+00	0.00e+00	0.00e+00	0.00e+00
 8.70968e+15	6.58e-01	3.42e-01	2.29e-06	0.00e+00	0.00e+00	0.00e+00	0.00e+00	0.00e+00
 8.71007e+15	6.68e-01	3.32e-01	2.13e-06	0.00e+00	0.00e+00	0.00e+00	0.00e+00	0.00e+00
 8.71046e+15	6.78e-01	3.22e-01	1.97e-06	0.00e+00	0.00e+00	0.00e+00	0.00e+00	0.00e+00
