#depth	N	N+	N+2	N+3	N+4	N+5	N+6	N+7
 1.49634e+10	0.00e+00	0.00e+00	1.71e-28	6.37e-19	4.30e-10	9.15e-01	8.49e-02	3.05e-06
 4.54887e+10	0.00e+00	1.14e-38	2.18e-28	7.51e-19	4.68e-10	9.21e-01	7.87e-02	2.61e-06
 7.72350e+10	0.00e+00	0.00e+00	2.79e-28	8.86e-19	5.10e-10	9.27e-01	7.29e-02	2.24e-06
 1.10251e+11	0.00e+00	2.18e-38	3.55e-28	1.04e-18	5.55e-10	9.32e-01	6.75e-02	1.91e-06
 1.44588e+11	0.00e+00	0.00e+00	4.53e-28	1.23e-18	6.04e-10	9.37e-01	6.25e-02	1.64e-06
 1.80298e+11	0.00e+00	4.15e-38	5.77e-28	1.45e-18	6.58e-10	9.42e-01	5.78e-02	1.40e-06
 2.17437e+11	0.00e+00	0.00e+00	7.36e-28	1.71e-18	7.15e-10	9.47e-01	5.35e-02	1.19e-06
 2.56061e+11	0.00e+00	7.89e-38	9.38e-28	2.01e-18	7.78e-10	9.51e-01	4.94e-02	1.02e-06
 2.96231e+11	0.00e+00	0.00e+00	1.20e-27	2.36e-18	8.46e-10	9.54e-01	4.56e-02	8.69e-07
 3.38007e+11	0.00e+00	1.50e-37	1.52e-27	2.78e-18	9.20e-10	9.58e-01	4.21e-02	0.00e+00
 3.78691e+11	0.00e+00	0.00e+00	1.91e-27	3.24e-18	9.94e-10	9.61e-01	3.91e-02	0.00e+00
 4.17263e+11	0.00e+00	2.67e-37	2.35e-27	3.73e-18	1.07e-09	9.64e-01	3.65e-02	0.00e+00
 4.60141e+11	0.00e+00	0.00e+00	2.94e-27	4.33e-18	1.15e-09	9.66e-01	3.39e-02	0.00e+00
 5.06965e+11	0.00e+00	4.92e-37	3.72e-27	5.08e-18	1.25e-09	9.69e-01	3.13e-02	0.00e+00
 5.51931e+11	0.00e+00	0.00e+00	4.63e-27	5.88e-18	1.35e-09	9.71e-01	2.91e-02	0.00e+00
 6.00205e+11	0.00e+00	8.86e-37	5.80e-27	6.84e-18	1.45e-09	9.73e-01	2.70e-02	0.00e+00
 6.54140e+11	0.00e+00	0.00e+00	7.40e-27	8.05e-18	1.58e-09	9.75e-01	2.48e-02	0.00e+00
 7.08369e+11	0.00e+00	1.67e-36	9.36e-27	9.43e-18	1.71e-09	9.77e-01	2.29e-02	0.00e+00
 7.64769e+11	4.63e-47	2.29e-36	1.18e-26	1.10e-17	1.85e-09	9.79e-01	2.12e-02	0.00e+00
 8.25286e+11	0.00e+00	0.00e+00	1.51e-26	1.30e-17	2.01e-09	9.81e-01	1.95e-02	0.00e+00
 8.88224e+11	0.00e+00	4.37e-36	1.93e-26	1.53e-17	2.19e-09	9.82e-01	1.79e-02	0.00e+00
 9.53680e+11	1.56e-46	6.04e-36	2.46e-26	1.81e-17	2.38e-09	9.83e-01	1.65e-02	0.00e+00
 1.02175e+12	0.00e+00	0.00e+00	3.14e-26	2.13e-17	2.58e-09	9.85e-01	1.52e-02	0.00e+00
 1.09255e+12	0.00e+00	1.16e-35	4.02e-26	2.51e-17	2.81e-09	9.86e-01	1.40e-02	0.00e+00
 1.16618e+12	5.26e-46	1.60e-35	5.13e-26	2.96e-17	3.05e-09	9.87e-01	1.28e-02	0.00e+00
 1.24275e+12	0.00e+00	0.00e+00	6.57e-26	3.49e-17	3.32e-09	9.88e-01	1.18e-02	0.00e+00
 1.32239e+12	0.00e+00	3.08e-35	8.40e-26	4.12e-17	3.61e-09	9.89e-01	1.09e-02	0.00e+00
 1.39741e+12	1.72e-45	4.14e-35	1.05e-25	4.79e-17	3.89e-09	9.90e-01	1.01e-02	0.00e+00
 1.46472e+12	0.00e+00	0.00e+00	1.28e-25	5.46e-17	4.16e-09	9.91e-01	9.41e-03	0.00e+00
 1.54035e+12	0.00e+00	7.11e-35	1.58e-25	6.30e-17	4.47e-09	9.91e-01	8.75e-03	0.00e+00
 1.62973e+12	5.06e-45	9.81e-35	2.01e-25	7.42e-17	4.85e-09	9.92e-01	8.05e-03	0.00e+00
 1.71903e+12	0.00e+00	0.00e+00	2.54e-25	8.68e-17	5.26e-09	9.93e-01	7.43e-03	0.00e+00
 1.80315e+12	0.00e+00	1.77e-34	3.15e-25	1.00e-16	5.65e-09	9.93e-01	6.91e-03	0.00e+00
 1.89645e+12	1.55e-44	2.40e-34	3.96e-25	1.17e-16	6.11e-09	9.94e-01	6.39e-03	0.00e+00
 2.00224e+12	0.00e+00	3.35e-34	5.09e-25	1.39e-16	6.65e-09	9.94e-01	5.86e-03	0.00e+00
 2.10798e+12	3.49e-44	4.62e-34	6.49e-25	1.63e-16	7.23e-09	9.95e-01	5.39e-03	0.00e+00
 2.21794e+12	0.00e+00	6.36e-34	8.26e-25	1.92e-16	7.85e-09	9.95e-01	4.96e-03	0.00e+00
 2.33659e+12	7.92e-44	8.90e-34	1.06e-24	2.28e-16	8.56e-09	9.95e-01	4.55e-03	0.00e+00
 2.44782e+12	0.00e+00	1.20e-33	1.34e-24	2.66e-16	9.26e-09	9.96e-01	4.21e-03	0.00e+00
 2.54705e+12	1.60e-43	1.56e-33	1.63e-24	3.04e-16	9.91e-09	9.96e-01	3.93e-03	0.00e+00
 2.65855e+12	0.00e+00	2.08e-33	2.03e-24	3.53e-16	1.07e-08	9.96e-01	3.65e-03	0.00e+00
 2.79096e+12	3.44e-43	2.89e-33	2.60e-24	4.17e-16	1.16e-08	9.97e-01	3.35e-03	0.00e+00
 2.92352e+12	0.00e+00	3.97e-33	3.30e-24	4.92e-16	1.26e-08	9.97e-01	3.08e-03	0.00e+00
 3.04722e+12	7.29e-43	5.28e-33	4.11e-24	5.70e-16	1.36e-08	9.97e-01	2.86e-03	0.00e+00
 3.18489e+12	0.00e+00	7.19e-33	5.19e-24	6.68e-16	1.48e-08	9.97e-01	2.64e-03	0.00e+00
 3.34221e+12	1.63e-42	1.01e-32	6.71e-24	7.96e-16	1.61e-08	9.98e-01	2.42e-03	0.00e+00
 3.49733e+12	0.00e+00	1.40e-32	8.60e-24	9.43e-16	1.76e-08	9.98e-01	2.22e-03	0.00e+00
 3.64644e+12	3.55e-42	1.88e-32	1.08e-23	1.10e-15	1.91e-08	9.98e-01	2.05e-03	0.00e+00
 3.81001e+12	0.00e+00	2.58e-32	1.38e-23	1.30e-15	2.07e-08	9.98e-01	1.89e-03	0.00e+00
 3.99234e+12	8.06e-42	3.65e-32	1.79e-23	1.56e-15	2.27e-08	9.98e-01	1.72e-03	0.00e+00
 4.17585e+12	0.00e+00	5.08e-32	2.31e-23	1.85e-15	2.49e-08	9.98e-01	1.57e-03	0.00e+00
 4.36671e+12	1.84e-41	7.08e-32	2.97e-23	2.21e-15	2.72e-08	9.99e-01	1.44e-03	0.00e+00
 4.56433e+12	0.00e+00	9.87e-32	3.83e-23	2.63e-15	2.98e-08	9.99e-01	1.32e-03	0.00e+00
 4.75863e+12	4.09e-41	1.35e-31	4.88e-23	3.11e-15	3.24e-08	9.99e-01	1.21e-03	0.00e+00
 4.96767e+12	0.00e+00	1.87e-31	6.27e-23	3.70e-15	3.54e-08	9.99e-01	1.11e-03	0.00e+00
 5.19631e+12	9.35e-41	2.64e-31	8.16e-23	4.44e-15	3.90e-08	9.99e-01	1.01e-03	0.00e+00
 5.43409e+12	0.00e+00	3.71e-31	1.06e-22	5.33e-15	4.29e-08	9.99e-01	9.19e-04	0.00e+00
 5.68138e+12	2.18e-40	5.22e-31	1.38e-22	6.41e-15	4.72e-08	9.99e-01	8.36e-04	0.00e+00
 5.93856e+12	0.00e+00	7.34e-31	1.80e-22	7.71e-15	5.19e-08	9.99e-01	7.61e-04	0.00e+00
 6.17124e+12	4.77e-40	9.87e-31	2.27e-22	9.07e-15	5.65e-08	9.99e-01	7.00e-04	0.00e+00
 6.36523e+12	0.00e+00	1.25e-30	2.73e-22	1.03e-14	6.05e-08	9.99e-01	6.55e-04	0.00e+00
 6.57780e+12	8.74e-40	1.62e-30	3.33e-22	1.19e-14	6.51e-08	9.99e-01	6.09e-04	0.00e+00
 6.84687e+12	0.00e+00	2.20e-30	4.23e-22	1.41e-14	7.11e-08	9.99e-01	5.58e-04	0.00e+00
 7.12740e+12	1.87e-39	3.00e-30	5.39e-22	1.67e-14	7.79e-08	9.99e-01	5.11e-04	0.00e+00
 7.37607e+12	0.00e+00	3.91e-30	6.63e-22	1.94e-14	8.42e-08	1.00e+00	4.73e-04	0.00e+00
 7.60866e+12	3.46e-39	4.96e-30	8.00e-22	2.21e-14	9.03e-08	1.00e+00	4.42e-04	0.00e+00
 7.87437e+12	0.00e+00	6.46e-30	9.84e-22	2.56e-14	9.76e-08	1.00e+00	4.09e-04	0.00e+00
 8.20001e+12	6.96e-39	8.81e-30	1.26e-21	3.05e-14	1.07e-07	1.00e+00	3.73e-04	0.00e+00
 8.52401e+12	0.00e+00	1.18e-29	1.59e-21	3.61e-14	1.17e-07	1.00e+00	3.42e-04	0.00e+00
 8.80661e+12	1.35e-38	1.52e-29	1.93e-21	4.15e-14	1.26e-07	1.00e+00	3.18e-04	0.00e+00
 9.11493e+12	0.00e+00	1.97e-29	2.37e-21	4.82e-14	1.37e-07	1.00e+00	2.94e-04	0.00e+00
 9.48994e+12	2.68e-38	2.67e-29	3.01e-21	5.73e-14	1.50e-07	1.00e+00	2.69e-04	0.00e+00
 9.87218e+12	0.00e+00	3.60e-29	3.81e-21	6.79e-14	1.64e-07	1.00e+00	2.46e-04	0.00e+00
 1.02247e+13	5.29e-38	4.68e-29	4.69e-21	7.89e-14	1.78e-07	1.00e+00	2.27e-04	0.00e+00
 1.06179e+13	0.00e+00	6.20e-29	5.87e-21	9.27e-14	1.94e-07	1.00e+00	2.09e-04	0.00e+00
 1.10720e+13	1.08e-37	8.48e-29	7.51e-21	1.11e-13	2.13e-07	1.00e+00	1.90e-04	0.00e+00
 1.15180e+13	0.00e+00	1.14e-28	9.48e-21	1.31e-13	2.33e-07	1.00e+00	1.74e-04	0.00e+00
 1.19461e+13	2.14e-37	1.49e-28	1.17e-20	1.53e-13	2.54e-07	1.00e+00	1.60e-04	0.00e+00
 1.24181e+13	0.00e+00	1.98e-28	1.47e-20	1.80e-13	2.77e-07	1.00e+00	1.47e-04	0.00e+00
 1.29448e+13	4.39e-37	2.69e-28	1.88e-20	2.15e-13	3.04e-07	1.00e+00	1.34e-04	0.00e+00
 1.34242e+13	0.00e+00	3.51e-28	2.32e-20	2.50e-13	3.30e-07	1.00e+00	1.23e-04	0.00e+00
 1.38289e+13	7.90e-37	4.37e-28	2.75e-20	2.84e-13	3.53e-07	1.00e+00	1.16e-04	0.00e+00
 1.42744e+13	0.00e+00	5.51e-28	3.31e-20	3.24e-13	3.79e-07	1.00e+00	1.08e-04	0.00e+00
 1.47776e+13	1.42e-36	7.10e-28	4.05e-20	3.74e-13	4.10e-07	1.00e+00	9.98e-05	0.00e+00
 1.52597e+13	0.00e+00	8.99e-28	4.87e-20	4.28e-13	4.41e-07	1.00e+00	9.30e-05	0.00e+00
 1.57905e+13	2.56e-36	1.15e-27	5.94e-20	4.93e-13	4.75e-07	1.00e+00	8.63e-05	0.00e+00
 1.63803e+13	0.00e+00	1.51e-27	7.33e-20	5.74e-13	5.16e-07	1.00e+00	7.96e-05	0.00e+00
 1.69331e+13	4.76e-36	1.92e-27	8.88e-20	6.59e-13	5.55e-07	1.00e+00	7.40e-05	0.00e+00
 1.75384e+13	0.00e+00	2.48e-27	1.09e-19	7.62e-13	6.00e-07	1.00e+00	6.85e-05	0.00e+00
 1.82192e+13	9.12e-36	3.28e-27	1.35e-19	8.91e-13	6.53e-07	1.00e+00	6.31e-05	0.00e+00
 1.88699e+13	0.00e+00	4.24e-27	1.66e-19	1.03e-12	7.05e-07	1.00e+00	5.84e-05	0.00e+00
 1.94715e+13	1.65e-35	5.33e-27	1.98e-19	1.17e-12	7.56e-07	1.00e+00	5.46e-05	0.00e+00
 2.01377e+13	0.00e+00	6.82e-27	2.41e-19	1.34e-12	8.13e-07	1.00e+00	5.08e-05	0.00e+00
 2.08846e+13	3.07e-35	8.90e-27	2.97e-19	1.56e-12	8.81e-07	1.00e+00	4.69e-05	0.00e+00
 2.15906e+13	0.00e+00	1.14e-26	3.59e-19	1.79e-12	9.47e-07	1.00e+00	4.37e-05	0.00e+00
 2.23626e+13	5.66e-35	1.47e-26	4.40e-19	2.06e-12	1.02e-06	1.00e+00	4.05e-05	0.00e+00
 2.32168e+13	0.00e+00	1.93e-26	5.45e-19	2.41e-12	1.11e-06	1.00e+00	3.73e-05	0.00e+00
 2.40097e+13	1.07e-34	2.47e-26	6.61e-19	2.76e-12	1.19e-06	1.00e+00	3.47e-05	0.00e+00
 2.48724e+13	0.00e+00	3.21e-26	8.10e-19	3.18e-12	1.29e-06	1.00e+00	3.22e-05	0.00e+00
 2.58373e+13	2.06e-34	4.24e-26	1.01e-18	3.72e-12	1.40e-06	1.00e+00	2.97e-05	0.00e+00
 2.67477e+13	2.82e-34	5.48e-26	1.23e-18	4.28e-12	1.51e-06	1.00e+00	2.76e-05	0.00e+00
 2.77395e+13	3.92e-34	7.17e-26	1.52e-18	4.96e-12	1.63e-06	1.00e+00	2.55e-05	0.00e+00
 2.88454e+13	5.57e-34	9.56e-26	1.90e-18	5.81e-12	1.77e-06	1.00e+00	2.35e-05	0.00e+00
 2.98948e+13	7.71e-34	1.25e-25	2.34e-18	6.71e-12	1.91e-06	1.00e+00	2.18e-05	0.00e+00
 3.10197e+13	1.08e-33	1.64e-25	2.89e-18	7.80e-12	2.07e-06	1.00e+00	2.01e-05	0.00e+00
 3.22904e+13	1.55e-33	2.21e-25	3.64e-18	9.17e-12	2.25e-06	1.00e+00	1.85e-05	0.00e+00
 3.35455e+13	2.20e-33	2.93e-25	4.54e-18	1.07e-11	2.44e-06	1.00e+00	1.71e-05	0.00e+00
 3.48509e+13	3.12e-33	3.90e-25	5.67e-18	1.25e-11	2.65e-06	1.00e+00	1.58e-05	0.00e+00
 3.62748e+13	4.50e-33	5.26e-25	7.14e-18	1.47e-11	2.88e-06	1.00e+00	1.45e-05	0.00e+00
 3.77557e+13	6.51e-33	7.10e-25	9.01e-18	1.72e-11	3.14e-06	1.00e+00	1.33e-05	0.00e+00
 3.92959e+13	9.42e-33	9.59e-25	1.14e-17	2.02e-11	3.41e-06	1.00e+00	1.23e-05	0.00e+00
 4.08061e+13	1.34e-32	1.27e-24	1.41e-17	2.35e-11	3.69e-06	1.00e+00	1.13e-05	0.00e+00
 4.22091e+13	1.83e-32	1.64e-24	1.72e-17	2.70e-11	3.97e-06	1.00e+00	1.06e-05	0.00e+00
 4.37598e+13	2.56e-32	2.16e-24	2.12e-17	3.11e-11	4.27e-06	1.00e+00	9.80e-06	0.00e+00
 4.53532e+13	3.57e-32	2.83e-24	2.61e-17	3.59e-11	4.61e-06	1.00e+00	9.10e-06	0.00e+00
 4.66851e+13	4.69e-32	3.53e-24	3.10e-17	4.04e-11	4.89e-06	1.00e+00	8.57e-06	0.00e+00
 4.80909e+13	6.20e-32	4.42e-24	3.68e-17	4.54e-11	5.20e-06	1.00e+00	8.06e-06	0.00e+00
 4.98781e+13	8.74e-32	5.84e-24	4.56e-17	5.26e-11	5.61e-06	1.00e+00	7.48e-06	0.00e+00
 5.17446e+13	1.24e-31	7.73e-24	5.65e-17	6.09e-11	6.05e-06	1.00e+00	6.94e-06	0.00e+00
 5.33986e+13	1.67e-31	9.85e-24	6.79e-17	6.91e-11	6.45e-06	1.00e+00	6.51e-06	0.00e+00
 5.51930e+13	2.29e-31	1.27e-23	8.24e-17	7.88e-11	6.90e-06	1.00e+00	6.08e-06	0.00e+00
 5.71952e+13	3.21e-31	1.67e-23	1.02e-16	9.09e-11	7.43e-06	1.00e+00	5.65e-06	0.00e+00
 5.90696e+13	4.37e-31	2.14e-23	1.23e-16	1.03e-10	7.93e-06	1.00e+00	5.29e-06	0.00e+00
 6.11087e+13	6.05e-31	2.79e-23	1.50e-16	1.18e-10	8.50e-06	1.00e+00	4.94e-06	0.00e+00
 6.33789e+13	8.58e-31	3.69e-23	1.86e-16	1.37e-10	9.16e-06	1.00e+00	4.59e-06	0.00e+00
 6.54994e+13	1.18e-30	4.77e-23	2.25e-16	1.56e-10	9.79e-06	1.00e+00	4.29e-06	0.00e+00
 6.78059e+13	1.65e-30	6.24e-23	2.76e-16	1.79e-10	1.05e-05	1.00e+00	4.00e-06	0.00e+00
 7.03828e+13	2.36e-30	8.34e-23	3.44e-16	2.08e-10	1.13e-05	1.00e+00	3.71e-06	0.00e+00
 7.28062e+13	3.28e-30	1.09e-22	4.21e-16	2.38e-10	1.21e-05	1.00e+00	3.47e-06	0.00e+00
 7.54505e+13	4.65e-30	1.44e-22	5.19e-16	2.74e-10	1.30e-05	1.00e+00	3.23e-06	0.00e+00
 7.84070e+13	6.75e-30	1.94e-22	6.52e-16	3.19e-10	1.41e-05	1.00e+00	2.99e-06	0.00e+00
 8.11995e+13	9.50e-30	2.55e-22	8.02e-16	3.67e-10	1.51e-05	1.00e+00	2.78e-06	0.00e+00
 8.41951e+13	1.36e-29	3.39e-22	9.94e-16	4.24e-10	1.62e-05	1.00e+00	2.59e-06	0.00e+00
 8.75929e+13	1.99e-29	4.63e-22	1.26e-15	4.96e-10	1.76e-05	1.00e+00	2.39e-06	0.00e+00
 9.09292e+13	2.88e-29	6.21e-22	1.57e-15	5.76e-10	1.90e-05	1.00e+00	2.22e-06	0.00e+00
 9.43990e+13	4.16e-29	8.34e-22	1.96e-15	6.68e-10	2.04e-05	1.00e+00	2.06e-06	0.00e+00
 9.82049e+13	6.12e-29	1.14e-21	2.47e-15	7.82e-10	2.21e-05	1.00e+00	1.90e-06	0.00e+00
 1.02063e+14	8.93e-29	1.54e-21	3.11e-15	9.12e-10	2.39e-05	1.00e+00	1.76e-06	0.00e+00
 1.06074e+14	1.30e-28	2.09e-21	3.91e-15	1.06e-09	2.58e-05	1.00e+00	1.63e-06	0.00e+00
 1.10100e+14	1.88e-28	2.80e-21	4.88e-15	1.23e-09	2.78e-05	1.00e+00	1.51e-06	0.00e+00
 1.13904e+14	2.62e-28	3.66e-21	5.97e-15	1.41e-09	2.98e-05	1.00e+00	1.41e-06	0.00e+00
 1.18108e+14	3.74e-28	4.86e-21	7.40e-15	1.63e-09	3.20e-05	1.00e+00	1.31e-06	0.00e+00
 1.22318e+14	5.27e-28	6.40e-21	9.11e-15	1.88e-09	3.44e-05	1.00e+00	1.22e-06	0.00e+00
 1.25799e+14	6.94e-28	7.98e-21	1.08e-14	2.10e-09	3.64e-05	1.00e+00	1.16e-06	0.00e+00
 1.29482e+14	9.20e-28	1.00e-20	1.28e-14	2.35e-09	3.86e-05	1.00e+00	1.09e-06	0.00e+00
 1.34210e+14	1.30e-27	1.33e-20	1.58e-14	2.72e-09	4.15e-05	1.00e+00	1.01e-06	0.00e+00
 1.39183e+14	1.86e-27	1.76e-20	1.96e-14	3.14e-09	4.47e-05	1.00e+00	9.42e-07	0.00e+00
 1.43565e+14	2.52e-27	2.25e-20	2.36e-14	3.56e-09	4.76e-05	1.00e+00	0.00e+00	0.00e+00
 1.48291e+14	3.45e-27	2.90e-20	2.85e-14	4.05e-09	5.08e-05	1.00e+00	0.00e+00	0.00e+00
 1.53996e+14	4.97e-27	3.89e-20	3.57e-14	4.71e-09	5.49e-05	1.00e+00	0.00e+00	0.00e+00
 1.59790e+14	7.11e-27	5.19e-20	4.44e-14	5.46e-09	5.92e-05	1.00e+00	0.00e+00	0.00e+00
 1.65192e+14	9.81e-27	6.73e-20	5.41e-14	6.24e-09	6.33e-05	1.00e+00	0.00e+00	0.00e+00
 1.71205e+14	1.39e-26	8.89e-20	6.69e-14	7.20e-09	6.81e-05	1.00e+00	0.00e+00	0.00e+00
 1.77615e+14	1.98e-26	1.18e-19	8.32e-14	8.35e-09	7.35e-05	1.00e+00	0.00e+00	0.00e+00
 1.83314e+14	2.68e-26	1.51e-19	1.00e-13	9.48e-09	7.84e-05	1.00e+00	0.00e+00	0.00e+00
 1.89432e+14	3.68e-26	1.96e-19	1.22e-13	1.08e-08	8.39e-05	1.00e+00	0.00e+00	0.00e+00
 1.96763e+14	5.31e-26	2.63e-19	1.53e-13	1.26e-08	9.07e-05	1.00e+00	0.00e+00	0.00e+00
 2.03972e+14	7.50e-26	3.47e-19	1.89e-13	1.46e-08	9.77e-05	1.00e+00	0.00e+00	0.00e+00
 2.10383e+14	1.01e-25	4.42e-19	2.27e-13	1.65e-08	1.04e-04	1.00e+00	0.00e+00	0.00e+00
 2.17455e+14	1.39e-25	5.71e-19	2.76e-13	1.88e-08	1.11e-04	1.00e+00	0.00e+00	0.00e+00
 2.25896e+14	2.00e-25	7.67e-19	3.46e-13	2.19e-08	1.21e-04	1.00e+00	0.00e+00	0.00e+00
 2.34277e+14	2.84e-25	1.02e-18	4.29e-13	2.54e-08	1.30e-04	1.00e+00	0.00e+00	0.00e+00
 2.41922e+14	3.87e-25	1.31e-18	5.19e-13	2.89e-08	1.39e-04	1.00e+00	0.00e+00	0.00e+00
 2.50449e+14	5.39e-25	1.71e-18	6.37e-13	3.32e-08	1.49e-04	1.00e+00	0.00e+00	0.00e+00
 2.60389e+14	7.83e-25	2.31e-18	8.02e-13	3.89e-08	1.62e-04	1.00e+00	0.00e+00	0.00e+00
 2.70160e+14	1.12e-24	3.08e-18	9.98e-13	4.51e-08	1.74e-04	1.00e+00	0.00e+00	0.00e+00
 2.79376e+14	1.54e-24	3.99e-18	1.22e-12	5.15e-08	1.87e-04	1.00e+00	0.00e+00	0.00e+00
 2.89636e+14	2.18e-24	5.28e-18	1.51e-12	5.96e-08	2.01e-04	1.00e+00	0.00e+00	0.00e+00
 3.01252e+14	3.17e-24	7.16e-18	1.90e-12	6.98e-08	2.18e-04	1.00e+00	0.00e+00	0.00e+00
 3.12867e+14	4.58e-24	9.62e-18	2.38e-12	8.12e-08	2.36e-04	1.00e+00	0.00e+00	0.00e+00
 3.23750e+14	6.36e-24	1.25e-17	2.91e-12	9.32e-08	2.53e-04	1.00e+00	0.00e+00	0.00e+00
 3.35532e+14	8.98e-24	1.66e-17	3.60e-12	1.08e-07	2.73e-04	1.00e+00	0.00e+00	0.00e+00
 3.48708e+14	1.30e-23	2.24e-17	4.52e-12	1.26e-07	2.95e-04	1.00e+00	0.00e+00	0.00e+00
 3.61018e+14	1.82e-23	2.93e-17	5.56e-12	1.44e-07	3.17e-04	1.00e+00	0.00e+00	0.00e+00
 3.72420e+14	2.46e-23	3.74e-17	6.68e-12	1.63e-07	3.37e-04	1.00e+00	0.00e+00	0.00e+00
 3.83411e+14	3.26e-23	4.69e-17	7.94e-12	1.84e-07	3.58e-04	1.00e+00	0.00e+00	0.00e+00
 3.95638e+14	4.42e-23	5.99e-17	9.56e-12	2.08e-07	3.82e-04	1.00e+00	0.00e+00	0.00e+00
 4.09164e+14	6.13e-23	7.79e-17	1.17e-11	2.38e-07	4.09e-04	1.00e+00	0.00e+00	0.00e+00
 4.21753e+14	8.22e-23	9.87e-17	1.40e-11	2.69e-07	4.35e-04	1.00e+00	0.00e+00	0.00e+00
 4.35493e+14	1.12e-22	1.27e-16	1.69e-11	3.06e-07	4.64e-04	1.00e+00	0.00e+00	0.00e+00
 4.50966e+14	1.57e-22	1.67e-16	2.08e-11	3.52e-07	4.99e-04	1.00e+00	0.00e+00	0.00e+00
 4.65704e+14	2.15e-22	2.14e-16	2.52e-11	4.00e-07	5.32e-04	9.99e-01	0.00e+00	0.00e+00
 4.81876e+14	3.00e-22	2.80e-16	3.08e-11	4.59e-07	5.71e-04	9.99e-01	0.00e+00	0.00e+00
 4.99692e+14	4.28e-22	3.72e-16	3.82e-11	5.30e-07	6.15e-04	9.99e-01	0.00e+00	0.00e+00
 5.16062e+14	5.83e-22	4.78e-16	4.63e-11	6.03e-07	6.57e-04	9.99e-01	0.00e+00	0.00e+00
 5.33760e+14	8.13e-22	6.24e-16	5.66e-11	6.90e-07	7.03e-04	9.99e-01	0.00e+00	0.00e+00
 5.53580e+14	1.15e-21	8.29e-16	7.02e-11	7.99e-07	7.58e-04	9.99e-01	0.00e+00	0.00e+00
 5.72248e+14	1.60e-21	1.08e-15	8.55e-11	9.12e-07	8.10e-04	9.99e-01	0.00e+00	0.00e+00
 5.92607e+14	2.24e-21	1.41e-15	1.05e-10	1.05e-06	8.70e-04	9.99e-01	0.00e+00	0.00e+00
 6.15219e+14	3.21e-21	1.89e-15	1.31e-10	1.22e-06	9.40e-04	9.99e-01	0.00e+00	0.00e+00
 6.36303e+14	4.45e-21	2.46e-15	1.60e-10	1.39e-06	1.01e-03	9.99e-01	0.00e+00	0.00e+00
 6.59223e+14	6.26e-21	3.24e-15	1.98e-10	1.61e-06	1.08e-03	9.99e-01	0.00e+00	0.00e+00
 6.84886e+14	9.03e-21	4.36e-15	2.48e-10	1.87e-06	1.17e-03	9.99e-01	0.00e+00	0.00e+00
 7.09208e+14	1.26e-20	5.71e-15	3.04e-10	2.15e-06	1.26e-03	9.99e-01	0.00e+00	0.00e+00
 7.35237e+14	1.78e-20	7.54e-15	3.77e-10	2.49e-06	1.36e-03	9.99e-01	0.00e+00	0.00e+00
 7.64677e+14	2.59e-20	1.02e-14	4.75e-10	2.91e-06	1.47e-03	9.99e-01	0.00e+00	0.00e+00
 7.93635e+14	3.68e-20	1.36e-14	5.91e-10	3.38e-06	1.59e-03	9.98e-01	0.00e+00	0.00e+00
 8.23751e+14	5.22e-20	1.80e-14	7.36e-10	3.93e-06	1.72e-03	9.98e-01	0.00e+00	0.00e+00
 8.56731e+14	7.53e-20	2.43e-14	9.27e-10	4.60e-06	1.87e-03	9.98e-01	0.00e+00	0.00e+00
 8.89273e+14	1.07e-19	3.23e-14	1.15e-09	5.35e-06	2.02e-03	9.98e-01	0.00e+00	0.00e+00
 9.16283e+14	1.41e-19	4.05e-14	1.38e-09	6.03e-06	2.15e-03	9.98e-01	0.00e+00	0.00e+00
 9.38090e+14	1.75e-19	4.84e-14	1.58e-09	6.63e-06	2.26e-03	9.98e-01	0.00e+00	0.00e+00
 9.62295e+14	2.20e-19	5.85e-14	1.83e-09	7.35e-06	2.39e-03	9.98e-01	0.00e+00	0.00e+00
 9.93763e+14	2.95e-19	7.44e-14	2.21e-09	8.37e-06	2.56e-03	9.97e-01	0.00e+00	0.00e+00
 1.02750e+15	4.00e-19	9.54e-14	2.69e-09	9.58e-06	2.75e-03	9.97e-01	0.00e+00	0.00e+00
 1.05744e+15	5.17e-19	1.18e-13	3.17e-09	1.08e-05	2.93e-03	9.97e-01	0.00e+00	0.00e+00
 1.08959e+15	6.76e-19	1.47e-13	3.78e-09	1.21e-05	3.13e-03	9.97e-01	0.00e+00	0.00e+00
 1.12993e+15	9.34e-19	1.92e-13	4.67e-09	1.41e-05	3.38e-03	9.97e-01	0.00e+00	0.00e+00
 1.17088e+15	1.28e-18	2.50e-13	5.74e-09	1.62e-05	3.66e-03	9.96e-01	0.00e+00	0.00e+00
 1.20629e+15	1.66e-18	3.10e-13	6.83e-09	1.83e-05	3.91e-03	9.96e-01	0.00e+00	0.00e+00
 1.24456e+15	2.17e-18	3.88e-13	8.17e-09	2.08e-05	4.19e-03	9.96e-01	0.00e+00	0.00e+00
 1.29154e+15	3.00e-18	5.08e-13	1.01e-08	2.41e-05	4.55e-03	9.95e-01	0.00e+00	0.00e+00
 1.33908e+15	4.09e-18	6.59e-13	1.25e-08	2.79e-05	4.93e-03	9.95e-01	0.00e+00	0.00e+00
 1.38136e+15	5.33e-18	8.23e-13	1.50e-08	3.17e-05	5.29e-03	9.95e-01	0.00e+00	0.00e+00
 1.42753e+15	7.05e-18	1.04e-12	1.81e-08	3.61e-05	5.69e-03	9.94e-01	0.00e+00	0.00e+00
 1.48271e+15	9.72e-18	1.36e-12	2.25e-08	4.21e-05	6.20e-03	9.94e-01	0.00e+00	0.00e+00
 1.53729e+15	1.32e-17	1.76e-12	2.78e-08	4.88e-05	6.73e-03	9.93e-01	0.00e+00	0.00e+00
 1.58656e+15	1.72e-17	2.20e-12	3.33e-08	5.54e-05	7.23e-03	9.93e-01	0.00e+00	0.00e+00
 1.64125e+15	2.28e-17	2.80e-12	4.05e-08	6.35e-05	7.80e-03	9.92e-01	0.00e+00	0.00e+00
 1.70561e+15	3.14e-17	3.68e-12	5.07e-08	7.41e-05	8.52e-03	9.91e-01	0.00e+00	0.00e+00
 1.76909e+15	4.26e-17	4.77e-12	6.27e-08	8.59e-05	9.26e-03	9.91e-01	0.00e+00	0.00e+00
 1.82800e+15	5.60e-17	6.01e-12	7.58e-08	9.80e-05	9.97e-03	9.90e-01	0.00e+00	0.00e+00
 1.89406e+15	7.52e-17	7.73e-12	9.33e-08	1.13e-04	1.08e-02	9.89e-01	0.00e+00	0.00e+00
 1.96985e+15	1.04e-16	1.02e-11	1.17e-07	1.32e-04	1.18e-02	9.88e-01	0.00e+00	0.00e+00
 2.04442e+15	1.65e-16	1.33e-11	1.46e-07	1.54e-04	1.29e-02	9.87e-01	0.00e+00	0.00e+00
 2.12198e+15	2.27e-16	1.73e-11	1.81e-07	1.79e-04	1.40e-02	9.86e-01	0.00e+00	0.00e+00
 2.19265e+15	2.99e-16	2.18e-11	2.20e-07	2.04e-04	1.51e-02	9.85e-01	0.00e+00	0.00e+00
 2.24534e+15	3.65e-16	2.59e-11	2.53e-07	2.24e-04	1.59e-02	9.84e-01	0.00e+00	0.00e+00
 2.29973e+15	4.47e-16	3.07e-11	2.91e-07	2.46e-04	1.68e-02	9.83e-01	0.00e+00	0.00e+00
 2.37044e+15	5.78e-16	3.82e-11	3.48e-07	2.78e-04	1.80e-02	9.82e-01	0.00e+00	0.00e+00
 2.44727e+15	7.58e-16	4.80e-11	4.21e-07	3.16e-04	1.94e-02	9.80e-01	0.00e+00	0.00e+00
 2.51678e+15	9.59e-16	5.86e-11	4.96e-07	3.54e-04	2.06e-02	9.79e-01	0.00e+00	0.00e+00
 2.59188e+15	1.23e-15	7.25e-11	5.91e-07	3.98e-04	2.20e-02	9.78e-01	0.00e+00	0.00e+00
 2.68702e+15	1.68e-15	9.43e-11	7.33e-07	4.61e-04	2.39e-02	9.76e-01	0.00e+00	0.00e+00
 2.78263e+15	2.27e-15	1.22e-10	9.03e-07	5.30e-04	2.59e-02	9.74e-01	0.00e+00	0.00e+00
 2.86284e+15	2.89e-15	1.49e-10	1.07e-06	5.93e-04	2.76e-02	9.72e-01	0.00e+00	0.00e+00
 2.94861e+15	3.73e-15	1.85e-10	1.28e-06	6.68e-04	2.94e-02	9.70e-01	0.00e+00	0.00e+00
 3.05705e+15	5.09e-15	2.42e-10	1.59e-06	7.73e-04	3.19e-02	9.67e-01	0.00e+00	0.00e+00
 3.17111e+15	6.99e-15	3.17e-10	1.98e-06	8.95e-04	3.46e-02	9.64e-01	0.00e+00	0.00e+00
 3.27391e+15	9.19e-15	4.00e-10	2.40e-06	1.02e-03	3.72e-02	9.62e-01	0.00e+00	0.00e+00
 3.38590e+15	1.23e-14	5.13e-10	2.94e-06	1.16e-03	4.01e-02	9.59e-01	0.00e+00	0.00e+00
 3.51819e+15	1.73e-14	6.84e-10	3.71e-06	1.36e-03	4.36e-02	9.55e-01	0.00e+00	0.00e+00
 3.64763e+15	2.37e-14	8.95e-10	4.62e-06	1.57e-03	4.72e-02	9.51e-01	0.00e+00	0.00e+00
 3.76550e+15	3.14e-14	1.14e-09	5.60e-06	1.78e-03	5.07e-02	9.48e-01	0.00e+00	0.00e+00
 3.89760e+15	4.25e-14	1.47e-09	6.90e-06	2.05e-03	5.46e-02	9.43e-01	0.00e+00	0.00e+00
 4.05172e+15	6.01e-14	1.97e-09	8.75e-06	2.40e-03	5.95e-02	9.38e-01	0.00e+00	0.00e+00
 4.20293e+15	8.28e-14	2.59e-09	1.09e-05	2.77e-03	6.44e-02	9.33e-01	0.00e+00	0.00e+00
 4.34543e+15	1.11e-13	3.33e-09	1.34e-05	3.17e-03	6.92e-02	9.28e-01	0.00e+00	0.00e+00
 4.50452e+15	1.54e-13	4.38e-09	1.67e-05	3.66e-03	7.47e-02	9.22e-01	0.00e+00	0.00e+00
 4.65590e+15	2.06e-13	5.61e-09	2.04e-05	4.18e-03	8.02e-02	9.16e-01	0.00e+00	0.00e+00
 4.76859e+15	2.54e-13	6.72e-09	2.36e-05	4.60e-03	8.44e-02	9.11e-01	0.00e+00	0.00e+00
 4.88278e+15	3.14e-13	8.05e-09	2.73e-05	5.06e-03	8.88e-02	9.06e-01	0.00e+00	0.00e+00
 5.03124e+15	4.11e-13	1.01e-08	3.27e-05	5.70e-03	9.45e-02	9.00e-01	0.00e+00	0.00e+00
 5.19233e+15	5.43e-13	1.28e-08	3.97e-05	6.47e-03	1.01e-01	8.92e-01	0.00e+00	0.00e+00
 5.33711e+15	6.95e-13	1.58e-08	4.69e-05	7.22e-03	1.07e-01	8.86e-01	0.00e+00	0.00e+00
 5.49258e+15	9.04e-13	1.97e-08	5.60e-05	8.10e-03	1.14e-01	8.78e-01	0.00e+00	0.00e+00
 5.69208e+15	1.26e-12	2.60e-08	6.98e-05	9.35e-03	1.22e-01	8.68e-01	0.00e+00	0.00e+00
 5.89307e+15	1.71e-12	3.38e-08	8.62e-05	1.07e-02	1.31e-01	8.58e-01	0.00e+00	0.00e+00
 6.05816e+15	2.20e-12	4.18e-08	1.02e-04	1.20e-02	1.39e-01	8.49e-01	0.00e+00	0.00e+00
 6.23235e+15	2.86e-12	5.21e-08	1.21e-04	1.34e-02	1.47e-01	8.39e-01	0.00e+00	0.00e+00
 6.45743e+15	3.96e-12	6.84e-08	1.51e-04	1.54e-02	1.58e-01	8.27e-01	0.00e+00	0.00e+00
 6.69266e+15	5.47e-12	9.00e-08	1.87e-04	1.78e-02	1.69e-01	8.13e-01	0.00e+00	0.00e+00
 6.89602e+15	7.19e-12	1.13e-07	2.25e-04	2.00e-02	1.79e-01	8.00e-01	0.00e+00	0.00e+00
 7.11397e+15	9.59e-12	1.44e-07	2.72e-04	2.26e-02	1.90e-01	7.87e-01	0.00e+00	0.00e+00
 7.38193e+15	1.35e-11	1.92e-07	3.41e-04	2.61e-02	2.04e-01	7.69e-01	0.00e+00	0.00e+00
 7.64693e+15	1.85e-11	2.51e-07	4.22e-04	2.99e-02	2.18e-01	7.52e-01	0.00e+00	0.00e+00
 7.87433e+15	2.42e-11	3.14e-07	5.04e-04	3.36e-02	2.30e-01	7.36e-01	0.00e+00	0.00e+00
 8.12080e+15	3.22e-11	4.00e-07	6.08e-04	3.78e-02	2.43e-01	7.19e-01	0.00e+00	0.00e+00
 8.39456e+15	4.34e-11	5.14e-07	7.42e-04	4.29e-02	2.57e-01	6.99e-01	0.00e+00	0.00e+00
 8.65116e+15	5.70e-11	6.46e-07	8.90e-04	4.81e-02	2.71e-01	6.80e-01	0.00e+00	0.00e+00
 8.87464e+15	7.18e-11	7.84e-07	1.04e-03	5.30e-02	2.82e-01	6.64e-01	0.00e+00	0.00e+00
 9.10774e+15	9.12e-11	9.57e-07	1.21e-03	5.85e-02	2.94e-01	6.46e-01	0.00e+00	0.00e+00
 9.36418e+15	1.17e-10	1.18e-06	1.43e-03	6.50e-02	3.07e-01	6.26e-01	0.00e+00	0.00e+00
 9.60354e+15	1.47e-10	1.43e-06	1.67e-03	7.14e-02	3.19e-01	6.08e-01	0.00e+00	0.00e+00
 9.86726e+15	1.89e-10	1.76e-06	1.97e-03	7.90e-02	3.32e-01	5.87e-01	0.00e+00	0.00e+00
 1.01529e+16	2.45e-10	2.19e-06	2.34e-03	8.78e-02	3.45e-01	5.64e-01	0.00e+00	0.00e+00
 1.04152e+16	3.08e-10	2.65e-06	2.72e-03	9.63e-02	3.57e-01	5.44e-01	0.00e+00	0.00e+00
 1.07044e+16	3.98e-10	3.28e-06	3.21e-03	1.06e-01	3.70e-01	5.21e-01	0.00e+00	0.00e+00
 1.10199e+16	5.17e-10	4.08e-06	3.83e-03	1.18e-01	3.83e-01	4.95e-01	0.00e+00	0.00e+00
 1.13132e+16	6.54e-10	4.97e-06	4.47e-03	1.30e-01	3.93e-01	4.72e-01	0.00e+00	0.00e+00
 1.16382e+16	8.55e-10	6.20e-06	5.32e-03	1.43e-01	4.05e-01	4.46e-01	0.00e+00	0.00e+00
 1.19789e+16	1.11e-09	7.71e-06	6.33e-03	1.59e-01	4.16e-01	4.19e-01	0.00e+00	0.00e+00
 1.22689e+16	1.37e-09	9.22e-06	7.31e-03	1.72e-01	4.23e-01	3.97e-01	0.00e+00	0.00e+00
 1.25746e+16	1.74e-09	1.12e-05	8.51e-03	1.87e-01	4.31e-01	3.73e-01	0.00e+00	0.00e+00
 1.29133e+16	2.23e-09	1.38e-05	1.00e-02	2.05e-01	4.37e-01	3.48e-01	0.00e+00	0.00e+00
 1.32245e+16	2.78e-09	1.65e-05	1.16e-02	2.22e-01	4.42e-01	3.25e-01	0.00e+00	0.00e+00
 1.35130e+16	3.42e-09	1.96e-05	1.33e-02	2.38e-01	4.45e-01	3.04e-01	0.00e+00	0.00e+00
 1.38423e+16	4.35e-09	2.38e-05	1.55e-02	2.58e-01	4.46e-01	2.80e-01	0.00e+00	0.00e+00
 1.41796e+16	5.49e-09	2.89e-05	1.80e-02	2.79e-01	4.46e-01	2.57e-01	0.00e+00	0.00e+00
 1.44527e+16	6.59e-09	3.36e-05	2.03e-02	2.96e-01	4.45e-01	2.39e-01	0.00e+00	0.00e+00
 1.47330e+16	8.12e-09	3.97e-05	2.31e-02	3.14e-01	4.42e-01	2.21e-01	0.00e+00	0.00e+00
 1.50378e+16	9.96e-09	4.70e-05	2.64e-02	3.34e-01	4.37e-01	2.02e-01	0.00e+00	0.00e+00
 1.53121e+16	1.21e-08	5.50e-05	2.98e-02	3.53e-01	4.32e-01	1.85e-01	0.00e+00	0.00e+00
 1.55610e+16	1.44e-08	6.35e-05	3.33e-02	3.70e-01	4.26e-01	1.71e-01	0.00e+00	0.00e+00
 1.58393e+16	1.77e-08	7.47e-05	3.77e-02	3.90e-01	4.17e-01	1.55e-01	0.00e+00	0.00e+00
 1.61365e+16	2.21e-08	8.92e-05	4.31e-02	4.12e-01	4.06e-01	1.39e-01	0.00e+00	0.00e+00
 1.63900e+16	2.62e-08	1.03e-04	4.81e-02	4.30e-01	3.96e-01	1.26e-01	0.00e+00	0.00e+00
 1.66153e+16	3.11e-08	1.18e-04	5.33e-02	4.46e-01	3.86e-01	1.15e-01	0.00e+00	0.00e+00
 1.68722e+16	3.87e-08	1.39e-04	6.02e-02	4.66e-01	3.72e-01	1.02e-01	0.00e+00	0.00e+00
 1.71390e+16	4.69e-08	1.63e-04	6.79e-02	4.84e-01	3.57e-01	9.04e-02	0.00e+00	0.00e+00
 1.73631e+16	5.62e-08	1.87e-04	7.54e-02	5.00e-01	3.43e-01	8.08e-02	0.00e+00	0.00e+00
 1.75623e+16	6.70e-08	2.15e-04	8.30e-02	5.14e-01	3.30e-01	7.25e-02	0.00e+00	0.00e+00
 1.77849e+16	8.08e-08	2.49e-04	9.25e-02	5.30e-01	3.14e-01	6.37e-02	0.00e+00	0.00e+00
 1.80189e+16	9.90e-08	2.91e-04	1.04e-01	5.45e-01	2.96e-01	5.52e-02	0.00e+00	0.00e+00
 1.82123e+16	1.14e-07	3.27e-04	1.14e-01	5.57e-01	2.80e-01	4.87e-02	0.00e+00	0.00e+00
 1.83782e+16	1.40e-07	3.80e-04	1.24e-01	5.67e-01	2.65e-01	4.28e-02	0.00e+00	0.00e+00
 1.85342e+16	1.56e-07	4.15e-04	1.34e-01	5.76e-01	2.51e-01	3.82e-02	0.00e+00	0.00e+00
 1.87074e+16	1.85e-07	4.74e-04	1.46e-01	5.85e-01	2.35e-01	3.30e-02	0.00e+00	0.00e+00
 1.88895e+16	2.36e-07	5.66e-04	1.62e-01	5.94e-01	2.16e-01	2.76e-02	0.00e+00	0.00e+00
 1.90316e+16	2.70e-07	6.28e-04	1.74e-01	5.99e-01	2.02e-01	2.40e-02	0.00e+00	0.00e+00
 1.91463e+16	3.00e-07	6.82e-04	1.85e-01	6.04e-01	1.90e-01	2.12e-02	0.00e+00	0.00e+00
 1.92775e+16	3.48e-07	7.63e-04	1.98e-01	6.08e-01	1.75e-01	1.81e-02	0.00e+00	0.00e+00
 1.94187e+16	4.11e-07	8.63e-04	2.14e-01	6.11e-01	1.59e-01	1.51e-02	0.00e+00	0.00e+00
 1.95240e+16	4.93e-07	9.81e-04	2.27e-01	6.12e-01	1.47e-01	1.28e-02	0.00e+00	0.00e+00
 1.95847e+16	5.30e-07	1.03e-03	2.35e-01	6.12e-01	1.40e-01	1.17e-02	0.00e+00	0.00e+00
 1.96363e+16	5.66e-07	1.09e-03	2.41e-01	6.13e-01	1.34e-01	1.07e-02	0.00e+00	0.00e+00
 1.97033e+16	6.21e-07	1.16e-03	2.51e-01	6.13e-01	1.26e-01	9.53e-03	0.00e+00	0.00e+00
 1.97904e+16	7.02e-07	1.27e-03	2.63e-01	6.12e-01	1.16e-01	8.09e-03	0.00e+00	0.00e+00
 1.98768e+16	7.90e-07	1.39e-03	2.75e-01	6.11e-01	1.06e-01	6.83e-03	0.00e+00	0.00e+00
 1.99423e+16	8.71e-07	1.49e-03	2.85e-01	6.10e-01	9.81e-02	5.92e-03	0.00e+00	0.00e+00
 1.99979e+16	9.22e-07	1.55e-03	2.93e-01	6.09e-01	9.18e-02	5.25e-03	0.00e+00	0.00e+00
 2.00602e+16	1.01e-06	1.66e-03	3.02e-01	6.07e-01	8.46e-02	4.50e-03	0.00e+00	0.00e+00
 2.01299e+16	1.15e-06	1.82e-03	3.14e-01	6.04e-01	7.66e-02	3.73e-03	0.00e+00	0.00e+00
 2.01904e+16	1.26e-06	1.94e-03	3.23e-01	6.02e-01	7.02e-02	3.17e-03	0.00e+00	0.00e+00
 2.02506e+16	1.39e-06	2.08e-03	3.33e-01	5.98e-01	6.36e-02	2.64e-03	0.00e+00	0.00e+00
 2.03170e+16	1.55e-06	2.24e-03	3.44e-01	5.95e-01	5.69e-02	2.14e-03	0.00e+00	0.00e+00
 2.03791e+16	1.70e-06	2.40e-03	3.54e-01	5.91e-01	5.10e-02	1.75e-03	0.00e+00	0.00e+00
 2.04473e+16	1.91e-06	2.60e-03	3.65e-01	5.86e-01	4.47e-02	1.37e-03	0.00e+00	0.00e+00
 2.05201e+16	2.13e-06	2.81e-03	3.77e-01	5.81e-01	3.87e-02	1.05e-03	0.00e+00	0.00e+00
 2.05850e+16	2.36e-06	3.02e-03	3.87e-01	5.75e-01	3.38e-02	8.14e-04	0.00e+00	0.00e+00
 2.06553e+16	2.64e-06	3.27e-03	3.98e-01	5.69e-01	2.89e-02	6.08e-04	0.00e+00	0.00e+00
 2.07342e+16	2.98e-06	3.55e-03	4.10e-01	5.62e-01	2.42e-02	4.37e-04	0.00e+00	0.00e+00
 2.08114e+16	3.35e-06	3.85e-03	4.21e-01	5.55e-01	2.02e-02	3.12e-04	0.00e+00	0.00e+00
 2.08991e+16	3.82e-06	4.22e-03	4.33e-01	5.46e-01	1.63e-02	2.10e-04	0.00e+00	0.00e+00
 2.10130e+16	4.51e-06	4.73e-03	4.49e-01	5.34e-01	1.24e-02	1.24e-04	0.00e+00	0.00e+00
 2.11347e+16	5.34e-06	5.31e-03	4.64e-01	5.21e-01	9.25e-03	7.18e-05	0.00e+00	0.00e+00
 2.12485e+16	6.24e-06	5.90e-03	4.78e-01	5.09e-01	7.05e-03	4.28e-05	0.00e+00	0.00e+00
 2.13785e+16	7.41e-06	6.63e-03	4.94e-01	4.94e-01	5.19e-03	2.38e-05	0.00e+00	0.00e+00
 2.15475e+16	9.24e-06	7.69e-03	5.13e-01	4.75e-01	3.53e-03	1.13e-05	0.00e+00	0.00e+00
 2.16946e+16	1.12e-05	8.77e-03	5.30e-01	4.58e-01	2.60e-03	6.27e-06	0.00e+00	0.00e+00
 2.17800e+16	1.26e-05	9.46e-03	5.40e-01	4.48e-01	2.18e-03	4.48e-06	0.00e+00	0.00e+00
 2.18578e+16	1.40e-05	1.01e-02	5.49e-01	4.38e-01	1.85e-03	3.24e-06	0.00e+00	0.00e+00
 2.19589e+16	1.60e-05	1.11e-02	5.61e-01	4.26e-01	1.49e-03	2.15e-06	0.00e+00	0.00e+00
 2.20903e+16	1.91e-05	1.25e-02	5.77e-01	4.09e-01	1.14e-03	1.27e-06	0.00e+00	0.00e+00
 2.22236e+16	2.31e-05	1.42e-02	5.93e-01	3.91e-01	8.78e-04	7.67e-07	0.00e+00	0.00e+00
 2.23280e+16	2.69e-05	1.58e-02	6.06e-01	3.77e-01	7.18e-04	0.00e+00	0.00e+00	0.00e+00
 2.24182e+16	3.07e-05	1.73e-02	6.18e-01	3.64e-01	6.01e-04	0.00e+00	0.00e+00	0.00e+00
 2.25213e+16	3.60e-05	1.92e-02	6.31e-01	3.49e-01	4.89e-04	0.00e+00	0.00e+00	0.00e+00
 2.26267e+16	4.24e-05	2.14e-02	6.44e-01	3.34e-01	3.99e-04	0.00e+00	0.00e+00	0.00e+00
 2.27091e+16	4.86e-05	2.35e-02	6.55e-01	3.22e-01	3.40e-04	0.00e+00	0.00e+00	0.00e+00
 2.27786e+16	5.44e-05	2.54e-02	6.64e-01	3.11e-01	2.96e-04	0.00e+00	0.00e+00	0.00e+00
 2.28571e+16	6.22e-05	2.78e-02	6.74e-01	2.98e-01	2.52e-04	0.00e+00	0.00e+00	0.00e+00
 2.29452e+16	7.22e-05	3.07e-02	6.85e-01	2.84e-01	2.11e-04	0.00e+00	0.00e+00	0.00e+00
 2.30250e+16	8.34e-05	3.39e-02	6.94e-01	2.71e-01	1.79e-04	0.00e+00	0.00e+00	0.00e+00
 2.30928e+16	9.46e-05	3.69e-02	7.03e-01	2.60e-01	1.55e-04	0.00e+00	0.00e+00	0.00e+00
 2.31663e+16	1.08e-04	4.05e-02	7.11e-01	2.48e-01	1.32e-04	0.00e+00	0.00e+00	0.00e+00
 2.32463e+16	1.27e-04	4.49e-02	7.20e-01	2.34e-01	1.11e-04	0.00e+00	0.00e+00	0.00e+00
 2.33163e+16	1.46e-04	4.94e-02	7.28e-01	2.23e-01	9.55e-05	0.00e+00	0.00e+00	0.00e+00
 2.33767e+16	1.65e-04	5.37e-02	7.34e-01	2.12e-01	8.33e-05	0.00e+00	0.00e+00	0.00e+00
 2.34435e+16	1.89e-04	5.89e-02	7.40e-01	2.01e-01	7.11e-05	0.00e+00	0.00e+00	0.00e+00
 2.35162e+16	2.21e-04	6.55e-02	7.46e-01	1.88e-01	5.98e-05	0.00e+00	0.00e+00	0.00e+00
 2.35795e+16	2.55e-04	7.20e-02	7.51e-01	1.77e-01	5.12e-05	0.00e+00	0.00e+00	0.00e+00
 2.36335e+16	2.88e-04	7.83e-02	7.54e-01	1.68e-01	4.47e-05	0.00e+00	0.00e+00	0.00e+00
 2.36926e+16	3.30e-04	8.58e-02	7.57e-01	1.57e-01	3.82e-05	0.00e+00	0.00e+00	0.00e+00
 2.37574e+16	3.86e-04	9.53e-02	7.58e-01	1.46e-01	3.20e-05	0.00e+00	0.00e+00	0.00e+00
 2.38147e+16	4.46e-04	1.05e-01	7.59e-01	1.36e-01	2.73e-05	0.00e+00	0.00e+00	0.00e+00
 2.38643e+16	5.05e-04	1.14e-01	7.58e-01	1.27e-01	2.36e-05	0.00e+00	0.00e+00	0.00e+00
 2.39190e+16	5.83e-04	1.25e-01	7.56e-01	1.18e-01	2.00e-05	0.00e+00	0.00e+00	0.00e+00
 2.39791e+16	6.84e-04	1.39e-01	7.52e-01	1.08e-01	1.66e-05	0.00e+00	0.00e+00	0.00e+00
 2.40319e+16	7.93e-04	1.54e-01	7.47e-01	9.91e-02	1.39e-05	0.00e+00	0.00e+00	0.00e+00
 2.40769e+16	9.04e-04	1.67e-01	7.40e-01	9.17e-02	1.19e-05	0.00e+00	0.00e+00	0.00e+00
 2.41263e+16	1.04e-03	1.83e-01	7.32e-01	8.36e-02	9.98e-06	0.00e+00	0.00e+00	0.00e+00
 2.41814e+16	1.23e-03	2.04e-01	7.20e-01	7.49e-02	8.10e-06	0.00e+00	0.00e+00	0.00e+00
 2.42315e+16	1.44e-03	2.25e-01	7.06e-01	6.71e-02	6.62e-06	0.00e+00	0.00e+00	0.00e+00
 2.42753e+16	1.65e-03	2.46e-01	6.92e-01	6.05e-02	5.50e-06	0.00e+00	0.00e+00	0.00e+00
 2.43234e+16	1.93e-03	2.71e-01	6.73e-01	5.35e-02	4.42e-06	0.00e+00	0.00e+00	0.00e+00
 2.43772e+16	2.32e-03	3.03e-01	6.49e-01	4.60e-02	3.41e-06	0.00e+00	0.00e+00	0.00e+00
 2.44271e+16	2.75e-03	3.37e-01	6.21e-01	3.92e-02	2.63e-06	0.00e+00	0.00e+00	0.00e+00
 2.44721e+16	3.24e-03	3.71e-01	5.92e-01	3.36e-02	2.04e-06	0.00e+00	0.00e+00	0.00e+00
 2.45224e+16	3.88e-03	4.12e-01	5.57e-01	2.77e-02	1.50e-06	0.00e+00	0.00e+00	0.00e+00
 2.45764e+16	4.76e-03	4.61e-01	5.12e-01	2.18e-02	1.04e-06	0.00e+00	0.00e+00	0.00e+00
 2.46217e+16	5.68e-03	5.08e-01	4.69e-01	1.74e-02	7.39e-07	0.00e+00	0.00e+00	0.00e+00
 2.46573e+16	6.51e-03	5.46e-01	4.33e-01	1.42e-02	0.00e+00	0.00e+00	0.00e+00	0.00e+00
 2.46938e+16	7.53e-03	5.87e-01	3.94e-01	1.14e-02	0.00e+00	0.00e+00	0.00e+00	0.00e+00
 2.47339e+16	8.84e-03	6.34e-01	3.49e-01	8.61e-03	0.00e+00	0.00e+00	0.00e+00	0.00e+00
 2.47685e+16	1.02e-02	6.75e-01	3.08e-01	6.56e-03	0.00e+00	0.00e+00	0.00e+00	0.00e+00
 2.47967e+16	1.15e-02	7.09e-01	2.75e-01	5.16e-03	0.00e+00	0.00e+00	0.00e+00	0.00e+00
 2.48266e+16	1.31e-02	7.43e-01	2.40e-01	3.91e-03	0.00e+00	0.00e+00	0.00e+00	0.00e+00
 2.48595e+16	1.50e-02	7.79e-01	2.03e-01	2.78e-03	0.00e+00	0.00e+00	0.00e+00	0.00e+00
 2.48882e+16	1.71e-02	8.10e-01	1.71e-01	1.99e-03	0.00e+00	0.00e+00	0.00e+00	0.00e+00
 2.49115e+16	1.90e-02	8.33e-01	1.47e-01	1.48e-03	0.00e+00	0.00e+00	0.00e+00	0.00e+00
 2.49359e+16	2.12e-02	8.54e-01	1.24e-01	1.06e-03	0.00e+00	0.00e+00	0.00e+00	0.00e+00
 2.49627e+16	2.40e-02	8.75e-01	1.00e-01	7.18e-04	0.00e+00	0.00e+00	0.00e+00	0.00e+00
 2.49862e+16	2.68e-02	8.91e-01	8.16e-02	4.89e-04	0.00e+00	0.00e+00	0.00e+00	0.00e+00
 2.50058e+16	2.95e-02	9.02e-01	6.79e-02	3.48e-04	0.00e+00	0.00e+00	0.00e+00	0.00e+00
 2.50265e+16	3.26e-02	9.12e-01	5.52e-02	2.37e-04	0.00e+00	0.00e+00	0.00e+00	0.00e+00
 2.50491e+16	3.67e-02	9.20e-01	4.32e-02	1.52e-04	0.00e+00	0.00e+00	0.00e+00	0.00e+00
 2.50686e+16	4.06e-02	9.25e-01	3.43e-02	1.00e-04	0.00e+00	0.00e+00	0.00e+00	0.00e+00
 2.50847e+16	4.43e-02	9.28e-01	2.81e-02	6.97e-05	0.00e+00	0.00e+00	0.00e+00	0.00e+00
 2.51016e+16	4.85e-02	9.29e-01	2.25e-02	4.66e-05	0.00e+00	0.00e+00	0.00e+00	0.00e+00
 2.51197e+16	5.37e-02	9.29e-01	1.75e-02	2.97e-05	0.00e+00	0.00e+00	0.00e+00	0.00e+00
 2.51353e+16	5.87e-02	9.27e-01	1.39e-02	1.96e-05	0.00e+00	0.00e+00	0.00e+00	0.00e+00
 2.51486e+16	6.33e-02	9.25e-01	1.13e-02	1.36e-05	0.00e+00	0.00e+00	0.00e+00	0.00e+00
 2.51614e+16	6.81e-02	9.23e-01	9.24e-03	9.40e-06	0.00e+00	0.00e+00	0.00e+00	0.00e+00
 2.51745e+16	7.34e-02	9.19e-01	7.44e-03	6.36e-06	0.00e+00	0.00e+00	0.00e+00	0.00e+00
 2.51867e+16	7.90e-02	9.15e-01	6.03e-03	4.36e-06	0.00e+00	0.00e+00	0.00e+00	0.00e+00
 2.51971e+16	8.37e-02	9.11e-01	5.02e-03	3.14e-06	0.00e+00	0.00e+00	0.00e+00	0.00e+00
 2.52062e+16	8.84e-02	9.07e-01	4.25e-03	2.33e-06	0.00e+00	0.00e+00	0.00e+00	0.00e+00
 2.52150e+16	9.32e-02	9.03e-01	3.61e-03	1.73e-06	0.00e+00	0.00e+00	0.00e+00	0.00e+00
 2.52219e+16	9.68e-02	9.00e-01	3.17e-03	1.37e-06	0.00e+00	0.00e+00	0.00e+00	0.00e+00
 2.52266e+16	9.93e-02	8.98e-01	2.90e-03	1.17e-06	0.00e+00	0.00e+00	0.00e+00	0.00e+00
 2.52308e+16	1.02e-01	8.95e-01	2.67e-03	1.01e-06	0.00e+00	0.00e+00	0.00e+00	0.00e+00
 2.52357e+16	1.05e-01	8.92e-01	2.42e-03	8.46e-07	0.00e+00	0.00e+00	0.00e+00	0.00e+00
 2.52410e+16	1.09e-01	8.89e-01	2.18e-03	0.00e+00	0.00e+00	0.00e+00	0.00e+00	0.00e+00
 2.52462e+16	1.12e-01	8.86e-01	1.96e-03	0.00e+00	0.00e+00	0.00e+00	0.00e+00	0.00e+00
 2.52510e+16	1.15e-01	8.83e-01	1.78e-03	0.00e+00	0.00e+00	0.00e+00	0.00e+00	0.00e+00
 2.52557e+16	1.19e-01	8.80e-01	1.61e-03	0.00e+00	0.00e+00	0.00e+00	0.00e+00	0.00e+00
 2.52605e+16	1.22e-01	8.77e-01	1.46e-03	0.00e+00	0.00e+00	0.00e+00	0.00e+00	0.00e+00
 2.52652e+16	1.25e-01	8.73e-01	1.32e-03	0.00e+00	0.00e+00	0.00e+00	0.00e+00	0.00e+00
 2.52699e+16	1.29e-01	8.70e-01	1.19e-03	0.00e+00	0.00e+00	0.00e+00	0.00e+00	0.00e+00
 2.52746e+16	1.33e-01	8.66e-01	1.08e-03	0.00e+00	0.00e+00	0.00e+00	0.00e+00	0.00e+00
 2.52791e+16	1.37e-01	8.62e-01	9.74e-04	0.00e+00	0.00e+00	0.00e+00	0.00e+00	0.00e+00
 2.52836e+16	1.41e-01	8.59e-01	8.82e-04	0.00e+00	0.00e+00	0.00e+00	0.00e+00	0.00e+00
 2.52880e+16	1.44e-01	8.55e-01	7.97e-04	0.00e+00	0.00e+00	0.00e+00	0.00e+00	0.00e+00
 2.52925e+16	1.49e-01	8.50e-01	7.20e-04	0.00e+00	0.00e+00	0.00e+00	0.00e+00	0.00e+00
 2.52969e+16	1.53e-01	8.46e-01	6.50e-04	0.00e+00	0.00e+00	0.00e+00	0.00e+00	0.00e+00
 2.53012e+16	1.58e-01	8.42e-01	5.88e-04	0.00e+00	0.00e+00	0.00e+00	0.00e+00	0.00e+00
 2.53055e+16	1.62e-01	8.37e-01	5.31e-04	0.00e+00	0.00e+00	0.00e+00	0.00e+00	0.00e+00
 2.53098e+16	1.67e-01	8.33e-01	4.79e-04	0.00e+00	0.00e+00	0.00e+00	0.00e+00	0.00e+00
 2.53140e+16	1.72e-01	8.28e-01	4.32e-04	0.00e+00	0.00e+00	0.00e+00	0.00e+00	0.00e+00
 2.53181e+16	1.77e-01	8.23e-01	3.91e-04	0.00e+00	0.00e+00	0.00e+00	0.00e+00	0.00e+00
 2.53222e+16	1.82e-01	8.17e-01	3.52e-04	0.00e+00	0.00e+00	0.00e+00	0.00e+00	0.00e+00
 2.53263e+16	1.88e-01	8.11e-01	3.18e-04	0.00e+00	0.00e+00	0.00e+00	0.00e+00	0.00e+00
 2.53303e+16	1.94e-01	8.06e-01	2.86e-04	0.00e+00	0.00e+00	0.00e+00	0.00e+00	0.00e+00
 2.53343e+16	2.00e-01	7.99e-01	2.58e-04	0.00e+00	0.00e+00	0.00e+00	0.00e+00	0.00e+00
 2.53383e+16	2.07e-01	7.93e-01	2.33e-04	0.00e+00	0.00e+00	0.00e+00	0.00e+00	0.00e+00
 2.53422e+16	2.14e-01	7.86e-01	2.10e-04	0.00e+00	0.00e+00	0.00e+00	0.00e+00	0.00e+00
 2.53460e+16	2.21e-01	7.79e-01	1.89e-04	0.00e+00	0.00e+00	0.00e+00	0.00e+00	0.00e+00
 2.53498e+16	2.29e-01	7.71e-01	1.70e-04	0.00e+00	0.00e+00	0.00e+00	0.00e+00	0.00e+00
 2.53535e+16	2.37e-01	7.63e-01	1.54e-04	0.00e+00	0.00e+00	0.00e+00	0.00e+00	0.00e+00
 2.53572e+16	2.46e-01	7.54e-01	1.38e-04	0.00e+00	0.00e+00	0.00e+00	0.00e+00	0.00e+00
 2.53608e+16	2.55e-01	7.45e-01	1.25e-04	0.00e+00	0.00e+00	0.00e+00	0.00e+00	0.00e+00
 2.53643e+16	2.64e-01	7.36e-01	1.13e-04	0.00e+00	0.00e+00	0.00e+00	0.00e+00	0.00e+00
 2.53678e+16	2.75e-01	7.25e-01	1.01e-04	0.00e+00	0.00e+00	0.00e+00	0.00e+00	0.00e+00
 2.53713e+16	2.84e-01	7.16e-01	9.13e-05	0.00e+00	0.00e+00	0.00e+00	0.00e+00	0.00e+00
 2.53747e+16	2.97e-01	7.03e-01	8.22e-05	0.00e+00	0.00e+00	0.00e+00	0.00e+00	0.00e+00
 2.53780e+16	3.09e-01	6.91e-01	7.40e-05	0.00e+00	0.00e+00	0.00e+00	0.00e+00	0.00e+00
 2.53812e+16	3.20e-01	6.80e-01	6.68e-05	0.00e+00	0.00e+00	0.00e+00	0.00e+00	0.00e+00
 2.53845e+16	3.34e-01	6.66e-01	6.00e-05	0.00e+00	0.00e+00	0.00e+00	0.00e+00	0.00e+00
 2.53877e+16	3.48e-01	6.52e-01	5.39e-05	0.00e+00	0.00e+00	0.00e+00	0.00e+00	0.00e+00
 2.53909e+16	3.63e-01	6.37e-01	4.84e-05	0.00e+00	0.00e+00	0.00e+00	0.00e+00	0.00e+00
 2.53940e+16	3.78e-01	6.22e-01	4.34e-05	0.00e+00	0.00e+00	0.00e+00	0.00e+00	0.00e+00
 2.53971e+16	3.95e-01	6.05e-01	3.89e-05	0.00e+00	0.00e+00	0.00e+00	0.00e+00	0.00e+00
 2.54002e+16	4.15e-01	5.85e-01	3.46e-05	0.00e+00	0.00e+00	0.00e+00	0.00e+00	0.00e+00
 2.54032e+16	4.34e-01	5.66e-01	3.09e-05	0.00e+00	0.00e+00	0.00e+00	0.00e+00	0.00e+00
 2.54062e+16	4.53e-01	5.47e-01	2.75e-05	0.00e+00	0.00e+00	0.00e+00	0.00e+00	0.00e+00
 2.54092e+16	4.74e-01	5.26e-01	2.45e-05	0.00e+00	0.00e+00	0.00e+00	0.00e+00	0.00e+00
 2.54122e+16	4.95e-01	5.05e-01	2.17e-05	0.00e+00	0.00e+00	0.00e+00	0.00e+00	0.00e+00
 2.54151e+16	5.18e-01	4.82e-01	1.91e-05	0.00e+00	0.00e+00	0.00e+00	0.00e+00	0.00e+00
 2.54181e+16	5.41e-01	4.59e-01	1.69e-05	0.00e+00	0.00e+00	0.00e+00	0.00e+00	0.00e+00
 2.54210e+16	5.64e-01	4.36e-01	1.48e-05	0.00e+00	0.00e+00	0.00e+00	0.00e+00	0.00e+00
 2.54239e+16	5.88e-01	4.12e-01	1.30e-05	0.00e+00	0.00e+00	0.00e+00	0.00e+00	0.00e+00
 2.54268e+16	6.12e-01	3.88e-01	1.13e-05	0.00e+00	0.00e+00	0.00e+00	0.00e+00	0.00e+00
 2.54298e+16	6.37e-01	3.63e-01	9.86e-06	0.00e+00	0.00e+00	0.00e+00	0.00e+00	0.00e+00
 2.54323e+16	6.58e-01	3.42e-01	8.75e-06	0.00e+00	0.00e+00	0.00e+00	0.00e+00	0.00e+00
 2.54341e+16	6.72e-01	3.28e-01	8.03e-06	0.00e+00	0.00e+00	0.00e+00	0.00e+00	0.00e+00
 2.54359e+16	6.88e-01	3.12e-01	7.32e-06	0.00e+00	0.00e+00	0.00e+00	0.00e+00	0.00e+00
 2.54377e+16	7.02e-01	2.98e-01	6.68e-06	0.00e+00	0.00e+00	0.00e+00	0.00e+00	0.00e+00
 2.54396e+16	7.18e-01	2.82e-01	6.06e-06	0.00e+00	0.00e+00	0.00e+00	0.00e+00	0.00e+00
 2.54414e+16	7.31e-01	2.69e-01	5.54e-06	0.00e+00	0.00e+00	0.00e+00	0.00e+00	0.00e+00
