#depth	He	He+	He+2
 1.49634e+10	1.08e-19	5.81e-10	1.00e+00
 4.54887e+10	1.25e-19	6.40e-10	1.00e+00
 7.72350e+10	1.44e-19	7.05e-10	1.00e+00
 1.10251e+11	1.66e-19	7.77e-10	1.00e+00
 1.40260e+11	1.87e-19	8.46e-10	1.00e+00
 1.65508e+11	2.06e-19	9.07e-10	1.00e+00
 1.93271e+11	2.28e-19	9.78e-10	1.00e+00
 2.28105e+11	2.59e-19	1.07e-09	1.00e+00
 2.62958e+11	2.93e-19	1.17e-09	1.00e+00
 2.92241e+11	3.22e-19	1.26e-09	1.00e+00
 3.23461e+11	3.56e-19	1.35e-09	1.00e+00
 3.62892e+11	4.03e-19	1.48e-09	1.00e+00
 4.03717e+11	4.56e-19	1.62e-09	1.00e+00
 4.39698e+11	5.06e-19	1.75e-09	1.00e+00
 4.78663e+11	5.64e-19	1.90e-09	1.00e+00
 5.25663e+11	6.41e-19	2.08e-09	1.00e+00
 5.73136e+11	7.25e-19	2.28e-09	1.00e+00
 6.16964e+11	8.10e-19	2.47e-09	1.00e+00
 6.66027e+11	9.13e-19	2.69e-09	1.00e+00
 7.22594e+11	1.05e-18	2.97e-09	1.00e+00
 7.78136e+11	1.19e-18	3.25e-09	1.00e+00
 8.35899e+11	1.36e-18	3.55e-09	1.00e+00
 8.99262e+11	1.56e-18	3.90e-09	1.00e+00
 9.62912e+11	1.79e-18	4.27e-09	1.00e+00
 1.01993e+12	2.01e-18	4.62e-09	1.00e+00
 1.06825e+12	2.23e-18	4.93e-09	1.00e+00
 1.12034e+12	2.47e-18	5.27e-09	1.00e+00
 1.18774e+12	2.82e-18	5.72e-09	1.00e+00
 1.25806e+12	3.24e-18	6.22e-09	1.00e+00
 1.31831e+12	3.62e-18	6.67e-09	1.00e+00
 1.38248e+12	4.08e-18	7.15e-09	1.00e+00
 1.46209e+12	4.71e-18	7.79e-09	1.00e+00
 1.54361e+12	5.43e-18	8.47e-09	1.00e+00
 1.61686e+12	6.15e-18	9.10e-09	1.00e+00
 1.69754e+12	7.03e-18	9.81e-09	1.00e+00
 1.78601e+12	8.11e-18	1.07e-08	1.00e+00
 1.86663e+12	9.20e-18	1.14e-08	1.00e+00
 1.95346e+12	1.05e-17	1.23e-08	1.00e+00
 2.05095e+12	1.21e-17	1.33e-08	1.00e+00
 2.14329e+12	1.39e-17	1.43e-08	1.00e+00
 2.24434e+12	1.59e-17	1.55e-08	1.00e+00
 2.35622e+12	1.85e-17	1.68e-08	1.00e+00
 2.46026e+12	2.13e-17	1.81e-08	1.00e+00
 2.57357e+12	2.45e-17	1.95e-08	1.00e+00
 2.70048e+12	2.87e-17	2.12e-08	1.00e+00
 2.82061e+12	3.30e-17	2.29e-08	1.00e+00
 2.95040e+12	3.83e-17	2.47e-08	1.00e+00
 3.09493e+12	4.50e-17	2.69e-08	1.00e+00
 3.23415e+12	5.21e-17	2.90e-08	1.00e+00
 3.38235e+12	6.07e-17	3.14e-08	1.00e+00
 3.54757e+12	7.15e-17	3.42e-08	1.00e+00
 3.71322e+12	8.37e-17	3.71e-08	1.00e+00
 3.88550e+12	9.79e-17	4.03e-08	1.00e+00
 4.07085e+12	1.15e-16	4.38e-08	1.00e+00
 4.26361e+12	1.36e-16	4.76e-08	1.00e+00
 4.45313e+12	1.58e-16	5.16e-08	1.00e+00
 4.62912e+12	1.82e-16	5.53e-08	1.00e+00
 4.78785e+12	2.05e-16	5.89e-08	1.00e+00
 4.95799e+12	2.32e-16	6.27e-08	1.00e+00
 5.17020e+12	2.70e-16	6.77e-08	1.00e+00
 5.38311e+12	3.13e-16	7.30e-08	1.00e+00
 5.56571e+12	3.53e-16	7.76e-08	1.00e+00
 5.76291e+12	4.00e-16	8.27e-08	1.00e+00
 6.00682e+12	4.66e-16	8.93e-08	1.00e+00
 6.25127e+12	5.39e-16	9.61e-08	1.00e+00
 6.46225e+12	6.08e-16	1.02e-07	1.00e+00
 6.68989e+12	6.90e-16	1.09e-07	1.00e+00
 6.96990e+12	8.03e-16	1.18e-07	1.00e+00
 7.25282e+12	9.30e-16	1.27e-07	1.00e+00
 7.50319e+12	1.05e-15	1.35e-07	1.00e+00
 7.77639e+12	1.20e-15	1.44e-07	1.00e+00
 8.10439e+12	1.40e-15	1.56e-07	1.00e+00
 8.43148e+12	1.62e-15	1.68e-07	1.00e+00
 8.72905e+12	1.84e-15	1.79e-07	1.00e+00
 9.06039e+12	2.12e-15	1.92e-07	1.00e+00
 9.44760e+12	2.47e-15	2.07e-07	1.00e+00
 9.82942e+12	2.87e-15	2.23e-07	1.00e+00
 1.01902e+13	3.28e-15	2.39e-07	1.00e+00
 1.05915e+13	3.79e-15	2.57e-07	1.00e+00
 1.10450e+13	4.44e-15	2.78e-07	1.00e+00
 1.15000e+13	5.16e-15	3.00e-07	1.00e+00
 1.19731e+13	6.01e-15	3.24e-07	1.00e+00
 1.24820e+13	7.03e-15	3.51e-07	1.00e+00
 1.29742e+13	8.13e-15	3.78e-07	1.00e+00
 1.34363e+13	9.29e-15	4.04e-07	1.00e+00
 1.39538e+13	1.07e-14	4.34e-07	1.00e+00
 1.44759e+13	1.23e-14	4.66e-07	1.00e+00
 1.49085e+13	1.38e-14	4.94e-07	1.00e+00
 1.53658e+13	1.55e-14	5.23e-07	1.00e+00
 1.59517e+13	1.79e-14	5.63e-07	1.00e+00
 1.65669e+13	2.06e-14	6.06e-07	1.00e+00
 1.71100e+13	2.34e-14	6.45e-07	1.00e+00
 1.76972e+13	2.66e-14	6.89e-07	1.00e+00
 1.84047e+13	3.09e-14	7.44e-07	1.00e+00
 1.91219e+13	3.59e-14	8.02e-07	1.00e+00
 1.97921e+13	4.10e-14	8.59e-07	1.00e+00
 2.05379e+13	4.73e-14	9.24e-07	1.00e+00
 2.13302e+13	5.48e-14	9.97e-07	1.00e+00
 2.20344e+13	6.22e-14	1.06e-06	1.00e+00
 2.27916e+13	7.09e-14	1.14e-06	1.00e+00
 2.36990e+13	8.26e-14	1.23e-06	1.00e+00
 2.45917e+13	9.54e-14	1.32e-06	1.00e+00
 2.53862e+13	1.08e-13	1.41e-06	1.00e+00
 2.62630e+13	1.23e-13	1.51e-06	1.00e+00
 2.73086e+13	1.44e-13	1.64e-06	1.00e+00
 2.83475e+13	1.66e-13	1.76e-06	1.00e+00
 2.92973e+13	1.89e-13	1.89e-06	1.00e+00
 3.03579e+13	2.17e-13	2.03e-06	1.00e+00
 3.15914e+13	2.54e-13	2.20e-06	1.00e+00
 3.28023e+13	2.93e-13	2.37e-06	1.00e+00
 3.39467e+13	3.35e-13	2.54e-06	1.00e+00
 3.52196e+13	3.87e-13	2.74e-06	1.00e+00
 3.66583e+13	4.52e-13	2.97e-06	1.00e+00
 3.81000e+13	5.24e-13	3.21e-06	1.00e+00
 3.94539e+13	5.99e-13	3.44e-06	1.00e+00
 4.09166e+13	6.89e-13	3.71e-06	1.00e+00
 4.25501e+13	8.01e-13	4.01e-06	1.00e+00
 4.40801e+13	9.16e-13	4.31e-06	1.00e+00
 4.53757e+13	1.02e-12	4.57e-06	1.00e+00
 4.67144e+13	1.14e-12	4.84e-06	1.00e+00
 4.84354e+13	1.31e-12	5.21e-06	1.00e+00
 5.02039e+13	1.50e-12	5.60e-06	1.00e+00
 5.16997e+13	1.67e-12	5.94e-06	1.00e+00
 5.32906e+13	1.87e-12	6.32e-06	1.00e+00
 5.52885e+13	2.15e-12	6.81e-06	1.00e+00
 5.73511e+13	2.47e-12	7.33e-06	1.00e+00
 5.91679e+13	2.77e-12	7.80e-06	1.00e+00
 6.11296e+13	3.12e-12	8.33e-06	1.00e+00
 6.34981e+13	3.60e-12	9.00e-06	1.00e+00
 6.58470e+13	4.11e-12	9.68e-06	1.00e+00
 6.79330e+13	4.61e-12	1.03e-05	1.00e+00
 7.02256e+13	5.21e-12	1.10e-05	1.00e+00
 7.29668e+13	6.00e-12	1.19e-05	1.00e+00
 7.56907e+13	6.87e-12	1.28e-05	1.00e+00
 7.81681e+13	7.73e-12	1.37e-05	1.00e+00
 8.09257e+13	8.78e-12	1.47e-05	1.00e+00
 8.41489e+13	1.01e-11	1.59e-05	1.00e+00
 8.73208e+13	1.16e-11	1.72e-05	1.00e+00
 9.02987e+13	1.32e-11	1.84e-05	1.00e+00
 9.36198e+13	1.51e-11	1.98e-05	1.00e+00
 9.73945e+13	1.74e-11	2.15e-05	1.00e+00
 1.01157e+14	2.01e-11	2.33e-05	1.00e+00
 1.05071e+14	2.32e-11	2.52e-05	1.00e+00
 1.09188e+14	2.68e-11	2.74e-05	1.00e+00
 1.12661e+14	3.02e-11	2.92e-05	1.00e+00
 1.15375e+14	3.31e-11	3.07e-05	1.00e+00
 1.18325e+14	3.65e-11	3.24e-05	1.00e+00
 1.22161e+14	4.13e-11	3.47e-05	1.00e+00
 1.26313e+14	4.70e-11	3.73e-05	1.00e+00
 1.30052e+14	5.27e-11	3.97e-05	1.00e+00
 1.34089e+14	5.94e-11	4.24e-05	1.00e+00
 1.39113e+14	6.87e-11	4.60e-05	1.00e+00
 1.44171e+14	7.93e-11	4.97e-05	1.00e+00
 1.48552e+14	8.94e-11	5.30e-05	1.00e+00
 1.53303e+14	1.02e-10	5.69e-05	1.00e+00
 1.59123e+14	1.18e-10	6.17e-05	1.00e+00
 1.65014e+14	1.37e-10	6.69e-05	1.00e+00
 1.70269e+14	1.56e-10	7.18e-05	1.00e+00
 1.76018e+14	1.79e-10	7.73e-05	1.00e+00
 1.82868e+14	2.10e-10	8.42e-05	1.00e+00
 1.89633e+14	2.45e-10	9.14e-05	1.00e+00
 1.95764e+14	2.80e-10	9.81e-05	1.00e+00
 2.02585e+14	3.24e-10	1.06e-04	1.00e+00
 2.10584e+14	3.82e-10	1.16e-04	1.00e+00
 2.18461e+14	4.47e-10	1.26e-04	1.00e+00
 2.25808e+14	5.15e-10	1.35e-04	1.00e+00
 2.34027e+14	6.00e-10	1.47e-04	1.00e+00
 2.43418e+14	7.11e-10	1.60e-04	1.00e+00
 2.52701e+14	8.35e-10	1.75e-04	1.00e+00
 2.62356e+14	9.82e-10	1.90e-04	1.00e+00
 2.71124e+14	1.13e-09	2.05e-04	1.00e+00
 2.77687e+14	1.26e-09	2.16e-04	1.00e+00
 2.84481e+14	1.39e-09	2.28e-04	1.00e+00
 2.93312e+14	1.59e-09	2.44e-04	1.00e+00
 3.02912e+14	1.83e-09	2.62e-04	1.00e+00
 3.11603e+14	2.07e-09	2.80e-04	1.00e+00
 3.20995e+14	2.35e-09	2.99e-04	1.00e+00
 3.32845e+14	2.75e-09	3.24e-04	1.00e+00
 3.44777e+14	3.21e-09	3.51e-04	1.00e+00
 3.54868e+14	3.64e-09	3.74e-04	1.00e+00
 3.65675e+14	4.14e-09	4.00e-04	1.00e+00
 3.79234e+14	4.85e-09	4.34e-04	1.00e+00
 3.93446e+14	5.69e-09	4.70e-04	1.00e+00
 4.06322e+14	6.55e-09	5.05e-04	9.99e-01
 4.20383e+14	7.58e-09	5.45e-04	9.99e-01
 4.36912e+14	8.95e-09	5.93e-04	9.99e-01
 4.53077e+14	1.05e-08	6.42e-04	9.99e-01
 4.67900e+14	1.20e-08	6.89e-04	9.99e-01
 4.84549e+14	1.40e-08	7.44e-04	9.99e-01
 5.03854e+14	1.66e-08	8.10e-04	9.99e-01
 5.22763e+14	1.94e-08	8.78e-04	9.99e-01
 5.40758e+14	2.24e-08	9.44e-04	9.99e-01
 5.56576e+14	2.54e-08	1.01e-03	9.99e-01
 5.69656e+14	2.80e-08	1.06e-03	9.99e-01
 5.84012e+14	3.12e-08	1.12e-03	9.99e-01
 6.02674e+14	3.57e-08	1.19e-03	9.99e-01
 6.22378e+14	4.09e-08	1.28e-03	9.99e-01
 6.39331e+14	4.58e-08	1.36e-03	9.99e-01
 6.57265e+14	5.15e-08	1.44e-03	9.99e-01
 6.80579e+14	5.98e-08	1.55e-03	9.98e-01
 7.04578e+14	6.93e-08	1.67e-03	9.98e-01
 7.24544e+14	7.80e-08	1.77e-03	9.98e-01
 7.45574e+14	8.80e-08	1.88e-03	9.98e-01
 7.72625e+14	1.02e-07	2.03e-03	9.98e-01
 8.01085e+14	1.19e-07	2.19e-03	9.98e-01
 8.25913e+14	1.35e-07	2.34e-03	9.98e-01
 8.52439e+14	1.55e-07	2.50e-03	9.98e-01
 8.84795e+14	1.81e-07	2.70e-03	9.97e-01
 9.17106e+14	2.10e-07	2.92e-03	9.97e-01
 9.45582e+14	2.39e-07	3.11e-03	9.97e-01
 9.76695e+14	2.73e-07	3.33e-03	9.97e-01
 1.01418e+15	3.20e-07	3.60e-03	9.96e-01
 1.04996e+15	3.69e-07	3.87e-03	9.96e-01
 1.07999e+15	4.14e-07	4.11e-03	9.96e-01
 1.10700e+15	4.59e-07	4.32e-03	9.96e-01
 1.13657e+15	5.12e-07	4.57e-03	9.95e-01
 1.16974e+15	5.77e-07	4.85e-03	9.95e-01
 1.20110e+15	6.42e-07	5.12e-03	9.95e-01
 1.23536e+15	7.22e-07	5.43e-03	9.95e-01
 1.27309e+15	8.18e-07	5.79e-03	9.94e-01
 1.30785e+15	9.14e-07	6.12e-03	9.94e-01
 1.34557e+15	1.03e-06	6.49e-03	9.94e-01
 1.38769e+15	1.17e-06	6.92e-03	9.93e-01
 1.42752e+15	1.32e-06	7.34e-03	9.93e-01
 1.47127e+15	1.49e-06	7.82e-03	9.92e-01
 1.51949e+15	1.71e-06	8.37e-03	9.92e-01
 1.56348e+15	1.92e-06	8.87e-03	9.91e-01
 1.61062e+15	2.17e-06	9.45e-03	9.91e-01
 1.66300e+15	2.48e-06	1.01e-02	9.90e-01
 1.71216e+15	2.80e-06	1.07e-02	9.89e-01
 1.76605e+15	3.19e-06	1.15e-02	9.89e-01
 1.82533e+15	3.66e-06	1.23e-02	9.88e-01
 1.88021e+15	4.13e-06	1.31e-02	9.87e-01
 1.92986e+15	4.60e-06	1.38e-02	9.86e-01
 1.97493e+15	5.06e-06	1.45e-02	9.86e-01
 2.02428e+15	5.62e-06	1.53e-02	9.85e-01
 2.07838e+15	6.27e-06	1.62e-02	9.84e-01
 2.13026e+15	6.94e-06	1.71e-02	9.83e-01
 2.18059e+15	7.65e-06	1.79e-02	9.82e-01
 2.23729e+15	8.54e-06	1.90e-02	9.81e-01
 2.30089e+15	9.61e-06	2.02e-02	9.80e-01
 2.36137e+15	1.07e-05	2.14e-02	9.79e-01
 2.41687e+15	1.18e-05	2.26e-02	9.77e-01
 2.47798e+15	1.32e-05	2.39e-02	9.76e-01
 2.54430e+15	1.47e-05	2.54e-02	9.75e-01
 2.60691e+15	1.63e-05	2.69e-02	9.73e-01
 2.66799e+15	1.80e-05	2.85e-02	9.72e-01
 2.73758e+15	2.03e-05	3.04e-02	9.70e-01
 2.81412e+15	2.29e-05	3.26e-02	9.67e-01
 2.88522e+15	2.56e-05	3.48e-02	9.65e-01
 2.95193e+15	2.84e-05	3.69e-02	9.63e-01
 3.01744e+15	3.15e-05	3.92e-02	9.61e-01
 3.09266e+15	3.56e-05	4.22e-02	9.58e-01
 3.17049e+15	4.00e-05	4.54e-02	9.55e-01
 3.23807e+15	4.44e-05	4.84e-02	9.52e-01
 3.31227e+15	5.02e-05	5.22e-02	9.48e-01
 3.39093e+15	5.68e-05	5.64e-02	9.44e-01
 3.45170e+15	6.22e-05	5.99e-02	9.40e-01
 3.49843e+15	6.71e-05	6.29e-02	9.37e-01
 3.55062e+15	7.35e-05	6.67e-02	9.33e-01
 3.60850e+15	8.11e-05	7.11e-02	9.29e-01
 3.66258e+15	8.87e-05	7.55e-02	9.24e-01
 3.72167e+15	9.92e-05	8.11e-02	9.19e-01
 3.78151e+15	1.10e-04	8.70e-02	9.13e-01
 3.83126e+15	1.20e-04	9.26e-02	9.07e-01
 3.88488e+15	1.33e-04	9.93e-02	9.01e-01
 3.94540e+15	1.50e-04	1.08e-01	8.92e-01
 3.99998e+15	1.67e-04	1.16e-01	8.84e-01
 4.04600e+15	1.85e-04	1.24e-01	8.76e-01
 4.08738e+15	2.02e-04	1.32e-01	8.68e-01
 4.13280e+15	2.22e-04	1.41e-01	8.58e-01
 4.19185e+15	2.58e-04	1.55e-01	8.45e-01
 4.24688e+15	2.90e-04	1.70e-01	8.30e-01
 4.28918e+15	3.25e-04	1.82e-01	8.17e-01
 4.32741e+15	3.55e-04	1.95e-01	8.05e-01
 4.36787e+15	3.96e-04	2.10e-01	7.90e-01
 4.42046e+15	4.60e-04	2.31e-01	7.68e-01
 4.46973e+15	5.21e-04	2.53e-01	7.46e-01
 4.50818e+15	5.86e-04	2.73e-01	7.27e-01
 4.54318e+15	6.43e-04	2.92e-01	7.08e-01
 4.57488e+15	7.09e-04	3.11e-01	6.89e-01
 4.60116e+15	7.64e-04	3.27e-01	6.73e-01
 4.62566e+15	8.21e-04	3.43e-01	6.56e-01
 4.65750e+15	9.05e-04	3.66e-01	6.33e-01
 4.68983e+15	9.96e-04	3.90e-01	6.09e-01
 4.71532e+15	1.08e-03	4.09e-01	5.90e-01
 4.73601e+15	1.14e-03	4.25e-01	5.74e-01
 4.75795e+15	1.22e-03	4.43e-01	5.55e-01
 4.78269e+15	1.32e-03	4.64e-01	5.34e-01
 4.81107e+15	1.44e-03	4.89e-01	5.09e-01
 4.84061e+15	1.57e-03	5.15e-01	4.83e-01
 4.86539e+15	1.68e-03	5.36e-01	4.62e-01
 4.88794e+15	1.79e-03	5.57e-01	4.41e-01
 4.91384e+15	1.92e-03	5.80e-01	4.18e-01
 4.94184e+15	2.08e-03	6.05e-01	3.93e-01
 4.96683e+15	2.21e-03	6.26e-01	3.72e-01
 4.99008e+15	2.36e-03	6.46e-01	3.51e-01
 5.01679e+15	2.52e-03	6.69e-01	3.29e-01
 5.04541e+15	2.71e-03	6.91e-01	3.06e-01
 5.07064e+15	2.87e-03	7.10e-01	2.87e-01
 5.09758e+15	3.07e-03	7.31e-01	2.66e-01
 5.12685e+15	3.28e-03	7.51e-01	2.46e-01
 5.15309e+15	3.48e-03	7.67e-01	2.29e-01
 5.17722e+15	3.67e-03	7.82e-01	2.14e-01
 5.20467e+15	3.90e-03	7.99e-01	1.98e-01
 5.23481e+15	4.16e-03	8.15e-01	1.81e-01
 5.26225e+15	4.40e-03	8.28e-01	1.68e-01
 5.28758e+15	4.65e-03	8.39e-01	1.56e-01
 5.31635e+15	4.94e-03	8.52e-01	1.43e-01
 5.34807e+15	5.28e-03	8.64e-01	1.31e-01
 5.37705e+15	5.60e-03	8.74e-01	1.21e-01
 5.40383e+15	5.94e-03	8.82e-01	1.12e-01
 5.43432e+15	6.34e-03	8.91e-01	1.02e-01
 5.46825e+15	6.83e-03	9.00e-01	9.29e-02
 5.49978e+15	7.34e-03	9.08e-01	8.51e-02
 5.52940e+15	7.86e-03	9.14e-01	7.85e-02
 5.56340e+15	8.53e-03	9.20e-01	7.12e-02
 5.60043e+15	9.36e-03	9.26e-01	6.44e-02
 5.63291e+15	1.02e-02	9.31e-01	5.92e-02
 5.66145e+15	1.10e-02	9.34e-01	5.49e-02
 5.69338e+15	1.21e-02	9.38e-01	5.03e-02
 5.72798e+15	1.34e-02	9.41e-01	4.60e-02
 5.75816e+15	1.48e-02	9.43e-01	4.26e-02
 5.78435e+15	1.63e-02	9.44e-01	3.99e-02
 5.80740e+15	1.77e-02	9.45e-01	3.77e-02
 5.82761e+15	1.92e-02	9.45e-01	3.58e-02
 5.84702e+15	2.07e-02	9.45e-01	3.42e-02
 5.86933e+15	2.27e-02	9.45e-01	3.22e-02
 5.89263e+15	2.52e-02	9.44e-01	3.05e-02
 5.91137e+15	2.77e-02	9.43e-01	2.92e-02
 5.92642e+15	2.98e-02	9.42e-01	2.82e-02
 5.94255e+15	3.24e-02	9.41e-01	2.71e-02
 5.96059e+15	3.57e-02	9.38e-01	2.60e-02
 5.97720e+15	3.93e-02	9.36e-01	2.51e-02
 5.99179e+15	4.28e-02	9.33e-01	2.43e-02
 6.00524e+15	4.66e-02	9.30e-01	2.36e-02
 6.02028e+15	5.13e-02	9.26e-01	2.29e-02
 6.03684e+15	5.72e-02	9.21e-01	2.22e-02
 6.05136e+15	6.35e-02	9.15e-01	2.16e-02
 6.06373e+15	6.93e-02	9.09e-01	2.12e-02
 6.07732e+15	7.69e-02	9.02e-01	2.07e-02
 6.09261e+15	8.63e-02	8.93e-01	2.02e-02
 6.10705e+15	9.70e-02	8.83e-01	1.99e-02
 6.11878e+15	1.07e-01	8.73e-01	1.97e-02
 6.12816e+15	1.16e-01	8.65e-01	1.95e-02
 6.13784e+15	1.26e-01	8.55e-01	1.93e-02
 6.14877e+15	1.38e-01	8.42e-01	1.91e-02
 6.15931e+15	1.52e-01	8.29e-01	1.90e-02
 6.16819e+15	1.65e-01	8.16e-01	1.89e-02
 6.17600e+15	1.77e-01	8.04e-01	1.88e-02
 6.18215e+15	1.87e-01	7.94e-01	1.88e-02
 6.18644e+15	1.94e-01	7.87e-01	1.88e-02
 6.19049e+15	2.02e-01	7.80e-01	1.87e-02
 6.19519e+15	2.11e-01	7.71e-01	1.87e-02
 6.20027e+15	2.21e-01	7.61e-01	1.86e-02
 6.20519e+15	2.31e-01	7.51e-01	1.86e-02
 6.20985e+15	2.41e-01	7.41e-01	1.85e-02
 6.21450e+15	2.51e-01	7.30e-01	1.85e-02
 6.21920e+15	2.62e-01	7.19e-01	1.85e-02
 6.22391e+15	2.74e-01	7.08e-01	1.84e-02
 6.22859e+15	2.85e-01	6.96e-01	1.84e-02
 6.23325e+15	2.98e-01	6.84e-01	1.83e-02
 6.23797e+15	3.10e-01	6.71e-01	1.82e-02
 6.24261e+15	3.23e-01	6.58e-01	1.81e-02
 6.24723e+15	3.37e-01	6.45e-01	1.80e-02
 6.25193e+15	3.51e-01	6.31e-01	1.79e-02
 6.25665e+15	3.65e-01	6.17e-01	1.78e-02
 6.26136e+15	3.80e-01	6.03e-01	1.77e-02
 6.26610e+15	3.95e-01	5.88e-01	1.76e-02
 6.27088e+15	4.11e-01	5.72e-01	1.74e-02
 6.27570e+15	4.26e-01	5.57e-01	1.72e-02
 6.28058e+15	4.43e-01	5.40e-01	1.70e-02
 6.28559e+15	4.60e-01	5.23e-01	1.68e-02
 6.29055e+15	4.77e-01	5.07e-01	1.66e-02
 6.29555e+15	4.94e-01	4.90e-01	1.63e-02
 6.30067e+15	5.12e-01	4.72e-01	1.60e-02
 6.30589e+15	5.30e-01	4.55e-01	1.58e-02
 6.31113e+15	5.47e-01	4.37e-01	1.54e-02
 6.31635e+15	5.65e-01	4.20e-01	1.51e-02
 6.32167e+15	5.82e-01	4.03e-01	1.47e-02
 6.32711e+15	6.00e-01	3.86e-01	1.44e-02
 6.33270e+15	6.17e-01	3.69e-01	1.40e-02
 6.33843e+15	6.34e-01	3.53e-01	1.35e-02
 6.34435e+15	6.51e-01	3.36e-01	1.31e-02
 6.35051e+15	6.67e-01	3.20e-01	1.27e-02
 6.35695e+15	6.83e-01	3.05e-01	1.22e-02
 6.36377e+15	6.99e-01	2.90e-01	1.17e-02
 6.37101e+15	7.14e-01	2.75e-01	1.12e-02
 6.37879e+15	7.28e-01	2.61e-01	1.07e-02
 6.38727e+15	7.42e-01	2.47e-01	1.02e-02
 6.39657e+15	7.56e-01	2.34e-01	9.68e-03
 6.40689e+15	7.69e-01	2.22e-01	9.14e-03
 6.41838e+15	7.80e-01	2.11e-01	8.63e-03
 6.43041e+15	7.90e-01	2.02e-01	8.19e-03
 6.44233e+15	7.98e-01	1.94e-01	7.78e-03
 6.45599e+15	8.06e-01	1.87e-01	7.34e-03
 6.47375e+15	8.14e-01	1.79e-01	6.87e-03
 6.49321e+15	8.22e-01	1.72e-01	6.43e-03
 6.51147e+15	8.27e-01	1.67e-01	6.07e-03
 6.52931e+15	8.32e-01	1.62e-01	5.74e-03
 6.54781e+15	8.37e-01	1.57e-01	5.43e-03
 6.56692e+15	8.42e-01	1.53e-01	5.13e-03
 6.58601e+15	8.46e-01	1.49e-01	4.85e-03
 6.60470e+15	8.50e-01	1.45e-01	4.59e-03
 6.62298e+15	8.54e-01	1.42e-01	4.36e-03
 6.64094e+15	8.57e-01	1.38e-01	4.14e-03
 6.65861e+15	8.61e-01	1.35e-01	3.94e-03
 6.67596e+15	8.64e-01	1.32e-01	3.75e-03
 6.69298e+15	8.67e-01	1.29e-01	3.58e-03
 6.70967e+15	8.70e-01	1.26e-01	3.41e-03
 6.72603e+15	8.73e-01	1.24e-01	3.26e-03
 6.74208e+15	8.76e-01	1.21e-01	3.12e-03
 6.75784e+15	8.78e-01	1.19e-01	2.99e-03
 6.77367e+15	8.81e-01	1.16e-01	2.86e-03
 6.78905e+15	8.83e-01	1.14e-01	2.75e-03
 6.80388e+15	8.86e-01	1.12e-01	2.64e-03
 6.81875e+15	8.88e-01	1.10e-01	2.53e-03
 6.83328e+15	8.90e-01	1.07e-01	2.44e-03
 6.84738e+15	8.92e-01	1.06e-01	2.34e-03
 6.86121e+15	8.94e-01	1.04e-01	2.26e-03
 6.87489e+15	8.96e-01	1.02e-01	2.18e-03
 6.88835e+15	8.98e-01	1.00e-01	2.10e-03
 6.90158e+15	9.00e-01	9.84e-02	2.03e-03
 6.91459e+15	9.01e-01	9.68e-02	1.96e-03
 6.92738e+15	9.03e-01	9.52e-02	1.89e-03
 6.94010e+15	9.04e-01	9.37e-02	1.83e-03
 6.95274e+15	9.06e-01	9.22e-02	1.77e-03
 6.96523e+15	9.08e-01	9.08e-02	1.71e-03
 6.97754e+15	9.09e-01	8.94e-02	1.66e-03
 6.98971e+15	9.10e-01	8.80e-02	1.60e-03
 7.00176e+15	9.12e-01	8.67e-02	1.55e-03
 7.01370e+15	9.13e-01	8.54e-02	1.51e-03
 7.02554e+15	9.14e-01	8.42e-02	1.46e-03
 7.03728e+15	9.16e-01	8.29e-02	1.42e-03
 7.04895e+15	9.17e-01	8.17e-02	1.37e-03
 7.06055e+15	9.18e-01	8.06e-02	1.33e-03
 7.07211e+15	9.19e-01	7.94e-02	1.29e-03
 7.08364e+15	9.20e-01	7.83e-02	1.26e-03
 7.09516e+15	9.22e-01	7.72e-02	1.22e-03
 7.10670e+15	9.23e-01	7.61e-02	1.18e-03
 7.11835e+15	9.24e-01	7.50e-02	1.15e-03
 7.13027e+15	9.25e-01	7.40e-02	1.11e-03
 7.14245e+15	9.26e-01	7.29e-02	1.08e-03
 7.15480e+15	9.27e-01	7.18e-02	1.05e-03
 7.16735e+15	9.28e-01	7.07e-02	1.01e-03
 7.18022e+15	9.29e-01	6.96e-02	9.81e-04
 7.19353e+15	9.31e-01	6.85e-02	9.49e-04
 7.20742e+15	9.32e-01	6.74e-02	9.16e-04
 7.22204e+15	9.33e-01	6.62e-02	8.82e-04
 7.23769e+15	9.34e-01	6.49e-02	8.48e-04
 7.25477e+15	9.36e-01	6.36e-02	8.12e-04
 7.27390e+15	9.37e-01	6.21e-02	7.73e-04
 7.29625e+15	9.39e-01	6.05e-02	7.30e-04
 7.31950e+15	9.40e-01	5.88e-02	6.89e-04
 7.34066e+15	9.42e-01	5.74e-02	6.53e-04
 7.35991e+15	9.43e-01	5.61e-02	6.23e-04
 7.37743e+15	9.45e-01	5.49e-02	5.96e-04
 7.39338e+15	9.46e-01	5.39e-02	5.73e-04
 7.40789e+15	9.47e-01	5.29e-02	5.52e-04
 7.42109e+15	9.47e-01	5.20e-02	5.33e-04
 7.43310e+15	9.48e-01	5.13e-02	5.17e-04
 7.44627e+15	9.49e-01	5.05e-02	4.99e-04
 7.46339e+15	9.50e-01	4.94e-02	4.78e-04
 7.48187e+15	9.51e-01	4.83e-02	4.56e-04
 7.49868e+15	9.52e-01	4.73e-02	4.37e-04
 7.51398e+15	9.53e-01	4.64e-02	4.19e-04
 7.52791e+15	9.54e-01	4.56e-02	4.04e-04
 7.54058e+15	9.55e-01	4.49e-02	3.91e-04
 7.55211e+15	9.55e-01	4.42e-02	3.79e-04
 7.56260e+15	9.56e-01	4.36e-02	3.68e-04
 7.57410e+15	9.57e-01	4.29e-02	3.56e-04
 7.58651e+15	9.57e-01	4.23e-02	3.45e-04
 7.59781e+15	9.58e-01	4.16e-02	3.35e-04
 7.60809e+15	9.59e-01	4.11e-02	3.25e-04
 7.61744e+15	9.59e-01	4.06e-02	3.17e-04
 7.62769e+15	9.60e-01	4.00e-02	3.08e-04
 7.63876e+15	9.60e-01	3.94e-02	2.99e-04
 7.64883e+15	9.61e-01	3.89e-02	2.90e-04
 7.65799e+15	9.61e-01	3.84e-02	2.83e-04
 7.66803e+15	9.62e-01	3.78e-02	2.75e-04
 7.67888e+15	9.62e-01	3.73e-02	2.67e-04
 7.68874e+15	9.63e-01	3.68e-02	2.59e-04
 7.69772e+15	9.63e-01	3.63e-02	2.53e-04
 7.70756e+15	9.64e-01	3.58e-02	2.45e-04
 7.71818e+15	9.64e-01	3.53e-02	2.38e-04
 7.72784e+15	9.65e-01	3.48e-02	2.32e-04
 7.73663e+15	9.65e-01	3.44e-02	2.26e-04
 7.74627e+15	9.66e-01	3.39e-02	2.19e-04
 7.75668e+15	9.66e-01	3.35e-02	2.13e-04
 7.76614e+15	9.67e-01	3.30e-02	2.07e-04
 7.77476e+15	9.67e-01	3.26e-02	2.02e-04
 7.78420e+15	9.68e-01	3.21e-02	1.96e-04
 7.79439e+15	9.68e-01	3.17e-02	1.91e-04
 7.80367e+15	9.69e-01	3.13e-02	1.86e-04
 7.81211e+15	9.69e-01	3.09e-02	1.82e-04
 7.82136e+15	9.69e-01	3.05e-02	1.77e-04
 7.83134e+15	9.70e-01	3.01e-02	1.72e-04
 7.84043e+15	9.70e-01	2.97e-02	1.68e-04
 7.84869e+15	9.70e-01	2.94e-02	1.64e-04
 7.85775e+15	9.71e-01	2.90e-02	1.59e-04
 7.86754e+15	9.71e-01	2.86e-02	1.55e-04
 7.87644e+15	9.72e-01	2.83e-02	1.51e-04
 7.88619e+15	9.72e-01	2.79e-02	1.47e-04
 7.89672e+15	9.72e-01	2.74e-02	1.43e-04
 7.90630e+15	9.73e-01	2.71e-02	1.39e-04
 7.91680e+15	9.73e-01	2.67e-02	1.35e-04
 7.92814e+15	9.74e-01	2.64e-02	1.31e-04
 7.93846e+15	9.74e-01	2.60e-02	1.28e-04
 7.94784e+15	9.74e-01	2.57e-02	1.25e-04
 7.95813e+15	9.75e-01	2.53e-02	1.21e-04
 7.96923e+15	9.75e-01	2.50e-02	1.18e-04
 7.97934e+15	9.75e-01	2.46e-02	1.15e-04
 7.99041e+15	9.76e-01	2.43e-02	1.11e-04
 8.00237e+15	9.76e-01	2.39e-02	1.08e-04
 8.01325e+15	9.76e-01	2.36e-02	1.05e-04
 8.02315e+15	9.77e-01	2.33e-02	1.02e-04
 8.03400e+15	9.77e-01	2.29e-02	9.94e-05
 8.04571e+15	9.77e-01	2.26e-02	9.69e-05
 8.05636e+15	9.78e-01	2.23e-02	9.41e-05
 8.06804e+15	9.78e-01	2.19e-02	9.12e-05
 8.08065e+15	9.78e-01	2.16e-02	8.85e-05
 8.09212e+15	9.79e-01	2.13e-02	8.60e-05
 8.10470e+15	9.79e-01	2.10e-02	8.32e-05
 8.11827e+15	9.79e-01	2.06e-02	8.06e-05
 8.13062e+15	9.80e-01	2.03e-02	7.82e-05
 8.14186e+15	9.80e-01	2.00e-02	7.61e-05
 8.15418e+15	9.80e-01	1.97e-02	7.38e-05
 8.16747e+15	9.80e-01	1.94e-02	7.17e-05
 8.17957e+15	9.81e-01	1.91e-02	6.95e-05
 8.19283e+15	9.81e-01	1.88e-02	6.73e-05
 8.20714e+15	9.81e-01	1.85e-02	6.51e-05
 8.22017e+15	9.82e-01	1.82e-02	6.32e-05
 8.23444e+15	9.82e-01	1.79e-02	6.10e-05
 8.24985e+15	9.82e-01	1.76e-02	5.90e-05
 8.26388e+15	9.83e-01	1.73e-02	5.71e-05
 8.27664e+15	9.83e-01	1.71e-02	5.55e-05
 8.29062e+15	9.83e-01	1.68e-02	5.37e-05
 8.30572e+15	9.83e-01	1.65e-02	5.20e-05
 8.31945e+15	9.84e-01	1.63e-02	5.04e-05
 8.33451e+15	9.84e-01	1.60e-02	4.87e-05
 8.35076e+15	9.84e-01	1.57e-02	4.70e-05
 8.36555e+15	9.84e-01	1.55e-02	4.55e-05
 8.38175e+15	9.85e-01	1.52e-02	4.39e-05
 8.39925e+15	9.85e-01	1.49e-02	4.23e-05
 8.41517e+15	9.85e-01	1.46e-02	4.09e-05
 8.43261e+15	9.86e-01	1.44e-02	3.93e-05
 8.45144e+15	9.86e-01	1.41e-02	3.79e-05
 8.46858e+15	9.86e-01	1.38e-02	3.65e-05
 8.48736e+15	9.86e-01	1.36e-02	3.51e-05
 8.50764e+15	9.87e-01	1.33e-02	3.37e-05
 8.52609e+15	9.87e-01	1.30e-02	3.25e-05
 8.54288e+15	9.87e-01	1.28e-02	3.14e-05
 8.56128e+15	9.87e-01	1.26e-02	3.02e-05
 8.58114e+15	9.88e-01	1.23e-02	2.91e-05
 8.59921e+15	9.88e-01	1.21e-02	2.81e-05
 8.61902e+15	9.88e-01	1.19e-02	2.70e-05
 8.64040e+15	9.88e-01	1.16e-02	2.59e-05
 8.65986e+15	9.89e-01	1.14e-02	2.49e-05
 8.68118e+15	9.89e-01	1.12e-02	2.39e-05
 8.70420e+15	9.89e-01	1.09e-02	2.29e-05
 8.72515e+15	9.89e-01	1.07e-02	2.20e-05
 8.74810e+15	9.90e-01	1.05e-02	2.11e-05
 8.77288e+15	9.90e-01	1.02e-02	2.01e-05
 8.79543e+15	9.90e-01	1.00e-02	1.93e-05
 8.82014e+15	9.90e-01	9.79e-03	1.85e-05
 8.84682e+15	9.90e-01	9.56e-03	1.76e-05
 8.87109e+15	9.91e-01	9.35e-03	1.69e-05
 8.89769e+15	9.91e-01	9.12e-03	1.61e-05
 8.92641e+15	9.91e-01	8.90e-03	1.53e-05
 8.95255e+15	9.91e-01	8.70e-03	1.46e-05
 8.98118e+15	9.92e-01	8.48e-03	1.39e-05
 9.01210e+15	9.92e-01	8.26e-03	1.32e-05
 9.04023e+15	9.92e-01	8.06e-03	1.26e-05
 9.07106e+15	9.92e-01	7.85e-03	1.19e-05
 9.10434e+15	9.92e-01	7.63e-03	1.13e-05
 9.13463e+15	9.93e-01	7.45e-03	1.07e-05
 9.16782e+15	9.93e-01	7.24e-03	1.02e-05
 9.20365e+15	9.93e-01	7.03e-03	9.59e-06
 9.23625e+15	9.93e-01	6.85e-03	9.11e-06
 9.27198e+15	9.93e-01	6.65e-03	8.59e-06
 9.31843e+15	9.94e-01	6.40e-03	7.96e-06
 9.37151e+15	9.94e-01	6.13e-03	7.33e-06
 9.42439e+15	9.94e-01	5.89e-03	6.76e-06
 9.47722e+15	9.94e-01	5.65e-03	6.24e-06
 9.53230e+15	9.95e-01	5.42e-03	5.74e-06
 9.58997e+15	9.95e-01	5.19e-03	5.27e-06
 9.64959e+15	9.95e-01	4.97e-03	4.83e-06
 9.71104e+15	9.95e-01	4.75e-03	4.42e-06
 9.77462e+15	9.95e-01	4.53e-03	4.03e-06
 9.84054e+15	9.96e-01	4.33e-03	3.67e-06
 9.90840e+15	9.96e-01	4.12e-03	3.34e-06
 9.97751e+15	9.96e-01	3.93e-03	3.04e-06
 1.00476e+16	9.96e-01	3.75e-03	2.76e-06
 1.01181e+16	9.96e-01	3.57e-03	2.51e-06
 1.01896e+16	9.97e-01	3.40e-03	2.29e-06
 1.02634e+16	9.97e-01	3.24e-03	2.07e-06
 1.03390e+16	9.97e-01	3.08e-03	1.88e-06
 1.04156e+16	9.97e-01	2.93e-03	1.70e-06
 1.04934e+16	9.97e-01	2.79e-03	1.54e-06
 1.05726e+16	9.97e-01	2.65e-03	1.39e-06
 1.06533e+16	9.97e-01	2.52e-03	1.26e-06
 1.07355e+16	9.98e-01	2.39e-03	1.14e-06
 1.08191e+16	9.98e-01	2.27e-03	1.02e-06
 1.09044e+16	9.98e-01	2.15e-03	9.23e-07
 1.09914e+16	9.98e-01	2.04e-03	8.31e-07
 1.10798e+16	9.98e-01	1.93e-03	7.47e-07
 1.11700e+16	9.98e-01	1.83e-03	6.71e-07
 1.12620e+16	9.98e-01	1.73e-03	6.02e-07
 1.13558e+16	9.98e-01	1.64e-03	5.39e-07
 1.14515e+16	9.98e-01	1.55e-03	4.82e-07
 1.15491e+16	9.99e-01	1.47e-03	4.31e-07
 1.16488e+16	9.99e-01	1.38e-03	3.84e-07
 1.17506e+16	9.99e-01	1.30e-03	3.42e-07
 1.18546e+16	9.99e-01	1.23e-03	3.04e-07
 1.19609e+16	9.99e-01	1.16e-03	2.70e-07
 1.20696e+16	9.99e-01	1.09e-03	2.39e-07
 1.21809e+16	9.99e-01	1.02e-03	2.11e-07
 1.22949e+16	9.99e-01	9.61e-04	1.86e-07
 1.24118e+16	9.99e-01	9.01e-04	1.64e-07
 1.25316e+16	9.99e-01	8.44e-04	1.44e-07
 1.26547e+16	9.99e-01	7.90e-04	1.26e-07
 1.27812e+16	9.99e-01	7.37e-04	1.10e-07
 1.29113e+16	9.99e-01	6.88e-04	9.58e-08
 1.30452e+16	9.99e-01	6.40e-04	8.32e-08
 1.31826e+16	9.99e-01	5.96e-04	7.22e-08
 1.33221e+16	9.99e-01	5.54e-04	6.24e-08
 1.34667e+16	9.99e-01	5.13e-04	5.36e-08
 1.36200e+16	1.00e+00	4.74e-04	4.57e-08
 1.37800e+16	1.00e+00	4.36e-04	3.88e-08
 1.39457e+16	1.00e+00	4.01e-04	3.27e-08
 1.41179e+16	1.00e+00	3.67e-04	2.75e-08
 1.42982e+16	1.00e+00	3.35e-04	2.29e-08
 1.44878e+16	1.00e+00	3.04e-04	1.89e-08
 1.46874e+16	1.00e+00	2.75e-04	1.55e-08
 1.48986e+16	1.00e+00	2.47e-04	1.25e-08
 1.51235e+16	1.00e+00	2.21e-04	1.00e-08
 1.53627e+16	1.00e+00	1.96e-04	7.91e-09
 1.56218e+16	1.00e+00	1.73e-04	6.14e-09
 1.59023e+16	1.00e+00	1.51e-04	4.67e-09
 1.62090e+16	1.00e+00	1.30e-04	3.47e-09
 1.65455e+16	1.00e+00	1.11e-04	2.52e-09
 1.69159e+16	1.00e+00	9.27e-05	1.77e-09
 1.73485e+16	1.00e+00	7.56e-05	1.18e-09
 1.78460e+16	1.00e+00	6.00e-05	7.45e-10
 1.83740e+16	1.00e+00	4.73e-05	4.65e-10
 1.89064e+16	1.00e+00	3.75e-05	2.91e-10
 1.94377e+16	1.00e+00	2.98e-05	1.84e-10
 1.99731e+16	1.00e+00	2.37e-05	1.17e-10
 2.05171e+16	1.00e+00	1.89e-05	7.45e-11
 2.10724e+16	1.00e+00	1.51e-05	4.74e-11
 2.16397e+16	1.00e+00	1.20e-05	3.01e-11
 2.22162e+16	1.00e+00	9.57e-06	1.92e-11
 2.28040e+16	1.00e+00	7.63e-06	1.22e-11
 2.34063e+16	1.00e+00	6.09e-06	7.79e-12
 2.40234e+16	1.00e+00	4.85e-06	4.95e-12
 2.46562e+16	1.00e+00	3.85e-06	3.14e-12
 2.53034e+16	1.00e+00	3.07e-06	1.99e-12
 2.59677e+16	1.00e+00	2.44e-06	1.26e-12
 2.66428e+16	1.00e+00	1.94e-06	7.97e-13
 2.73143e+16	1.00e+00	1.55e-06	5.12e-13
 2.79709e+16	1.00e+00	1.25e-06	3.35e-13
 2.86064e+16	1.00e+00	1.02e-06	2.24e-13
 2.92228e+16	1.00e+00	8.44e-07	1.52e-13
 2.98235e+16	1.00e+00	7.01e-07	1.05e-13
 3.04098e+16	1.00e+00	5.87e-07	7.39e-14
 3.09779e+16	1.00e+00	4.95e-07	5.27e-14
 3.15252e+16	1.00e+00	4.21e-07	3.82e-14
 3.20512e+16	1.00e+00	3.61e-07	2.82e-14
 3.25566e+16	1.00e+00	3.12e-07	2.11e-14
 3.30422e+16	1.00e+00	2.72e-07	1.61e-14
 3.35087e+16	1.00e+00	2.39e-07	1.24e-14
 3.39558e+16	1.00e+00	2.11e-07	9.66e-15
 3.43833e+16	1.00e+00	1.87e-07	7.64e-15
 3.47916e+16	1.00e+00	1.68e-07	6.12e-15
 3.51816e+16	1.00e+00	1.51e-07	4.96e-15
 3.55540e+16	1.00e+00	1.36e-07	4.07e-15
 3.59097e+16	1.00e+00	1.24e-07	3.37e-15
 3.62490e+16	1.00e+00	1.13e-07	2.82e-15
 3.65726e+16	1.00e+00	1.04e-07	2.38e-15
 3.68808e+16	1.00e+00	9.61e-08	2.03e-15
 3.71744e+16	1.00e+00	8.90e-08	1.74e-15
 3.74542e+16	1.00e+00	8.28e-08	1.51e-15
 3.77212e+16	1.00e+00	7.73e-08	1.32e-15
 3.79762e+16	1.00e+00	7.25e-08	1.16e-15
 3.82197e+16	1.00e+00	6.81e-08	1.03e-15
 3.84521e+16	1.00e+00	6.42e-08	9.12e-16
 3.86740e+16	1.00e+00	6.07e-08	8.16e-16
 3.88862e+16	1.00e+00	5.76e-08	7.35e-16
 3.90889e+16	1.00e+00	5.47e-08	6.64e-16
 3.92830e+16	1.00e+00	5.21e-08	6.04e-16
 3.94689e+16	1.00e+00	4.98e-08	5.51e-16
 3.96473e+16	1.00e+00	4.76e-08	5.05e-16
 3.98186e+16	1.00e+00	4.57e-08	4.64e-16
 3.99833e+16	1.00e+00	4.39e-08	4.28e-16
 4.01418e+16	1.00e+00	4.22e-08	3.96e-16
 4.02945e+16	1.00e+00	4.06e-08	3.68e-16
 4.04420e+16	1.00e+00	3.92e-08	3.43e-16
 4.05850e+16	1.00e+00	3.79e-08	3.20e-16
 4.07238e+16	1.00e+00	3.66e-08	2.99e-16
 4.08588e+16	1.00e+00	3.54e-08	2.80e-16
 4.09905e+16	1.00e+00	3.43e-08	2.63e-16
 4.11192e+16	1.00e+00	3.33e-08	2.48e-16
 4.12458e+16	1.00e+00	3.23e-08	2.33e-16
 4.13708e+16	1.00e+00	3.13e-08	2.20e-16
 4.14948e+16	1.00e+00	3.04e-08	2.07e-16
 4.16184e+16	1.00e+00	2.95e-08	1.95e-16
 4.17423e+16	1.00e+00	2.86e-08	1.84e-16
 4.18674e+16	1.00e+00	2.78e-08	1.73e-16
 4.19949e+16	1.00e+00	2.70e-08	1.63e-16
 4.21258e+16	1.00e+00	2.61e-08	1.53e-16
 4.22619e+16	1.00e+00	2.53e-08	1.44e-16
 4.24051e+16	1.00e+00	2.45e-08	1.34e-16
 4.25578e+16	1.00e+00	2.36e-08	1.25e-16
 4.27234e+16	1.00e+00	2.27e-08	1.16e-16
 4.29067e+16	1.00e+00	2.17e-08	1.06e-16
 4.31144e+16	1.00e+00	2.07e-08	9.62e-17
 4.33563e+16	1.00e+00	1.95e-08	8.58e-17
 4.36474e+16	1.00e+00	1.82e-08	7.48e-17
 4.40118e+16	1.00e+00	1.67e-08	6.30e-17
 4.44815e+16	1.00e+00	1.49e-08	5.06e-17
 4.50921e+16	1.00e+00	1.30e-08	3.81e-17
 4.58859e+16	1.00e+00	1.08e-08	2.65e-17
 4.69178e+16	1.00e+00	8.54e-09	1.67e-17
 4.82593e+16	1.00e+00	6.34e-09	9.27e-18
 4.97994e+16	1.00e+00	4.58e-09	4.87e-18
 5.13631e+16	1.00e+00	3.33e-09	2.58e-18
 5.29265e+16	1.00e+00	2.43e-09	1.39e-18
 5.44898e+16	1.00e+00	1.79e-09	7.60e-19
 5.60529e+16	1.00e+00	1.33e-09	4.22e-19
 5.78504e+16	1.00e+00	9.43e-10	2.14e-19
 5.99990e+16	1.00e+00	6.37e-10	9.86e-20
 6.22864e+16	1.00e+00	4.26e-10	4.47e-20
 6.45958e+16	1.00e+00	2.88e-10	2.06e-20
 6.69815e+16	1.00e+00	1.94e-10	9.47e-21
 6.94436e+16	1.00e+00	1.31e-10	0.00e+00
 7.19902e+16	1.00e+00	8.81e-11	0.00e+00
 7.46601e+16	1.00e+00	5.90e-11	0.00e+00
 7.74084e+16	1.00e+00	3.95e-11	0.00e+00
 8.02235e+16	1.00e+00	2.65e-11	0.00e+00
 8.30658e+16	1.00e+00	1.80e-11	0.00e+00
 8.59080e+16	1.00e+00	1.23e-11	0.00e+00
 8.87073e+16	1.00e+00	8.57e-12	0.00e+00
 9.11884e+16	1.00e+00	6.30e-12	0.00e+00
 9.29415e+16	1.00e+00	5.14e-12	0.00e+00
 9.39567e+16	1.00e+00	4.59e-12	0.00e+00
 9.45410e+16	1.00e+00	4.29e-12	0.00e+00
 9.48915e+16	1.00e+00	4.12e-12	0.00e+00
 9.51210e+16	1.00e+00	4.01e-12	0.00e+00
 9.53189e+16	1.00e+00	3.92e-12	0.00e+00
 9.55234e+16	1.00e+00	3.82e-12	0.00e+00
 9.57302e+16	1.00e+00	3.73e-12	0.00e+00
 9.59330e+16	1.00e+00	3.64e-12	0.00e+00
 9.61164e+16	1.00e+00	3.56e-12	0.00e+00
 9.62940e+16	1.00e+00	3.48e-12	0.00e+00
 9.64760e+16	1.00e+00	3.41e-12	0.00e+00
 9.66340e+16	1.00e+00	3.35e-12	0.00e+00
 9.67666e+16	1.00e+00	3.30e-12	0.00e+00
 9.68942e+16	1.00e+00	3.25e-12	0.00e+00
 9.70281e+16	1.00e+00	3.19e-12	0.00e+00
 9.71578e+16	1.00e+00	3.15e-12	0.00e+00
 9.72745e+16	1.00e+00	3.10e-12	0.00e+00
 9.73814e+16	1.00e+00	3.06e-12	0.00e+00
 9.74826e+16	1.00e+00	3.03e-12	0.00e+00
 9.75851e+16	1.00e+00	2.99e-12	0.00e+00
 9.76883e+16	1.00e+00	2.95e-12	0.00e+00
 9.77845e+16	1.00e+00	2.92e-12	0.00e+00
 9.78697e+16	1.00e+00	2.89e-12	0.00e+00
 9.79484e+16	1.00e+00	2.86e-12	0.00e+00
 9.80340e+16	1.00e+00	2.84e-12	0.00e+00
 9.81252e+16	1.00e+00	2.80e-12	0.00e+00
 9.82078e+16	1.00e+00	2.78e-12	0.00e+00
 9.82762e+16	1.00e+00	2.75e-12	0.00e+00
 9.83459e+16	1.00e+00	2.73e-12	0.00e+00
 9.84152e+16	1.00e+00	2.71e-12	0.00e+00
 9.84862e+16	1.00e+00	2.69e-12	0.00e+00
 9.85680e+16	1.00e+00	2.66e-12	0.00e+00
 9.86464e+16	1.00e+00	2.63e-12	0.00e+00
 9.87140e+16	1.00e+00	2.61e-12	0.00e+00
 9.87768e+16	1.00e+00	2.59e-12	0.00e+00
 9.88428e+16	1.00e+00	2.57e-12	0.00e+00
 9.89143e+16	1.00e+00	2.55e-12	0.00e+00
 9.89889e+16	1.00e+00	2.52e-12	0.00e+00
 9.90595e+16	1.00e+00	2.50e-12	0.00e+00
 9.91222e+16	1.00e+00	2.48e-12	0.00e+00
 9.91890e+16	1.00e+00	2.46e-12	0.00e+00
 9.92663e+16	1.00e+00	2.44e-12	0.00e+00
 9.93425e+16	1.00e+00	2.41e-12	0.00e+00
 9.94101e+16	1.00e+00	2.39e-12	0.00e+00
 9.94797e+16	1.00e+00	2.37e-12	0.00e+00
 9.95583e+16	1.00e+00	2.35e-12	0.00e+00
 9.96382e+16	1.00e+00	2.32e-12	0.00e+00
 9.97138e+16	1.00e+00	2.30e-12	0.00e+00
 9.97872e+16	1.00e+00	2.28e-12	0.00e+00
 9.98702e+16	1.00e+00	2.26e-12	0.00e+00
 9.99615e+16	1.00e+00	2.23e-12	0.00e+00
 1.00050e+17	1.00e+00	2.21e-12	0.00e+00
 1.00133e+17	1.00e+00	2.18e-12	0.00e+00
 1.00213e+17	1.00e+00	2.16e-12	0.00e+00
 1.00301e+17	1.00e+00	2.14e-12	0.00e+00
 1.00400e+17	1.00e+00	2.11e-12	0.00e+00
 1.00496e+17	1.00e+00	2.08e-12	0.00e+00
 1.00586e+17	1.00e+00	2.06e-12	0.00e+00
 1.00683e+17	1.00e+00	2.03e-12	0.00e+00
 1.00790e+17	1.00e+00	2.00e-12	0.00e+00
 1.00902e+17	1.00e+00	1.97e-12	0.00e+00
 1.01012e+17	1.00e+00	1.95e-12	0.00e+00
 1.01116e+17	1.00e+00	1.92e-12	0.00e+00
 1.01220e+17	1.00e+00	1.89e-12	0.00e+00
 1.01336e+17	1.00e+00	1.86e-12	0.00e+00
 1.01464e+17	1.00e+00	1.83e-12	0.00e+00
 1.01596e+17	1.00e+00	1.80e-12	0.00e+00
 1.01722e+17	1.00e+00	1.77e-12	0.00e+00
 1.01846e+17	1.00e+00	1.74e-12	0.00e+00
 1.01978e+17	1.00e+00	1.71e-12	0.00e+00
 1.02119e+17	1.00e+00	1.68e-12	0.00e+00
 1.02267e+17	1.00e+00	1.65e-12	0.00e+00
 1.02418e+17	1.00e+00	1.62e-12	0.00e+00
 1.02568e+17	1.00e+00	1.58e-12	0.00e+00
 1.02720e+17	1.00e+00	1.55e-12	0.00e+00
 1.02881e+17	1.00e+00	1.52e-12	0.00e+00
 1.03051e+17	1.00e+00	1.48e-12	0.00e+00
 1.03225e+17	1.00e+00	1.45e-12	0.00e+00
 1.03404e+17	1.00e+00	1.42e-12	0.00e+00
 1.03589e+17	1.00e+00	1.38e-12	0.00e+00
 1.03779e+17	1.00e+00	1.35e-12	0.00e+00
 1.03973e+17	1.00e+00	1.31e-12	0.00e+00
 1.04172e+17	1.00e+00	1.28e-12	0.00e+00
 1.04380e+17	1.00e+00	1.24e-12	0.00e+00
 1.04594e+17	1.00e+00	1.21e-12	0.00e+00
 1.04815e+17	1.00e+00	1.17e-12	0.00e+00
 1.05044e+17	1.00e+00	1.14e-12	0.00e+00
 1.05277e+17	1.00e+00	1.10e-12	0.00e+00
 1.05514e+17	1.00e+00	1.07e-12	0.00e+00
 1.05762e+17	1.00e+00	1.03e-12	0.00e+00
 1.06020e+17	1.00e+00	9.97e-13	0.00e+00
 1.06279e+17	1.00e+00	9.63e-13	0.00e+00
 1.06541e+17	1.00e+00	9.30e-13	0.00e+00
 1.06819e+17	1.00e+00	8.96e-13	0.00e+00
 1.07118e+17	1.00e+00	8.60e-13	0.00e+00
 1.07424e+17	1.00e+00	8.25e-13	0.00e+00
 1.07723e+17	1.00e+00	7.94e-13	0.00e+00
 1.08022e+17	1.00e+00	7.63e-13	0.00e+00
 1.08347e+17	1.00e+00	7.30e-13	0.00e+00
 1.08700e+17	1.00e+00	6.96e-13	0.00e+00
 1.09046e+17	1.00e+00	6.65e-13	0.00e+00
 1.09387e+17	1.00e+00	6.35e-13	0.00e+00
 1.09741e+17	1.00e+00	6.06e-13	0.00e+00
 1.10122e+17	1.00e+00	5.76e-13	0.00e+00
 1.10524e+17	1.00e+00	5.47e-13	0.00e+00
 1.10941e+17	1.00e+00	5.18e-13	0.00e+00
 1.11360e+17	1.00e+00	4.91e-13	0.00e+00
 1.11783e+17	1.00e+00	4.66e-13	0.00e+00
 1.12239e+17	1.00e+00	4.40e-13	0.00e+00
 1.12726e+17	1.00e+00	4.13e-13	0.00e+00
 1.13217e+17	1.00e+00	3.89e-13	0.00e+00
 1.13709e+17	1.00e+00	3.67e-13	0.00e+00
 1.14224e+17	1.00e+00	3.45e-13	0.00e+00
 1.14783e+17	1.00e+00	3.23e-13	0.00e+00
 1.15372e+17	1.00e+00	3.01e-13	0.00e+00
 1.15935e+17	1.00e+00	2.83e-13	0.00e+00
 1.16430e+17	1.00e+00	2.67e-13	0.00e+00
 1.16877e+17	1.00e+00	2.54e-13	0.00e+00
 1.17323e+17	1.00e+00	2.42e-13	0.00e+00
 1.17802e+17	1.00e+00	2.29e-13	0.00e+00
 1.18310e+17	1.00e+00	2.16e-13	0.00e+00
 1.18800e+17	1.00e+00	2.04e-13	0.00e+00
 1.19223e+17	1.00e+00	1.95e-13	0.00e+00
 1.19577e+17	1.00e+00	1.87e-13	0.00e+00
 1.19889e+17	1.00e+00	1.80e-13	0.00e+00
 1.20184e+17	1.00e+00	1.74e-13	0.00e+00
 1.20470e+17	1.00e+00	1.68e-13	0.00e+00
 1.20738e+17	1.00e+00	1.63e-13	0.00e+00
 1.20983e+17	1.00e+00	1.58e-13	0.00e+00
 1.21209e+17	1.00e+00	1.54e-13	0.00e+00
 1.21425e+17	1.00e+00	1.50e-13	0.00e+00
 1.21634e+17	1.00e+00	1.46e-13	0.00e+00
 1.21837e+17	1.00e+00	1.42e-13	0.00e+00
 1.22031e+17	1.00e+00	1.39e-13	0.00e+00
 1.22218e+17	1.00e+00	1.36e-13	0.00e+00
 1.22398e+17	1.00e+00	1.33e-13	0.00e+00
 1.22574e+17	1.00e+00	1.30e-13	0.00e+00
 1.22747e+17	1.00e+00	1.28e-13	0.00e+00
 1.22916e+17	1.00e+00	1.25e-13	0.00e+00
 1.23081e+17	1.00e+00	1.23e-13	0.00e+00
 1.23242e+17	1.00e+00	1.21e-13	0.00e+00
 1.23400e+17	1.00e+00	1.18e-13	0.00e+00
 1.23556e+17	1.00e+00	1.16e-13	0.00e+00
 1.23710e+17	1.00e+00	1.14e-13	0.00e+00
 1.23862e+17	1.00e+00	1.12e-13	0.00e+00
 1.24011e+17	1.00e+00	1.10e-13	0.00e+00
 1.24158e+17	1.00e+00	1.08e-13	0.00e+00
 1.24304e+17	1.00e+00	1.07e-13	0.00e+00
 1.24471e+17	1.00e+00	1.05e-13	0.00e+00
 1.24688e+17	1.00e+00	1.02e-13	0.00e+00
 1.24970e+17	1.00e+00	9.86e-14	0.00e+00
 1.25337e+17	1.00e+00	9.45e-14	0.00e+00
 1.25814e+17	1.00e+00	8.95e-14	0.00e+00
 1.26407e+17	1.00e+00	8.37e-14	0.00e+00
 1.27041e+17	1.00e+00	7.81e-14	0.00e+00
 1.27615e+17	1.00e+00	7.34e-14	0.00e+00
 1.28119e+17	1.00e+00	6.96e-14	0.00e+00
 1.28603e+17	1.00e+00	6.61e-14	0.00e+00
 1.29120e+17	1.00e+00	6.25e-14	0.00e+00
 1.29681e+17	1.00e+00	5.89e-14	0.00e+00
 1.30258e+17	1.00e+00	5.54e-14	0.00e+00
 1.30826e+17	1.00e+00	5.22e-14	0.00e+00
 1.31389e+17	1.00e+00	4.92e-14	0.00e+00
 1.31971e+17	1.00e+00	4.63e-14	0.00e+00
 1.32597e+17	1.00e+00	4.34e-14	0.00e+00
 1.33272e+17	1.00e+00	4.05e-14	0.00e+00
 1.34000e+17	1.00e+00	3.76e-14	0.00e+00
 1.34793e+17	1.00e+00	3.46e-14	0.00e+00
 1.35690e+17	1.00e+00	3.16e-14	0.00e+00
 1.36759e+17	1.00e+00	2.83e-14	0.00e+00
 1.38113e+17	1.00e+00	2.47e-14	0.00e+00
 1.39874e+17	1.00e+00	2.06e-14	0.00e+00
 1.42162e+17	1.00e+00	1.64e-14	0.00e+00
 1.45137e+17	1.00e+00	1.22e-14	0.00e+00
 1.49004e+17	1.00e+00	8.40e-15	0.00e+00
 1.54032e+17	1.00e+00	5.21e-15	0.00e+00
 1.60011e+17	1.00e+00	3.01e-15	0.00e+00
 1.66133e+17	1.00e+00	1.74e-15	0.00e+00
 1.71702e+17	1.00e+00	1.07e-15	0.00e+00
 1.76698e+17	1.00e+00	6.86e-16	0.00e+00
 1.82248e+17	1.00e+00	4.19e-16	0.00e+00
 1.87268e+17	1.00e+00	2.69e-16	0.00e+00
 1.90279e+17	1.00e+00	2.04e-16	0.00e+00
 1.92086e+17	1.00e+00	1.72e-16	0.00e+00
 1.93171e+17	1.00e+00	1.54e-16	0.00e+00
 1.93821e+17	1.00e+00	1.44e-16	0.00e+00
 1.94211e+17	1.00e+00	1.38e-16	0.00e+00
 1.94446e+17	1.00e+00	1.35e-16	0.00e+00
 1.94612e+17	1.00e+00	1.32e-16	0.00e+00
 1.94793e+17	1.00e+00	1.30e-16	0.00e+00
 1.95028e+17	1.00e+00	1.26e-16	0.00e+00
 1.95322e+17	1.00e+00	1.22e-16	0.00e+00
 1.95633e+17	1.00e+00	1.18e-16	0.00e+00
 1.95898e+17	1.00e+00	1.15e-16	0.00e+00
 1.96103e+17	1.00e+00	1.12e-16	0.00e+00
 1.96289e+17	1.00e+00	1.10e-16	0.00e+00
 1.96501e+17	1.00e+00	1.07e-16	0.00e+00
 1.96761e+17	1.00e+00	1.04e-16	0.00e+00
 1.97039e+17	1.00e+00	1.00e-16	0.00e+00
 1.97280e+17	1.00e+00	9.71e-17	0.00e+00
 1.97472e+17	1.00e+00	9.47e-17	0.00e+00
 1.97644e+17	1.00e+00	9.26e-17	0.00e+00
 1.97835e+17	1.00e+00	9.04e-17	0.00e+00
 1.98067e+17	1.00e+00	8.77e-17	0.00e+00
 1.98314e+17	1.00e+00	8.48e-17	0.00e+00
 1.98533e+17	1.00e+00	8.22e-17	0.00e+00
 1.98710e+17	1.00e+00	8.01e-17	0.00e+00
 1.98870e+17	1.00e+00	7.83e-17	0.00e+00
 1.99044e+17	1.00e+00	7.63e-17	0.00e+00
 1.99249e+17	1.00e+00	7.41e-17	0.00e+00
 1.99470e+17	1.00e+00	7.16e-17	0.00e+00
 1.99670e+17	1.00e+00	6.93e-17	0.00e+00
 1.99836e+17	1.00e+00	6.74e-17	0.00e+00
 1.99985e+17	1.00e+00	6.58e-17	0.00e+00
 2.00144e+17	1.00e+00	6.41e-17	0.00e+00
 2.00330e+17	1.00e+00	6.21e-17	0.00e+00
 2.00533e+17	1.00e+00	5.99e-17	0.00e+00
 2.00719e+17	1.00e+00	5.79e-17	0.00e+00
 2.00874e+17	1.00e+00	5.62e-17	0.00e+00
 2.01013e+17	1.00e+00	5.47e-17	0.00e+00
 2.01161e+17	1.00e+00	5.32e-17	0.00e+00
 2.01335e+17	1.00e+00	5.15e-17	0.00e+00
 2.01525e+17	1.00e+00	4.95e-17	0.00e+00
 2.01700e+17	1.00e+00	4.77e-17	0.00e+00
 2.01848e+17	1.00e+00	4.62e-17	0.00e+00
 2.01982e+17	1.00e+00	4.49e-17	0.00e+00
 2.02125e+17	1.00e+00	4.35e-17	0.00e+00
 2.02291e+17	1.00e+00	4.20e-17	0.00e+00
 2.02472e+17	1.00e+00	4.03e-17	0.00e+00
 2.02642e+17	1.00e+00	3.87e-17	0.00e+00
 2.02787e+17	1.00e+00	3.74e-17	0.00e+00
 2.02919e+17	1.00e+00	3.62e-17	0.00e+00
 2.03060e+17	1.00e+00	3.50e-17	0.00e+00
 2.03222e+17	1.00e+00	3.37e-17	0.00e+00
 2.03399e+17	1.00e+00	3.22e-17	0.00e+00
 2.03566e+17	1.00e+00	3.09e-17	0.00e+00
 2.03712e+17	1.00e+00	2.97e-17	0.00e+00
 2.03847e+17	1.00e+00	2.86e-17	0.00e+00
 2.03987e+17	1.00e+00	2.76e-17	0.00e+00
 2.04149e+17	1.00e+00	2.65e-17	0.00e+00
 2.04327e+17	1.00e+00	2.53e-17	0.00e+00
 2.04500e+17	1.00e+00	2.41e-17	0.00e+00
 2.04651e+17	1.00e+00	2.31e-17	0.00e+00
 2.04790e+17	1.00e+00	2.22e-17	0.00e+00
 2.04934e+17	1.00e+00	2.14e-17	0.00e+00
 2.05100e+17	1.00e+00	2.05e-17	0.00e+00
 2.05285e+17	1.00e+00	1.95e-17	0.00e+00
 2.05467e+17	1.00e+00	1.85e-17	0.00e+00
 2.05628e+17	1.00e+00	1.76e-17	0.00e+00
 2.05776e+17	1.00e+00	1.69e-17	0.00e+00
 2.05930e+17	1.00e+00	1.62e-17	0.00e+00
 2.06107e+17	1.00e+00	1.55e-17	0.00e+00
 2.06306e+17	1.00e+00	1.47e-17	0.00e+00
 2.06504e+17	1.00e+00	1.39e-17	0.00e+00
 2.06683e+17	1.00e+00	1.32e-17	0.00e+00
