#depth	O	O+	O+2	O+3	O+4	O+5	O+6	O+7	O+8	O[1]	O[2]	O[3]
 1.49634e+10	0.00e+00	0.00e+00	5.37e-28	3.93e-20	4.06e-13	4.86e-07	1.00e+00	0.00e+00	0.00e+00	0.00e+00	0.00e+00	0.00e+00
 4.54887e+10	0.00e+00	1.37e-36	7.49e-28	5.09e-20	4.88e-13	5.35e-07	1.00e+00	1.48e-08	0.00e+00	0.00e+00	0.00e+00	0.00e+00
 7.72350e+10	6.44e-46	2.05e-36	1.04e-27	6.59e-20	5.86e-13	5.89e-07	1.00e+00	0.00e+00	0.00e+00	0.00e+00	0.00e+00	0.00e+00
 1.10251e+11	0.00e+00	3.06e-36	1.45e-27	8.53e-20	7.03e-13	6.48e-07	1.00e+00	0.00e+00	0.00e+00	0.00e+00	0.00e+00	0.00e+00
 1.40260e+11	1.58e-45	4.35e-36	1.94e-27	1.07e-19	8.26e-13	7.05e-07	1.00e+00	0.00e+00	0.00e+00	0.00e+00	0.00e+00	0.00e+00
 1.65508e+11	0.00e+00	5.78e-36	2.45e-27	1.28e-19	9.41e-13	7.56e-07	1.00e+00	0.00e+00	0.00e+00	0.00e+00	0.00e+00	0.00e+00
 1.93271e+11	3.18e-45	7.82e-36	3.14e-27	1.56e-19	1.08e-12	8.14e-07	1.00e+00	0.00e+00	0.00e+00	0.00e+00	0.00e+00	0.00e+00
 2.28105e+11	0.00e+00	1.13e-35	4.25e-27	1.98e-19	1.28e-12	8.91e-07	1.00e+00	0.00e+00	0.00e+00	0.00e+00	0.00e+00	0.00e+00
 2.62958e+11	7.45e-45	1.60e-35	5.67e-27	2.49e-19	1.51e-12	9.72e-07	1.00e+00	0.00e+00	0.00e+00	0.00e+00	0.00e+00	0.00e+00
 2.92241e+11	0.00e+00	0.00e+00	7.17e-27	2.99e-19	1.73e-12	1.04e-06	1.00e+00	0.00e+00	0.00e+00	0.00e+00	0.00e+00	0.00e+00
 3.23461e+11	0.00e+00	2.84e-35	9.13e-27	3.62e-19	1.98e-12	1.12e-06	1.00e+00	0.00e+00	0.00e+00	0.00e+00	0.00e+00	0.00e+00
 3.62892e+11	2.25e-44	4.04e-35	1.22e-26	4.57e-19	2.34e-12	1.23e-06	1.00e+00	0.00e+00	0.00e+00	0.00e+00	0.00e+00	0.00e+00
 4.03717e+11	0.00e+00	5.74e-35	1.64e-26	5.76e-19	2.77e-12	1.34e-06	1.00e+00	0.00e+00	0.00e+00	0.00e+00	0.00e+00	0.00e+00
 4.39698e+11	4.84e-44	7.72e-35	2.10e-26	7.01e-19	3.19e-12	1.45e-06	1.00e+00	0.00e+00	0.00e+00	0.00e+00	0.00e+00	0.00e+00
 4.78663e+11	0.00e+00	1.05e-34	2.72e-26	8.60e-19	3.70e-12	1.57e-06	1.00e+00	0.00e+00	0.00e+00	0.00e+00	0.00e+00	0.00e+00
 5.25663e+11	1.07e-43	1.51e-34	3.66e-26	1.09e-18	4.39e-12	1.73e-06	1.00e+00	0.00e+00	0.00e+00	0.00e+00	0.00e+00	0.00e+00
 5.73136e+11	0.00e+00	2.13e-34	4.89e-26	1.37e-18	5.19e-12	1.89e-06	1.00e+00	0.00e+00	0.00e+00	0.00e+00	0.00e+00	0.00e+00
 6.16964e+11	2.31e-43	2.89e-34	6.32e-26	1.69e-18	6.02e-12	2.05e-06	1.00e+00	0.00e+00	0.00e+00	0.00e+00	0.00e+00	0.00e+00
 6.66027e+11	0.00e+00	4.03e-34	8.34e-26	2.10e-18	7.05e-12	2.23e-06	1.00e+00	0.00e+00	0.00e+00	0.00e+00	0.00e+00	0.00e+00
 7.22594e+11	5.25e-43	5.80e-34	1.13e-25	2.68e-18	8.41e-12	2.45e-06	1.00e+00	0.00e+00	0.00e+00	0.00e+00	0.00e+00	0.00e+00
 7.78136e+11	0.00e+00	8.18e-34	1.51e-25	3.37e-18	9.92e-12	2.69e-06	1.00e+00	0.00e+00	0.00e+00	0.00e+00	0.00e+00	0.00e+00
 8.35899e+11	1.18e-42	1.15e-33	2.01e-25	4.24e-18	1.17e-11	2.94e-06	1.00e+00	0.00e+00	0.00e+00	0.00e+00	0.00e+00	0.00e+00
 8.99262e+11	0.00e+00	1.65e-33	2.72e-25	5.39e-18	1.39e-11	3.23e-06	1.00e+00	0.00e+00	0.00e+00	0.00e+00	0.00e+00	0.00e+00
 9.62912e+11	2.71e-42	2.34e-33	3.63e-25	6.80e-18	1.64e-11	3.53e-06	1.00e+00	0.00e+00	0.00e+00	0.00e+00	0.00e+00	0.00e+00
 1.01993e+12	0.00e+00	3.15e-33	4.67e-25	8.30e-18	1.90e-11	3.82e-06	1.00e+00	0.00e+00	0.00e+00	0.00e+00	0.00e+00	0.00e+00
 1.06825e+12	5.15e-42	4.03e-33	5.74e-25	9.78e-18	2.13e-11	4.07e-06	1.00e+00	0.00e+00	0.00e+00	0.00e+00	0.00e+00	0.00e+00
 1.12034e+12	0.00e+00	5.22e-33	7.12e-25	1.16e-17	2.41e-11	4.35e-06	1.00e+00	0.00e+00	0.00e+00	0.00e+00	0.00e+00	0.00e+00
 1.18774e+12	1.02e-41	7.21e-33	9.32e-25	1.44e-17	2.81e-11	4.73e-06	1.00e+00	0.00e+00	0.00e+00	0.00e+00	0.00e+00	0.00e+00
 1.25806e+12	0.00e+00	9.96e-33	1.22e-24	1.79e-17	3.27e-11	5.14e-06	1.00e+00	0.00e+00	0.00e+00	0.00e+00	0.00e+00	0.00e+00
 1.31831e+12	2.05e-41	1.30e-32	1.53e-24	2.13e-17	3.71e-11	5.51e-06	1.00e+00	0.00e+00	0.00e+00	0.00e+00	0.00e+00	0.00e+00
 1.38248e+12	0.00e+00	1.73e-32	1.93e-24	2.57e-17	4.23e-11	5.91e-06	1.00e+00	0.00e+00	0.00e+00	0.00e+00	0.00e+00	0.00e+00
 1.46209e+12	4.20e-41	2.40e-32	2.55e-24	3.20e-17	4.94e-11	6.44e-06	1.00e+00	0.00e+00	0.00e+00	0.00e+00	0.00e+00	0.00e+00
 1.54361e+12	0.00e+00	3.33e-32	3.35e-24	3.98e-17	5.76e-11	7.00e-06	1.00e+00	0.00e+00	0.00e+00	0.00e+00	0.00e+00	0.00e+00
 1.61686e+12	8.64e-41	4.44e-32	4.25e-24	4.80e-17	6.58e-11	7.52e-06	1.00e+00	0.00e+00	0.00e+00	0.00e+00	0.00e+00	0.00e+00
 1.69754e+12	0.00e+00	6.04e-32	5.49e-24	5.87e-17	7.58e-11	8.11e-06	1.00e+00	0.00e+00	0.00e+00	0.00e+00	0.00e+00	0.00e+00
 1.78601e+12	1.81e-40	8.31e-32	7.18e-24	7.27e-17	8.80e-11	8.80e-06	1.00e+00	0.00e+00	0.00e+00	0.00e+00	0.00e+00	0.00e+00
 1.86663e+12	0.00e+00	1.10e-31	9.09e-24	8.77e-17	1.00e-10	9.45e-06	1.00e+00	0.00e+00	0.00e+00	0.00e+00	0.00e+00	0.00e+00
 1.95346e+12	3.58e-40	1.49e-31	1.17e-23	1.07e-16	1.15e-10	1.02e-05	1.00e+00	0.00e+00	0.00e+00	0.00e+00	0.00e+00	0.00e+00
 2.05095e+12	0.00e+00	2.05e-31	1.52e-23	1.32e-16	1.33e-10	1.10e-05	1.00e+00	0.00e+00	0.00e+00	0.00e+00	0.00e+00	0.00e+00
 2.14329e+12	7.41e-40	2.76e-31	1.95e-23	1.60e-16	1.53e-10	1.19e-05	1.00e+00	0.00e+00	0.00e+00	0.00e+00	0.00e+00	0.00e+00
 2.24434e+12	0.00e+00	3.78e-31	2.53e-23	1.96e-16	1.76e-10	1.28e-05	1.00e+00	0.00e+00	0.00e+00	0.00e+00	0.00e+00	0.00e+00
 2.35622e+12	1.59e-39	5.28e-31	3.34e-23	2.44e-16	2.05e-10	1.39e-05	1.00e+00	0.00e+00	0.00e+00	0.00e+00	0.00e+00	0.00e+00
 2.46026e+12	0.00e+00	7.14e-31	4.29e-23	2.98e-16	2.35e-10	1.49e-05	1.00e+00	0.00e+00	0.00e+00	0.00e+00	0.00e+00	0.00e+00
 2.57357e+12	3.30e-39	9.83e-31	5.59e-23	3.66e-16	2.71e-10	1.61e-05	1.00e+00	0.00e+00	0.00e+00	0.00e+00	0.00e+00	0.00e+00
 2.70048e+12	0.00e+00	1.38e-30	7.43e-23	4.58e-16	3.16e-10	1.75e-05	1.00e+00	0.00e+00	0.00e+00	0.00e+00	0.00e+00	0.00e+00
 2.82061e+12	7.18e-39	1.90e-30	9.65e-23	5.61e-16	3.64e-10	1.89e-05	1.00e+00	0.00e+00	0.00e+00	0.00e+00	0.00e+00	0.00e+00
 2.95040e+12	0.00e+00	2.64e-30	1.27e-22	6.95e-16	4.21e-10	2.04e-05	1.00e+00	0.00e+00	0.00e+00	0.00e+00	0.00e+00	0.00e+00
 3.09493e+12	1.60e-38	3.75e-30	1.70e-22	8.73e-16	4.93e-10	2.22e-05	1.00e+00	0.00e+00	0.00e+00	0.00e+00	0.00e+00	0.00e+00
 3.23415e+12	0.00e+00	5.22e-30	2.23e-22	1.08e-15	5.70e-10	2.40e-05	1.00e+00	0.00e+00	0.00e+00	0.00e+00	0.00e+00	0.00e+00
 3.38235e+12	3.53e-38	7.33e-30	2.95e-22	1.34e-15	6.62e-10	2.60e-05	1.00e+00	0.00e+00	0.00e+00	0.00e+00	0.00e+00	0.00e+00
 3.54757e+12	0.00e+00	1.05e-29	3.98e-22	1.70e-15	7.77e-10	2.83e-05	1.00e+00	0.00e+00	0.00e+00	0.00e+00	0.00e+00	0.00e+00
 3.71322e+12	8.22e-38	1.50e-29	5.32e-22	2.12e-15	9.06e-10	3.07e-05	1.00e+00	0.00e+00	0.00e+00	0.00e+00	0.00e+00	0.00e+00
 3.88550e+12	0.00e+00	2.14e-29	7.12e-22	2.66e-15	1.06e-09	3.33e-05	1.00e+00	0.00e+00	0.00e+00	0.00e+00	0.00e+00	0.00e+00
 4.07085e+12	1.93e-37	3.09e-29	9.63e-22	3.36e-15	1.24e-09	3.62e-05	1.00e+00	0.00e+00	0.00e+00	0.00e+00	0.00e+00	0.00e+00
 4.26361e+12	0.00e+00	4.46e-29	1.30e-21	4.25e-15	1.45e-09	3.94e-05	1.00e+00	0.00e+00	0.00e+00	0.00e+00	0.00e+00	0.00e+00
 4.45313e+12	4.50e-37	6.33e-29	1.74e-21	5.31e-15	1.69e-09	4.26e-05	1.00e+00	0.00e+00	0.00e+00	0.00e+00	0.00e+00	0.00e+00
 4.62912e+12	0.00e+00	8.66e-29	2.24e-21	6.47e-15	1.93e-09	4.58e-05	1.00e+00	0.00e+00	0.00e+00	0.00e+00	0.00e+00	0.00e+00
 4.78785e+12	9.04e-37	1.14e-28	2.81e-21	7.70e-15	2.17e-09	4.87e-05	1.00e+00	0.00e+00	0.00e+00	0.00e+00	0.00e+00	0.00e+00
 4.95799e+12	0.00e+00	1.52e-28	3.56e-21	9.22e-15	2.46e-09	5.19e-05	1.00e+00	0.00e+00	0.00e+00	0.00e+00	0.00e+00	0.00e+00
 5.17020e+12	1.92e-36	2.15e-28	4.72e-21	1.15e-14	2.85e-09	5.60e-05	1.00e+00	0.00e+00	0.00e+00	0.00e+00	0.00e+00	0.00e+00
 5.38311e+12	0.00e+00	3.01e-28	6.21e-21	1.42e-14	3.28e-09	6.04e-05	1.00e+00	0.00e+00	0.00e+00	0.00e+00	0.00e+00	0.00e+00
 5.56571e+12	4.00e-36	3.99e-28	7.81e-21	1.69e-14	3.70e-09	6.42e-05	1.00e+00	0.00e+00	0.00e+00	0.00e+00	0.00e+00	0.00e+00
 5.76291e+12	0.00e+00	5.37e-28	9.94e-21	2.03e-14	4.18e-09	6.84e-05	1.00e+00	0.00e+00	0.00e+00	0.00e+00	0.00e+00	0.00e+00
 6.00682e+12	8.65e-36	7.65e-28	1.32e-20	2.53e-14	4.85e-09	7.39e-05	1.00e+00	0.00e+00	0.00e+00	0.00e+00	0.00e+00	0.00e+00
 6.25127e+12	0.00e+00	1.08e-27	1.75e-20	3.13e-14	5.60e-09	7.96e-05	1.00e+00	0.00e+00	0.00e+00	0.00e+00	0.00e+00	0.00e+00
 6.46225e+12	1.83e-35	1.44e-27	2.21e-20	3.73e-14	6.31e-09	8.46e-05	1.00e+00	0.00e+00	0.00e+00	0.00e+00	0.00e+00	0.00e+00
 6.68989e+12	0.00e+00	1.94e-27	2.82e-20	4.50e-14	7.15e-09	9.02e-05	1.00e+00	0.00e+00	0.00e+00	0.00e+00	0.00e+00	0.00e+00
 6.96990e+12	4.02e-35	2.78e-27	3.77e-20	5.61e-14	8.29e-09	9.73e-05	1.00e+00	0.00e+00	0.00e+00	0.00e+00	0.00e+00	0.00e+00
 7.25282e+12	6.10e-35	3.94e-27	5.01e-20	6.95e-14	9.58e-09	1.05e-04	1.00e+00	0.00e+00	0.00e+00	0.00e+00	0.00e+00	0.00e+00
 7.50319e+12	8.75e-35	5.34e-27	6.39e-20	8.36e-14	1.08e-08	1.12e-04	1.00e+00	0.00e+00	0.00e+00	0.00e+00	0.00e+00	0.00e+00
 7.77639e+12	1.28e-34	7.34e-27	8.26e-20	1.02e-13	1.24e-08	1.19e-04	1.00e+00	0.00e+00	0.00e+00	0.00e+00	0.00e+00	0.00e+00
 8.10439e+12	1.99e-34	1.06e-26	1.11e-19	1.27e-13	1.44e-08	1.29e-04	1.00e+00	0.00e+00	0.00e+00	0.00e+00	0.00e+00	0.00e+00
 8.43148e+12	3.04e-34	1.52e-26	1.48e-19	1.58e-13	1.66e-08	1.39e-04	1.00e+00	0.00e+00	0.00e+00	0.00e+00	0.00e+00	0.00e+00
 8.72905e+12	4.43e-34	2.08e-26	1.91e-19	1.92e-13	1.89e-08	1.48e-04	1.00e+00	0.00e+00	0.00e+00	0.00e+00	0.00e+00	0.00e+00
 9.06039e+12	6.65e-34	2.91e-26	2.51e-19	2.35e-13	2.17e-08	1.59e-04	1.00e+00	0.00e+00	0.00e+00	0.00e+00	0.00e+00	0.00e+00
 9.44760e+12	1.05e-33	4.26e-26	3.41e-19	2.97e-13	2.53e-08	1.72e-04	1.00e+00	0.00e+00	0.00e+00	0.00e+00	0.00e+00	0.00e+00
 9.82942e+12	1.62e-33	6.13e-26	4.57e-19	3.70e-13	2.94e-08	1.85e-04	1.00e+00	0.00e+00	0.00e+00	0.00e+00	0.00e+00	0.00e+00
 1.01902e+13	2.41e-33	8.55e-26	5.96e-19	4.53e-13	3.36e-08	1.98e-04	1.00e+00	0.00e+00	0.00e+00	0.00e+00	0.00e+00	0.00e+00
 1.05915e+13	3.69e-33	1.22e-25	7.94e-19	5.62e-13	3.88e-08	2.13e-04	1.00e+00	0.00e+00	0.00e+00	0.00e+00	0.00e+00	0.00e+00
 1.10450e+13	5.86e-33	1.80e-25	1.08e-18	7.10e-13	4.54e-08	2.31e-04	1.00e+00	0.00e+00	0.00e+00	0.00e+00	0.00e+00	0.00e+00
 1.15000e+13	9.19e-33	2.62e-25	1.46e-18	8.91e-13	5.28e-08	2.49e-04	1.00e+00	0.00e+00	0.00e+00	0.00e+00	0.00e+00	0.00e+00
 1.19731e+13	1.44e-32	3.81e-25	1.98e-18	1.12e-12	6.15e-08	2.69e-04	1.00e+00	0.00e+00	0.00e+00	0.00e+00	0.00e+00	0.00e+00
 1.24820e+13	2.29e-32	5.61e-25	2.70e-18	1.41e-12	7.19e-08	2.91e-04	1.00e+00	0.00e+00	0.00e+00	0.00e+00	0.00e+00	0.00e+00
 1.29742e+13	3.53e-32	8.05e-25	3.61e-18	1.76e-12	8.32e-08	3.13e-04	1.00e+00	0.00e+00	0.00e+00	0.00e+00	0.00e+00	0.00e+00
 1.34363e+13	5.22e-32	1.12e-24	4.70e-18	2.15e-12	9.50e-08	3.35e-04	1.00e+00	0.00e+00	0.00e+00	0.00e+00	0.00e+00	0.00e+00
 1.39538e+13	7.98e-32	1.59e-24	6.25e-18	2.66e-12	1.10e-07	3.60e-04	1.00e+00	0.00e+00	0.00e+00	0.00e+00	0.00e+00	0.00e+00
 1.44759e+13	1.20e-31	2.24e-24	8.24e-18	3.28e-12	1.26e-07	3.86e-04	1.00e+00	0.00e+00	0.00e+00	0.00e+00	0.00e+00	0.00e+00
 1.49085e+13	1.67e-31	2.96e-24	1.03e-17	3.88e-12	1.41e-07	4.09e-04	1.00e+00	0.00e+00	0.00e+00	0.00e+00	0.00e+00	0.00e+00
 1.53658e+13	2.35e-31	3.93e-24	1.29e-17	4.61e-12	1.58e-07	4.33e-04	1.00e+00	0.00e+00	0.00e+00	0.00e+00	0.00e+00	0.00e+00
 1.59517e+13	3.57e-31	5.58e-24	1.72e-17	5.71e-12	1.83e-07	4.66e-04	1.00e+00	0.00e+00	0.00e+00	0.00e+00	0.00e+00	0.00e+00
 1.65669e+13	5.51e-31	8.04e-24	2.31e-17	7.09e-12	2.11e-07	5.02e-04	9.99e-01	0.00e+00	0.00e+00	0.00e+00	0.00e+00	0.00e+00
 1.71100e+13	7.85e-31	1.08e-23	2.92e-17	8.53e-12	2.39e-07	5.34e-04	9.99e-01	0.00e+00	0.00e+00	0.00e+00	0.00e+00	0.00e+00
 1.76972e+13	1.14e-30	1.48e-23	3.77e-17	1.03e-11	2.72e-07	5.71e-04	9.99e-01	0.00e+00	0.00e+00	0.00e+00	0.00e+00	0.00e+00
 1.84047e+13	1.77e-30	2.14e-23	5.07e-17	1.30e-11	3.17e-07	6.16e-04	9.99e-01	0.00e+00	0.00e+00	0.00e+00	0.00e+00	0.00e+00
 1.91219e+13	2.72e-30	3.06e-23	6.78e-17	1.61e-11	3.67e-07	6.65e-04	9.99e-01	0.00e+00	0.00e+00	0.00e+00	0.00e+00	0.00e+00
 1.97921e+13	4.00e-30	4.23e-23	8.80e-17	1.97e-11	4.19e-07	7.11e-04	9.99e-01	0.00e+00	0.00e+00	0.00e+00	0.00e+00	0.00e+00
 2.05379e+13	6.04e-30	5.98e-23	1.17e-16	2.44e-11	4.83e-07	7.65e-04	9.99e-01	0.00e+00	0.00e+00	0.00e+00	0.00e+00	0.00e+00
 2.13302e+13	9.21e-30	8.52e-23	1.55e-16	3.03e-11	5.60e-07	8.25e-04	9.99e-01	0.00e+00	0.00e+00	0.00e+00	0.00e+00	0.00e+00
 2.20344e+13	1.33e-29	1.16e-22	1.99e-16	3.66e-11	6.35e-07	8.80e-04	9.99e-01	0.00e+00	0.00e+00	0.00e+00	0.00e+00	0.00e+00
 2.27916e+13	1.93e-29	1.59e-22	2.57e-16	4.45e-11	7.24e-07	9.41e-04	9.99e-01	0.00e+00	0.00e+00	0.00e+00	0.00e+00	0.00e+00
 2.36990e+13	2.98e-29	2.29e-22	3.46e-16	5.57e-11	8.42e-07	1.02e-03	9.99e-01	0.00e+00	0.00e+00	0.00e+00	0.00e+00	0.00e+00
 2.45917e+13	4.50e-29	3.23e-22	4.58e-16	6.91e-11	9.72e-07	1.10e-03	9.99e-01	0.00e+00	0.00e+00	0.00e+00	0.00e+00	0.00e+00
 2.53862e+13	6.42e-29	4.36e-22	5.84e-16	8.31e-11	1.10e-06	1.17e-03	9.99e-01	0.00e+00	0.00e+00	0.00e+00	0.00e+00	0.00e+00
 2.62630e+13	9.36e-29	5.99e-22	7.55e-16	1.01e-10	1.26e-06	1.25e-03	9.99e-01	0.00e+00	0.00e+00	0.00e+00	0.00e+00	0.00e+00
 2.73086e+13	1.44e-28	8.63e-22	1.02e-15	1.27e-10	1.46e-06	1.35e-03	9.99e-01	0.00e+00	0.00e+00	0.00e+00	0.00e+00	0.00e+00
 2.83475e+13	2.19e-28	1.23e-21	1.35e-15	1.58e-10	1.69e-06	1.46e-03	9.99e-01	0.00e+00	0.00e+00	0.00e+00	0.00e+00	0.00e+00
 2.92973e+13	3.17e-28	1.67e-21	1.74e-15	1.91e-10	1.92e-06	1.56e-03	9.98e-01	0.00e+00	0.00e+00	0.00e+00	0.00e+00	0.00e+00
 3.03579e+13	4.71e-28	2.33e-21	2.28e-15	2.35e-10	2.21e-06	1.67e-03	9.98e-01	0.00e+00	0.00e+00	0.00e+00	0.00e+00	0.00e+00
 3.15914e+13	7.34e-28	3.39e-21	3.09e-15	2.96e-10	2.58e-06	1.82e-03	9.98e-01	0.00e+00	0.00e+00	0.00e+00	0.00e+00	0.00e+00
 3.28023e+13	1.12e-27	4.84e-21	4.13e-15	3.69e-10	2.99e-06	1.96e-03	9.98e-01	0.00e+00	0.00e+00	0.00e+00	0.00e+00	0.00e+00
 3.39467e+13	1.64e-27	6.69e-21	5.37e-15	4.51e-10	3.42e-06	2.10e-03	9.98e-01	0.00e+00	0.00e+00	0.00e+00	0.00e+00	0.00e+00
 3.52196e+13	2.48e-27	9.46e-21	7.11e-15	5.59e-10	3.95e-06	2.26e-03	9.98e-01	0.00e+00	0.00e+00	0.00e+00	0.00e+00	0.00e+00
 3.66583e+13	3.89e-27	1.38e-20	9.67e-15	7.07e-10	4.63e-06	2.45e-03	9.98e-01	0.00e+00	0.00e+00	0.00e+00	0.00e+00	0.00e+00
 3.81000e+13	6.01e-27	1.99e-20	1.30e-14	8.86e-10	5.38e-06	2.65e-03	9.97e-01	0.00e+00	0.00e+00	0.00e+00	0.00e+00	0.00e+00
 3.94539e+13	8.92e-27	2.78e-20	1.70e-14	1.09e-09	6.17e-06	2.84e-03	9.97e-01	0.00e+00	0.00e+00	0.00e+00	0.00e+00	0.00e+00
 4.09166e+13	1.35e-26	3.92e-20	2.26e-14	1.34e-09	7.12e-06	3.06e-03	9.97e-01	0.00e+00	0.00e+00	0.00e+00	0.00e+00	0.00e+00
 4.25501e+13	2.09e-26	5.69e-20	3.05e-14	1.69e-09	8.30e-06	3.31e-03	9.97e-01	0.00e+00	0.00e+00	0.00e+00	0.00e+00	0.00e+00
 4.40801e+13	3.13e-26	7.98e-20	4.01e-14	2.08e-09	9.53e-06	3.55e-03	9.96e-01	0.00e+00	0.00e+00	0.00e+00	0.00e+00	0.00e+00
 4.53757e+13	4.35e-26	1.05e-19	5.02e-14	2.47e-09	1.07e-05	3.77e-03	9.96e-01	0.00e+00	0.00e+00	0.00e+00	0.00e+00	0.00e+00
 4.67144e+13	6.06e-26	1.39e-19	6.28e-14	2.93e-09	1.20e-05	3.99e-03	9.96e-01	0.00e+00	0.00e+00	0.00e+00	0.00e+00	0.00e+00
 4.84354e+13	9.14e-26	1.96e-19	8.31e-14	3.62e-09	1.38e-05	4.29e-03	9.96e-01	0.00e+00	0.00e+00	0.00e+00	0.00e+00	0.00e+00
 5.02039e+13	1.38e-25	2.77e-19	1.10e-13	4.47e-09	1.59e-05	4.61e-03	9.95e-01	0.00e+00	0.00e+00	0.00e+00	0.00e+00	0.00e+00
 5.16997e+13	1.93e-25	3.68e-19	1.38e-13	5.31e-09	1.78e-05	4.89e-03	9.95e-01	0.00e+00	0.00e+00	0.00e+00	0.00e+00	0.00e+00
 5.32906e+13	2.73e-25	4.92e-19	1.75e-13	6.35e-09	2.01e-05	5.20e-03	9.95e-01	0.00e+00	0.00e+00	0.00e+00	0.00e+00	0.00e+00
 5.52885e+13	4.16e-25	7.01e-19	2.32e-13	7.89e-09	2.32e-05	5.60e-03	9.94e-01	0.00e+00	0.00e+00	0.00e+00	0.00e+00	0.00e+00
 5.73511e+13	6.35e-25	9.99e-19	3.09e-13	9.78e-09	2.68e-05	6.02e-03	9.94e-01	0.00e+00	0.00e+00	0.00e+00	0.00e+00	0.00e+00
 5.91679e+13	9.09e-25	1.35e-18	3.94e-13	1.18e-08	3.03e-05	6.41e-03	9.94e-01	0.00e+00	0.00e+00	0.00e+00	0.00e+00	0.00e+00
 6.11296e+13	1.32e-24	1.85e-18	5.08e-13	1.42e-08	3.45e-05	6.84e-03	9.93e-01	0.00e+00	0.00e+00	0.00e+00	0.00e+00	0.00e+00
 6.34981e+13	2.05e-24	2.67e-18	6.83e-13	1.78e-08	4.00e-05	7.38e-03	9.93e-01	0.00e+00	0.00e+00	0.00e+00	0.00e+00	0.00e+00
 6.58470e+13	3.11e-24	3.79e-18	9.07e-13	2.21e-08	4.62e-05	7.94e-03	9.92e-01	0.00e+00	0.00e+00	0.00e+00	0.00e+00	0.00e+00
 6.79330e+13	4.45e-24	5.12e-18	1.16e-12	2.65e-08	5.22e-05	8.45e-03	9.92e-01	0.00e+00	0.00e+00	0.00e+00	0.00e+00	0.00e+00
 7.02256e+13	6.51e-24	7.04e-18	1.50e-12	3.23e-08	5.95e-05	9.03e-03	9.91e-01	0.00e+00	0.00e+00	0.00e+00	0.00e+00	0.00e+00
 7.29668e+13	1.01e-23	1.02e-17	2.02e-12	4.05e-08	6.92e-05	9.75e-03	9.90e-01	0.00e+00	0.00e+00	0.00e+00	0.00e+00	0.00e+00
 7.56907e+13	1.54e-23	1.45e-17	2.68e-12	5.02e-08	7.99e-05	1.05e-02	9.89e-01	0.00e+00	0.00e+00	0.00e+00	0.00e+00	0.00e+00
 7.81681e+13	2.22e-23	1.97e-17	3.45e-12	6.07e-08	9.07e-05	1.12e-02	9.89e-01	0.00e+00	0.00e+00	0.00e+00	0.00e+00	0.00e+00
 8.09257e+13	3.29e-23	2.75e-17	4.51e-12	7.45e-08	1.04e-04	1.20e-02	9.88e-01	0.00e+00	0.00e+00	0.00e+00	0.00e+00	0.00e+00
 8.41489e+13	5.12e-23	3.99e-17	6.10e-12	9.38e-08	1.21e-04	1.30e-02	9.87e-01	0.00e+00	0.00e+00	0.00e+00	0.00e+00	0.00e+00
 8.73208e+13	7.79e-23	5.69e-17	8.13e-12	1.17e-07	1.40e-04	1.40e-02	9.86e-01	0.00e+00	0.00e+00	0.00e+00	0.00e+00	0.00e+00
 9.02987e+13	1.14e-22	7.82e-17	1.05e-11	1.42e-07	1.60e-04	1.50e-02	9.85e-01	0.00e+00	0.00e+00	0.00e+00	0.00e+00	0.00e+00
 9.36198e+13	1.70e-22	1.10e-16	1.39e-11	1.76e-07	1.85e-04	1.61e-02	9.84e-01	0.00e+00	0.00e+00	0.00e+00	0.00e+00	0.00e+00
 9.73945e+13	2.64e-22	1.60e-16	1.89e-11	2.22e-07	2.16e-04	1.75e-02	9.82e-01	0.00e+00	0.00e+00	0.00e+00	0.00e+00	0.00e+00
 1.01157e+14	4.02e-22	2.28e-16	2.53e-11	2.77e-07	2.50e-04	1.89e-02	9.81e-01	0.00e+00	0.00e+00	0.00e+00	0.00e+00	0.00e+00
 1.05071e+14	6.11e-22	3.25e-16	3.38e-11	3.47e-07	2.90e-04	2.04e-02	9.79e-01	0.00e+00	0.00e+00	0.00e+00	0.00e+00	0.00e+00
 1.09188e+14	9.27e-22	4.64e-16	4.53e-11	4.35e-07	3.38e-04	2.21e-02	9.78e-01	0.00e+00	0.00e+00	0.00e+00	0.00e+00	0.00e+00
 1.12661e+14	1.31e-21	6.23e-16	5.76e-11	5.23e-07	3.82e-04	2.36e-02	9.76e-01	0.00e+00	0.00e+00	0.00e+00	0.00e+00	0.00e+00
 1.15375e+14	1.69e-21	7.75e-16	6.90e-11	6.01e-07	4.19e-04	2.48e-02	9.75e-01	0.00e+00	0.00e+00	0.00e+00	0.00e+00	0.00e+00
 1.18325e+14	2.21e-21	9.76e-16	8.35e-11	6.97e-07	4.63e-04	2.61e-02	9.73e-01	0.00e+00	0.00e+00	0.00e+00	0.00e+00	0.00e+00
 1.22161e+14	3.11e-21	1.31e-15	1.06e-10	8.40e-07	5.25e-04	2.79e-02	9.72e-01	0.00e+00	0.00e+00	0.00e+00	0.00e+00	0.00e+00
 1.26313e+14	4.43e-21	1.77e-15	1.37e-10	1.02e-06	5.98e-04	3.00e-02	9.69e-01	0.00e+00	0.00e+00	0.00e+00	0.00e+00	0.00e+00
 1.30052e+14	6.01e-21	2.31e-15	1.71e-10	1.21e-06	6.70e-04	3.18e-02	9.67e-01	0.00e+00	0.00e+00	0.00e+00	0.00e+00	0.00e+00
 1.34089e+14	8.27e-21	3.04e-15	2.15e-10	1.45e-06	7.55e-04	3.39e-02	9.65e-01	0.00e+00	0.00e+00	0.00e+00	0.00e+00	0.00e+00
 1.39113e+14	1.21e-20	4.23e-15	2.83e-10	1.80e-06	8.71e-04	3.67e-02	9.62e-01	0.00e+00	0.00e+00	0.00e+00	0.00e+00	0.00e+00
 1.44171e+14	1.75e-20	5.82e-15	3.70e-10	2.22e-06	1.00e-03	3.96e-02	9.59e-01	0.00e+00	0.00e+00	0.00e+00	0.00e+00	0.00e+00
 1.48552e+14	2.38e-20	7.61e-15	4.63e-10	2.64e-06	1.12e-03	4.21e-02	9.57e-01	0.00e+00	0.00e+00	0.00e+00	0.00e+00	0.00e+00
 1.53303e+14	3.26e-20	1.00e-14	5.85e-10	3.17e-06	1.27e-03	4.51e-02	9.54e-01	0.00e+00	0.00e+00	0.00e+00	0.00e+00	0.00e+00
 1.59123e+14	4.76e-20	1.40e-14	7.73e-10	3.94e-06	1.47e-03	4.88e-02	9.50e-01	0.00e+00	0.00e+00	0.00e+00	0.00e+00	0.00e+00
 1.65014e+14	6.86e-20	1.93e-14	1.01e-09	4.87e-06	1.69e-03	5.27e-02	9.46e-01	0.00e+00	0.00e+00	0.00e+00	0.00e+00	0.00e+00
 1.70269e+14	9.37e-20	2.54e-14	1.28e-09	5.85e-06	1.90e-03	5.63e-02	9.42e-01	0.00e+00	0.00e+00	0.00e+00	0.00e+00	0.00e+00
 1.76018e+14	1.30e-19	3.40e-14	1.64e-09	7.10e-06	2.16e-03	6.04e-02	9.37e-01	0.00e+00	0.00e+00	0.00e+00	0.00e+00	0.00e+00
 1.82868e+14	1.90e-19	4.75e-14	2.18e-09	8.86e-06	2.50e-03	6.55e-02	9.32e-01	0.00e+00	0.00e+00	0.00e+00	0.00e+00	0.00e+00
 1.89633e+14	2.73e-19	6.54e-14	2.85e-09	1.09e-05	2.87e-03	7.07e-02	9.26e-01	0.00e+00	0.00e+00	0.00e+00	0.00e+00	0.00e+00
 1.95764e+14	3.73e-19	8.64e-14	3.61e-09	1.32e-05	3.24e-03	7.56e-02	9.21e-01	0.00e+00	0.00e+00	0.00e+00	0.00e+00	0.00e+00
 2.02585e+14	5.23e-19	1.17e-13	4.66e-09	1.60e-05	3.69e-03	8.12e-02	9.15e-01	0.00e+00	0.00e+00	0.00e+00	0.00e+00	0.00e+00
 2.10584e+14	7.65e-19	1.64e-13	6.21e-09	2.01e-05	4.27e-03	8.80e-02	9.08e-01	0.00e+00	0.00e+00	0.00e+00	0.00e+00	0.00e+00
 2.18461e+14	1.10e-18	2.27e-13	8.17e-09	2.48e-05	4.90e-03	9.49e-02	9.00e-01	0.00e+00	0.00e+00	0.00e+00	0.00e+00	0.00e+00
 2.25808e+14	1.52e-18	3.04e-13	1.05e-08	3.00e-05	5.54e-03	1.01e-01	8.93e-01	0.00e+00	0.00e+00	0.00e+00	0.00e+00	0.00e+00
 2.34027e+14	2.17e-18	4.18e-13	1.37e-08	3.69e-05	6.33e-03	1.09e-01	8.85e-01	0.00e+00	0.00e+00	0.00e+00	0.00e+00	0.00e+00
 2.43418e+14	3.21e-18	5.93e-13	1.83e-08	4.62e-05	7.32e-03	1.18e-01	8.75e-01	0.00e+00	0.00e+00	0.00e+00	0.00e+00	0.00e+00
 2.52701e+14	4.67e-18	8.28e-13	2.43e-08	5.72e-05	8.39e-03	1.27e-01	8.64e-01	0.00e+00	0.00e+00	0.00e+00	0.00e+00	0.00e+00
 2.62356e+14	6.80e-18	1.16e-12	3.21e-08	7.09e-05	9.62e-03	1.37e-01	8.53e-01	0.00e+00	0.00e+00	0.00e+00	0.00e+00	0.00e+00
 2.71124e+14	9.46e-18	1.56e-12	4.11e-08	8.55e-05	1.08e-02	1.46e-01	8.43e-01	0.00e+00	0.00e+00	0.00e+00	0.00e+00	0.00e+00
 2.77687e+14	1.20e-17	1.93e-12	4.92e-08	9.79e-05	1.18e-02	1.53e-01	8.35e-01	0.00e+00	0.00e+00	0.00e+00	0.00e+00	0.00e+00
 2.84481e+14	1.54e-17	2.40e-12	5.89e-08	1.12e-04	1.29e-02	1.60e-01	8.27e-01	0.00e+00	0.00e+00	0.00e+00	0.00e+00	0.00e+00
 2.93312e+14	2.10e-17	3.17e-12	7.41e-08	1.33e-04	1.44e-02	1.69e-01	8.16e-01	0.00e+00	0.00e+00	0.00e+00	0.00e+00	0.00e+00
 3.02912e+14	2.98e-17	4.25e-12	9.44e-08	1.60e-04	1.61e-02	1.79e-01	8.04e-01	0.00e+00	0.00e+00	1.72e-17	8.95e-18	3.00e-18
 3.11603e+14	3.98e-17	5.49e-12	1.17e-07	1.88e-04	1.78e-02	1.89e-01	7.93e-01	0.00e+00	0.00e+00	2.29e-17	1.20e-17	4.02e-18
 3.20995e+14	5.41e-17	7.20e-12	1.46e-07	2.21e-04	1.98e-02	1.99e-01	7.81e-01	0.00e+00	0.00e+00	3.11e-17	1.63e-17	5.44e-18
 3.32845e+14	7.88e-17	1.00e-11	1.91e-07	2.71e-04	2.24e-02	2.12e-01	7.65e-01	0.00e+00	0.00e+00	4.54e-17	2.38e-17	7.90e-18
 3.44777e+14	1.14e-16	1.39e-11	2.49e-07	3.29e-04	2.53e-02	2.25e-01	7.49e-01	0.00e+00	0.00e+00	6.56e-17	3.44e-17	1.14e-17
 3.54868e+14	1.54e-16	1.81e-11	3.09e-07	3.86e-04	2.80e-02	2.36e-01	7.36e-01	0.00e+00	0.00e+00	8.89e-17	4.65e-17	1.53e-17
 3.65675e+14	2.11e-16	2.38e-11	3.86e-07	4.55e-04	3.09e-02	2.48e-01	7.21e-01	0.00e+00	0.00e+00	1.22e-16	6.38e-17	2.09e-17
 3.79234e+14	3.11e-16	3.33e-11	5.07e-07	5.55e-04	3.49e-02	2.62e-01	7.02e-01	0.00e+00	0.00e+00	1.80e-16	9.38e-17	3.07e-17
 3.93446e+14	4.60e-16	4.67e-11	6.66e-07	6.77e-04	3.95e-02	2.77e-01	6.82e-01	0.00e+00	0.00e+00	2.66e-16	1.39e-16	4.53e-17
 4.06322e+14	6.49e-16	6.28e-11	8.44e-07	8.05e-04	4.38e-02	2.91e-01	6.64e-01	0.00e+00	0.00e+00	3.75e-16	1.96e-16	6.37e-17
 4.20383e+14	9.35e-16	8.59e-11	1.08e-06	9.64e-04	4.89e-02	3.05e-01	6.45e-01	0.00e+00	0.00e+00	5.41e-16	2.82e-16	9.18e-17
 4.36912e+14	1.42e-15	1.22e-10	1.44e-06	1.18e-03	5.53e-02	3.21e-01	6.22e-01	0.00e+00	0.00e+00	8.21e-16	4.28e-16	1.39e-16
 4.53077e+14	2.10e-15	1.71e-10	1.88e-06	1.43e-03	6.19e-02	3.37e-01	6.00e-01	0.00e+00	0.00e+00	1.22e-15	6.33e-16	2.05e-16
 4.67900e+14	2.98e-15	2.29e-10	2.36e-06	1.69e-03	6.83e-02	3.50e-01	5.80e-01	0.00e+00	0.00e+00	1.73e-15	8.99e-16	2.91e-16
 4.84549e+14	4.36e-15	3.15e-10	3.04e-06	2.02e-03	7.59e-02	3.65e-01	5.57e-01	0.00e+00	0.00e+00	2.53e-15	1.31e-15	4.25e-16
 5.03854e+14	6.70e-15	4.50e-10	4.03e-06	2.46e-03	8.52e-02	3.81e-01	5.32e-01	0.00e+00	0.00e+00	3.88e-15	2.02e-15	6.51e-16
 5.22763e+14	1.00e-14	6.28e-10	5.23e-06	2.95e-03	9.47e-02	3.95e-01	5.07e-01	0.00e+00	0.00e+00	5.82e-15	3.02e-15	9.73e-16
 5.40758e+14	1.46e-14	8.52e-10	6.64e-06	3.49e-03	1.04e-01	4.08e-01	4.84e-01	0.00e+00	0.00e+00	8.44e-15	4.39e-15	1.41e-15
 5.56576e+14	2.00e-14	1.11e-09	8.13e-06	4.02e-03	1.13e-01	4.18e-01	4.65e-01	0.00e+00	0.00e+00	1.16e-14	6.03e-15	1.94e-15
 5.69656e+14	2.58e-14	1.36e-09	9.55e-06	4.49e-03	1.20e-01	4.26e-01	4.49e-01	0.00e+00	0.00e+00	1.50e-14	7.78e-15	2.50e-15
 5.84012e+14	3.39e-14	1.70e-09	1.13e-05	5.06e-03	1.28e-01	4.34e-01	4.32e-01	0.00e+00	0.00e+00	1.97e-14	1.02e-14	3.28e-15
 6.02674e+14	4.80e-14	2.25e-09	1.41e-05	5.87e-03	1.39e-01	4.44e-01	4.11e-01	0.00e+00	0.00e+00	2.79e-14	1.45e-14	4.64e-15
 6.22378e+14	6.84e-14	2.98e-09	1.75e-05	6.81e-03	1.51e-01	4.53e-01	3.89e-01	0.00e+00	0.00e+00	3.97e-14	2.06e-14	6.61e-15
 6.39331e+14	9.21e-14	3.78e-09	2.10e-05	7.71e-03	1.62e-01	4.59e-01	3.71e-01	0.00e+00	0.00e+00	5.35e-14	2.78e-14	8.89e-15
 6.57265e+14	1.25e-13	4.81e-09	2.52e-05	8.73e-03	1.73e-01	4.65e-01	3.53e-01	0.00e+00	0.00e+00	7.25e-14	3.77e-14	1.20e-14
 6.80579e+14	1.83e-13	6.53e-09	3.18e-05	1.02e-02	1.88e-01	4.72e-01	3.30e-01	0.00e+00	0.00e+00	1.07e-13	5.54e-14	1.77e-14
 7.04578e+14	2.68e-13	8.79e-09	4.00e-05	1.19e-02	2.03e-01	4.77e-01	3.08e-01	0.00e+00	0.00e+00	1.56e-13	8.10e-14	2.59e-14
 7.24544e+14	3.64e-13	1.12e-08	4.79e-05	1.34e-02	2.16e-01	4.80e-01	2.90e-01	0.00e+00	0.00e+00	2.12e-13	1.10e-13	3.51e-14
 7.45574e+14	4.99e-13	1.43e-08	5.76e-05	1.51e-02	2.30e-01	4.82e-01	2.73e-01	0.00e+00	0.00e+00	2.90e-13	1.51e-13	4.81e-14
 7.72625e+14	7.37e-13	1.93e-08	7.23e-05	1.75e-02	2.47e-01	4.84e-01	2.51e-01	0.00e+00	0.00e+00	4.28e-13	2.23e-13	7.10e-14
 8.01085e+14	1.09e-12	2.61e-08	9.08e-05	2.03e-02	2.66e-01	4.83e-01	2.31e-01	0.00e+00	0.00e+00	6.35e-13	3.30e-13	1.05e-13
 8.25913e+14	1.52e-12	3.37e-08	1.10e-04	2.30e-02	2.82e-01	4.81e-01	2.14e-01	0.00e+00	0.00e+00	8.84e-13	4.60e-13	1.47e-13
 8.52439e+14	2.14e-12	4.38e-08	1.33e-04	2.60e-02	2.98e-01	4.78e-01	1.97e-01	0.00e+00	0.00e+00	1.25e-12	6.48e-13	2.07e-13
 8.84795e+14	3.20e-12	5.94e-08	1.67e-04	3.00e-02	3.18e-01	4.73e-01	1.79e-01	0.00e+00	0.00e+00	1.86e-12	9.69e-13	3.09e-13
 9.17106e+14	4.70e-12	7.95e-08	2.07e-04	3.43e-02	3.38e-01	4.66e-01	1.62e-01	0.00e+00	0.00e+00	2.73e-12	1.42e-12	4.53e-13
 9.45582e+14	6.51e-12	1.02e-07	2.49e-04	3.84e-02	3.54e-01	4.59e-01	1.48e-01	0.00e+00	0.00e+00	3.79e-12	1.97e-12	6.28e-13
 9.76695e+14	9.19e-12	1.32e-07	3.01e-04	4.32e-02	3.72e-01	4.51e-01	1.34e-01	0.00e+00	0.00e+00	5.35e-12	2.78e-12	8.86e-13
 1.01418e+15	1.37e-11	1.78e-07	3.75e-04	4.93e-02	3.92e-01	4.39e-01	1.19e-01	0.00e+00	0.00e+00	7.97e-12	4.15e-12	1.32e-12
 1.04996e+15	1.96e-11	2.33e-07	4.56e-04	5.55e-02	4.10e-01	4.27e-01	1.07e-01	0.00e+00	0.00e+00	1.14e-11	5.94e-12	1.89e-12
 1.07999e+15	2.63e-11	2.90e-07	5.35e-04	6.10e-02	4.24e-01	4.17e-01	9.73e-02	0.00e+00	0.00e+00	1.53e-11	7.97e-12	2.54e-12
 1.10700e+15	3.39e-11	3.50e-07	6.15e-04	6.62e-02	4.37e-01	4.07e-01	8.94e-02	0.00e+00	0.00e+00	1.97e-11	1.03e-11	3.28e-12
 1.13657e+15	4.45e-11	4.28e-07	7.11e-04	7.21e-02	4.49e-01	3.96e-01	8.16e-02	0.00e+00	0.00e+00	2.59e-11	1.35e-11	4.30e-12
 1.16974e+15	5.98e-11	5.33e-07	8.34e-04	7.89e-02	4.63e-01	3.84e-01	7.35e-02	0.00e+00	0.00e+00	3.48e-11	1.81e-11	5.78e-12
 1.20110e+15	7.80e-11	6.50e-07	9.62e-04	8.57e-02	4.75e-01	3.72e-01	6.67e-02	0.00e+00	0.00e+00	4.54e-11	2.36e-11	7.54e-12
 1.23536e+15	1.04e-10	8.04e-07	1.12e-03	9.33e-02	4.87e-01	3.59e-01	6.00e-02	0.00e+00	0.00e+00	6.05e-11	3.15e-11	1.01e-11
 1.27309e+15	1.41e-10	1.01e-06	1.32e-03	1.02e-01	4.99e-01	3.45e-01	5.34e-02	0.00e+00	0.00e+00	8.22e-11	4.28e-11	1.37e-11
 1.30785e+15	1.85e-10	1.23e-06	1.52e-03	1.10e-01	5.09e-01	3.31e-01	4.80e-02	0.00e+00	0.00e+00	1.08e-10	5.61e-11	1.79e-11
 1.34557e+15	2.47e-10	1.52e-06	1.76e-03	1.20e-01	5.19e-01	3.17e-01	4.27e-02	0.00e+00	0.00e+00	1.44e-10	7.50e-11	2.39e-11
 1.38769e+15	3.37e-10	1.91e-06	2.07e-03	1.30e-01	5.28e-01	3.02e-01	3.75e-02	0.00e+00	0.00e+00	1.96e-10	1.02e-10	3.26e-11
 1.42752e+15	4.45e-10	2.35e-06	2.39e-03	1.41e-01	5.36e-01	2.88e-01	3.33e-02	0.00e+00	0.00e+00	2.59e-10	1.35e-10	4.31e-11
 1.47127e+15	6.02e-10	2.93e-06	2.79e-03	1.52e-01	5.43e-01	2.72e-01	2.91e-02	0.00e+00	0.00e+00	3.50e-10	1.83e-10	5.84e-11
 1.51949e+15	8.26e-10	3.70e-06	3.28e-03	1.65e-01	5.50e-01	2.56e-01	2.52e-02	0.00e+00	0.00e+00	4.81e-10	2.51e-10	8.01e-11
 1.56348e+15	1.09e-09	4.54e-06	3.77e-03	1.78e-01	5.54e-01	2.42e-01	2.21e-02	0.00e+00	0.00e+00	6.32e-10	3.30e-10	1.06e-10
 1.61062e+15	1.46e-09	5.62e-06	4.37e-03	1.91e-01	5.58e-01	2.28e-01	1.92e-02	0.00e+00	0.00e+00	8.48e-10	4.42e-10	1.42e-10
 1.66300e+15	1.98e-09	7.05e-06	5.11e-03	2.06e-01	5.60e-01	2.12e-01	1.64e-02	0.00e+00	0.00e+00	1.15e-09	6.01e-10	1.93e-10
 1.71216e+15	2.61e-09	8.65e-06	5.88e-03	2.20e-01	5.61e-01	1.99e-01	1.42e-02	0.00e+00	0.00e+00	1.52e-09	7.92e-10	2.54e-10
 1.76605e+15	3.52e-09	1.08e-05	6.83e-03	2.36e-01	5.60e-01	1.85e-01	1.21e-02	0.00e+00	0.00e+00	2.05e-09	1.07e-09	3.43e-10
 1.82533e+15	4.79e-09	1.35e-05	7.99e-03	2.53e-01	5.58e-01	1.70e-01	1.02e-02	0.00e+00	0.00e+00	2.79e-09	1.45e-09	4.67e-10
 1.88021e+15	6.29e-09	1.66e-05	9.17e-03	2.69e-01	5.55e-01	1.58e-01	8.74e-03	0.00e+00	0.00e+00	3.66e-09	1.91e-09	6.14e-10
 1.92986e+15	7.98e-09	1.98e-05	1.04e-02	2.84e-01	5.51e-01	1.47e-01	7.59e-03	0.00e+00	0.00e+00	4.64e-09	2.43e-09	7.80e-10
 1.97493e+15	9.85e-09	2.32e-05	1.15e-02	2.97e-01	5.47e-01	1.38e-01	6.68e-03	0.00e+00	0.00e+00	5.73e-09	3.00e-09	9.64e-10
 2.02428e+15	1.24e-08	2.74e-05	1.29e-02	3.12e-01	5.41e-01	1.29e-01	5.81e-03	0.00e+00	0.00e+00	7.22e-09	3.77e-09	1.21e-09
 2.07838e+15	1.57e-08	3.28e-05	1.46e-02	3.27e-01	5.34e-01	1.19e-01	5.00e-03	0.00e+00	0.00e+00	9.15e-09	4.79e-09	1.54e-09
 2.13026e+15	1.96e-08	3.86e-05	1.63e-02	3.42e-01	5.27e-01	1.10e-01	4.33e-03	0.00e+00	0.00e+00	1.14e-08	5.97e-09	1.93e-09
 2.18059e+15	2.41e-08	4.51e-05	1.81e-02	3.57e-01	5.19e-01	1.03e-01	3.77e-03	0.00e+00	0.00e+00	1.41e-08	7.35e-09	2.37e-09
 2.23729e+15	3.06e-08	5.38e-05	2.03e-02	3.72e-01	5.10e-01	9.44e-02	3.22e-03	0.00e+00	0.00e+00	1.78e-08	9.33e-09	3.01e-09
 2.30089e+15	3.92e-08	6.47e-05	2.31e-02	3.90e-01	4.98e-01	8.59e-02	2.70e-03	0.00e+00	0.00e+00	2.28e-08	1.19e-08	3.86e-09
 2.36137e+15	4.90e-08	7.66e-05	2.59e-02	4.06e-01	4.87e-01	7.86e-02	2.30e-03	0.00e+00	0.00e+00	2.85e-08	1.49e-08	4.83e-09
 2.41687e+15	6.00e-08	8.92e-05	2.87e-02	4.21e-01	4.76e-01	7.24e-02	1.98e-03	0.00e+00	0.00e+00	3.49e-08	1.83e-08	5.92e-09
 2.47798e+15	7.53e-08	1.06e-04	3.21e-02	4.36e-01	4.64e-01	6.60e-02	1.68e-03	0.00e+00	0.00e+00	4.38e-08	2.30e-08	7.44e-09
 2.54430e+15	9.48e-08	1.26e-04	3.61e-02	4.53e-01	4.50e-01	5.97e-02	1.40e-03	0.00e+00	0.00e+00	5.52e-08	2.89e-08	9.38e-09
 2.60691e+15	1.17e-07	1.47e-04	4.01e-02	4.67e-01	4.37e-01	5.43e-02	1.19e-03	0.00e+00	0.00e+00	6.80e-08	3.57e-08	1.16e-08
 2.66799e+15	1.42e-07	1.71e-04	4.44e-02	4.81e-01	4.24e-01	4.95e-02	1.01e-03	0.00e+00	0.00e+00	8.29e-08	4.35e-08	1.41e-08
 2.73758e+15	1.81e-07	2.04e-04	4.99e-02	4.97e-01	4.08e-01	4.43e-02	8.36e-04	0.00e+00	0.00e+00	1.05e-07	5.53e-08	1.80e-08
 2.81412e+15	2.29e-07	2.44e-04	5.64e-02	5.12e-01	3.91e-01	3.94e-02	6.84e-04	0.00e+00	0.00e+00	1.34e-07	7.01e-08	2.28e-08
 2.88522e+15	2.83e-07	2.87e-04	6.29e-02	5.26e-01	3.75e-01	3.53e-02	5.67e-04	0.00e+00	0.00e+00	1.65e-07	8.66e-08	2.82e-08
 2.95193e+15	3.47e-07	3.34e-04	6.97e-02	5.38e-01	3.60e-01	3.17e-02	4.75e-04	0.00e+00	0.00e+00	2.02e-07	1.06e-07	3.45e-08
 3.01744e+15	4.22e-07	3.88e-04	7.69e-02	5.48e-01	3.45e-01	2.85e-02	3.99e-04	0.00e+00	0.00e+00	2.45e-07	1.29e-07	4.20e-08
 3.09266e+15	5.36e-07	4.63e-04	8.63e-02	5.60e-01	3.28e-01	2.51e-02	3.24e-04	0.00e+00	0.00e+00	3.12e-07	1.64e-07	5.34e-08
 3.17049e+15	6.62e-07	5.45e-04	9.65e-02	5.70e-01	3.11e-01	2.21e-02	2.64e-04	0.00e+00	0.00e+00	3.85e-07	2.02e-07	6.61e-08
 3.23807e+15	8.04e-07	6.31e-04	1.06e-01	5.77e-01	2.96e-01	1.97e-02	2.20e-04	0.00e+00	0.00e+00	4.68e-07	2.46e-07	8.03e-08
 3.31227e+15	1.01e-06	7.48e-04	1.19e-01	5.84e-01	2.79e-01	1.73e-02	1.78e-04	0.00e+00	0.00e+00	5.87e-07	3.09e-07	1.01e-07
 3.39093e+15	1.27e-06	8.87e-04	1.33e-01	5.89e-01	2.62e-01	1.50e-02	1.43e-04	0.00e+00	0.00e+00	7.37e-07	3.88e-07	1.27e-07
 3.45170e+15	1.49e-06	1.00e-03	1.44e-01	5.92e-01	2.49e-01	1.35e-02	1.21e-04	0.00e+00	0.00e+00	8.65e-07	4.55e-07	1.49e-07
 3.49843e+15	1.70e-06	1.11e-03	1.54e-01	5.94e-01	2.39e-01	1.24e-02	1.06e-04	0.00e+00	0.00e+00	9.90e-07	5.21e-07	1.70e-07
 3.55062e+15	2.00e-06	1.25e-03	1.66e-01	5.94e-01	2.27e-01	1.12e-02	9.05e-05	0.00e+00	0.00e+00	1.17e-06	6.14e-07	2.01e-07
 3.60850e+15	2.38e-06	1.43e-03	1.81e-01	5.93e-01	2.14e-01	9.98e-03	7.61e-05	0.00e+00	0.00e+00	1.38e-06	7.28e-07	2.39e-07
 3.66258e+15	2.77e-06	1.60e-03	1.95e-01	5.92e-01	2.03e-01	8.97e-03	6.48e-05	0.00e+00	0.00e+00	1.61e-06	8.48e-07	2.78e-07
 3.72167e+15	3.38e-06	1.85e-03	2.13e-01	5.88e-01	1.90e-01	7.89e-03	5.33e-05	0.00e+00	0.00e+00	1.96e-06	1.03e-06	3.39e-07
 3.78151e+15	4.02e-06	2.11e-03	2.31e-01	5.82e-01	1.78e-01	6.95e-03	4.42e-05	0.00e+00	0.00e+00	2.34e-06	1.23e-06	4.04e-07
 3.83126e+15	4.65e-06	2.35e-03	2.47e-01	5.76e-01	1.67e-01	6.23e-03	3.76e-05	0.00e+00	0.00e+00	2.71e-06	1.43e-06	4.68e-07
 3.88488e+15	5.43e-06	2.64e-03	2.67e-01	5.69e-01	1.56e-01	5.50e-03	3.14e-05	0.00e+00	0.00e+00	3.16e-06	1.66e-06	5.47e-07
 3.94540e+15	6.59e-06	3.05e-03	2.91e-01	5.58e-01	1.44e-01	4.75e-03	2.54e-05	0.00e+00	0.00e+00	3.83e-06	2.02e-06	6.64e-07
 3.99998e+15	7.89e-06	3.48e-03	3.14e-01	5.45e-01	1.33e-01	4.13e-03	2.07e-05	0.00e+00	0.00e+00	4.59e-06	2.42e-06	7.95e-07
 4.04600e+15	9.48e-06	3.96e-03	3.37e-01	5.33e-01	1.23e-01	3.63e-03	1.72e-05	0.00e+00	0.00e+00	5.51e-06	2.91e-06	9.57e-07
 4.08738e+15	1.10e-05	4.41e-03	3.57e-01	5.20e-01	1.15e-01	3.22e-03	1.45e-05	0.00e+00	0.00e+00	6.39e-06	3.37e-06	1.11e-06
 4.13280e+15	1.26e-05	4.87e-03	3.80e-01	5.06e-01	1.06e-01	2.83e-03	1.21e-05	0.00e+00	0.00e+00	7.30e-06	3.85e-06	1.27e-06
 4.19185e+15	1.62e-05	5.83e-03	4.15e-01	4.83e-01	9.41e-02	2.32e-03	9.19e-06	0.00e+00	0.00e+00	9.42e-06	4.97e-06	1.64e-06
 4.24688e+15	1.91e-05	6.55e-03	4.46e-01	4.61e-01	8.42e-02	1.95e-03	7.24e-06	0.00e+00	0.00e+00	1.11e-05	5.85e-06	1.93e-06
 4.28918e+15	2.34e-05	7.55e-03	4.75e-01	4.40e-01	7.61e-02	1.65e-03	5.76e-06	0.00e+00	0.00e+00	1.36e-05	7.19e-06	2.37e-06
 4.32741e+15	2.62e-05	8.20e-03	4.98e-01	4.22e-01	6.96e-02	1.44e-03	4.80e-06	0.00e+00	0.00e+00	1.52e-05	8.05e-06	2.66e-06
 4.36787e+15	3.10e-05	9.21e-03	5.27e-01	4.01e-01	6.24e-02	1.22e-03	3.83e-06	0.00e+00	0.00e+00	1.80e-05	9.52e-06	3.14e-06
 4.42046e+15	4.01e-05	1.10e-02	5.66e-01	3.69e-01	5.33e-02	9.56e-04	2.75e-06	0.00e+00	0.00e+00	2.33e-05	1.23e-05	4.07e-06
 4.46973e+15	4.73e-05	1.23e-02	5.99e-01	3.42e-01	4.59e-02	7.69e-04	2.07e-06	0.00e+00	0.00e+00	2.75e-05	1.45e-05	4.80e-06
 4.50818e+15	5.86e-05	1.41e-02	6.29e-01	3.16e-01	4.00e-02	6.23e-04	1.56e-06	0.00e+00	0.00e+00	3.41e-05	1.80e-05	5.95e-06
 4.54318e+15	6.59e-05	1.53e-02	6.53e-01	2.95e-01	3.54e-02	5.23e-04	1.24e-06	0.00e+00	0.00e+00	3.83e-05	2.02e-05	6.70e-06
 4.57488e+15	7.84e-05	1.72e-02	6.77e-01	2.74e-01	3.11e-02	4.32e-04	9.64e-07	0.00e+00	0.00e+00	4.56e-05	2.41e-05	7.98e-06
 4.60116e+15	8.80e-05	1.85e-02	6.96e-01	2.57e-01	2.80e-02	3.71e-04	0.00e+00	0.00e+00	0.00e+00	5.12e-05	2.71e-05	8.97e-06
 4.62566e+15	9.71e-05	1.97e-02	7.13e-01	2.42e-01	2.52e-02	3.19e-04	0.00e+00	0.00e+00	0.00e+00	5.65e-05	2.98e-05	9.89e-06
 4.65750e+15	1.13e-04	2.17e-02	7.34e-01	2.22e-01	2.18e-02	2.58e-04	0.00e+00	0.00e+00	0.00e+00	6.55e-05	3.46e-05	1.15e-05
 4.68983e+15	1.32e-04	2.39e-02	7.55e-01	2.02e-01	1.87e-02	2.07e-04	0.00e+00	0.00e+00	0.00e+00	7.65e-05	4.04e-05	1.34e-05
 4.71532e+15	1.52e-04	2.62e-02	7.71e-01	1.86e-01	1.64e-02	1.72e-04	0.00e+00	0.00e+00	0.00e+00	8.84e-05	4.67e-05	1.55e-05
 4.73601e+15	1.65e-04	2.76e-02	7.83e-01	1.74e-01	1.48e-02	1.48e-04	0.00e+00	0.00e+00	0.00e+00	9.62e-05	5.08e-05	1.69e-05
 4.75795e+15	1.88e-04	2.98e-02	7.96e-01	1.61e-01	1.30e-02	1.24e-04	0.00e+00	0.00e+00	0.00e+00	1.09e-04	5.78e-05	1.92e-05
 4.78269e+15	2.13e-04	3.21e-02	8.09e-01	1.47e-01	1.13e-02	1.01e-04	0.00e+00	0.00e+00	0.00e+00	1.24e-04	6.54e-05	2.17e-05
 4.81107e+15	2.46e-04	3.51e-02	8.23e-01	1.32e-01	9.53e-03	7.95e-05	0.00e+00	0.00e+00	0.00e+00	1.43e-04	7.57e-05	2.52e-05
 4.84061e+15	2.85e-04	3.84e-02	8.35e-01	1.18e-01	7.98e-03	6.18e-05	0.00e+00	0.00e+00	0.00e+00	1.66e-04	8.77e-05	2.92e-05
 4.86539e+15	3.23e-04	4.13e-02	8.44e-01	1.07e-01	6.85e-03	4.97e-05	0.00e+00	0.00e+00	0.00e+00	1.88e-04	9.93e-05	3.31e-05
 4.88794e+15	3.62e-04	4.41e-02	8.52e-01	9.75e-02	5.91e-03	4.04e-05	0.00e+00	0.00e+00	0.00e+00	2.11e-04	1.11e-04	3.71e-05
 4.91384e+15	4.15e-04	4.78e-02	8.60e-01	8.71e-02	4.95e-03	3.15e-05	0.00e+00	0.00e+00	0.00e+00	2.41e-04	1.28e-04	4.25e-05
 4.94184e+15	4.79e-04	5.19e-02	8.66e-01	7.70e-02	4.09e-03	2.40e-05	0.00e+00	0.00e+00	0.00e+00	2.79e-04	1.47e-04	4.91e-05
 4.96683e+15	5.43e-04	5.58e-02	8.71e-01	6.89e-02	3.44e-03	1.88e-05	0.00e+00	0.00e+00	0.00e+00	3.16e-04	1.67e-04	5.57e-05
 4.99008e+15	6.13e-04	5.98e-02	8.75e-01	6.18e-02	2.91e-03	1.49e-05	0.00e+00	0.00e+00	0.00e+00	3.56e-04	1.88e-04	6.29e-05
 5.01679e+15	7.05e-04	6.47e-02	8.78e-01	5.44e-02	2.38e-03	1.12e-05	0.00e+00	0.00e+00	0.00e+00	4.10e-04	2.17e-04	7.24e-05
 5.04541e+15	8.17e-04	7.03e-02	8.80e-01	4.74e-02	1.92e-03	8.30e-06	0.00e+00	0.00e+00	0.00e+00	4.75e-04	2.51e-04	8.40e-05
 5.07064e+15	9.28e-04	7.55e-02	8.80e-01	4.20e-02	1.60e-03	6.37e-06	0.00e+00	0.00e+00	0.00e+00	5.40e-04	2.86e-04	9.54e-05
 5.09758e+15	1.07e-03	8.17e-02	8.79e-01	3.67e-02	1.29e-03	4.71e-06	0.00e+00	0.00e+00	0.00e+00	6.22e-04	3.29e-04	1.10e-04
 5.12685e+15	1.24e-03	8.87e-02	8.77e-01	3.17e-02	1.03e-03	3.41e-06	0.00e+00	0.00e+00	0.00e+00	7.23e-04	3.83e-04	1.28e-04
 5.15309e+15	1.42e-03	9.56e-02	8.74e-01	2.78e-02	8.39e-04	2.56e-06	0.00e+00	0.00e+00	0.00e+00	8.28e-04	4.38e-04	1.47e-04
 5.17722e+15	1.61e-03	1.02e-01	8.71e-01	2.46e-02	6.94e-04	1.95e-06	0.00e+00	0.00e+00	0.00e+00	9.38e-04	4.96e-04	1.66e-04
 5.20467e+15	1.86e-03	1.11e-01	8.66e-01	2.12e-02	5.53e-04	1.41e-06	0.00e+00	0.00e+00	0.00e+00	1.08e-03	5.73e-04	1.92e-04
 5.23481e+15	2.18e-03	1.20e-01	8.59e-01	1.82e-02	4.34e-04	9.99e-07	0.00e+00	0.00e+00	0.00e+00	1.27e-03	6.70e-04	2.24e-04
 5.26225e+15	2.51e-03	1.30e-01	8.51e-01	1.57e-02	3.49e-04	0.00e+00	0.00e+00	0.00e+00	0.00e+00	1.46e-03	7.72e-04	2.59e-04
 5.28758e+15	2.87e-03	1.40e-01	8.43e-01	1.38e-02	2.83e-04	0.00e+00	0.00e+00	0.00e+00	0.00e+00	1.67e-03	8.82e-04	2.96e-04
 5.31635e+15	3.33e-03	1.51e-01	8.33e-01	1.18e-02	2.22e-04	0.00e+00	0.00e+00	0.00e+00	0.00e+00	1.94e-03	1.03e-03	3.44e-04
 5.34807e+15	3.94e-03	1.66e-01	8.20e-01	9.90e-03	1.71e-04	0.00e+00	0.00e+00	0.00e+00	0.00e+00	2.30e-03	1.21e-03	4.07e-04
 5.37705e+15	4.60e-03	1.80e-01	8.07e-01	8.46e-03	1.34e-04	0.00e+00	0.00e+00	0.00e+00	0.00e+00	2.68e-03	1.41e-03	4.74e-04
 5.40383e+15	5.32e-03	1.94e-01	7.93e-01	7.27e-03	1.07e-04	0.00e+00	0.00e+00	0.00e+00	0.00e+00	3.10e-03	1.64e-03	5.49e-04
 5.43432e+15	6.27e-03	2.11e-01	7.76e-01	6.10e-03	8.19e-05	0.00e+00	0.00e+00	0.00e+00	0.00e+00	3.65e-03	1.93e-03	6.48e-04
 5.46825e+15	7.56e-03	2.33e-01	7.54e-01	5.01e-03	6.09e-05	0.00e+00	0.00e+00	0.00e+00	0.00e+00	4.40e-03	2.33e-03	7.81e-04
 5.49978e+15	9.03e-03	2.55e-01	7.32e-01	4.15e-03	4.60e-05	0.00e+00	0.00e+00	0.00e+00	0.00e+00	5.26e-03	2.78e-03	9.33e-04
 5.52940e+15	1.07e-02	2.78e-01	7.08e-01	3.46e-03	3.52e-05	0.00e+00	0.00e+00	0.00e+00	0.00e+00	6.21e-03	3.28e-03	1.10e-03
 5.56340e+15	1.30e-02	3.06e-01	6.78e-01	2.78e-03	2.55e-05	0.00e+00	0.00e+00	0.00e+00	0.00e+00	7.55e-03	3.99e-03	1.34e-03
 5.60043e+15	1.61e-02	3.40e-01	6.42e-01	2.17e-03	1.79e-05	0.00e+00	0.00e+00	0.00e+00	0.00e+00	9.39e-03	4.96e-03	1.67e-03
 5.63291e+15	1.95e-02	3.73e-01	6.06e-01	1.73e-03	1.30e-05	0.00e+00	0.00e+00	0.00e+00	0.00e+00	1.14e-02	6.01e-03	2.02e-03
 5.66145e+15	2.33e-02	4.04e-01	5.71e-01	1.40e-03	9.61e-06	0.00e+00	0.00e+00	0.00e+00	0.00e+00	1.36e-02	7.16e-03	2.41e-03
 5.69338e+15	2.83e-02	4.41e-01	5.30e-01	1.09e-03	6.77e-06	0.00e+00	0.00e+00	0.00e+00	0.00e+00	1.65e-02	8.70e-03	2.93e-03
 5.72798e+15	3.52e-02	4.83e-01	4.81e-01	8.15e-04	4.54e-06	0.00e+00	0.00e+00	0.00e+00	0.00e+00	2.05e-02	1.08e-02	3.64e-03
 5.75816e+15	4.28e-02	5.22e-01	4.34e-01	6.18e-04	3.13e-06	0.00e+00	0.00e+00	0.00e+00	0.00e+00	2.50e-02	1.32e-02	4.44e-03
 5.78435e+15	5.09e-02	5.57e-01	3.92e-01	4.77e-04	2.21e-06	0.00e+00	0.00e+00	0.00e+00	0.00e+00	2.97e-02	1.56e-02	5.27e-03
 5.80740e+15	5.92e-02	5.86e-01	3.54e-01	3.75e-04	1.61e-06	0.00e+00	0.00e+00	0.00e+00	0.00e+00	3.45e-02	1.82e-02	6.13e-03
 5.82761e+15	6.78e-02	6.12e-01	3.20e-01	2.98e-04	1.19e-06	0.00e+00	0.00e+00	0.00e+00	0.00e+00	3.95e-02	2.08e-02	7.03e-03
 5.84702e+15	7.70e-02	6.35e-01	2.88e-01	2.37e-04	8.82e-07	0.00e+00	0.00e+00	0.00e+00	0.00e+00	4.49e-02	2.36e-02	7.99e-03
 5.86933e+15	8.91e-02	6.59e-01	2.52e-01	1.79e-04	0.00e+00	0.00e+00	0.00e+00	0.00e+00	0.00e+00	5.20e-02	2.73e-02	9.25e-03
 5.89263e+15	1.04e-01	6.81e-01	2.15e-01	1.30e-04	0.00e+00	0.00e+00	0.00e+00	0.00e+00	0.00e+00	6.08e-02	3.19e-02	1.08e-02
 5.91137e+15	1.19e-01	6.96e-01	1.85e-01	9.79e-05	0.00e+00	0.00e+00	0.00e+00	0.00e+00	0.00e+00	6.94e-02	3.64e-02	1.23e-02
