#depth	N	N+	N+2	N+3	N+4	N+5	N+6	N+7
 1.49634e+10	0.00e+00	3.08e-30	5.51e-22	1.70e-14	7.84e-08	9.99e-01	5.07e-04	0.00e+00
 4.54887e+10	2.91e-39	4.31e-30	7.15e-22	2.04e-14	8.66e-08	1.00e+00	4.60e-04	9.54e-11
 7.72350e+10	0.00e+00	6.00e-30	9.28e-22	2.46e-14	9.55e-08	1.00e+00	4.18e-04	0.00e+00
 1.10251e+11	6.50e-39	8.33e-30	1.20e-21	2.96e-14	1.05e-07	1.00e+00	3.80e-04	0.00e+00
 1.40413e+11	0.00e+00	1.11e-29	1.51e-21	3.48e-14	1.15e-07	1.00e+00	3.49e-04	0.00e+00
 1.66104e+11	1.23e-38	1.41e-29	1.81e-21	3.98e-14	1.23e-07	1.00e+00	3.25e-04	0.00e+00
 1.94535e+11	0.00e+00	1.81e-29	2.21e-21	4.59e-14	1.33e-07	1.00e+00	3.02e-04	0.00e+00
 2.29780e+11	2.40e-38	2.44e-29	2.81e-21	5.44e-14	1.46e-07	1.00e+00	2.76e-04	0.00e+00
 2.66488e+11	0.00e+00	3.30e-29	3.56e-21	6.46e-14	1.60e-07	1.00e+00	2.52e-04	0.00e+00
 3.00313e+11	4.76e-38	4.30e-29	4.39e-21	7.51e-14	1.73e-07	1.00e+00	2.33e-04	0.00e+00
 3.37787e+11	0.00e+00	5.69e-29	5.48e-21	8.83e-14	1.89e-07	1.00e+00	2.14e-04	0.00e+00
 3.81111e+11	9.77e-38	7.78e-29	7.02e-21	1.06e-13	2.08e-07	1.00e+00	1.95e-04	0.00e+00
 4.23655e+11	0.00e+00	1.04e-28	8.86e-21	1.25e-13	2.27e-07	1.00e+00	1.78e-04	0.00e+00
 4.64351e+11	1.93e-37	1.36e-28	1.10e-20	1.46e-13	2.47e-07	1.00e+00	1.64e-04	0.00e+00
 5.09303e+11	0.00e+00	1.82e-28	1.37e-20	1.72e-13	2.70e-07	1.00e+00	1.51e-04	0.00e+00
 5.59602e+11	3.95e-37	2.47e-28	1.75e-20	2.05e-13	2.97e-07	1.00e+00	1.37e-04	0.00e+00
 6.05315e+11	0.00e+00	3.22e-28	2.17e-20	2.38e-13	3.22e-07	1.00e+00	1.27e-04	0.00e+00
 6.43764e+11	7.10e-37	4.00e-28	2.57e-20	2.70e-13	3.44e-07	1.00e+00	1.19e-04	0.00e+00
 6.86036e+11	0.00e+00	5.04e-28	3.09e-20	3.08e-13	3.69e-07	1.00e+00	1.11e-04	0.00e+00
 7.33636e+11	1.27e-36	6.48e-28	3.77e-20	3.56e-13	3.99e-07	1.00e+00	1.02e-04	0.00e+00
 7.79161e+11	0.00e+00	8.18e-28	4.53e-20	4.06e-13	4.29e-07	1.00e+00	9.55e-05	0.00e+00
 8.29343e+11	2.28e-36	1.05e-27	5.51e-20	4.67e-13	4.62e-07	1.00e+00	8.87e-05	0.00e+00
 8.85143e+11	0.00e+00	1.37e-27	6.79e-20	5.44e-13	5.01e-07	1.00e+00	8.19e-05	0.00e+00
 9.37513e+11	4.22e-36	1.74e-27	8.22e-20	6.23e-13	5.39e-07	1.00e+00	7.62e-05	0.00e+00
 9.94858e+11	0.00e+00	2.25e-27	1.00e-19	7.20e-13	5.83e-07	1.00e+00	7.06e-05	0.00e+00
 1.05931e+12	8.04e-36	2.96e-27	1.25e-19	8.42e-13	6.34e-07	1.00e+00	6.50e-05	0.00e+00
 1.12083e+12	0.00e+00	3.83e-27	1.53e-19	9.71e-13	6.83e-07	1.00e+00	6.03e-05	0.00e+00
 1.18828e+12	1.52e-35	5.00e-27	1.89e-19	1.13e-12	7.42e-07	1.00e+00	5.56e-05	0.00e+00
 1.25963e+12	0.00e+00	6.58e-27	2.34e-19	1.32e-12	8.06e-07	1.00e+00	5.13e-05	0.00e+00
 1.32200e+12	2.82e-35	8.30e-27	2.81e-19	1.50e-12	8.64e-07	1.00e+00	4.79e-05	0.00e+00
 1.38865e+12	0.00e+00	1.06e-26	3.39e-19	1.72e-12	9.27e-07	1.00e+00	4.46e-05	0.00e+00
 1.46981e+12	5.33e-35	1.40e-26	4.24e-19	2.01e-12	1.01e-06	1.00e+00	4.10e-05	0.00e+00
 1.55074e+12	0.00e+00	1.84e-26	5.24e-19	2.34e-12	1.09e-06	1.00e+00	3.79e-05	0.00e+00
 1.62216e+12	9.86e-35	2.32e-26	6.28e-19	2.66e-12	1.17e-06	1.00e+00	3.54e-05	0.00e+00
 1.70032e+12	0.00e+00	2.96e-26	7.62e-19	3.05e-12	1.26e-06	1.00e+00	3.30e-05	0.00e+00
 1.79435e+12	1.89e-34	3.94e-26	9.52e-19	3.57e-12	1.37e-06	1.00e+00	3.04e-05	0.00e+00
 1.88841e+12	2.64e-34	5.19e-26	1.18e-18	4.15e-12	1.48e-06	1.00e+00	2.80e-05	0.00e+00
 1.97397e+12	3.55e-34	6.62e-26	1.43e-18	4.74e-12	1.59e-06	1.00e+00	2.61e-05	0.00e+00
 2.06907e+12	4.89e-34	8.60e-26	1.75e-18	5.47e-12	1.72e-06	1.00e+00	2.43e-05	0.00e+00
 2.18025e+12	7.00e-34	1.15e-25	2.20e-18	6.43e-12	1.87e-06	1.00e+00	2.23e-05	0.00e+00
 2.28997e+12	9.85e-34	1.52e-25	2.73e-18	7.48e-12	2.03e-06	1.00e+00	2.06e-05	0.00e+00
 2.39366e+12	1.35e-33	1.97e-25	3.33e-18	8.60e-12	2.18e-06	1.00e+00	1.91e-05	0.00e+00
 2.50892e+12	1.89e-33	2.59e-25	4.12e-18	9.98e-12	2.36e-06	1.00e+00	1.77e-05	0.00e+00
 2.63921e+12	2.72e-33	3.49e-25	5.20e-18	1.17e-11	2.57e-06	1.00e+00	1.63e-05	0.00e+00
 2.77013e+12	3.89e-33	4.67e-25	6.50e-18	1.37e-11	2.78e-06	1.00e+00	1.50e-05	0.00e+00
 2.90630e+12	5.56e-33	6.24e-25	8.14e-18	1.60e-11	3.02e-06	1.00e+00	1.38e-05	0.00e+00
 3.05248e+12	8.03e-33	8.42e-25	1.03e-17	1.88e-11	3.29e-06	1.00e+00	1.27e-05	0.00e+00
 3.20450e+12	1.16e-32	1.14e-24	1.29e-17	2.21e-11	3.57e-06	1.00e+00	1.17e-05	0.00e+00
 3.34932e+12	1.63e-32	1.50e-24	1.60e-17	2.56e-11	3.86e-06	1.00e+00	1.09e-05	0.00e+00
 3.48147e+12	2.21e-32	1.91e-24	1.93e-17	2.91e-11	4.13e-06	1.00e+00	1.01e-05	0.00e+00
 3.60611e+12	2.91e-32	2.39e-24	2.30e-17	3.28e-11	4.39e-06	1.00e+00	9.55e-06	0.00e+00
 3.74365e+12	3.92e-32	3.05e-24	2.76e-17	3.72e-11	4.69e-06	1.00e+00	8.95e-06	0.00e+00
 3.89784e+12	5.39e-32	3.95e-24	3.37e-17	4.27e-11	5.04e-06	1.00e+00	8.33e-06	0.00e+00
 4.04375e+12	7.26e-32	5.03e-24	4.05e-17	4.84e-11	5.37e-06	1.00e+00	7.81e-06	0.00e+00
 4.20348e+12	9.94e-32	6.48e-24	4.92e-17	5.53e-11	5.75e-06	1.00e+00	7.30e-06	0.00e+00
 4.38254e+12	1.40e-31	8.54e-24	6.08e-17	6.39e-11	6.20e-06	1.00e+00	6.77e-06	0.00e+00
 4.54869e+12	1.90e-31	1.09e-23	7.35e-17	7.27e-11	6.62e-06	1.00e+00	6.34e-06	0.00e+00
 4.70283e+12	2.51e-31	1.37e-23	8.71e-17	8.17e-11	7.03e-06	1.00e+00	5.98e-06	0.00e+00
 4.87941e+12	3.42e-31	1.76e-23	1.05e-16	9.29e-11	7.51e-06	1.00e+00	5.60e-06	0.00e+00
 5.09376e+12	4.90e-31	2.35e-23	1.32e-16	1.08e-10	8.11e-06	1.00e+00	5.18e-06	0.00e+00
 5.30554e+12	6.93e-31	3.11e-23	1.63e-16	1.25e-10	8.73e-06	1.00e+00	4.81e-06	0.00e+00
 5.49091e+12	9.31e-31	3.94e-23	1.95e-16	1.41e-10	9.29e-06	1.00e+00	4.53e-06	0.00e+00
 5.69363e+12	1.27e-30	5.07e-23	2.36e-16	1.60e-10	9.92e-06	1.00e+00	4.24e-06	0.00e+00
 5.93935e+12	1.83e-30	6.80e-23	2.94e-16	1.86e-10	1.07e-05	1.00e+00	3.93e-06	0.00e+00
 6.18608e+12	2.62e-30	9.05e-23	3.65e-16	2.16e-10	1.15e-05	1.00e+00	3.65e-06	0.00e+00
 6.40895e+12	3.57e-30	1.16e-22	4.42e-16	2.45e-10	1.23e-05	1.00e+00	3.42e-06	0.00e+00
 6.65563e+12	4.99e-30	1.52e-22	5.41e-16	2.81e-10	1.32e-05	1.00e+00	3.19e-06	0.00e+00
 6.94592e+12	7.28e-30	2.06e-22	6.80e-16	3.28e-10	1.42e-05	1.00e+00	2.95e-06	0.00e+00
 7.23282e+12	1.04e-29	2.75e-22	8.47e-16	3.79e-10	1.53e-05	1.00e+00	2.74e-06	0.00e+00
 7.50090e+12	1.45e-29	3.58e-22	1.03e-15	4.33e-10	1.64e-05	1.00e+00	2.57e-06	0.00e+00
 7.80057e+12	2.06e-29	4.75e-22	1.28e-15	5.00e-10	1.76e-05	1.00e+00	2.39e-06	0.00e+00
 8.14252e+12	3.04e-29	6.48e-22	1.61e-15	5.85e-10	1.91e-05	1.00e+00	2.20e-06	0.00e+00
 8.48181e+12	4.40e-29	8.72e-22	2.02e-15	6.80e-10	2.06e-05	1.00e+00	2.04e-06	0.00e+00
 8.83468e+12	6.38e-29	1.18e-21	2.53e-15	7.90e-10	2.22e-05	1.00e+00	1.90e-06	0.00e+00
 9.21799e+12	9.41e-29	1.60e-21	3.20e-15	9.25e-10	2.40e-05	1.00e+00	1.75e-06	0.00e+00
 9.61664e+12	1.39e-28	2.19e-21	4.04e-15	1.08e-09	2.60e-05	1.00e+00	1.62e-06	0.00e+00
 1.00023e+13	1.99e-28	2.93e-21	5.03e-15	1.25e-09	2.80e-05	1.00e+00	1.50e-06	0.00e+00
 1.03643e+13	2.76e-28	3.81e-21	6.13e-15	1.43e-09	3.00e-05	1.00e+00	1.41e-06	0.00e+00
 1.07698e+13	3.94e-28	5.06e-21	7.60e-15	1.65e-09	3.22e-05	1.00e+00	1.31e-06	0.00e+00
 1.11787e+13	5.55e-28	6.66e-21	9.36e-15	1.90e-09	3.46e-05	1.00e+00	1.22e-06	0.00e+00
 1.15175e+13	7.32e-28	8.32e-21	1.11e-14	2.13e-09	3.66e-05	1.00e+00	1.15e-06	0.00e+00
 1.18758e+13	9.72e-28	1.04e-20	1.31e-14	2.39e-09	3.88e-05	1.00e+00	1.09e-06	0.00e+00
 1.23349e+13	1.38e-27	1.38e-20	1.63e-14	2.76e-09	4.18e-05	1.00e+00	1.01e-06	0.00e+00
 1.28168e+13	1.97e-27	1.84e-20	2.02e-14	3.19e-09	4.49e-05	1.00e+00	9.37e-07	0.00e+00
 1.32422e+13	2.67e-27	2.35e-20	2.43e-14	3.61e-09	4.79e-05	1.00e+00	0.00e+00	0.00e+00
 1.37023e+13	3.66e-27	3.03e-20	2.94e-14	4.11e-09	5.11e-05	1.00e+00	0.00e+00	0.00e+00
 1.42565e+13	5.28e-27	4.08e-20	3.68e-14	4.79e-09	5.52e-05	1.00e+00	0.00e+00	0.00e+00
 1.48184e+13	7.56e-27	5.44e-20	4.58e-14	5.55e-09	5.96e-05	1.00e+00	0.00e+00	0.00e+00
 1.53433e+13	1.04e-26	7.06e-20	5.59e-14	6.35e-09	6.38e-05	1.00e+00	0.00e+00	0.00e+00
 1.59276e+13	1.48e-26	9.34e-20	6.91e-14	7.33e-09	6.86e-05	1.00e+00	0.00e+00	0.00e+00
 1.65483e+13	2.10e-26	1.24e-19	8.58e-14	8.49e-09	7.40e-05	1.00e+00	0.00e+00	0.00e+00
 1.70999e+13	2.86e-26	1.59e-19	1.03e-13	9.64e-09	7.89e-05	1.00e+00	0.00e+00	0.00e+00
 1.76931e+13	3.92e-26	2.05e-19	1.26e-13	1.10e-08	8.44e-05	1.00e+00	0.00e+00	0.00e+00
 1.84039e+13	5.64e-26	2.75e-19	1.57e-13	1.28e-08	9.13e-05	1.00e+00	0.00e+00	0.00e+00
 1.91032e+13	7.98e-26	3.64e-19	1.95e-13	1.48e-08	9.84e-05	1.00e+00	0.00e+00	0.00e+00
 1.97256e+13	1.08e-25	4.64e-19	2.34e-13	1.68e-08	1.05e-04	1.00e+00	0.00e+00	0.00e+00
 2.04124e+13	1.48e-25	5.99e-19	2.85e-13	1.92e-08	1.12e-04	1.00e+00	0.00e+00	0.00e+00
 2.12316e+13	2.13e-25	8.05e-19	3.56e-13	2.23e-08	1.22e-04	1.00e+00	0.00e+00	0.00e+00
 2.20455e+13	3.02e-25	1.07e-18	4.42e-13	2.59e-08	1.31e-04	1.00e+00	0.00e+00	0.00e+00
 2.27897e+13	4.12e-25	1.37e-18	5.35e-13	2.94e-08	1.40e-04	1.00e+00	0.00e+00	0.00e+00
 2.36206e+13	5.75e-25	1.80e-18	6.58e-13	3.39e-08	1.50e-04	1.00e+00	0.00e+00	0.00e+00
 2.45870e+13	8.36e-25	2.43e-18	8.29e-13	3.96e-08	1.63e-04	1.00e+00	0.00e+00	0.00e+00
 2.55356e+13	1.19e-24	3.24e-18	1.03e-12	4.59e-08	1.76e-04	1.00e+00	0.00e+00	0.00e+00
 2.64321e+13	1.65e-24	4.20e-18	1.26e-12	5.26e-08	1.89e-04	1.00e+00	0.00e+00	0.00e+00
 2.74293e+13	2.33e-24	5.56e-18	1.56e-12	6.08e-08	2.03e-04	1.00e+00	0.00e+00	0.00e+00
 2.85564e+13	3.39e-24	7.54e-18	1.97e-12	7.12e-08	2.21e-04	1.00e+00	0.00e+00	0.00e+00
 2.96858e+13	4.90e-24	1.01e-17	2.46e-12	8.30e-08	2.38e-04	1.00e+00	0.00e+00	0.00e+00
 3.07463e+13	6.82e-24	1.32e-17	3.02e-12	9.52e-08	2.56e-04	1.00e+00	0.00e+00	0.00e+00
 3.18920e+13	9.63e-24	1.75e-17	3.73e-12	1.10e-07	2.75e-04	1.00e+00	0.00e+00	0.00e+00
 3.31717e+13	1.40e-23	2.36e-17	4.69e-12	1.28e-07	2.98e-04	1.00e+00	0.00e+00	0.00e+00
 3.43703e+13	1.96e-23	3.10e-17	5.76e-12	1.48e-07	3.20e-04	1.00e+00	0.00e+00	0.00e+00
 3.53852e+13	2.58e-23	3.87e-17	6.83e-12	1.66e-07	3.40e-04	1.00e+00	0.00e+00	0.00e+00
 3.64338e+13	3.41e-23	4.85e-17	8.10e-12	1.86e-07	3.60e-04	1.00e+00	0.00e+00	0.00e+00
 3.77819e+13	4.81e-23	6.40e-17	1.00e-11	2.14e-07	3.87e-04	1.00e+00	0.00e+00	0.00e+00
 3.91674e+13	6.79e-23	8.45e-17	1.23e-11	2.47e-07	4.17e-04	1.00e+00	0.00e+00	0.00e+00
 4.03393e+13	9.00e-23	1.06e-16	1.47e-11	2.77e-07	4.42e-04	1.00e+00	0.00e+00	0.00e+00
 4.15857e+13	1.20e-22	1.34e-16	1.75e-11	3.13e-07	4.70e-04	1.00e+00	0.00e+00	0.00e+00
 4.31509e+13	1.71e-22	1.78e-16	2.18e-11	3.62e-07	5.06e-04	9.99e-01	0.00e+00	0.00e+00
 4.47666e+13	2.44e-22	2.37e-16	2.70e-11	4.19e-07	5.45e-04	9.99e-01	0.00e+00	0.00e+00
 4.61895e+13	3.30e-22	3.02e-16	3.24e-11	4.74e-07	5.80e-04	9.99e-01	0.00e+00	0.00e+00
 4.77259e+13	4.52e-22	3.88e-16	3.93e-11	5.39e-07	6.19e-04	9.99e-01	0.00e+00	0.00e+00
 4.95811e+13	6.51e-22	5.22e-16	4.91e-11	6.27e-07	6.69e-04	9.99e-01	0.00e+00	0.00e+00
 5.14213e+13	9.24e-22	6.92e-16	6.08e-11	7.24e-07	7.20e-04	9.99e-01	0.00e+00	0.00e+00
 5.30553e+13	1.25e-21	8.81e-16	7.31e-11	8.19e-07	7.66e-04	9.99e-01	0.00e+00	0.00e+00
 5.48512e+13	1.72e-21	1.14e-15	8.89e-11	9.35e-07	8.20e-04	9.99e-01	0.00e+00	0.00e+00
 5.69985e+13	2.48e-21	1.53e-15	1.11e-10	1.09e-06	8.86e-04	9.99e-01	0.00e+00	0.00e+00
 5.91325e+13	3.53e-21	2.04e-15	1.38e-10	1.26e-06	9.55e-04	9.99e-01	0.00e+00	0.00e+00
 6.10736e+13	4.81e-21	2.61e-15	1.67e-10	1.43e-06	1.02e-03	9.99e-01	0.00e+00	0.00e+00
 6.32343e+13	6.70e-21	3.42e-15	2.05e-10	1.64e-06	1.09e-03	9.99e-01	0.00e+00	0.00e+00
 6.57596e+13	9.72e-21	4.61e-15	2.58e-10	1.92e-06	1.19e-03	9.99e-01	0.00e+00	0.00e+00
 6.82447e+13	1.38e-20	6.14e-15	3.20e-10	2.23e-06	1.28e-03	9.99e-01	0.00e+00	0.00e+00
 7.05786e+13	1.90e-20	7.94e-15	3.90e-10	2.54e-06	1.37e-03	9.99e-01	0.00e+00	0.00e+00
 7.31809e+13	2.67e-20	1.05e-14	4.82e-10	2.94e-06	1.48e-03	9.99e-01	0.00e+00	0.00e+00
 7.61381e+13	3.87e-20	1.41e-14	6.08e-10	3.44e-06	1.60e-03	9.98e-01	0.00e+00	0.00e+00
 7.90868e+13	5.52e-20	1.89e-14	7.59e-10	4.01e-06	1.73e-03	9.98e-01	0.00e+00	0.00e+00
 8.21534e+13	7.86e-20	2.52e-14	9.47e-10	4.66e-06	1.88e-03	9.98e-01	0.00e+00	0.00e+00
 8.53791e+13	1.12e-19	3.36e-14	1.19e-09	5.44e-06	2.04e-03	9.98e-01	0.00e+00	0.00e+00
 8.81005e+13	1.50e-19	4.26e-14	1.42e-09	6.17e-06	2.17e-03	9.98e-01	0.00e+00	0.00e+00
 9.02272e+13	1.86e-19	5.08e-14	1.64e-09	6.79e-06	2.29e-03	9.98e-01	0.00e+00	0.00e+00
 9.25396e+13	2.34e-19	6.14e-14	1.89e-09	7.51e-06	2.41e-03	9.98e-01	0.00e+00	0.00e+00
 9.55457e+13	3.12e-19	7.78e-14	2.28e-09	8.54e-06	2.59e-03	9.97e-01	0.00e+00	0.00e+00
 9.88001e+13	4.22e-19	9.96e-14	2.77e-09	9.77e-06	2.78e-03	9.97e-01	0.00e+00	0.00e+00
 1.01731e+14	5.47e-19	1.23e-13	3.28e-09	1.10e-05	2.96e-03	9.97e-01	0.00e+00	0.00e+00
 1.04896e+14	7.18e-19	1.54e-13	3.91e-09	1.24e-05	3.16e-03	9.97e-01	0.00e+00	0.00e+00
 1.08833e+14	9.94e-19	2.02e-13	4.84e-09	1.44e-05	3.43e-03	9.97e-01	0.00e+00	0.00e+00
 1.12796e+14	1.36e-18	2.62e-13	5.95e-09	1.66e-05	3.71e-03	9.96e-01	0.00e+00	0.00e+00
 1.16231e+14	1.77e-18	3.26e-13	7.08e-09	1.88e-05	3.96e-03	9.96e-01	0.00e+00	0.00e+00
 1.19956e+14	2.32e-18	4.08e-13	8.49e-09	2.13e-05	4.24e-03	9.96e-01	0.00e+00	0.00e+00
 1.24518e+14	3.19e-18	5.34e-13	1.05e-08	2.47e-05	4.61e-03	9.95e-01	0.00e+00	0.00e+00
 1.29134e+14	4.35e-18	6.92e-13	1.30e-08	2.86e-05	5.00e-03	9.95e-01	0.00e+00	0.00e+00
 1.33253e+14	5.68e-18	8.66e-13	1.55e-08	3.25e-05	5.36e-03	9.95e-01	0.00e+00	0.00e+00
 1.37759e+14	7.52e-18	1.10e-12	1.88e-08	3.71e-05	5.77e-03	9.94e-01	0.00e+00	0.00e+00
 1.43128e+14	1.04e-17	1.44e-12	2.35e-08	4.33e-05	6.29e-03	9.94e-01	0.00e+00	0.00e+00
 1.48429e+14	1.41e-17	1.86e-12	2.89e-08	5.01e-05	6.83e-03	9.93e-01	0.00e+00	0.00e+00
 1.53234e+14	1.83e-17	2.33e-12	3.47e-08	5.70e-05	7.34e-03	9.93e-01	0.00e+00	0.00e+00
 1.58580e+14	2.44e-17	2.96e-12	4.23e-08	6.54e-05	7.93e-03	9.92e-01	0.00e+00	0.00e+00
 1.64849e+14	3.37e-17	3.89e-12	5.30e-08	7.64e-05	8.65e-03	9.91e-01	0.00e+00	0.00e+00
 1.71021e+14	4.57e-17	5.05e-12	6.55e-08	8.85e-05	9.41e-03	9.91e-01	0.00e+00	0.00e+00
 1.76781e+14	6.01e-17	6.37e-12	7.94e-08	1.01e-04	1.01e-02	9.90e-01	0.00e+00	0.00e+00
 1.83221e+14	8.10e-17	8.21e-12	9.77e-08	1.17e-04	1.10e-02	9.89e-01	0.00e+00	0.00e+00
 1.90580e+14	1.12e-16	1.08e-11	1.23e-07	1.37e-04	1.20e-02	9.88e-01	0.00e+00	0.00e+00
 1.97857e+14	1.83e-16	1.41e-11	1.53e-07	1.59e-04	1.31e-02	9.87e-01	0.00e+00	0.00e+00
 2.05425e+14	2.53e-16	1.85e-11	1.90e-07	1.84e-04	1.42e-02	9.86e-01	0.00e+00	0.00e+00
 2.12296e+14	3.35e-16	2.33e-11	2.31e-07	2.10e-04	1.53e-02	9.84e-01	0.00e+00	0.00e+00
 2.17441e+14	4.11e-16	2.77e-11	2.66e-07	2.31e-04	1.62e-02	9.84e-01	0.00e+00	0.00e+00
 2.22767e+14	5.06e-16	3.29e-11	3.06e-07	2.55e-04	1.71e-02	9.83e-01	0.00e+00	0.00e+00
 2.29692e+14	6.58e-16	4.10e-11	3.67e-07	2.88e-04	1.83e-02	9.81e-01	0.00e+00	0.00e+00
 2.37219e+14	8.71e-16	5.17e-11	4.44e-07	3.28e-04	1.97e-02	9.80e-01	0.00e+00	0.00e+00
 2.44033e+14	1.11e-15	6.34e-11	5.25e-07	3.67e-04	2.10e-02	9.79e-01	0.00e+00	0.00e+00
 2.51398e+14	1.44e-15	7.86e-11	6.26e-07	4.13e-04	2.24e-02	9.77e-01	0.00e+00	0.00e+00
 2.60686e+14	1.98e-15	1.02e-10	7.76e-07	4.78e-04	2.43e-02	9.75e-01	0.00e+00	0.00e+00
 2.70041e+14	2.69e-15	1.32e-10	9.58e-07	5.50e-04	2.63e-02	9.73e-01	0.00e+00	0.00e+00
 2.77956e+14	3.48e-15	1.64e-10	1.14e-06	6.17e-04	2.81e-02	9.71e-01	0.00e+00	0.00e+00
 2.86434e+14	4.53e-15	2.04e-10	1.36e-06	6.96e-04	3.00e-02	9.69e-01	0.00e+00	0.00e+00
 2.97066e+14	6.26e-15	2.67e-10	1.70e-06	8.05e-04	3.26e-02	9.67e-01	0.00e+00	0.00e+00
 3.08207e+14	8.70e-15	3.50e-10	2.11e-06	9.33e-04	3.53e-02	9.64e-01	0.00e+00	0.00e+00
 3.18304e+14	1.16e-14	4.45e-10	2.57e-06	1.06e-03	3.79e-02	9.61e-01	0.00e+00	0.00e+00
 3.29333e+14	1.58e-14	5.74e-10	3.15e-06	1.22e-03	4.09e-02	9.58e-01	0.00e+00	0.00e+00
 3.42292e+14	2.24e-14	7.67e-10	3.98e-06	1.42e-03	4.45e-02	9.54e-01	0.00e+00	0.00e+00
 3.54963e+14	3.05e-14	1.01e-09	4.96e-06	1.64e-03	4.82e-02	9.50e-01	0.00e+00	0.00e+00
 3.66585e+14	4.10e-14	1.29e-09	6.03e-06	1.87e-03	5.16e-02	9.46e-01	0.00e+00	0.00e+00
 3.79645e+14	5.63e-14	1.68e-09	7.46e-06	2.15e-03	5.57e-02	9.42e-01	0.00e+00	0.00e+00
 3.94782e+14	8.06e-14	2.26e-09	9.46e-06	2.51e-03	6.07e-02	9.37e-01	0.00e+00	0.00e+00
 4.09636e+14	1.13e-13	2.99e-09	1.18e-05	2.91e-03	6.57e-02	9.31e-01	0.00e+00	0.00e+00
 4.23761e+14	1.55e-13	3.88e-09	1.45e-05	3.33e-03	7.06e-02	9.26e-01	0.00e+00	0.00e+00
 4.36160e+14	2.02e-13	4.84e-09	1.73e-05	3.74e-03	7.51e-02	9.21e-01	0.00e+00	0.00e+00
 4.46437e+14	2.51e-13	5.79e-09	2.00e-05	4.11e-03	7.89e-02	9.17e-01	0.00e+00	0.00e+00
 4.57722e+14	3.16e-13	7.02e-09	2.33e-05	4.54e-03	8.31e-02	9.12e-01	0.00e+00	0.00e+00
 4.72392e+14	4.24e-13	8.95e-09	2.82e-05	5.14e-03	8.88e-02	9.06e-01	0.00e+00	0.00e+00
 4.87866e+14	5.73e-13	1.15e-08	3.43e-05	5.84e-03	9.50e-02	8.99e-01	0.00e+00	0.00e+00
 5.01159e+14	7.37e-13	1.42e-08	4.04e-05	6.51e-03	1.00e-01	8.93e-01	0.00e+00	0.00e+00
 5.15213e+14	9.56e-13	1.76e-08	4.78e-05	7.26e-03	1.06e-01	8.86e-01	0.00e+00	0.00e+00
 5.33484e+14	1.33e-12	2.31e-08	5.92e-05	8.34e-03	1.14e-01	8.77e-01	0.00e+00	0.00e+00
 5.52305e+14	1.83e-12	3.02e-08	7.30e-05	9.55e-03	1.23e-01	8.68e-01	0.00e+00	0.00e+00
 5.67979e+14	2.39e-12	3.76e-08	8.66e-05	1.07e-02	1.30e-01	8.59e-01	0.00e+00	0.00e+00
 5.84493e+14	3.13e-12	4.70e-08	1.03e-04	1.19e-02	1.37e-01	8.51e-01	0.00e+00	0.00e+00
 6.05718e+14	4.38e-12	6.21e-08	1.28e-04	1.37e-02	1.47e-01	8.39e-01	0.00e+00	0.00e+00
 6.28040e+14	6.16e-12	8.23e-08	1.59e-04	1.58e-02	1.58e-01	8.26e-01	0.00e+00	0.00e+00
 6.47509e+14	8.21e-12	1.05e-07	1.91e-04	1.78e-02	1.68e-01	8.14e-01	0.00e+00	0.00e+00
 6.68300e+14	1.11e-11	1.34e-07	2.32e-04	2.01e-02	1.78e-01	8.01e-01	0.00e+00	0.00e+00
 6.93668e+14	1.57e-11	1.79e-07	2.90e-04	2.32e-02	1.91e-01	7.85e-01	0.00e+00	0.00e+00
 7.19029e+14	2.20e-11	2.37e-07	3.59e-04	2.66e-02	2.04e-01	7.69e-01	0.00e+00	0.00e+00
 7.41385e+14	2.93e-11	3.01e-07	4.32e-04	2.99e-02	2.16e-01	7.54e-01	0.00e+00	0.00e+00
 7.65788e+14	3.97e-11	3.87e-07	5.23e-04	3.37e-02	2.29e-01	7.37e-01	0.00e+00	0.00e+00
 7.95187e+14	5.65e-11	5.19e-07	6.54e-04	3.88e-02	2.44e-01	7.17e-01	0.00e+00	0.00e+00
 8.23233e+14	7.76e-11	6.76e-07	8.01e-04	4.40e-02	2.59e-01	6.97e-01	0.00e+00	0.00e+00
 8.46751e+14	1.01e-10	8.40e-07	9.45e-04	4.88e-02	2.71e-01	6.80e-01	0.00e+00	0.00e+00
 8.67873e+14	1.26e-10	1.01e-06	1.09e-03	5.33e-02	2.81e-01	6.64e-01	0.00e+00	0.00e+00
 8.90973e+14	1.61e-10	1.24e-06	1.27e-03	5.85e-02	2.93e-01	6.47e-01	0.00e+00	0.00e+00
 9.16942e+14	2.09e-10	1.54e-06	1.50e-03	6.47e-02	3.06e-01	6.28e-01	0.00e+00	0.00e+00
 9.41517e+14	2.65e-10	1.88e-06	1.74e-03	7.09e-02	3.18e-01	6.10e-01	0.00e+00	0.00e+00
 9.68344e+14	3.43e-10	2.32e-06	2.04e-03	7.81e-02	3.30e-01	5.90e-01	0.00e+00	0.00e+00
 9.97941e+14	4.48e-10	2.91e-06	2.42e-03	8.64e-02	3.44e-01	5.68e-01	0.00e+00	0.00e+00
 1.02531e+15	5.70e-10	3.55e-06	2.81e-03	9.45e-02	3.55e-01	5.47e-01	0.00e+00	0.00e+00
 1.05507e+15	7.38e-10	4.39e-06	3.29e-03	1.04e-01	3.68e-01	5.25e-01	0.00e+00	0.00e+00
 1.08824e+15	9.73e-10	5.52e-06	3.89e-03	1.14e-01	3.81e-01	5.01e-01	0.00e+00	0.00e+00
 1.11950e+15	1.25e-09	6.78e-06	4.53e-03	1.25e-01	3.92e-01	4.79e-01	0.00e+00	0.00e+00
 1.15379e+15	1.64e-09	8.46e-06	5.33e-03	1.37e-01	4.03e-01	4.54e-01	0.00e+00	0.00e+00
 1.19163e+15	2.17e-09	1.07e-05	6.31e-03	1.51e-01	4.15e-01	4.28e-01	0.00e+00	0.00e+00
 1.22621e+15	2.78e-09	1.31e-05	7.31e-03	1.64e-01	4.24e-01	4.05e-01	0.00e+00	0.00e+00
 1.26328e+15	3.61e-09	1.62e-05	8.53e-03	1.78e-01	4.32e-01	3.81e-01	0.00e+00	0.00e+00
 1.30448e+15	4.75e-09	2.03e-05	1.00e-02	1.94e-01	4.40e-01	3.55e-01	0.00e+00	0.00e+00
 1.34306e+15	6.08e-09	2.48e-05	1.16e-02	2.09e-01	4.46e-01	3.33e-01	0.00e+00	0.00e+00
 1.38522e+15	7.93e-09	3.08e-05	1.35e-02	2.27e-01	4.51e-01	3.08e-01	0.00e+00	0.00e+00
 1.43185e+15	1.05e-08	3.85e-05	1.58e-02	2.46e-01	4.55e-01	2.84e-01	0.00e+00	0.00e+00
 1.47524e+15	1.34e-08	4.70e-05	1.81e-02	2.63e-01	4.57e-01	2.62e-01	0.00e+00	0.00e+00
 1.51447e+15	1.66e-08	5.59e-05	2.05e-02	2.79e-01	4.57e-01	2.43e-01	0.00e+00	0.00e+00
 1.54989e+15	2.00e-08	6.50e-05	2.27e-02	2.93e-01	4.56e-01	2.27e-01	0.00e+00	0.00e+00
 1.58851e+15	2.46e-08	7.65e-05	2.54e-02	3.09e-01	4.54e-01	2.11e-01	0.00e+00	0.00e+00
 1.63098e+15	3.04e-08	9.06e-05	2.85e-02	3.26e-01	4.51e-01	1.94e-01	0.00e+00	0.00e+00
 1.67196e+15	3.71e-08	1.06e-04	3.18e-02	3.42e-01	4.47e-01	1.79e-01	0.00e+00	0.00e+00
 1.71172e+15	4.48e-08	1.23e-04	3.51e-02	3.57e-01	4.42e-01	1.65e-01	0.00e+00	0.00e+00
 1.75642e+15	5.53e-08	1.45e-04	3.92e-02	3.74e-01	4.36e-01	1.51e-01	0.00e+00	0.00e+00
 1.80676e+15	6.92e-08	1.73e-04	4.40e-02	3.92e-01	4.28e-01	1.36e-01	0.00e+00	0.00e+00
 1.85492e+15	8.49e-08	2.03e-04	4.90e-02	4.08e-01	4.19e-01	1.23e-01	0.00e+00	0.00e+00
 1.89902e+15	1.02e-07	2.34e-04	5.38e-02	4.23e-01	4.10e-01	1.13e-01	0.00e+00	0.00e+00
 1.94737e+15	1.25e-07	2.73e-04	5.95e-02	4.39e-01	4.00e-01	1.02e-01	0.00e+00	0.00e+00
 2.00006e+15	1.53e-07	3.21e-04	6.60e-02	4.55e-01	3.88e-01	9.09e-02	0.00e+00	0.00e+00
 2.05023e+15	1.85e-07	3.71e-04	7.25e-02	4.69e-01	3.77e-01	8.18e-02	0.00e+00	0.00e+00
 2.09935e+15	2.22e-07	4.26e-04	7.93e-02	4.82e-01	3.65e-01	7.37e-02	0.00e+00	0.00e+00
 2.15523e+15	2.74e-07	5.00e-04	8.77e-02	4.96e-01	3.51e-01	6.50e-02	0.00e+00	0.00e+00
 2.21709e+15	3.39e-07	5.88e-04	9.73e-02	5.10e-01	3.35e-01	5.69e-02	0.00e+00	0.00e+00
 2.27518e+15	4.11e-07	6.80e-04	1.07e-01	5.22e-01	3.20e-01	5.01e-02	0.00e+00	0.00e+00
 2.32965e+15	4.92e-07	7.79e-04	1.16e-01	5.32e-01	3.06e-01	4.44e-02	0.00e+00	0.00e+00
 2.38288e+15	5.85e-07	8.86e-04	1.26e-01	5.41e-01	2.93e-01	3.94e-02	0.00e+00	0.00e+00
 2.44402e+15	7.19e-07	1.03e-03	1.38e-01	5.50e-01	2.77e-01	3.41e-02	0.00e+00	0.00e+00
 2.50804e+15	8.68e-07	1.19e-03	1.51e-01	5.57e-01	2.61e-01	2.95e-02	0.00e+00	0.00e+00
 2.56458e+15	1.03e-06	1.35e-03	1.63e-01	5.63e-01	2.47e-01	2.59e-02	0.00e+00	0.00e+00
 2.62686e+15	1.25e-06	1.56e-03	1.78e-01	5.67e-01	2.31e-01	2.22e-02	0.00e+00	0.00e+00
 2.68557e+15	1.47e-06	1.76e-03	1.91e-01	5.70e-01	2.18e-01	1.94e-02	0.00e+00	0.00e+00
 2.72845e+15	1.66e-06	1.93e-03	2.02e-01	5.71e-01	2.08e-01	1.75e-02	0.00e+00	0.00e+00
 2.77299e+15	1.90e-06	2.13e-03	2.14e-01	5.71e-01	1.97e-01	1.56e-02	0.00e+00	0.00e+00
 2.82317e+15	2.19e-06	2.37e-03	2.27e-01	5.71e-01	1.86e-01	1.37e-02	0.00e+00	0.00e+00
 2.87107e+15	2.52e-06	2.62e-03	2.41e-01	5.69e-01	1.75e-01	1.21e-02	0.00e+00	0.00e+00
 2.91597e+15	2.86e-06	2.88e-03	2.54e-01	5.67e-01	1.65e-01	1.08e-02	0.00e+00	0.00e+00
 2.96655e+15	3.32e-06	3.22e-03	2.70e-01	5.63e-01	1.54e-01	9.35e-03	0.00e+00	0.00e+00
 3.02022e+15	3.87e-06	3.61e-03	2.88e-01	5.57e-01	1.43e-01	8.05e-03	0.00e+00	0.00e+00
 3.06652e+15	4.41e-06	3.97e-03	3.03e-01	5.52e-01	1.34e-01	7.07e-03	0.00e+00	0.00e+00
 3.11529e+15	5.10e-06	4.41e-03	3.21e-01	5.45e-01	1.24e-01	6.10e-03	0.00e+00	0.00e+00
 3.16772e+15	5.95e-06	4.95e-03	3.40e-01	5.35e-01	1.14e-01	5.19e-03	0.00e+00	0.00e+00
 3.21338e+15	6.74e-06	5.43e-03	3.57e-01	5.27e-01	1.06e-01	4.52e-03	0.00e+00	0.00e+00
 3.26120e+15	7.66e-06	5.97e-03	3.76e-01	5.16e-01	9.77e-02	3.88e-03	0.00e+00	0.00e+00
 3.31495e+15	9.29e-06	6.85e-03	4.00e-01	5.02e-01	8.80e-02	3.19e-03	0.00e+00	0.00e+00
 3.36027e+15	1.06e-05	7.54e-03	4.19e-01	4.90e-01	8.08e-02	2.73e-03	0.00e+00	0.00e+00
 3.40305e+15	1.22e-05	8.36e-03	4.38e-01	4.77e-01	7.37e-02	2.32e-03	0.00e+00	0.00e+00
 3.45031e+15	1.37e-05	9.13e-03	4.59e-01	4.63e-01	6.69e-02	1.96e-03	0.00e+00	0.00e+00
 3.50341e+15	1.64e-05	1.04e-02	4.84e-01	4.45e-01	5.90e-02	1.57e-03	0.00e+00	0.00e+00
 3.55582e+15	1.95e-05	1.18e-02	5.10e-01	4.26e-01	5.19e-02	1.26e-03	0.00e+00	0.00e+00
 3.59532e+15	2.30e-05	1.32e-02	5.30e-01	4.09e-01	4.65e-02	1.04e-03	0.00e+00	0.00e+00
 3.62703e+15	2.57e-05	1.43e-02	5.46e-01	3.96e-01	4.26e-02	8.90e-04	0.00e+00	0.00e+00
 3.66065e+15	2.90e-05	1.56e-02	5.64e-01	3.81e-01	3.85e-02	7.53e-04	0.00e+00	0.00e+00
 3.70437e+15	3.43e-05	1.76e-02	5.86e-01	3.62e-01	3.36e-02	5.96e-04	0.00e+00	0.00e+00
 3.74949e+15	3.95e-05	1.94e-02	6.08e-01	3.43e-01	2.92e-02	4.73e-04	0.00e+00	0.00e+00
 3.78323e+15	4.65e-05	2.18e-02	6.26e-01	3.26e-01	2.57e-02	3.82e-04	0.00e+00	0.00e+00
 3.80435e+15	5.01e-05	2.30e-02	6.36e-01	3.17e-01	2.39e-02	3.39e-04	0.00e+00	0.00e+00
 3.82231e+15	5.41e-05	2.43e-02	6.45e-01	3.08e-01	2.23e-02	3.01e-04	0.00e+00	0.00e+00
 3.84566e+15	5.85e-05	2.56e-02	6.56e-01	2.98e-01	2.05e-02	2.62e-04	0.00e+00	0.00e+00
 3.87601e+15	6.81e-05	2.85e-02	6.72e-01	2.82e-01	1.79e-02	2.10e-04	0.00e+00	0.00e+00
 3.90444e+15	7.51e-05	3.05e-02	6.84e-01	2.70e-01	1.61e-02	1.76e-04	0.00e+00	0.00e+00
 3.93036e+15	8.61e-05	3.35e-02	6.96e-01	2.56e-01	1.42e-02	1.43e-04	0.00e+00	0.00e+00
 3.95605e+15	9.61e-05	3.61e-02	7.07e-01	2.44e-01	1.26e-02	1.19e-04	0.00e+00	0.00e+00
 3.97749e+15	1.04e-04	3.82e-02	7.15e-01	2.35e-01	1.15e-02	1.02e-04	0.00e+00	0.00e+00
 4.00140e+15	1.17e-04	4.12e-02	7.25e-01	2.24e-01	1.02e-02	8.37e-05	0.00e+00	0.00e+00
 4.02771e+15	1.32e-04	4.48e-02	7.34e-01	2.12e-01	8.92e-03	6.74e-05	0.00e+00	0.00e+00
 4.05148e+15	1.50e-04	4.90e-02	7.43e-01	2.00e-01	7.81e-03	5.42e-05	0.00e+00	0.00e+00
 4.07134e+15	1.65e-04	5.21e-02	7.49e-01	1.92e-01	7.03e-03	4.58e-05	0.00e+00	0.00e+00
 4.09180e+15	1.80e-04	5.53e-02	7.55e-01	1.83e-01	6.29e-03	3.83e-05	0.00e+00	0.00e+00
 4.11839e+15	2.09e-04	6.11e-02	7.62e-01	1.71e-01	5.34e-03	2.94e-05	0.00e+00	0.00e+00
 4.14425e+15	2.36e-04	6.64e-02	7.68e-01	1.61e-01	4.60e-03	2.31e-05	0.00e+00	0.00e+00
 4.16442e+15	2.61e-04	7.10e-02	7.72e-01	1.53e-01	4.07e-03	1.90e-05	0.00e+00	0.00e+00
 4.18591e+15	2.92e-04	7.65e-02	7.75e-01	1.44e-01	3.54e-03	1.52e-05	0.00e+00	0.00e+00
 4.21385e+15	3.38e-04	8.41e-02	7.79e-01	1.34e-01	2.94e-03	1.13e-05	0.00e+00	0.00e+00
 4.24166e+15	3.89e-04	9.22e-02	7.81e-01	1.24e-01	2.46e-03	8.47e-06	0.00e+00	0.00e+00
 4.26337e+15	4.34e-04	9.91e-02	7.81e-01	1.17e-01	2.12e-03	6.71e-06	0.00e+00	0.00e+00
 4.28565e+15	4.88e-04	1.07e-01	7.81e-01	1.09e-01	1.81e-03	5.22e-06	0.00e+00	0.00e+00
 4.31082e+15	5.57e-04	1.17e-01	7.80e-01	1.01e-01	1.52e-03	3.93e-06	0.00e+00	0.00e+00
 4.33478e+15	6.30e-04	1.26e-01	7.78e-01	9.42e-02	1.27e-03	2.98e-06	0.00e+00	0.00e+00
 4.35705e+15	7.10e-04	1.36e-01	7.74e-01	8.77e-02	1.08e-03	2.30e-06	0.00e+00	0.00e+00
 4.38208e+15	8.11e-04	1.48e-01	7.69e-01	8.07e-02	8.88e-04	1.69e-06	0.00e+00	0.00e+00
 4.40947e+15	9.38e-04	1.62e-01	7.62e-01	7.35e-02	7.17e-04	1.21e-06	0.00e+00	0.00e+00
 4.43423e+15	1.07e-03	1.76e-01	7.55e-01	6.74e-02	5.89e-04	8.93e-07	0.00e+00	0.00e+00
 4.45711e+15	1.21e-03	1.90e-01	7.46e-01	6.20e-02	4.89e-04	0.00e+00	0.00e+00	0.00e+00
 4.48325e+15	1.40e-03	2.08e-01	7.35e-01	5.60e-02	3.91e-04	0.00e+00	0.00e+00	0.00e+00
 4.51223e+15	1.64e-03	2.28e-01	7.20e-01	4.99e-02	3.04e-04	0.00e+00	0.00e+00	0.00e+00
 4.53912e+15	1.89e-03	2.49e-01	7.04e-01	4.46e-02	2.40e-04	0.00e+00	0.00e+00	0.00e+00
 4.56445e+15	2.18e-03	2.71e-01	6.87e-01	3.98e-02	1.90e-04	0.00e+00	0.00e+00	0.00e+00
 4.59348e+15	2.56e-03	2.98e-01	6.65e-01	3.47e-02	1.43e-04	0.00e+00	0.00e+00	0.00e+00
 4.62604e+15	3.08e-03	3.30e-01	6.37e-01	2.95e-02	1.04e-04	0.00e+00	0.00e+00	0.00e+00
 4.65672e+15	3.66e-03	3.64e-01	6.07e-01	2.50e-02	7.56e-05	0.00e+00	0.00e+00	0.00e+00
 4.68503e+15	4.31e-03	3.98e-01	5.76e-01	2.12e-02	5.55e-05	0.00e+00	0.00e+00	0.00e+00
 4.71674e+15	5.18e-03	4.39e-01	5.39e-01	1.74e-02	3.84e-05	0.00e+00	0.00e+00	0.00e+00
 4.75066e+15	6.33e-03	4.85e-01	4.95e-01	1.37e-02	2.54e-05	0.00e+00	0.00e+00	0.00e+00
 4.77962e+15	7.53e-03	5.28e-01	4.54e-01	1.10e-02	1.74e-05	0.00e+00	0.00e+00	0.00e+00
 4.80473e+15	8.73e-03	5.66e-01	4.17e-01	8.95e-03	1.23e-05	0.00e+00	0.00e+00	0.00e+00
 4.83267e+15	1.03e-02	6.09e-01	3.74e-01	6.96e-03	8.11e-06	0.00e+00	0.00e+00	0.00e+00
 4.86380e+15	1.25e-02	6.57e-01	3.25e-01	5.11e-03	4.96e-06	0.00e+00	0.00e+00	0.00e+00
 4.88957e+15	1.47e-02	6.98e-01	2.84e-01	3.83e-03	3.17e-06	0.00e+00	0.00e+00	0.00e+00
 4.90791e+15	1.65e-02	7.26e-01	2.55e-01	3.07e-03	2.27e-06	0.00e+00	0.00e+00	0.00e+00
 4.92608e+15	1.84e-02	7.52e-01	2.27e-01	2.43e-03	1.60e-06	0.00e+00	0.00e+00	0.00e+00
 4.94970e+15	2.14e-02	7.84e-01	1.93e-01	1.76e-03	9.92e-07	0.00e+00	0.00e+00	0.00e+00
 4.97321e+15	2.49e-02	8.13e-01	1.61e-01	1.24e-03	0.00e+00	0.00e+00	0.00e+00	0.00e+00
 4.99048e+15	2.80e-02	8.33e-01	1.38e-01	9.30e-04	0.00e+00	0.00e+00	0.00e+00	0.00e+00
 5.00395e+15	3.06e-02	8.47e-01	1.22e-01	7.39e-04	0.00e+00	0.00e+00	0.00e+00	0.00e+00
 5.01861e+15	3.38e-02	8.60e-01	1.05e-01	5.66e-04	0.00e+00	0.00e+00	0.00e+00	0.00e+00
 5.03767e+15	3.84e-02	8.74e-01	8.67e-02	3.95e-04	0.00e+00	0.00e+00	0.00e+00	0.00e+00
 5.05687e+15	4.40e-02	8.86e-01	6.97e-02	2.67e-04	0.00e+00	0.00e+00	0.00e+00	0.00e+00
 5.07101e+15	4.89e-02	8.92e-01	5.85e-02	1.96e-04	0.00e+00	0.00e+00	0.00e+00	0.00e+00
 5.08224e+15	5.32e-02	8.96e-01	5.06e-02	1.51e-04	0.00e+00	0.00e+00	0.00e+00	0.00e+00
 5.09494e+15	5.84e-02	8.99e-01	4.28e-02	1.12e-04	0.00e+00	0.00e+00	0.00e+00	0.00e+00
 5.11144e+15	6.62e-02	9.00e-01	3.40e-02	7.51e-05	0.00e+00	0.00e+00	0.00e+00	0.00e+00
 5.12837e+15	7.57e-02	8.98e-01	2.64e-02	4.83e-05	0.00e+00	0.00e+00	0.00e+00	0.00e+00
 5.14174e+15	8.45e-02	8.94e-01	2.13e-02	3.33e-05	0.00e+00	0.00e+00	0.00e+00	0.00e+00
 5.15293e+15	9.27e-02	8.90e-01	1.77e-02	2.42e-05	0.00e+00	0.00e+00	0.00e+00	0.00e+00
 5.16541e+15	1.03e-01	8.83e-01	1.43e-02	1.67e-05	0.00e+00	0.00e+00	0.00e+00	0.00e+00
 5.17840e+15	1.15e-01	8.74e-01	1.13e-02	1.13e-05	0.00e+00	0.00e+00	0.00e+00	0.00e+00
 5.18923e+15	1.26e-01	8.65e-01	9.26e-03	8.00e-06	0.00e+00	0.00e+00	0.00e+00	0.00e+00
 5.19886e+15	1.37e-01	8.56e-01	7.71e-03	5.85e-06	0.00e+00	0.00e+00	0.00e+00	0.00e+00
 5.20868e+15	1.49e-01	8.45e-01	6.36e-03	4.22e-06	0.00e+00	0.00e+00	0.00e+00	0.00e+00
 5.21912e+15	1.62e-01	8.33e-01	5.16e-03	2.96e-06	0.00e+00	0.00e+00	0.00e+00	0.00e+00
 5.22913e+15	1.77e-01	8.19e-01	4.19e-03	2.09e-06	0.00e+00	0.00e+00	0.00e+00	0.00e+00
 5.23778e+15	1.89e-01	8.07e-01	3.49e-03	1.53e-06	0.00e+00	0.00e+00	0.00e+00	0.00e+00
 5.24558e+15	2.02e-01	7.95e-01	2.95e-03	1.16e-06	0.00e+00	0.00e+00	0.00e+00	0.00e+00
 5.25173e+15	2.12e-01	7.86e-01	2.58e-03	9.27e-07	0.00e+00	0.00e+00	0.00e+00	0.00e+00
 5.25598e+15	2.19e-01	7.79e-01	2.35e-03	0.00e+00	0.00e+00	0.00e+00	0.00e+00	0.00e+00
 5.26000e+15	2.26e-01	7.72e-01	2.15e-03	0.00e+00	0.00e+00	0.00e+00	0.00e+00	0.00e+00
 5.26468e+15	2.35e-01	7.63e-01	1.94e-03	0.00e+00	0.00e+00	0.00e+00	0.00e+00	0.00e+00
 5.26975e+15	2.44e-01	7.54e-01	1.73e-03	0.00e+00	0.00e+00	0.00e+00	0.00e+00	0.00e+00
 5.27466e+15	2.53e-01	7.46e-01	1.55e-03	0.00e+00	0.00e+00	0.00e+00	0.00e+00	0.00e+00
 5.27931e+15	2.62e-01	7.37e-01	1.39e-03	0.00e+00	0.00e+00	0.00e+00	0.00e+00	0.00e+00
 5.28397e+15	2.71e-01	7.28e-01	1.25e-03	0.00e+00	0.00e+00	0.00e+00	0.00e+00	0.00e+00
 5.28867e+15	2.80e-01	7.19e-01	1.12e-03	0.00e+00	0.00e+00	0.00e+00	0.00e+00	0.00e+00
 5.29341e+15	2.89e-01	7.10e-01	1.00e-03	0.00e+00	0.00e+00	0.00e+00	0.00e+00	0.00e+00
 5.29811e+15	2.98e-01	7.01e-01	9.00e-04	0.00e+00	0.00e+00	0.00e+00	0.00e+00	0.00e+00
 5.30277e+15	3.08e-01	6.91e-01	8.07e-04	0.00e+00	0.00e+00	0.00e+00	0.00e+00	0.00e+00
 5.30748e+15	3.17e-01	6.82e-01	7.23e-04	0.00e+00	0.00e+00	0.00e+00	0.00e+00	0.00e+00
 5.31224e+15	3.27e-01	6.72e-01	6.46e-04	0.00e+00	0.00e+00	0.00e+00	0.00e+00	0.00e+00
 5.31698e+15	3.36e-01	6.63e-01	5.79e-04	0.00e+00	0.00e+00	0.00e+00	0.00e+00	0.00e+00
 5.32170e+15	3.46e-01	6.53e-01	5.17e-04	0.00e+00	0.00e+00	0.00e+00	0.00e+00	0.00e+00
 5.32649e+15	3.56e-01	6.43e-01	4.63e-04	0.00e+00	0.00e+00	0.00e+00	0.00e+00	0.00e+00
 5.33135e+15	3.66e-01	6.34e-01	4.13e-04	0.00e+00	0.00e+00	0.00e+00	0.00e+00	0.00e+00
 5.33622e+15	3.76e-01	6.24e-01	3.69e-04	0.00e+00	0.00e+00	0.00e+00	0.00e+00	0.00e+00
 5.34114e+15	3.86e-01	6.13e-01	3.29e-04	0.00e+00	0.00e+00	0.00e+00	0.00e+00	0.00e+00
 5.34619e+15	3.97e-01	6.03e-01	2.93e-04	0.00e+00	0.00e+00	0.00e+00	0.00e+00	0.00e+00
 5.35120e+15	4.07e-01	5.93e-01	2.61e-04	0.00e+00	0.00e+00	0.00e+00	0.00e+00	0.00e+00
 5.35626e+15	4.17e-01	5.83e-01	2.33e-04	0.00e+00	0.00e+00	0.00e+00	0.00e+00	0.00e+00
 5.36152e+15	4.28e-01	5.72e-01	2.07e-04	0.00e+00	0.00e+00	0.00e+00	0.00e+00	0.00e+00
 5.36690e+15	4.39e-01	5.61e-01	1.84e-04	0.00e+00	0.00e+00	0.00e+00	0.00e+00	0.00e+00
 5.37227e+15	4.49e-01	5.51e-01	1.64e-04	0.00e+00	0.00e+00	0.00e+00	0.00e+00	0.00e+00
 5.37768e+15	4.60e-01	5.40e-01	1.46e-04	0.00e+00	0.00e+00	0.00e+00	0.00e+00	0.00e+00
 5.38320e+15	4.70e-01	5.29e-01	1.31e-04	0.00e+00	0.00e+00	0.00e+00	0.00e+00	0.00e+00
 5.38885e+15	4.81e-01	5.19e-01	1.17e-04	0.00e+00	0.00e+00	0.00e+00	0.00e+00	0.00e+00
 5.39463e+15	4.92e-01	5.08e-01	1.04e-04	0.00e+00	0.00e+00	0.00e+00	0.00e+00	0.00e+00
 5.40056e+15	5.03e-01	4.97e-01	9.34e-05	0.00e+00	0.00e+00	0.00e+00	0.00e+00	0.00e+00
 5.40668e+15	5.14e-01	4.86e-01	8.36e-05	0.00e+00	0.00e+00	0.00e+00	0.00e+00	0.00e+00
 5.41306e+15	5.26e-01	4.74e-01	7.50e-05	0.00e+00	0.00e+00	0.00e+00	0.00e+00	0.00e+00
 5.41973e+15	5.37e-01	4.63e-01	6.72e-05	0.00e+00	0.00e+00	0.00e+00	0.00e+00	0.00e+00
 5.42678e+15	5.49e-01	4.51e-01	6.03e-05	0.00e+00	0.00e+00	0.00e+00	0.00e+00	0.00e+00
 5.43430e+15	5.61e-01	4.39e-01	5.41e-05	0.00e+00	0.00e+00	0.00e+00	0.00e+00	0.00e+00
 5.44238e+15	5.73e-01	4.27e-01	4.86e-05	0.00e+00	0.00e+00	0.00e+00	0.00e+00	0.00e+00
 5.45115e+15	5.86e-01	4.14e-01	4.35e-05	0.00e+00	0.00e+00	0.00e+00	0.00e+00	0.00e+00
 5.46071e+15	6.00e-01	4.00e-01	3.90e-05	0.00e+00	0.00e+00	0.00e+00	0.00e+00	0.00e+00
 5.47124e+15	6.13e-01	3.87e-01	3.50e-05	0.00e+00	0.00e+00	0.00e+00	0.00e+00	0.00e+00
 5.48296e+15	6.27e-01	3.73e-01	3.14e-05	0.00e+00	0.00e+00	0.00e+00	0.00e+00	0.00e+00
 5.49519e+15	6.40e-01	3.60e-01	2.84e-05	0.00e+00	0.00e+00	0.00e+00	0.00e+00	0.00e+00
 5.50731e+15	6.52e-01	3.48e-01	2.59e-05	0.00e+00	0.00e+00	0.00e+00	0.00e+00	0.00e+00
 5.52119e+15	6.66e-01	3.34e-01	2.35e-05	0.00e+00	0.00e+00	0.00e+00	0.00e+00	0.00e+00
 5.53923e+15	6.80e-01	3.20e-01	2.10e-05	0.00e+00	0.00e+00	0.00e+00	0.00e+00	0.00e+00
 5.56150e+15	7.00e-01	3.00e-01	1.83e-05	0.00e+00	0.00e+00	0.00e+00	0.00e+00	0.00e+00
 5.58331e+15	7.15e-01	2.85e-01	1.63e-05	0.00e+00	0.00e+00	0.00e+00	0.00e+00	0.00e+00
 5.60181e+15	7.29e-01	2.71e-01	1.46e-05	0.00e+00	0.00e+00	0.00e+00	0.00e+00	0.00e+00
 5.61948e+15	7.42e-01	2.58e-01	1.33e-05	0.00e+00	0.00e+00	0.00e+00	0.00e+00	0.00e+00
 5.63765e+15	7.55e-01	2.45e-01	1.20e-05	0.00e+00	0.00e+00	0.00e+00	0.00e+00	0.00e+00
 5.65618e+15	7.68e-01	2.32e-01	1.08e-05	0.00e+00	0.00e+00	0.00e+00	0.00e+00	0.00e+00
 5.67442e+15	7.80e-01	2.20e-01	9.76e-06	0.00e+00	0.00e+00	0.00e+00	0.00e+00	0.00e+00
 5.69212e+15	7.92e-01	2.08e-01	8.82e-06	0.00e+00	0.00e+00	0.00e+00	0.00e+00	0.00e+00
 5.70938e+15	8.03e-01	1.97e-01	7.99e-06	0.00e+00	0.00e+00	0.00e+00	0.00e+00	0.00e+00
 5.72632e+15	8.14e-01	1.86e-01	7.24e-06	0.00e+00	0.00e+00	0.00e+00	0.00e+00	0.00e+00
 5.74297e+15	8.24e-01	1.76e-01	6.56e-06	0.00e+00	0.00e+00	0.00e+00	0.00e+00	0.00e+00
 5.75930e+15	8.33e-01	1.67e-01	5.95e-06	0.00e+00	0.00e+00	0.00e+00	0.00e+00	0.00e+00
 5.77531e+15	8.43e-01	1.57e-01	5.40e-06	0.00e+00	0.00e+00	0.00e+00	0.00e+00	0.00e+00
 5.79103e+15	8.52e-01	1.48e-01	4.91e-06	0.00e+00	0.00e+00	0.00e+00	0.00e+00	0.00e+00
 5.80646e+15	8.60e-01	1.40e-01	4.45e-06	0.00e+00	0.00e+00	0.00e+00	0.00e+00	0.00e+00
 5.82197e+15	8.68e-01	1.32e-01	4.06e-06	0.00e+00	0.00e+00	0.00e+00	0.00e+00	0.00e+00
 5.83704e+15	8.76e-01	1.24e-01	3.68e-06	0.00e+00	0.00e+00	0.00e+00	0.00e+00	0.00e+00
 5.85159e+15	8.83e-01	1.17e-01	3.35e-06	0.00e+00	0.00e+00	0.00e+00	0.00e+00	0.00e+00
 5.86619e+15	8.90e-01	1.10e-01	3.05e-06	0.00e+00	0.00e+00	0.00e+00	0.00e+00	0.00e+00
 5.88045e+15	8.96e-01	1.04e-01	2.79e-06	0.00e+00	0.00e+00	0.00e+00	0.00e+00	0.00e+00
 5.89427e+15	9.02e-01	9.81e-02	2.55e-06	0.00e+00	0.00e+00	0.00e+00	0.00e+00	0.00e+00
 5.90778e+15	9.07e-01	9.26e-02	2.33e-06	0.00e+00	0.00e+00	0.00e+00	0.00e+00	0.00e+00
 5.92113e+15	9.13e-01	8.74e-02	2.14e-06	0.00e+00	0.00e+00	0.00e+00	0.00e+00	0.00e+00
 5.93425e+15	9.18e-01	8.25e-02	1.96e-06	0.00e+00	0.00e+00	0.00e+00	0.00e+00	0.00e+00
 5.94717e+15	9.22e-01	7.78e-02	1.80e-06	0.00e+00	0.00e+00	0.00e+00	0.00e+00	0.00e+00
 5.95997e+15	9.27e-01	7.34e-02	1.65e-06	0.00e+00	0.00e+00	0.00e+00	0.00e+00	0.00e+00
 5.97264e+15	9.31e-01	6.93e-02	1.51e-06	0.00e+00	0.00e+00	0.00e+00	0.00e+00	0.00e+00
 5.98510e+15	9.35e-01	6.54e-02	1.39e-06	0.00e+00	0.00e+00	0.00e+00	0.00e+00	0.00e+00
 5.99729e+15	9.38e-01	6.18e-02	1.28e-06	0.00e+00	0.00e+00	0.00e+00	0.00e+00	0.00e+00
 6.00924e+15	9.42e-01	5.84e-02	1.18e-06	0.00e+00	0.00e+00	0.00e+00	0.00e+00	0.00e+00
 6.02113e+15	9.45e-01	5.53e-02	1.09e-06	0.00e+00	0.00e+00	0.00e+00	0.00e+00	0.00e+00
 6.03296e+15	9.48e-01	5.23e-02	1.00e-06	0.00e+00	0.00e+00	0.00e+00	0.00e+00	0.00e+00
 6.04466e+15	9.51e-01	4.94e-02	9.27e-07	0.00e+00	0.00e+00	0.00e+00	0.00e+00	0.00e+00
 6.05618e+15	9.53e-01	4.68e-02	8.57e-07	0.00e+00	0.00e+00	0.00e+00	0.00e+00	0.00e+00
 6.06756e+15	9.56e-01	4.43e-02	7.93e-07	0.00e+00	0.00e+00	0.00e+00	0.00e+00	0.00e+00
 6.07883e+15	9.58e-01	4.20e-02	7.34e-07	0.00e+00	0.00e+00	0.00e+00	0.00e+00	0.00e+00
 6.08999e+15	9.60e-01	3.98e-02	6.81e-07	0.00e+00	0.00e+00	0.00e+00	0.00e+00	0.00e+00
 6.10104e+15	9.62e-01	3.78e-02	6.32e-07	0.00e+00	0.00e+00	0.00e+00	0.00e+00	0.00e+00
 6.11199e+15	9.64e-01	3.59e-02	5.87e-07	0.00e+00	0.00e+00	0.00e+00	0.00e+00	0.00e+00
 6.12286e+15	9.66e-01	3.41e-02	5.45e-07	0.00e+00	0.00e+00	0.00e+00	0.00e+00	0.00e+00
 6.13365e+15	9.68e-01	3.24e-02	5.07e-07	0.00e+00	0.00e+00	0.00e+00	0.00e+00	0.00e+00
 6.14438e+15	9.69e-01	3.08e-02	4.72e-07	0.00e+00	0.00e+00	0.00e+00	0.00e+00	0.00e+00
 6.15506e+15	9.71e-01	2.93e-02	4.40e-07	0.00e+00	0.00e+00	0.00e+00	0.00e+00	0.00e+00
 6.16570e+15	9.72e-01	2.79e-02	4.10e-07	0.00e+00	0.00e+00	0.00e+00	0.00e+00	0.00e+00
 6.17632e+15	9.73e-01	2.65e-02	3.82e-07	0.00e+00	0.00e+00	0.00e+00	0.00e+00	0.00e+00
 6.18694e+15	9.75e-01	2.53e-02	3.57e-07	0.00e+00	0.00e+00	0.00e+00	0.00e+00	0.00e+00
 6.19768e+15	9.76e-01	2.41e-02	3.32e-07	0.00e+00	0.00e+00	0.00e+00	0.00e+00	0.00e+00
 6.20865e+15	9.77e-01	2.29e-02	3.10e-07	0.00e+00	0.00e+00	0.00e+00	0.00e+00	0.00e+00
 6.21980e+15	9.78e-01	2.18e-02	2.88e-07	0.00e+00	0.00e+00	0.00e+00	0.00e+00	0.00e+00
 6.23106e+15	9.79e-01	2.07e-02	2.68e-07	0.00e+00	0.00e+00	0.00e+00	0.00e+00	0.00e+00
 6.24246e+15	9.80e-01	1.97e-02	2.50e-07	0.00e+00	0.00e+00	0.00e+00	0.00e+00	0.00e+00
 6.25411e+15	9.81e-01	1.87e-02	2.32e-07	0.00e+00	0.00e+00	0.00e+00	0.00e+00	0.00e+00
 6.26608e+15	9.82e-01	1.77e-02	2.16e-07	0.00e+00	0.00e+00	0.00e+00	0.00e+00	0.00e+00
 6.27848e+15	9.83e-01	1.68e-02	2.00e-07	0.00e+00	0.00e+00	0.00e+00	0.00e+00	0.00e+00
 6.29143e+15	9.84e-01	1.59e-02	1.85e-07	0.00e+00	0.00e+00	0.00e+00	0.00e+00	0.00e+00
 6.30511e+15	9.85e-01	1.50e-02	1.70e-07	0.00e+00	0.00e+00	0.00e+00	0.00e+00	0.00e+00
 6.31980e+15	9.86e-01	1.42e-02	1.56e-07	0.00e+00	0.00e+00	0.00e+00	0.00e+00	0.00e+00
 6.33589e+15	9.87e-01	1.33e-02	1.42e-07	0.00e+00	0.00e+00	0.00e+00	0.00e+00	0.00e+00
 6.35404e+15	9.88e-01	1.23e-02	1.28e-07	0.00e+00	0.00e+00	0.00e+00	0.00e+00	0.00e+00
 6.37487e+15	9.89e-01	1.14e-02	1.13e-07	0.00e+00	0.00e+00	0.00e+00	0.00e+00	0.00e+00
 6.39616e+15	9.89e-01	1.05e-02	1.01e-07	0.00e+00	0.00e+00	0.00e+00	0.00e+00	0.00e+00
 6.41553e+15	9.90e-01	9.87e-03	9.18e-08	0.00e+00	0.00e+00	0.00e+00	0.00e+00	0.00e+00
 6.43316e+15	9.91e-01	9.30e-03	8.40e-08	0.00e+00	0.00e+00	0.00e+00	0.00e+00	0.00e+00
 6.44920e+15	9.91e-01	8.83e-03	7.77e-08	0.00e+00	0.00e+00	0.00e+00	0.00e+00	0.00e+00
 6.46380e+15	9.92e-01	8.44e-03	7.24e-08	0.00e+00	0.00e+00	0.00e+00	0.00e+00	0.00e+00
 6.47709e+15	9.92e-01	8.11e-03	6.81e-08	0.00e+00	0.00e+00	0.00e+00	0.00e+00	0.00e+00
 6.48918e+15	9.92e-01	7.81e-03	6.43e-08	0.00e+00	0.00e+00	0.00e+00	0.00e+00	0.00e+00
 6.50018e+15	9.92e-01	7.58e-03	6.13e-08	0.00e+00	0.00e+00	0.00e+00	0.00e+00	0.00e+00
 6.51223e+15	9.93e-01	7.32e-03	5.80e-08	0.00e+00	0.00e+00	0.00e+00	0.00e+00	0.00e+00
 6.52791e+15	9.93e-01	6.99e-03	5.39e-08	0.00e+00	0.00e+00	0.00e+00	0.00e+00	0.00e+00
 6.54483e+15	9.93e-01	6.67e-03	5.01e-08	0.00e+00	0.00e+00	0.00e+00	0.00e+00	0.00e+00
 6.56022e+15	9.94e-01	6.42e-03	4.70e-08	0.00e+00	0.00e+00	0.00e+00	0.00e+00	0.00e+00
 6.57423e+15	9.94e-01	6.20e-03	4.45e-08	0.00e+00	0.00e+00	0.00e+00	0.00e+00	0.00e+00
 6.58698e+15	9.94e-01	6.02e-03	4.24e-08	0.00e+00	0.00e+00	0.00e+00	0.00e+00	0.00e+00
 6.59858e+15	9.94e-01	5.87e-03	4.05e-08	0.00e+00	0.00e+00	0.00e+00	0.00e+00	0.00e+00
 6.60914e+15	9.94e-01	5.74e-03	3.90e-08	0.00e+00	0.00e+00	0.00e+00	0.00e+00	0.00e+00
 6.61875e+15	9.94e-01	5.63e-03	3.77e-08	0.00e+00	0.00e+00	0.00e+00	0.00e+00	0.00e+00
 6.62928e+15	9.94e-01	5.51e-03	3.63e-08	0.00e+00	0.00e+00	0.00e+00	0.00e+00	0.00e+00
 6.64064e+15	9.95e-01	5.38e-03	3.48e-08	0.00e+00	0.00e+00	0.00e+00	0.00e+00	0.00e+00
 6.65099e+15	9.95e-01	5.28e-03	3.37e-08	0.00e+00	0.00e+00	0.00e+00	0.00e+00	0.00e+00
 6.66040e+15	9.95e-01	5.20e-03	3.26e-08	0.00e+00	0.00e+00	0.00e+00	0.00e+00	0.00e+00
 6.67071e+15	9.95e-01	5.11e-03	3.16e-08	0.00e+00	0.00e+00	0.00e+00	0.00e+00	0.00e+00
 6.68185e+15	9.95e-01	5.01e-03	3.04e-08	0.00e+00	0.00e+00	0.00e+00	0.00e+00	0.00e+00
