#depth	He	He+	He+2
 1.49634e+10	2.56e-19	1.06e-09	1.00e+00
 4.54887e+10	2.94e-19	1.17e-09	1.00e+00
 7.72350e+10	3.36e-19	1.30e-09	1.00e+00
 1.10251e+11	3.84e-19	1.43e-09	1.00e+00
 1.40413e+11	4.33e-19	1.56e-09	1.00e+00
 1.66104e+11	4.77e-19	1.67e-09	1.00e+00
 1.94535e+11	5.28e-19	1.81e-09	1.00e+00
 2.29780e+11	5.98e-19	1.98e-09	1.00e+00
 2.66488e+11	6.78e-19	2.17e-09	1.00e+00
 3.00313e+11	7.57e-19	2.35e-09	1.00e+00
 3.37787e+11	8.53e-19	2.57e-09	1.00e+00
 3.81111e+11	9.75e-19	2.82e-09	1.00e+00
 4.23655e+11	1.11e-18	3.09e-09	1.00e+00
 4.64351e+11	1.25e-18	3.36e-09	1.00e+00
 5.09303e+11	1.42e-18	3.67e-09	1.00e+00
 5.59602e+11	1.63e-18	4.03e-09	1.00e+00
 6.05315e+11	1.85e-18	4.38e-09	1.00e+00
 6.43764e+11	2.05e-18	4.67e-09	1.00e+00
 6.86036e+11	2.29e-18	5.02e-09	1.00e+00
 7.33636e+11	2.59e-18	5.42e-09	1.00e+00
 7.79161e+11	2.90e-18	5.82e-09	1.00e+00
 8.29343e+11	3.28e-18	6.28e-09	1.00e+00
 8.85143e+11	3.75e-18	6.81e-09	1.00e+00
 9.37513e+11	4.24e-18	7.32e-09	1.00e+00
 9.94858e+11	4.83e-18	7.91e-09	1.00e+00
 1.05931e+12	5.57e-18	8.60e-09	1.00e+00
 1.12083e+12	6.37e-18	9.28e-09	1.00e+00
 1.18828e+12	7.33e-18	1.01e-08	1.00e+00
 1.25963e+12	8.48e-18	1.09e-08	1.00e+00
 1.32200e+12	9.60e-18	1.17e-08	1.00e+00
 1.38865e+12	1.09e-17	1.26e-08	1.00e+00
 1.46981e+12	1.27e-17	1.37e-08	1.00e+00
 1.55074e+12	1.47e-17	1.48e-08	1.00e+00
 1.62216e+12	1.67e-17	1.59e-08	1.00e+00
 1.70032e+12	1.91e-17	1.71e-08	1.00e+00
 1.79435e+12	2.23e-17	1.85e-08	1.00e+00
 1.88841e+12	2.59e-17	2.01e-08	1.00e+00
 1.97397e+12	2.96e-17	2.16e-08	1.00e+00
 2.06907e+12	3.41e-17	2.32e-08	1.00e+00
 2.18025e+12	4.01e-17	2.53e-08	1.00e+00
 2.28997e+12	4.67e-17	2.74e-08	1.00e+00
 2.39366e+12	5.37e-17	2.95e-08	1.00e+00
 2.50892e+12	6.24e-17	3.19e-08	1.00e+00
 2.63921e+12	7.35e-17	3.47e-08	1.00e+00
 2.77013e+12	8.60e-17	3.77e-08	1.00e+00
 2.90630e+12	1.01e-16	4.09e-08	1.00e+00
 3.05248e+12	1.19e-16	4.45e-08	1.00e+00
 3.20450e+12	1.40e-16	4.83e-08	1.00e+00
 3.34932e+12	1.62e-16	5.22e-08	1.00e+00
 3.48147e+12	1.85e-16	5.58e-08	1.00e+00
 3.60611e+12	2.09e-16	5.94e-08	1.00e+00
 3.74365e+12	2.37e-16	6.33e-08	1.00e+00
 3.89784e+12	2.73e-16	6.81e-08	1.00e+00
 4.04375e+12	3.10e-16	7.26e-08	1.00e+00
 4.20348e+12	3.54e-16	7.77e-08	1.00e+00
 4.38254e+12	4.10e-16	8.37e-08	1.00e+00
 4.54869e+12	4.68e-16	8.95e-08	1.00e+00
 4.70283e+12	5.26e-16	9.49e-08	1.00e+00
 4.87941e+12	5.99e-16	1.01e-07	1.00e+00
 5.09376e+12	6.98e-16	1.10e-07	1.00e+00
 5.30554e+12	8.07e-16	1.18e-07	1.00e+00
 5.49091e+12	9.12e-16	1.25e-07	1.00e+00
 5.69363e+12	1.04e-15	1.34e-07	1.00e+00
 5.93935e+12	1.21e-15	1.45e-07	1.00e+00
 6.18608e+12	1.40e-15	1.56e-07	1.00e+00
 6.40895e+12	1.59e-15	1.66e-07	1.00e+00
 6.65563e+12	1.82e-15	1.78e-07	1.00e+00
 6.94592e+12	2.13e-15	1.92e-07	1.00e+00
 7.23282e+12	2.47e-15	2.07e-07	1.00e+00
 7.50090e+12	2.82e-15	2.21e-07	1.00e+00
 7.80057e+12	3.25e-15	2.38e-07	1.00e+00
 8.14252e+12	3.80e-15	2.58e-07	1.00e+00
 8.48181e+12	4.42e-15	2.78e-07	1.00e+00
 8.83468e+12	5.14e-15	3.00e-07	1.00e+00
 9.21799e+12	6.01e-15	3.24e-07	1.00e+00
 9.61664e+12	7.03e-15	3.51e-07	1.00e+00
 1.00023e+13	8.14e-15	3.78e-07	1.00e+00
 1.03643e+13	9.29e-15	4.04e-07	1.00e+00
 1.07698e+13	1.07e-14	4.35e-07	1.00e+00
 1.11787e+13	1.23e-14	4.67e-07	1.00e+00
 1.15175e+13	1.38e-14	4.94e-07	1.00e+00
 1.18758e+13	1.55e-14	5.23e-07	1.00e+00
 1.23349e+13	1.79e-14	5.63e-07	1.00e+00
 1.28168e+13	2.07e-14	6.06e-07	1.00e+00
 1.32422e+13	2.34e-14	6.45e-07	1.00e+00
 1.37023e+13	2.66e-14	6.89e-07	1.00e+00
 1.42565e+13	3.10e-14	7.45e-07	1.00e+00
 1.48184e+13	3.59e-14	8.03e-07	1.00e+00
 1.53433e+13	4.10e-14	8.59e-07	1.00e+00
 1.59276e+13	4.73e-14	9.24e-07	1.00e+00
 1.65483e+13	5.48e-14	9.97e-07	1.00e+00
 1.70999e+13	6.22e-14	1.06e-06	1.00e+00
 1.76931e+13	7.09e-14	1.14e-06	1.00e+00
 1.84039e+13	8.26e-14	1.23e-06	1.00e+00
 1.91032e+13	9.54e-14	1.32e-06	1.00e+00
 1.97256e+13	1.08e-13	1.41e-06	1.00e+00
 2.04124e+13	1.23e-13	1.51e-06	1.00e+00
 2.12316e+13	1.44e-13	1.64e-06	1.00e+00
 2.20455e+13	1.66e-13	1.76e-06	1.00e+00
 2.27897e+13	1.89e-13	1.89e-06	1.00e+00
 2.36206e+13	2.17e-13	2.03e-06	1.00e+00
 2.45870e+13	2.54e-13	2.20e-06	1.00e+00
 2.55356e+13	2.94e-13	2.37e-06	1.00e+00
 2.64321e+13	3.35e-13	2.54e-06	1.00e+00
 2.74293e+13	3.87e-13	2.74e-06	1.00e+00
 2.85564e+13	4.52e-13	2.97e-06	1.00e+00
 2.96858e+13	5.24e-13	3.21e-06	1.00e+00
 3.07463e+13	5.99e-13	3.44e-06	1.00e+00
 3.18920e+13	6.89e-13	3.71e-06	1.00e+00
 3.31717e+13	8.01e-13	4.01e-06	1.00e+00
 3.43703e+13	9.16e-13	4.31e-06	1.00e+00
 3.53852e+13	1.02e-12	4.57e-06	1.00e+00
 3.64338e+13	1.14e-12	4.84e-06	1.00e+00
 3.77819e+13	1.31e-12	5.21e-06	1.00e+00
 3.91674e+13	1.50e-12	5.60e-06	1.00e+00
 4.03393e+13	1.67e-12	5.94e-06	1.00e+00
 4.15857e+13	1.88e-12	6.32e-06	1.00e+00
 4.31509e+13	2.15e-12	6.81e-06	1.00e+00
 4.47666e+13	2.47e-12	7.33e-06	1.00e+00
 4.61895e+13	2.77e-12	7.80e-06	1.00e+00
 4.77259e+13	3.13e-12	8.33e-06	1.00e+00
 4.95811e+13	3.60e-12	9.00e-06	1.00e+00
 5.14213e+13	4.11e-12	9.68e-06	1.00e+00
 5.30553e+13	4.61e-12	1.03e-05	1.00e+00
 5.48512e+13	5.22e-12	1.10e-05	1.00e+00
 5.69985e+13	6.01e-12	1.19e-05	1.00e+00
 5.91325e+13	6.87e-12	1.28e-05	1.00e+00
 6.10736e+13	7.73e-12	1.37e-05	1.00e+00
 6.32343e+13	8.79e-12	1.47e-05	1.00e+00
 6.57596e+13	1.02e-11	1.59e-05	1.00e+00
 6.82447e+13	1.16e-11	1.72e-05	1.00e+00
 7.05786e+13	1.32e-11	1.84e-05	1.00e+00
 7.31809e+13	1.51e-11	1.98e-05	1.00e+00
 7.61381e+13	1.75e-11	2.15e-05	1.00e+00
 7.90868e+13	2.01e-11	2.33e-05	1.00e+00
 8.21534e+13	2.32e-11	2.52e-05	1.00e+00
 8.53791e+13	2.69e-11	2.74e-05	1.00e+00
 8.81005e+13	3.02e-11	2.92e-05	1.00e+00
 9.02272e+13	3.31e-11	3.07e-05	1.00e+00
 9.25396e+13	3.65e-11	3.24e-05	1.00e+00
 9.55457e+13	4.13e-11	3.47e-05	1.00e+00
 9.88001e+13	4.70e-11	3.73e-05	1.00e+00
 1.01731e+14	5.27e-11	3.97e-05	1.00e+00
 1.04896e+14	5.95e-11	4.24e-05	1.00e+00
 1.08833e+14	6.88e-11	4.60e-05	1.00e+00
 1.12796e+14	7.94e-11	4.97e-05	1.00e+00
 1.16231e+14	8.95e-11	5.31e-05	1.00e+00
 1.19956e+14	1.02e-10	5.69e-05	1.00e+00
 1.24518e+14	1.18e-10	6.18e-05	1.00e+00
 1.29134e+14	1.37e-10	6.70e-05	1.00e+00
 1.33253e+14	1.56e-10	7.18e-05	1.00e+00
 1.37759e+14	1.80e-10	7.74e-05	1.00e+00
 1.43128e+14	2.11e-10	8.43e-05	1.00e+00
 1.48429e+14	2.45e-10	9.14e-05	1.00e+00
 1.53234e+14	2.81e-10	9.82e-05	1.00e+00
 1.58580e+14	3.24e-10	1.06e-04	1.00e+00
 1.64849e+14	3.82e-10	1.16e-04	1.00e+00
 1.71021e+14	4.47e-10	1.26e-04	1.00e+00
 1.76781e+14	5.15e-10	1.36e-04	1.00e+00
 1.83221e+14	6.01e-10	1.47e-04	1.00e+00
 1.90580e+14	7.12e-10	1.61e-04	1.00e+00
 1.97857e+14	8.36e-10	1.75e-04	1.00e+00
 2.05425e+14	9.84e-10	1.90e-04	1.00e+00
 2.12296e+14	1.13e-09	2.05e-04	1.00e+00
 2.17441e+14	1.26e-09	2.16e-04	1.00e+00
 2.22767e+14	1.40e-09	2.28e-04	1.00e+00
 2.29692e+14	1.60e-09	2.44e-04	1.00e+00
 2.37219e+14	1.83e-09	2.63e-04	1.00e+00
 2.44033e+14	2.07e-09	2.80e-04	1.00e+00
 2.51398e+14	2.36e-09	2.99e-04	1.00e+00
 2.60686e+14	2.76e-09	3.25e-04	1.00e+00
 2.70041e+14	3.22e-09	3.51e-04	1.00e+00
 2.77956e+14	3.64e-09	3.74e-04	1.00e+00
 2.86434e+14	4.15e-09	4.00e-04	1.00e+00
 2.97066e+14	4.86e-09	4.34e-04	1.00e+00
 3.08207e+14	5.71e-09	4.71e-04	1.00e+00
 3.18304e+14	6.56e-09	5.06e-04	9.99e-01
 3.29333e+14	7.60e-09	5.45e-04	9.99e-01
 3.42292e+14	8.98e-09	5.94e-04	9.99e-01
 3.54963e+14	1.05e-08	6.43e-04	9.99e-01
 3.66585e+14	1.21e-08	6.90e-04	9.99e-01
 3.79645e+14	1.40e-08	7.45e-04	9.99e-01
 3.94782e+14	1.66e-08	8.12e-04	9.99e-01
 4.09636e+14	1.95e-08	8.79e-04	9.99e-01
 4.23761e+14	2.25e-08	9.46e-04	9.99e-01
 4.36160e+14	2.55e-08	1.01e-03	9.99e-01
 4.46437e+14	2.81e-08	1.06e-03	9.99e-01
 4.57722e+14	3.13e-08	1.12e-03	9.99e-01
 4.72392e+14	3.58e-08	1.20e-03	9.99e-01
 4.87866e+14	4.11e-08	1.28e-03	9.99e-01
 5.01159e+14	4.61e-08	1.36e-03	9.99e-01
 5.15213e+14	5.18e-08	1.44e-03	9.99e-01
 5.33484e+14	6.01e-08	1.55e-03	9.98e-01
 5.52305e+14	6.97e-08	1.67e-03	9.98e-01
 5.67979e+14	7.84e-08	1.78e-03	9.98e-01
 5.84493e+14	8.85e-08	1.89e-03	9.98e-01
 6.05718e+14	1.03e-07	2.04e-03	9.98e-01
 6.28040e+14	1.20e-07	2.20e-03	9.98e-01
 6.47509e+14	1.36e-07	2.34e-03	9.98e-01
 6.68300e+14	1.56e-07	2.51e-03	9.97e-01
 6.93668e+14	1.82e-07	2.71e-03	9.97e-01
 7.19029e+14	2.12e-07	2.93e-03	9.97e-01
 7.41385e+14	2.41e-07	3.12e-03	9.97e-01
 7.65788e+14	2.76e-07	3.34e-03	9.97e-01
 7.95187e+14	3.23e-07	3.62e-03	9.96e-01
 8.23233e+14	3.73e-07	3.89e-03	9.96e-01
 8.46751e+14	4.19e-07	4.12e-03	9.96e-01
 8.67873e+14	4.64e-07	4.34e-03	9.96e-01
 8.90973e+14	5.18e-07	4.58e-03	9.95e-01
 9.16942e+14	5.84e-07	4.87e-03	9.95e-01
 9.41517e+14	6.50e-07	5.14e-03	9.95e-01
 9.68344e+14	7.31e-07	5.46e-03	9.95e-01
 9.97941e+14	8.28e-07	5.81e-03	9.94e-01
 1.02531e+15	9.25e-07	6.14e-03	9.94e-01
 1.05507e+15	1.04e-06	6.52e-03	9.93e-01
 1.08824e+15	1.19e-06	6.96e-03	9.93e-01
 1.11950e+15	1.33e-06	7.38e-03	9.93e-01
 1.15379e+15	1.51e-06	7.86e-03	9.92e-01
 1.19163e+15	1.73e-06	8.41e-03	9.92e-01
 1.22621e+15	1.95e-06	8.92e-03	9.91e-01
 1.26328e+15	2.21e-06	9.50e-03	9.91e-01
 1.30448e+15	2.52e-06	1.02e-02	9.90e-01
 1.34306e+15	2.84e-06	1.08e-02	9.89e-01
 1.38522e+15	3.24e-06	1.15e-02	9.88e-01
 1.43185e+15	3.72e-06	1.23e-02	9.88e-01
 1.47524e+15	4.20e-06	1.31e-02	9.87e-01
 1.51447e+15	4.68e-06	1.39e-02	9.86e-01
 1.54989e+15	5.16e-06	1.46e-02	9.85e-01
 1.58851e+15	5.72e-06	1.53e-02	9.85e-01
 1.63098e+15	6.38e-06	1.62e-02	9.84e-01
 1.67196e+15	7.07e-06	1.71e-02	9.83e-01
 1.71172e+15	7.80e-06	1.80e-02	9.82e-01
 1.75642e+15	8.70e-06	1.90e-02	9.81e-01
 1.80676e+15	9.79e-06	2.02e-02	9.80e-01
 1.85492e+15	1.09e-05	2.14e-02	9.79e-01
 1.89902e+15	1.20e-05	2.25e-02	9.77e-01
 1.94737e+15	1.34e-05	2.38e-02	9.76e-01
 2.00006e+15	1.50e-05	2.53e-02	9.75e-01
 2.05023e+15	1.66e-05	2.68e-02	9.73e-01
 2.09935e+15	1.84e-05	2.82e-02	9.72e-01
 2.15523e+15	2.07e-05	3.01e-02	9.70e-01
 2.21709e+15	2.33e-05	3.22e-02	9.68e-01
 2.27518e+15	2.61e-05	3.42e-02	9.66e-01
 2.32965e+15	2.89e-05	3.63e-02	9.64e-01
 2.38288e+15	3.20e-05	3.84e-02	9.62e-01
 2.44402e+15	3.61e-05	4.11e-02	9.59e-01
 2.50804e+15	4.04e-05	4.40e-02	9.56e-01
 2.56458e+15	4.48e-05	4.68e-02	9.53e-01
 2.62686e+15	5.05e-05	5.02e-02	9.50e-01
 2.68557e+15	5.59e-05	5.35e-02	9.46e-01
 2.72845e+15	6.02e-05	5.60e-02	9.44e-01
 2.77299e+15	6.57e-05	5.91e-02	9.41e-01
 2.82317e+15	7.22e-05	6.26e-02	9.37e-01
 2.87107e+15	7.90e-05	6.63e-02	9.34e-01
 2.91597e+15	8.60e-05	7.00e-02	9.30e-01
 2.96655e+15	9.52e-05	7.46e-02	9.25e-01
 3.02022e+15	1.06e-04	7.98e-02	9.20e-01
 3.06652e+15	1.16e-04	8.46e-02	9.15e-01
 3.11529e+15	1.28e-04	9.05e-02	9.09e-01
 3.16772e+15	1.43e-04	9.72e-02	9.03e-01
 3.21338e+15	1.57e-04	1.04e-01	8.96e-01
 3.26120e+15	1.74e-04	1.11e-01	8.89e-01
 3.31495e+15	1.98e-04	1.21e-01	8.79e-01
 3.36027e+15	2.19e-04	1.29e-01	8.71e-01
 3.40305e+15	2.44e-04	1.39e-01	8.61e-01
 3.45031e+15	2.71e-04	1.50e-01	8.50e-01
 3.50341e+15	3.12e-04	1.64e-01	8.35e-01
 3.55582e+15	3.57e-04	1.80e-01	8.19e-01
 3.59532e+15	4.00e-04	1.94e-01	8.06e-01
 3.62703e+15	4.37e-04	2.06e-01	7.94e-01
 3.66065e+15	4.82e-04	2.20e-01	7.80e-01
 3.70437e+15	5.50e-04	2.39e-01	7.60e-01
 3.74949e+15	6.25e-04	2.62e-01	7.37e-01
 3.78323e+15	6.98e-04	2.81e-01	7.19e-01
 3.80435e+15	7.41e-04	2.93e-01	7.07e-01
 3.82231e+15	7.85e-04	3.04e-01	6.95e-01
 3.84566e+15	8.43e-04	3.19e-01	6.80e-01
 3.87601e+15	9.37e-04	3.40e-01	6.59e-01
 3.90444e+15	1.02e-03	3.61e-01	6.38e-01
 3.93036e+15	1.12e-03	3.81e-01	6.18e-01
 3.95605e+15	1.21e-03	4.01e-01	5.98e-01
 3.97749e+15	1.29e-03	4.19e-01	5.80e-01
 4.00140e+15	1.40e-03	4.40e-01	5.58e-01
 4.02771e+15	1.53e-03	4.63e-01	5.35e-01
 4.05148e+15	1.65e-03	4.85e-01	5.14e-01
 4.07134e+15	1.75e-03	5.03e-01	4.96e-01
 4.09180e+15	1.87e-03	5.22e-01	4.76e-01
 4.11839e+15	2.04e-03	5.48e-01	4.50e-01
 4.14425e+15	2.20e-03	5.71e-01	4.26e-01
 4.16442e+15	2.34e-03	5.90e-01	4.08e-01
 4.18591e+15	2.50e-03	6.11e-01	3.87e-01
 4.21385e+15	2.72e-03	6.37e-01	3.60e-01
 4.24166e+15	2.94e-03	6.61e-01	3.36e-01
 4.26337e+15	3.11e-03	6.79e-01	3.18e-01
 4.28565e+15	3.31e-03	6.98e-01	2.99e-01
 4.31082e+15	3.55e-03	7.18e-01	2.78e-01
 4.33478e+15	3.77e-03	7.36e-01	2.60e-01
 4.35705e+15	4.00e-03	7.52e-01	2.44e-01
 4.38208e+15	4.27e-03	7.70e-01	2.26e-01
 4.40947e+15	4.57e-03	7.87e-01	2.08e-01
 4.43423e+15	4.85e-03	8.02e-01	1.94e-01
 4.45711e+15	5.13e-03	8.14e-01	1.80e-01
 4.48325e+15	5.47e-03	8.28e-01	1.66e-01
 4.51223e+15	5.88e-03	8.42e-01	1.52e-01
 4.53912e+15	6.27e-03	8.53e-01	1.40e-01
 4.56445e+15	6.69e-03	8.64e-01	1.30e-01
 4.59348e+15	7.20e-03	8.74e-01	1.18e-01
 4.62604e+15	7.83e-03	8.85e-01	1.07e-01
 4.65672e+15	8.48e-03	8.94e-01	9.79e-02
 4.68503e+15	9.16e-03	9.01e-01	8.99e-02
 4.71674e+15	1.00e-02	9.08e-01	8.15e-02
 4.75066e+15	1.11e-02	9.15e-01	7.39e-02
 4.77962e+15	1.21e-02	9.20e-01	6.80e-02
 4.80473e+15	1.31e-02	9.24e-01	6.33e-02
 4.83267e+15	1.45e-02	9.27e-01	5.82e-02
 4.86380e+15	1.62e-02	9.31e-01	5.33e-02
 4.88957e+15	1.79e-02	9.32e-01	4.97e-02
 4.90791e+15	1.93e-02	9.33e-01	4.73e-02
 4.92608e+15	2.09e-02	9.34e-01	4.49e-02
 4.94970e+15	2.31e-02	9.35e-01	4.20e-02
 4.97321e+15	2.58e-02	9.35e-01	3.95e-02
 4.99048e+15	2.83e-02	9.34e-01	3.77e-02
 5.00395e+15	3.03e-02	9.33e-01	3.65e-02
 5.01861e+15	3.29e-02	9.32e-01	3.50e-02
 5.03767e+15	3.65e-02	9.30e-01	3.33e-02
 5.05687e+15	4.09e-02	9.27e-01	3.18e-02
 5.07101e+15	4.48e-02	9.24e-01	3.08e-02
 5.08224e+15	4.82e-02	9.22e-01	3.00e-02
 5.09494e+15	5.24e-02	9.18e-01	2.91e-02
 5.11144e+15	5.87e-02	9.13e-01	2.80e-02
 5.12837e+15	6.64e-02	9.07e-01	2.71e-02
 5.14174e+15	7.37e-02	9.00e-01	2.64e-02
 5.15293e+15	8.03e-02	8.94e-01	2.59e-02
 5.16541e+15	8.89e-02	8.86e-01	2.53e-02
 5.17840e+15	9.87e-02	8.76e-01	2.49e-02
 5.18923e+15	1.08e-01	8.67e-01	2.45e-02
 5.19886e+15	1.18e-01	8.58e-01	2.43e-02
 5.20868e+15	1.28e-01	8.48e-01	2.39e-02
 5.21912e+15	1.41e-01	8.36e-01	2.37e-02
 5.22913e+15	1.54e-01	8.23e-01	2.35e-02
 5.23778e+15	1.66e-01	8.10e-01	2.33e-02
 5.24558e+15	1.79e-01	7.98e-01	2.32e-02
 5.25173e+15	1.89e-01	7.88e-01	2.31e-02
 5.25598e+15	1.97e-01	7.80e-01	2.30e-02
 5.26000e+15	2.04e-01	7.73e-01	2.29e-02
 5.26468e+15	2.13e-01	7.64e-01	2.28e-02
 5.26975e+15	2.24e-01	7.54e-01	2.27e-02
 5.27466e+15	2.34e-01	7.44e-01	2.26e-02
 5.27931e+15	2.44e-01	7.34e-01	2.26e-02
 5.28397e+15	2.55e-01	7.23e-01	2.25e-02
 5.28867e+15	2.65e-01	7.12e-01	2.24e-02
 5.29341e+15	2.77e-01	7.00e-01	2.22e-02
 5.29811e+15	2.89e-01	6.89e-01	2.22e-02
 5.30277e+15	3.02e-01	6.76e-01	2.20e-02
 5.30748e+15	3.14e-01	6.64e-01	2.19e-02
 5.31224e+15	3.28e-01	6.50e-01	2.17e-02
 5.31698e+15	3.41e-01	6.37e-01	2.16e-02
 5.32170e+15	3.56e-01	6.23e-01	2.14e-02
 5.32649e+15	3.70e-01	6.09e-01	2.13e-02
 5.33135e+15	3.85e-01	5.93e-01	2.10e-02
 5.33622e+15	4.01e-01	5.79e-01	2.09e-02
 5.34114e+15	4.17e-01	5.63e-01	2.06e-02
 5.34619e+15	4.33e-01	5.46e-01	2.03e-02
 5.35120e+15	4.50e-01	5.30e-01	2.01e-02
 5.35626e+15	4.67e-01	5.13e-01	1.98e-02
 5.36152e+15	4.85e-01	4.96e-01	1.94e-02
 5.36690e+15	5.03e-01	4.78e-01	1.90e-02
 5.37227e+15	5.20e-01	4.61e-01	1.87e-02
 5.37768e+15	5.38e-01	4.44e-01	1.82e-02
 5.38320e+15	5.56e-01	4.26e-01	1.78e-02
 5.38885e+15	5.74e-01	4.09e-01	1.73e-02
 5.39463e+15	5.92e-01	3.91e-01	1.69e-02
 5.40056e+15	6.09e-01	3.74e-01	1.63e-02
 5.40668e+15	6.26e-01	3.58e-01	1.58e-02
 5.41306e+15	6.43e-01	3.41e-01	1.53e-02
 5.41973e+15	6.60e-01	3.25e-01	1.47e-02
 5.42678e+15	6.76e-01	3.09e-01	1.41e-02
 5.43430e+15	6.92e-01	2.94e-01	1.35e-02
 5.44238e+15	7.08e-01	2.79e-01	1.29e-02
 5.45115e+15	7.22e-01	2.65e-01	1.23e-02
 5.46071e+15	7.36e-01	2.52e-01	1.16e-02
 5.47124e+15	7.49e-01	2.40e-01	1.10e-02
 5.48296e+15	7.62e-01	2.28e-01	1.04e-02
 5.49519e+15	7.72e-01	2.18e-01	9.83e-03
 5.50731e+15	7.81e-01	2.10e-01	9.32e-03
 5.52119e+15	7.89e-01	2.02e-01	8.80e-03
 5.53923e+15	7.99e-01	1.93e-01	8.18e-03
 5.56150e+15	8.08e-01	1.85e-01	7.55e-03
 5.58331e+15	8.15e-01	1.78e-01	7.02e-03
 5.60181e+15	8.21e-01	1.73e-01	6.62e-03
 5.61948e+15	8.26e-01	1.68e-01	6.25e-03
 5.63765e+15	8.31e-01	1.63e-01	5.89e-03
 5.65618e+15	8.36e-01	1.59e-01	5.56e-03
 5.67442e+15	8.40e-01	1.54e-01	5.26e-03
 5.69212e+15	8.44e-01	1.51e-01	4.98e-03
 5.70938e+15	8.48e-01	1.47e-01	4.72e-03
 5.72632e+15	8.52e-01	1.43e-01	4.49e-03
 5.74297e+15	8.56e-01	1.40e-01	4.27e-03
 5.75930e+15	8.59e-01	1.37e-01	4.06e-03
 5.77531e+15	8.62e-01	1.34e-01	3.87e-03
 5.79103e+15	8.66e-01	1.31e-01	3.69e-03
 5.80646e+15	8.68e-01	1.28e-01	3.53e-03
 5.82197e+15	8.72e-01	1.25e-01	3.37e-03
 5.83704e+15	8.74e-01	1.23e-01	3.23e-03
 5.85159e+15	8.77e-01	1.20e-01	3.09e-03
 5.86619e+15	8.79e-01	1.18e-01	2.96e-03
 5.88045e+15	8.82e-01	1.15e-01	2.84e-03
 5.89427e+15	8.84e-01	1.13e-01	2.73e-03
 5.90778e+15	8.86e-01	1.11e-01	2.62e-03
 5.92113e+15	8.88e-01	1.09e-01	2.52e-03
 5.93425e+15	8.90e-01	1.07e-01	2.43e-03
 5.94717e+15	8.92e-01	1.05e-01	2.34e-03
 5.95997e+15	8.94e-01	1.03e-01	2.26e-03
 5.97264e+15	8.96e-01	1.02e-01	2.18e-03
 5.98510e+15	8.98e-01	9.99e-02	2.10e-03
 5.99729e+15	9.00e-01	9.82e-02	2.03e-03
 6.00924e+15	9.01e-01	9.66e-02	1.96e-03
 6.02113e+15	9.03e-01	9.51e-02	1.90e-03
 6.03296e+15	9.05e-01	9.36e-02	1.83e-03
 6.04466e+15	9.06e-01	9.21e-02	1.77e-03
 6.05618e+15	9.08e-01	9.07e-02	1.72e-03
 6.06756e+15	9.09e-01	8.93e-02	1.66e-03
 6.07883e+15	9.10e-01	8.80e-02	1.61e-03
 6.08999e+15	9.12e-01	8.67e-02	1.56e-03
 6.10104e+15	9.13e-01	8.54e-02	1.52e-03
 6.11199e+15	9.14e-01	8.42e-02	1.47e-03
 6.12286e+15	9.16e-01	8.30e-02	1.43e-03
 6.13365e+15	9.17e-01	8.18e-02	1.38e-03
 6.14438e+15	9.18e-01	8.06e-02	1.34e-03
 6.15506e+15	9.19e-01	7.95e-02	1.31e-03
 6.16570e+15	9.20e-01	7.84e-02	1.27e-03
 6.17632e+15	9.21e-01	7.73e-02	1.23e-03
 6.18694e+15	9.23e-01	7.63e-02	1.20e-03
 6.19768e+15	9.24e-01	7.52e-02	1.16e-03
 6.20865e+15	9.25e-01	7.41e-02	1.13e-03
 6.21980e+15	9.26e-01	7.31e-02	1.09e-03
 6.23106e+15	9.27e-01	7.20e-02	1.06e-03
 6.24246e+15	9.28e-01	7.10e-02	1.03e-03
 6.25411e+15	9.29e-01	6.99e-02	9.97e-04
 6.26608e+15	9.30e-01	6.88e-02	9.65e-04
 6.27848e+15	9.31e-01	6.77e-02	9.33e-04
 6.29143e+15	9.32e-01	6.66e-02	9.01e-04
 6.30511e+15	9.34e-01	6.55e-02	8.68e-04
 6.31980e+15	9.35e-01	6.42e-02	8.35e-04
 6.33589e+15	9.36e-01	6.29e-02	7.99e-04
 6.35404e+15	9.38e-01	6.15e-02	7.60e-04
 6.37487e+15	9.39e-01	5.98e-02	7.18e-04
 6.39616e+15	9.41e-01	5.82e-02	6.79e-04
 6.41553e+15	9.43e-01	5.68e-02	6.45e-04
 6.43316e+15	9.44e-01	5.56e-02	6.15e-04
 6.44920e+15	9.45e-01	5.44e-02	5.89e-04
 6.46380e+15	9.46e-01	5.34e-02	5.67e-04
 6.47709e+15	9.47e-01	5.25e-02	5.47e-04
 6.48918e+15	9.48e-01	5.17e-02	5.28e-04
 6.50018e+15	9.49e-01	5.09e-02	5.13e-04
 6.51223e+15	9.49e-01	5.01e-02	4.96e-04
 6.52791e+15	9.50e-01	4.91e-02	4.75e-04
 6.54483e+15	9.52e-01	4.80e-02	4.54e-04
 6.56022e+15	9.52e-01	4.71e-02	4.35e-04
 6.57423e+15	9.53e-01	4.62e-02	4.18e-04
 6.58698e+15	9.54e-01	4.54e-02	4.03e-04
 6.59858e+15	9.55e-01	4.47e-02	3.90e-04
 6.60914e+15	9.56e-01	4.40e-02	3.78e-04
 6.61875e+15	9.56e-01	4.34e-02	3.68e-04
 6.62928e+15	9.57e-01	4.28e-02	3.57e-04
 6.64064e+15	9.58e-01	4.22e-02	3.45e-04
 6.65099e+15	9.58e-01	4.15e-02	3.35e-04
 6.66040e+15	9.59e-01	4.10e-02	3.26e-04
 6.67071e+15	9.59e-01	4.03e-02	3.16e-04
 6.68185e+15	9.60e-01	3.97e-02	3.06e-04
 6.69198e+15	9.61e-01	3.92e-02	2.97e-04
 6.70120e+15	9.61e-01	3.86e-02	2.89e-04
 6.70959e+15	9.62e-01	3.82e-02	2.81e-04
 6.71878e+15	9.62e-01	3.76e-02	2.73e-04
 6.72871e+15	9.63e-01	3.71e-02	2.65e-04
 6.73774e+15	9.63e-01	3.66e-02	2.58e-04
 6.74596e+15	9.64e-01	3.62e-02	2.52e-04
 6.75497e+15	9.64e-01	3.57e-02	2.44e-04
 6.76469e+15	9.65e-01	3.52e-02	2.38e-04
 6.77354e+15	9.65e-01	3.47e-02	2.31e-04
 6.78160e+15	9.65e-01	3.43e-02	2.26e-04
 6.79042e+15	9.66e-01	3.38e-02	2.19e-04
 6.79995e+15	9.66e-01	3.34e-02	2.13e-04
 6.80861e+15	9.67e-01	3.29e-02	2.08e-04
 6.81650e+15	9.67e-01	3.25e-02	2.03e-04
 6.82515e+15	9.68e-01	3.21e-02	1.97e-04
 6.83448e+15	9.68e-01	3.17e-02	1.92e-04
 6.84297e+15	9.69e-01	3.13e-02	1.87e-04
 6.85070e+15	9.69e-01	3.09e-02	1.82e-04
 6.85917e+15	9.69e-01	3.05e-02	1.77e-04
 6.86831e+15	9.70e-01	3.01e-02	1.73e-04
 6.87663e+15	9.70e-01	2.97e-02	1.68e-04
 6.88575e+15	9.71e-01	2.93e-02	1.64e-04
 6.89559e+15	9.71e-01	2.89e-02	1.59e-04
 6.90454e+15	9.71e-01	2.85e-02	1.55e-04
 6.91269e+15	9.72e-01	2.82e-02	1.51e-04
 6.92163e+15	9.72e-01	2.78e-02	1.47e-04
 6.93324e+15	9.73e-01	2.73e-02	1.42e-04
 6.94577e+15	9.73e-01	2.69e-02	1.37e-04
 6.95718e+15	9.73e-01	2.64e-02	1.33e-04
 6.96755e+15	9.74e-01	2.60e-02	1.29e-04
 6.97700e+15	9.74e-01	2.57e-02	1.26e-04
 6.98735e+15	9.75e-01	2.53e-02	1.22e-04
 6.99852e+15	9.75e-01	2.49e-02	1.18e-04
 7.00869e+15	9.75e-01	2.46e-02	1.15e-04
 7.01794e+15	9.76e-01	2.42e-02	1.12e-04
 7.02808e+15	9.76e-01	2.39e-02	1.09e-04
 7.03903e+15	9.76e-01	2.35e-02	1.06e-04
 7.04899e+15	9.77e-01	2.32e-02	1.03e-04
 7.05991e+15	9.77e-01	2.29e-02	9.96e-05
 7.07169e+15	9.77e-01	2.25e-02	9.68e-05
 7.08241e+15	9.78e-01	2.22e-02	9.38e-05
 7.09217e+15	9.78e-01	2.19e-02	9.14e-05
 7.10287e+15	9.78e-01	2.16e-02	8.87e-05
 7.11441e+15	9.79e-01	2.13e-02	8.64e-05
 7.12491e+15	9.79e-01	2.10e-02	8.38e-05
 7.13643e+15	9.79e-01	2.06e-02	8.12e-05
 7.14885e+15	9.80e-01	2.03e-02	7.87e-05
 7.16016e+15	9.80e-01	2.00e-02	7.65e-05
 7.17256e+15	9.80e-01	1.97e-02	7.39e-05
 7.18593e+15	9.81e-01	1.94e-02	7.17e-05
 7.19811e+15	9.81e-01	1.91e-02	6.94e-05
 7.20919e+15	9.81e-01	1.88e-02	6.75e-05
 7.22133e+15	9.81e-01	1.85e-02	6.54e-05
 7.23443e+15	9.82e-01	1.82e-02	6.35e-05
 7.24636e+15	9.82e-01	1.79e-02	6.15e-05
 7.25943e+15	9.82e-01	1.76e-02	5.95e-05
 7.27354e+15	9.83e-01	1.73e-02	5.75e-05
 7.28638e+15	9.83e-01	1.71e-02	5.58e-05
 7.30045e+15	9.83e-01	1.68e-02	5.38e-05
 7.31564e+15	9.83e-01	1.65e-02	5.20e-05
 7.32946e+15	9.84e-01	1.62e-02	5.03e-05
 7.34204e+15	9.84e-01	1.60e-02	4.89e-05
 7.35582e+15	9.84e-01	1.57e-02	4.72e-05
 7.37070e+15	9.85e-01	1.54e-02	4.57e-05
 7.38424e+15	9.85e-01	1.52e-02	4.43e-05
 7.39908e+15	9.85e-01	1.49e-02	4.27e-05
 7.41510e+15	9.85e-01	1.47e-02	4.12e-05
 7.42967e+15	9.86e-01	1.44e-02	3.99e-05
 7.44565e+15	9.86e-01	1.41e-02	3.85e-05
 7.46289e+15	9.86e-01	1.39e-02	3.71e-05
 7.47858e+15	9.86e-01	1.36e-02	3.58e-05
 7.49578e+15	9.87e-01	1.34e-02	3.44e-05
 7.51434e+15	9.87e-01	1.31e-02	3.31e-05
 7.53124e+15	9.87e-01	1.29e-02	3.19e-05
 7.54975e+15	9.87e-01	1.26e-02	3.06e-05
 7.56973e+15	9.88e-01	1.23e-02	2.94e-05
 7.58792e+15	9.88e-01	1.21e-02	2.83e-05
 7.60447e+15	9.88e-01	1.19e-02	2.74e-05
 7.62261e+15	9.88e-01	1.17e-02	2.63e-05
 7.64218e+15	9.89e-01	1.14e-02	2.53e-05
 7.66000e+15	9.89e-01	1.12e-02	2.44e-05
 7.67952e+15	9.89e-01	1.10e-02	2.34e-05
 7.70060e+15	9.89e-01	1.08e-02	2.25e-05
 7.71978e+15	9.89e-01	1.06e-02	2.16e-05
 7.74080e+15	9.90e-01	1.03e-02	2.07e-05
 7.76348e+15	9.90e-01	1.01e-02	1.98e-05
 7.78413e+15	9.90e-01	9.92e-03	1.91e-05
 7.80676e+15	9.90e-01	9.69e-03	1.82e-05
 7.83118e+15	9.91e-01	9.47e-03	1.74e-05
 7.85341e+15	9.91e-01	9.27e-03	1.67e-05
 7.87777e+15	9.91e-01	9.05e-03	1.59e-05
 7.90406e+15	9.91e-01	8.83e-03	1.52e-05
 7.92799e+15	9.91e-01	8.64e-03	1.45e-05
 7.95421e+15	9.92e-01	8.43e-03	1.38e-05
 7.98252e+15	9.92e-01	8.21e-03	1.31e-05
 8.00828e+15	9.92e-01	8.03e-03	1.25e-05
 8.03651e+15	9.92e-01	7.82e-03	1.19e-05
 8.06698e+15	9.92e-01	7.61e-03	1.13e-05
 8.09471e+15	9.93e-01	7.43e-03	1.08e-05
 8.12510e+15	9.93e-01	7.22e-03	1.02e-05
 8.15791e+15	9.93e-01	7.02e-03	9.64e-06
 8.18776e+15	9.93e-01	6.85e-03	9.17e-06
 8.22047e+15	9.93e-01	6.65e-03	8.66e-06
 8.26300e+15	9.94e-01	6.41e-03	8.04e-06
 8.31228e+15	9.94e-01	6.14e-03	7.40e-06
 8.36214e+15	9.94e-01	5.90e-03	6.83e-06
 8.41187e+15	9.94e-01	5.66e-03	6.30e-06
 8.46344e+15	9.95e-01	5.43e-03	5.80e-06
 8.51745e+15	9.95e-01	5.20e-03	5.32e-06
 8.57338e+15	9.95e-01	4.97e-03	4.88e-06
 8.63101e+15	9.95e-01	4.76e-03	4.46e-06
 8.69060e+15	9.95e-01	4.54e-03	4.07e-06
 8.75239e+15	9.96e-01	4.33e-03	3.71e-06
 8.81606e+15	9.96e-01	4.13e-03	3.38e-06
 8.88092e+15	9.96e-01	3.94e-03	3.07e-06
 8.94599e+15	9.96e-01	3.75e-03	2.80e-06
 9.01190e+15	9.96e-01	3.58e-03	2.54e-06
 9.07990e+15	9.97e-01	3.41e-03	2.31e-06
 9.14952e+15	9.97e-01	3.24e-03	2.09e-06
 9.22015e+15	9.97e-01	3.09e-03	1.90e-06
 9.29181e+15	9.97e-01	2.94e-03	1.72e-06
 9.36477e+15	9.97e-01	2.79e-03	1.56e-06
 9.43912e+15	9.97e-01	2.66e-03	1.41e-06
 9.51482e+15	9.97e-01	2.52e-03	1.27e-06
 9.59186e+15	9.98e-01	2.40e-03	1.15e-06
 9.67030e+15	9.98e-01	2.27e-03	1.04e-06
 9.75030e+15	9.98e-01	2.16e-03	9.34e-07
 9.83183e+15	9.98e-01	2.05e-03	8.41e-07
 9.91478e+15	9.98e-01	1.94e-03	7.56e-07
 9.99931e+15	9.98e-01	1.84e-03	6.79e-07
 1.00856e+16	9.98e-01	1.74e-03	6.09e-07
 1.01736e+16	9.98e-01	1.65e-03	5.46e-07
 1.02634e+16	9.98e-01	1.56e-03	4.88e-07
 1.03549e+16	9.99e-01	1.47e-03	4.36e-07
 1.04484e+16	9.99e-01	1.39e-03	3.89e-07
 1.05438e+16	9.99e-01	1.31e-03	3.47e-07
 1.06414e+16	9.99e-01	1.23e-03	3.08e-07
 1.07411e+16	9.99e-01	1.16e-03	2.74e-07
 1.08431e+16	9.99e-01	1.09e-03	2.43e-07
 1.09474e+16	9.99e-01	1.03e-03	2.15e-07
 1.10544e+16	9.99e-01	9.65e-04	1.89e-07
 1.11640e+16	9.99e-01	9.05e-04	1.67e-07
 1.12764e+16	9.99e-01	8.48e-04	1.46e-07
 1.13918e+16	9.99e-01	7.93e-04	1.28e-07
 1.15105e+16	9.99e-01	7.40e-04	1.12e-07
 1.16325e+16	9.99e-01	6.91e-04	9.75e-08
 1.17574e+16	9.99e-01	6.44e-04	8.48e-08
 1.18861e+16	9.99e-01	5.99e-04	7.34e-08
 1.20178e+16	9.99e-01	5.56e-04	6.34e-08
 1.21539e+16	9.99e-01	5.16e-04	5.46e-08
 1.22974e+16	1.00e+00	4.76e-04	4.66e-08
 1.24474e+16	1.00e+00	4.39e-04	3.95e-08
 1.26029e+16	1.00e+00	4.03e-04	3.34e-08
 1.27646e+16	1.00e+00	3.69e-04	2.80e-08
 1.29338e+16	1.00e+00	3.37e-04	2.33e-08
 1.31117e+16	1.00e+00	3.06e-04	1.93e-08
 1.32991e+16	1.00e+00	2.77e-04	1.58e-08
 1.34974e+16	1.00e+00	2.49e-04	1.28e-08
 1.37087e+16	1.00e+00	2.23e-04	1.02e-08
 1.39335e+16	1.00e+00	1.98e-04	8.10e-09
 1.41768e+16	1.00e+00	1.74e-04	6.28e-09
 1.44405e+16	1.00e+00	1.52e-04	4.79e-09
 1.47235e+16	1.00e+00	1.31e-04	3.58e-09
 1.50368e+16	1.00e+00	1.12e-04	2.60e-09
 1.54095e+16	1.00e+00	9.26e-05	1.78e-09
 1.58216e+16	1.00e+00	7.56e-05	1.19e-09
 1.62638e+16	1.00e+00	6.08e-05	7.72e-10
 1.67547e+16	1.00e+00	4.80e-05	4.83e-10
 1.72622e+16	1.00e+00	3.79e-05	3.01e-10
 1.77658e+16	1.00e+00	3.01e-05	1.91e-10
 1.82690e+16	1.00e+00	2.40e-05	1.21e-10
 1.87795e+16	1.00e+00	1.92e-05	7.75e-11
 1.93017e+16	1.00e+00	1.53e-05	4.93e-11
 1.98349e+16	1.00e+00	1.22e-05	3.15e-11
 2.03791e+16	1.00e+00	9.73e-06	2.01e-11
 2.09362e+16	1.00e+00	7.76e-06	1.28e-11
 2.15042e+16	1.00e+00	6.18e-06	8.15e-12
 2.20646e+16	1.00e+00	4.98e-06	5.30e-12
 2.26051e+16	1.00e+00	4.05e-06	3.52e-12
 2.31259e+16	1.00e+00	3.34e-06	2.40e-12
 2.36280e+16	1.00e+00	2.78e-06	1.66e-12
 2.41170e+16	1.00e+00	2.33e-06	1.17e-12
 2.45898e+16	1.00e+00	1.97e-06	8.40e-13
 2.50449e+16	1.00e+00	1.68e-06	6.12e-13
 2.54842e+16	1.00e+00	1.44e-06	4.53e-13
 2.59066e+16	1.00e+00	1.25e-06	3.41e-13
 2.63124e+16	1.00e+00	1.09e-06	2.60e-13
 2.67022e+16	1.00e+00	9.60e-07	2.01e-13
 2.70761e+16	1.00e+00	8.49e-07	1.58e-13
 2.74347e+16	1.00e+00	7.56e-07	1.25e-13
 2.77779e+16	1.00e+00	6.77e-07	1.00e-13
 2.81058e+16	1.00e+00	6.09e-07	8.16e-14
 2.84190e+16	1.00e+00	5.52e-07	6.71e-14
 2.87182e+16	1.00e+00	5.03e-07	5.57e-14
 2.90041e+16	1.00e+00	4.60e-07	4.67e-14
 2.92776e+16	1.00e+00	4.23e-07	3.95e-14
 2.95387e+16	1.00e+00	3.90e-07	3.37e-14
 2.97878e+16	1.00e+00	3.62e-07	2.90e-14
 3.00256e+16	1.00e+00	3.36e-07	2.51e-14
 3.02527e+16	1.00e+00	3.14e-07	2.19e-14
 3.04697e+16	1.00e+00	2.94e-07	1.93e-14
 3.06771e+16	1.00e+00	2.77e-07	1.71e-14
 3.08755e+16	1.00e+00	2.61e-07	1.52e-14
 3.10656e+16	1.00e+00	2.47e-07	1.36e-14
 3.12478e+16	1.00e+00	2.34e-07	1.22e-14
 3.14226e+16	1.00e+00	2.22e-07	1.10e-14
 3.15904e+16	1.00e+00	2.12e-07	1.00e-14
 3.17515e+16	1.00e+00	2.02e-07	9.13e-15
 3.19063e+16	1.00e+00	1.93e-07	8.36e-15
 3.20556e+16	1.00e+00	1.85e-07	7.67e-15
 3.21998e+16	1.00e+00	1.77e-07	7.07e-15
 3.23394e+16	1.00e+00	1.70e-07	6.53e-15
 3.24747e+16	1.00e+00	1.64e-07	6.05e-15
 3.26061e+16	1.00e+00	1.58e-07	5.62e-15
 3.27341e+16	1.00e+00	1.52e-07	5.22e-15
 3.28592e+16	1.00e+00	1.47e-07	4.87e-15
 3.29820e+16	1.00e+00	1.42e-07	4.55e-15
 3.31030e+16	1.00e+00	1.37e-07	4.25e-15
 3.32227e+16	1.00e+00	1.33e-07	3.97e-15
 3.33417e+16	1.00e+00	1.28e-07	3.72e-15
 3.34606e+16	1.00e+00	1.24e-07	3.48e-15
 3.35804e+16	1.00e+00	1.20e-07	3.26e-15
 3.37019e+16	1.00e+00	1.16e-07	3.04e-15
 3.38263e+16	1.00e+00	1.12e-07	2.84e-15
 3.39550e+16	1.00e+00	1.08e-07	2.65e-15
 3.40895e+16	1.00e+00	1.04e-07	2.46e-15
 3.42319e+16	1.00e+00	1.00e-07	2.27e-15
 3.43853e+16	1.00e+00	9.58e-08	2.09e-15
 3.45536e+16	1.00e+00	9.14e-08	1.90e-15
 3.47422e+16	1.00e+00	8.67e-08	1.71e-15
 3.49590e+16	1.00e+00	8.17e-08	1.52e-15
 3.52159e+16	1.00e+00	7.60e-08	1.32e-15
 3.55317e+16	1.00e+00	6.97e-08	1.11e-15
 3.59351e+16	1.00e+00	6.23e-08	8.91e-16
 3.64595e+16	1.00e+00	5.40e-08	6.71e-16
 3.71412e+16	1.00e+00	4.50e-08	4.66e-16
 3.80275e+16	1.00e+00	3.55e-08	2.93e-16
 3.91796e+16	1.00e+00	2.64e-08	1.62e-16
 4.06125e+16	1.00e+00	1.84e-08	7.98e-17
 4.21759e+16	1.00e+00	1.27e-08	3.81e-17
 4.37390e+16	1.00e+00	8.80e-09	1.86e-17
 4.53019e+16	1.00e+00	6.17e-09	9.24e-18
 4.68646e+16	1.00e+00	4.37e-09	4.68e-18
 4.84269e+16	1.00e+00	3.12e-09	2.41e-18
 4.99890e+16	1.00e+00	2.25e-09	1.27e-18
 5.15507e+16	1.00e+00	1.63e-09	6.75e-19
 5.31121e+16	1.00e+00	1.20e-09	3.66e-19
 5.46732e+16	1.00e+00	8.83e-10	2.01e-19
 5.64681e+16	1.00e+00	6.23e-10	1.01e-19
 5.86045e+16	1.00e+00	4.19e-10	4.63e-20
 6.08809e+16	1.00e+00	2.79e-10	2.08e-20
 6.31904e+16	1.00e+00	1.87e-10	9.50e-21
 6.55757e+16	1.00e+00	1.25e-10	0.00e+00
 6.80368e+16	1.00e+00	8.40e-11	0.00e+00
 7.05704e+16	1.00e+00	5.64e-11	0.00e+00
 7.31814e+16	1.00e+00	3.79e-11	0.00e+00
 7.54285e+16	1.00e+00	2.75e-11	0.00e+00
 7.68709e+16	1.00e+00	2.27e-11	0.00e+00
 7.76661e+16	1.00e+00	2.05e-11	0.00e+00
 7.81332e+16	1.00e+00	1.92e-11	0.00e+00
 7.84135e+16	1.00e+00	1.85e-11	0.00e+00
 7.86037e+16	1.00e+00	1.80e-11	0.00e+00
 7.87816e+16	1.00e+00	1.76e-11	0.00e+00
 7.89746e+16	1.00e+00	1.71e-11	0.00e+00
 7.91751e+16	1.00e+00	1.66e-11	0.00e+00
 7.93668e+16	1.00e+00	1.62e-11	0.00e+00
 7.95336e+16	1.00e+00	1.58e-11	0.00e+00
 7.96854e+16	1.00e+00	1.55e-11	0.00e+00
 7.98375e+16	1.00e+00	1.52e-11	0.00e+00
 7.99859e+16	1.00e+00	1.49e-11	0.00e+00
 8.01213e+16	1.00e+00	1.46e-11	0.00e+00
 8.02447e+16	1.00e+00	1.43e-11	0.00e+00
 8.03598e+16	1.00e+00	1.41e-11	0.00e+00
 8.04702e+16	1.00e+00	1.39e-11	0.00e+00
 8.05790e+16	1.00e+00	1.37e-11	0.00e+00
 8.06819e+16	1.00e+00	1.35e-11	0.00e+00
 8.07785e+16	1.00e+00	1.33e-11	0.00e+00
 8.08695e+16	1.00e+00	1.32e-11	0.00e+00
 8.09579e+16	1.00e+00	1.30e-11	0.00e+00
 8.10453e+16	1.00e+00	1.28e-11	0.00e+00
 8.11301e+16	1.00e+00	1.27e-11	0.00e+00
 8.12082e+16	1.00e+00	1.26e-11	0.00e+00
 8.12785e+16	1.00e+00	1.24e-11	0.00e+00
 8.13537e+16	1.00e+00	1.23e-11	0.00e+00
 8.14370e+16	1.00e+00	1.22e-11	0.00e+00
 8.15117e+16	1.00e+00	1.20e-11	0.00e+00
 8.15726e+16	1.00e+00	1.19e-11	0.00e+00
 8.16360e+16	1.00e+00	1.18e-11	0.00e+00
 8.17087e+16	1.00e+00	1.17e-11	0.00e+00
 8.17765e+16	1.00e+00	1.16e-11	0.00e+00
 8.18391e+16	1.00e+00	1.15e-11	0.00e+00
 8.18968e+16	1.00e+00	1.14e-11	0.00e+00
 8.19567e+16	1.00e+00	1.13e-11	0.00e+00
 8.20320e+16	1.00e+00	1.12e-11	0.00e+00
 8.21088e+16	1.00e+00	1.11e-11	0.00e+00
 8.21698e+16	1.00e+00	1.10e-11	0.00e+00
 8.22230e+16	1.00e+00	1.09e-11	0.00e+00
 8.22852e+16	1.00e+00	1.08e-11	0.00e+00
 8.23562e+16	1.00e+00	1.07e-11	0.00e+00
 8.24256e+16	1.00e+00	1.06e-11	0.00e+00
 8.24881e+16	1.00e+00	1.05e-11	0.00e+00
 8.25489e+16	1.00e+00	1.04e-11	0.00e+00
 8.26139e+16	1.00e+00	1.03e-11	0.00e+00
 8.26843e+16	1.00e+00	1.02e-11	0.00e+00
 8.27582e+16	1.00e+00	1.01e-11	0.00e+00
 8.28275e+16	1.00e+00	9.98e-12	0.00e+00
 8.28975e+16	1.00e+00	9.88e-12	0.00e+00
 8.29749e+16	1.00e+00	9.76e-12	0.00e+00
 8.30513e+16	1.00e+00	9.66e-12	0.00e+00
 8.31267e+16	1.00e+00	9.55e-12	0.00e+00
 8.32046e+16	1.00e+00	9.44e-12	0.00e+00
 8.32874e+16	1.00e+00	9.33e-12	0.00e+00
 8.33718e+16	1.00e+00	9.21e-12	0.00e+00
 8.34558e+16	1.00e+00	9.10e-12	0.00e+00
 8.35396e+16	1.00e+00	8.98e-12	0.00e+00
 8.36243e+16	1.00e+00	8.87e-12	0.00e+00
 8.37156e+16	1.00e+00	8.75e-12	0.00e+00
 8.38122e+16	1.00e+00	8.63e-12	0.00e+00
 8.39075e+16	1.00e+00	8.50e-12	0.00e+00
 8.39988e+16	1.00e+00	8.39e-12	0.00e+00
 8.40965e+16	1.00e+00	8.27e-12	0.00e+00
 8.42052e+16	1.00e+00	8.13e-12	0.00e+00
 8.43182e+16	1.00e+00	8.00e-12	0.00e+00
 8.44299e+16	1.00e+00	7.87e-12	0.00e+00
 8.45394e+16	1.00e+00	7.74e-12	0.00e+00
 8.46499e+16	1.00e+00	7.61e-12	0.00e+00
 8.47660e+16	1.00e+00	7.48e-12	0.00e+00
 8.48910e+16	1.00e+00	7.34e-12	0.00e+00
 8.50226e+16	1.00e+00	7.19e-12	0.00e+00
 8.51557e+16	1.00e+00	7.05e-12	0.00e+00
 8.52882e+16	1.00e+00	6.91e-12	0.00e+00
 8.54184e+16	1.00e+00	6.78e-12	0.00e+00
 8.55626e+16	1.00e+00	6.63e-12	0.00e+00
 8.57256e+16	1.00e+00	6.47e-12	0.00e+00
 8.58853e+16	1.00e+00	6.32e-12	0.00e+00
 8.60333e+16	1.00e+00	6.18e-12	0.00e+00
 8.61884e+16	1.00e+00	6.04e-12	0.00e+00
 8.63665e+16	1.00e+00	5.87e-12	0.00e+00
 8.65497e+16	1.00e+00	5.71e-12	0.00e+00
 8.67224e+16	1.00e+00	5.57e-12	0.00e+00
 8.68983e+16	1.00e+00	5.42e-12	0.00e+00
 8.70904e+16	1.00e+00	5.27e-12	0.00e+00
 8.72963e+16	1.00e+00	5.10e-12	0.00e+00
 8.75032e+16	1.00e+00	4.95e-12	0.00e+00
 8.77036e+16	1.00e+00	4.80e-12	0.00e+00
 8.79109e+16	1.00e+00	4.65e-12	0.00e+00
 8.81370e+16	1.00e+00	4.50e-12	0.00e+00
 8.83757e+16	1.00e+00	4.33e-12	0.00e+00
 8.86102e+16	1.00e+00	4.18e-12	0.00e+00
 8.88421e+16	1.00e+00	4.04e-12	0.00e+00
 8.90872e+16	1.00e+00	3.89e-12	0.00e+00
 8.93524e+16	1.00e+00	3.74e-12	0.00e+00
 8.96298e+16	1.00e+00	3.59e-12	0.00e+00
 8.99076e+16	1.00e+00	3.44e-12	0.00e+00
 9.01816e+16	1.00e+00	3.30e-12	0.00e+00
 9.04727e+16	1.00e+00	3.16e-12	0.00e+00
 9.07864e+16	1.00e+00	3.01e-12	0.00e+00
 9.11004e+16	1.00e+00	2.88e-12	0.00e+00
 9.14116e+16	1.00e+00	2.75e-12	0.00e+00
 9.17337e+16	1.00e+00	2.62e-12	0.00e+00
 9.20781e+16	1.00e+00	2.49e-12	0.00e+00
 9.24416e+16	1.00e+00	2.36e-12	0.00e+00
 9.28125e+16	1.00e+00	2.23e-12	0.00e+00
 9.31873e+16	1.00e+00	2.12e-12	0.00e+00
 9.35733e+16	1.00e+00	2.01e-12	0.00e+00
 9.39919e+16	1.00e+00	1.89e-12	0.00e+00
 9.44406e+16	1.00e+00	1.77e-12	0.00e+00
 9.48859e+16	1.00e+00	1.66e-12	0.00e+00
 9.53162e+16	1.00e+00	1.57e-12	0.00e+00
 9.57810e+16	1.00e+00	1.47e-12	0.00e+00
 9.63131e+16	1.00e+00	1.37e-12	0.00e+00
 9.68607e+16	1.00e+00	1.27e-12	0.00e+00
 9.73847e+16	1.00e+00	1.19e-12	0.00e+00
 9.78948e+16	1.00e+00	1.11e-12	0.00e+00
 9.83853e+16	1.00e+00	1.05e-12	0.00e+00
 9.88463e+16	1.00e+00	9.88e-13	0.00e+00
 9.92948e+16	1.00e+00	9.33e-13	0.00e+00
 9.97507e+16	1.00e+00	8.81e-13	0.00e+00
 1.00224e+17	1.00e+00	8.29e-13	0.00e+00
 1.00713e+17	1.00e+00	7.78e-13	0.00e+00
 1.01214e+17	1.00e+00	7.29e-13	0.00e+00
 1.01689e+17	1.00e+00	6.85e-13	0.00e+00
 1.02089e+17	1.00e+00	6.50e-13	0.00e+00
 1.02409e+17	1.00e+00	6.23e-13	0.00e+00
 1.02682e+17	1.00e+00	6.02e-13	0.00e+00
 1.02940e+17	1.00e+00	5.81e-13	0.00e+00
 1.03197e+17	1.00e+00	5.61e-13	0.00e+00
 1.03444e+17	1.00e+00	5.43e-13	0.00e+00
 1.03670e+17	1.00e+00	5.27e-13	0.00e+00
 1.03875e+17	1.00e+00	5.13e-13	0.00e+00
 1.04070e+17	1.00e+00	4.99e-13	0.00e+00
 1.04262e+17	1.00e+00	4.87e-13	0.00e+00
 1.04453e+17	1.00e+00	4.74e-13	0.00e+00
 1.04637e+17	1.00e+00	4.63e-13	0.00e+00
 1.04812e+17	1.00e+00	4.52e-13	0.00e+00
 1.04981e+17	1.00e+00	4.42e-13	0.00e+00
 1.05147e+17	1.00e+00	4.33e-13	0.00e+00
 1.05312e+17	1.00e+00	4.24e-13	0.00e+00
 1.05473e+17	1.00e+00	4.15e-13	0.00e+00
 1.05631e+17	1.00e+00	4.06e-13	0.00e+00
 1.05785e+17	1.00e+00	3.98e-13	0.00e+00
 1.05937e+17	1.00e+00	3.91e-13	0.00e+00
 1.06087e+17	1.00e+00	3.83e-13	0.00e+00
 1.06236e+17	1.00e+00	3.76e-13	0.00e+00
 1.06383e+17	1.00e+00	3.69e-13	0.00e+00
 1.06528e+17	1.00e+00	3.62e-13	0.00e+00
 1.06671e+17	1.00e+00	3.56e-13	0.00e+00
 1.06813e+17	1.00e+00	3.49e-13	0.00e+00
 1.06975e+17	1.00e+00	3.42e-13	0.00e+00
 1.07186e+17	1.00e+00	3.33e-13	0.00e+00
 1.07461e+17	1.00e+00	3.21e-13	0.00e+00
 1.07818e+17	1.00e+00	3.07e-13	0.00e+00
 1.08283e+17	1.00e+00	2.89e-13	0.00e+00
 1.08856e+17	1.00e+00	2.69e-13	0.00e+00
 1.09462e+17	1.00e+00	2.50e-13	0.00e+00
 1.10014e+17	1.00e+00	2.34e-13	0.00e+00
 1.10504e+17	1.00e+00	2.21e-13	0.00e+00
 1.10983e+17	1.00e+00	2.09e-13	0.00e+00
 1.11497e+17	1.00e+00	1.96e-13	0.00e+00
 1.12053e+17	1.00e+00	1.84e-13	0.00e+00
 1.12623e+17	1.00e+00	1.72e-13	0.00e+00
 1.13186e+17	1.00e+00	1.61e-13	0.00e+00
 1.13749e+17	1.00e+00	1.51e-13	0.00e+00
 1.14337e+17	1.00e+00	1.41e-13	0.00e+00
 1.14971e+17	1.00e+00	1.31e-13	0.00e+00
 1.15662e+17	1.00e+00	1.21e-13	0.00e+00
 1.16414e+17	1.00e+00	1.11e-13	0.00e+00
 1.17246e+17	1.00e+00	1.01e-13	0.00e+00
 1.18205e+17	1.00e+00	9.00e-14	0.00e+00
 1.19380e+17	1.00e+00	7.87e-14	0.00e+00
 1.20887e+17	1.00e+00	6.63e-14	0.00e+00
 1.22848e+17	1.00e+00	5.32e-14	0.00e+00
 1.25396e+17	1.00e+00	4.00e-14	0.00e+00
 1.28708e+17	1.00e+00	2.79e-14	0.00e+00
 1.32560e+17	1.00e+00	1.86e-14	0.00e+00
 1.37114e+17	1.00e+00	1.15e-14	0.00e+00
 1.42481e+17	1.00e+00	6.66e-15	0.00e+00
 1.47872e+17	1.00e+00	3.87e-15	0.00e+00
 1.52026e+17	1.00e+00	2.56e-15	0.00e+00
 1.54519e+17	1.00e+00	1.98e-15	0.00e+00
 1.56014e+17	1.00e+00	1.68e-15	0.00e+00
 1.56912e+17	1.00e+00	1.52e-15	0.00e+00
 1.57450e+17	1.00e+00	1.43e-15	0.00e+00
 1.57773e+17	1.00e+00	1.38e-15	0.00e+00
 1.57967e+17	1.00e+00	1.34e-15	0.00e+00
 1.58110e+17	1.00e+00	1.32e-15	0.00e+00
 1.58271e+17	1.00e+00	1.30e-15	0.00e+00
 1.58480e+17	1.00e+00	1.26e-15	0.00e+00
 1.58742e+17	1.00e+00	1.22e-15	0.00e+00
 1.59020e+17	1.00e+00	1.18e-15	0.00e+00
 1.59257e+17	1.00e+00	1.15e-15	0.00e+00
 1.59441e+17	1.00e+00	1.12e-15	0.00e+00
 1.59607e+17	1.00e+00	1.09e-15	0.00e+00
 1.59796e+17	1.00e+00	1.07e-15	0.00e+00
 1.60029e+17	1.00e+00	1.04e-15	0.00e+00
 1.60278e+17	1.00e+00	1.00e-15	0.00e+00
 1.60494e+17	1.00e+00	9.70e-16	0.00e+00
 1.60665e+17	1.00e+00	9.47e-16	0.00e+00
 1.60819e+17	1.00e+00	9.26e-16	0.00e+00
 1.60991e+17	1.00e+00	9.04e-16	0.00e+00
 1.61198e+17	1.00e+00	8.77e-16	0.00e+00
 1.61420e+17	1.00e+00	8.48e-16	0.00e+00
 1.61616e+17	1.00e+00	8.22e-16	0.00e+00
 1.61775e+17	1.00e+00	8.01e-16	0.00e+00
 1.61917e+17	1.00e+00	7.83e-16	0.00e+00
 1.62071e+17	1.00e+00	7.64e-16	0.00e+00
 1.62253e+17	1.00e+00	7.41e-16	0.00e+00
 1.62451e+17	1.00e+00	7.16e-16	0.00e+00
 1.62633e+17	1.00e+00	6.93e-16	0.00e+00
 1.62782e+17	1.00e+00	6.74e-16	0.00e+00
 1.62915e+17	1.00e+00	6.58e-16	0.00e+00
 1.63054e+17	1.00e+00	6.41e-16	0.00e+00
 1.63218e+17	1.00e+00	6.22e-16	0.00e+00
 1.63396e+17	1.00e+00	6.00e-16	0.00e+00
 1.63562e+17	1.00e+00	5.80e-16	0.00e+00
 1.63703e+17	1.00e+00	5.62e-16	0.00e+00
 1.63828e+17	1.00e+00	5.47e-16	0.00e+00
 1.63958e+17	1.00e+00	5.33e-16	0.00e+00
 1.64109e+17	1.00e+00	5.16e-16	0.00e+00
 1.64273e+17	1.00e+00	4.97e-16	0.00e+00
 1.64427e+17	1.00e+00	4.79e-16	0.00e+00
 1.64560e+17	1.00e+00	4.63e-16	0.00e+00
 1.64680e+17	1.00e+00	4.50e-16	0.00e+00
 1.64805e+17	1.00e+00	4.36e-16	0.00e+00
 1.64949e+17	1.00e+00	4.21e-16	0.00e+00
 1.65105e+17	1.00e+00	4.05e-16	0.00e+00
 1.65252e+17	1.00e+00	3.89e-16	0.00e+00
 1.65380e+17	1.00e+00	3.75e-16	0.00e+00
 1.65498e+17	1.00e+00	3.63e-16	0.00e+00
 1.65621e+17	1.00e+00	3.51e-16	0.00e+00
 1.65761e+17	1.00e+00	3.38e-16	0.00e+00
 1.65912e+17	1.00e+00	3.24e-16	0.00e+00
 1.66057e+17	1.00e+00	3.10e-16	0.00e+00
 1.66185e+17	1.00e+00	2.98e-16	0.00e+00
 1.66304e+17	1.00e+00	2.88e-16	0.00e+00
 1.66429e+17	1.00e+00	2.78e-16	0.00e+00
 1.66568e+17	1.00e+00	2.66e-16	0.00e+00
 1.66718e+17	1.00e+00	2.54e-16	0.00e+00
 1.66863e+17	1.00e+00	2.43e-16	0.00e+00
 1.66994e+17	1.00e+00	2.33e-16	0.00e+00
 1.67118e+17	1.00e+00	2.24e-16	0.00e+00
 1.67246e+17	1.00e+00	2.15e-16	0.00e+00
 1.67388e+17	1.00e+00	2.06e-16	0.00e+00
 1.67543e+17	1.00e+00	1.96e-16	0.00e+00
 1.67694e+17	1.00e+00	1.86e-16	0.00e+00
 1.67834e+17	1.00e+00	1.78e-16	0.00e+00
 1.67966e+17	1.00e+00	1.70e-16	0.00e+00
 1.68103e+17	1.00e+00	1.63e-16	0.00e+00
 1.68255e+17	1.00e+00	1.56e-16	0.00e+00
 1.68417e+17	1.00e+00	1.48e-16	0.00e+00
 1.68579e+17	1.00e+00	1.40e-16	0.00e+00
 1.68731e+17	1.00e+00	1.33e-16	0.00e+00
 1.68878e+17	1.00e+00	1.27e-16	0.00e+00
 1.69033e+17	1.00e+00	1.21e-16	0.00e+00
 1.69203e+17	1.00e+00	1.15e-16	0.00e+00
 1.69385e+17	1.00e+00	1.09e-16	0.00e+00
 1.69567e+17	1.00e+00	1.03e-16	0.00e+00
 1.69741e+17	1.00e+00	9.78e-17	0.00e+00
 1.69915e+17	1.00e+00	9.29e-17	0.00e+00
 1.70099e+17	1.00e+00	8.82e-17	0.00e+00
 1.70302e+17	1.00e+00	8.34e-17	0.00e+00
 1.70520e+17	1.00e+00	7.85e-17	0.00e+00
 1.70741e+17	1.00e+00	7.39e-17	0.00e+00
 1.70959e+17	1.00e+00	6.97e-17	0.00e+00
 1.71180e+17	1.00e+00	6.59e-17	0.00e+00
 1.71419e+17	1.00e+00	6.22e-17	0.00e+00
 1.71685e+17	1.00e+00	5.84e-17	0.00e+00
 1.71974e+17	1.00e+00	5.46e-17	0.00e+00
