#depth	N	N+	N+2	N+3	N+4	N+5	N+6	N+7
 1.49634e+10	0.00e+00	0.00e+00	4.38e-32	1.61e-22	1.79e-13	8.80e-04	4.54e-01	5.45e-01
 4.54887e+10	0.00e+00	4.52e-42	6.30e-32	2.14e-22	2.20e-13	1.00e-03	4.74e-01	5.25e-01
 7.72350e+10	0.00e+00	0.00e+00	9.05e-32	2.84e-22	2.70e-13	1.14e-03	4.93e-01	5.06e-01
 1.10251e+11	0.00e+00	1.09e-41	1.30e-31	3.77e-22	3.31e-13	1.29e-03	5.13e-01	4.86e-01
 1.42641e+11	0.00e+00	0.00e+00	1.82e-31	4.92e-22	4.01e-13	1.45e-03	5.31e-01	4.67e-01
 1.73738e+11	0.00e+00	2.42e-41	2.50e-31	6.28e-22	4.78e-13	1.61e-03	5.48e-01	4.50e-01
 2.03786e+11	0.00e+00	0.00e+00	3.34e-31	7.89e-22	5.63e-13	1.78e-03	5.64e-01	4.34e-01
 2.37154e+11	0.00e+00	5.05e-41	4.57e-31	1.01e-21	6.70e-13	1.97e-03	5.81e-01	4.17e-01
 2.73746e+11	0.00e+00	0.00e+00	6.36e-31	1.30e-21	8.05e-13	2.21e-03	5.98e-01	4.00e-01
 3.07248e+11	0.00e+00	1.08e-40	8.50e-31	1.63e-21	9.46e-13	2.43e-03	6.13e-01	3.84e-01
 3.43520e+11	0.00e+00	0.00e+00	1.15e-30	2.06e-21	1.12e-12	2.68e-03	6.29e-01	3.68e-01
 3.84144e+11	0.00e+00	2.34e-40	1.60e-30	2.66e-21	1.34e-12	2.99e-03	6.46e-01	3.51e-01
 4.22550e+11	0.00e+00	0.00e+00	2.15e-30	3.35e-21	1.58e-12	3.29e-03	6.61e-01	3.36e-01
 4.64602e+11	0.00e+00	4.95e-40	2.95e-30	4.28e-21	1.87e-12	3.64e-03	6.76e-01	3.20e-01
 5.11256e+11	0.00e+00	0.00e+00	4.12e-30	5.54e-21	2.25e-12	4.05e-03	6.92e-01	3.04e-01
 5.54849e+11	0.00e+00	1.08e-39	5.57e-30	6.99e-21	2.65e-12	4.46e-03	7.06e-01	2.89e-01
 6.02031e+11	0.00e+00	0.00e+00	7.62e-30	8.91e-21	3.14e-12	4.92e-03	7.20e-01	2.75e-01
 6.54754e+11	0.00e+00	2.40e-39	1.07e-29	1.15e-20	3.77e-12	5.46e-03	7.35e-01	2.60e-01
 7.05370e+11	0.00e+00	0.00e+00	1.46e-29	1.47e-20	4.46e-12	6.01e-03	7.48e-01	2.46e-01
 7.59295e+11	0.00e+00	5.21e-39	2.00e-29	1.87e-20	5.29e-12	6.63e-03	7.61e-01	2.32e-01
 8.19593e+11	0.00e+00	0.00e+00	2.82e-29	2.44e-20	6.36e-12	7.35e-03	7.74e-01	2.19e-01
 8.79715e+11	0.00e+00	1.19e-38	3.91e-29	3.13e-20	7.57e-12	8.12e-03	7.86e-01	2.06e-01
 9.35741e+11	0.00e+00	0.00e+00	5.24e-29	3.92e-20	8.85e-12	8.86e-03	7.97e-01	1.95e-01
 9.96598e+11	0.00e+00	2.49e-38	7.12e-29	4.96e-20	1.04e-11	9.70e-03	8.07e-01	1.83e-01
 1.06488e+12	0.00e+00	0.00e+00	9.92e-29	6.39e-20	1.24e-11	1.07e-02	8.17e-01	1.72e-01
 1.13058e+12	0.00e+00	5.48e-38	1.35e-28	8.08e-20	1.46e-11	1.17e-02	8.27e-01	1.62e-01
 1.20042e+12	0.00e+00	0.00e+00	1.85e-28	1.03e-19	1.72e-11	1.28e-02	8.35e-01	1.52e-01
 1.26852e+12	0.00e+00	1.16e-37	2.48e-28	1.29e-19	2.01e-11	1.39e-02	8.43e-01	1.43e-01
 1.32397e+12	0.00e+00	0.00e+00	3.13e-28	1.53e-19	2.27e-11	1.49e-02	8.49e-01	1.36e-01
 1.38276e+12	0.00e+00	2.09e-37	3.98e-28	1.84e-19	2.57e-11	1.59e-02	8.55e-01	1.29e-01
 1.45917e+12	0.00e+00	0.00e+00	5.38e-28	2.32e-19	3.01e-11	1.73e-02	8.61e-01	1.21e-01
 1.54027e+12	0.00e+00	4.46e-37	7.33e-28	2.93e-19	3.53e-11	1.89e-02	8.68e-01	1.13e-01
 1.61138e+12	0.00e+00	0.00e+00	9.52e-28	3.58e-19	4.05e-11	2.03e-02	8.73e-01	1.07e-01
 1.68775e+12	0.00e+00	8.66e-37	1.25e-27	4.40e-19	4.66e-11	2.19e-02	8.77e-01	1.01e-01
 1.78050e+12	0.00e+00	0.00e+00	1.72e-27	5.61e-19	5.50e-11	2.39e-02	8.82e-01	9.39e-02
 1.87470e+12	0.00e+00	1.91e-36	2.36e-27	7.12e-19	6.46e-11	2.60e-02	8.87e-01	8.74e-02
 1.96158e+12	2.81e-46	2.70e-36	3.12e-27	8.80e-19	7.46e-11	2.80e-02	8.90e-01	8.20e-02
 2.05876e+12	0.00e+00	0.00e+00	4.23e-27	1.11e-18	8.71e-11	3.04e-02	8.93e-01	7.64e-02
 2.17092e+12	0.00e+00	6.00e-36	5.94e-27	1.43e-18	1.03e-10	3.33e-02	8.96e-01	7.06e-02
 2.28226e+12	1.19e-45	8.99e-36	8.22e-27	1.83e-18	1.22e-10	3.62e-02	8.98e-01	6.54e-02
 2.38044e+12	0.00e+00	0.00e+00	1.09e-26	2.26e-18	1.41e-10	3.89e-02	9.00e-01	6.12e-02
 2.46746e+12	0.00e+00	1.71e-35	1.38e-26	2.70e-18	1.59e-10	4.14e-02	9.01e-01	5.78e-02
 2.56622e+12	3.83e-45	2.39e-35	1.80e-26	3.31e-18	1.82e-10	4.44e-02	9.01e-01	5.42e-02
 2.68944e+12	0.00e+00	0.00e+00	2.49e-26	4.22e-18	2.14e-10	4.82e-02	9.02e-01	5.01e-02
 2.81398e+12	0.00e+00	5.29e-35	3.41e-26	5.36e-18	2.51e-10	5.22e-02	9.01e-01	4.63e-02
 2.92020e+12	1.47e-44	7.35e-35	4.44e-26	6.53e-18	2.86e-10	5.58e-02	9.01e-01	4.33e-02
 3.03310e+12	0.00e+00	0.00e+00	5.84e-26	8.03e-18	3.29e-10	5.98e-02	9.00e-01	4.05e-02
 3.17381e+12	0.00e+00	1.56e-34	8.15e-26	1.03e-17	3.88e-10	6.49e-02	8.98e-01	3.72e-02
 3.31695e+12	5.97e-44	2.36e-34	1.13e-25	1.32e-17	4.58e-10	7.05e-02	8.95e-01	3.42e-02
 3.44183e+12	0.00e+00	3.34e-34	1.50e-25	1.63e-17	5.26e-10	7.55e-02	8.93e-01	3.18e-02
 3.57669e+12	1.41e-43	4.84e-34	2.02e-25	2.04e-17	6.10e-10	8.11e-02	8.89e-01	2.94e-02
 3.72691e+12	0.00e+00	7.22e-34	2.78e-25	2.60e-17	7.17e-10	8.77e-02	8.85e-01	2.70e-02
 3.86722e+12	3.55e-43	1.04e-33	3.74e-25	3.25e-17	8.30e-10	9.41e-02	8.81e-01	2.49e-02
 4.01972e+12	0.00e+00	1.53e-33	5.10e-25	4.11e-17	9.68e-10	1.01e-01	8.76e-01	2.29e-02
 4.18818e+12	9.34e-43	2.33e-33	7.13e-25	5.29e-17	1.14e-09	1.10e-01	8.69e-01	2.09e-02
 4.34399e+12	0.00e+00	3.39e-33	9.64e-25	6.65e-17	1.33e-09	1.18e-01	8.63e-01	1.92e-02
 4.51315e+12	2.36e-42	5.03e-33	1.33e-24	8.45e-17	1.56e-09	1.27e-01	8.55e-01	1.76e-02
 4.70212e+12	0.00e+00	7.72e-33	1.87e-24	1.10e-16	1.85e-09	1.37e-01	8.47e-01	1.59e-02
 4.88051e+12	6.30e-42	1.14e-32	2.56e-24	1.39e-16	2.16e-09	1.48e-01	8.38e-01	1.45e-02
 5.06897e+12	0.00e+00	1.70e-32	3.53e-24	1.77e-16	2.53e-09	1.59e-01	8.28e-01	1.32e-02
 5.29082e+12	1.75e-41	2.66e-32	5.07e-24	2.33e-16	3.03e-09	1.73e-01	8.16e-01	1.18e-02
 5.49124e+12	0.00e+00	3.93e-32	6.95e-24	2.96e-16	3.54e-09	1.85e-01	8.04e-01	1.07e-02
 5.64129e+12	3.92e-41	5.21e-32	8.72e-24	3.51e-16	3.96e-09	1.95e-01	7.95e-01	1.00e-02
 5.79779e+12	0.00e+00	6.93e-32	1.10e-23	4.18e-16	4.44e-09	2.05e-01	7.86e-01	9.30e-03
 6.00124e+12	8.48e-41	9.91e-32	1.47e-23	5.20e-16	5.12e-09	2.18e-01	7.74e-01	8.47e-03
 6.22569e+12	0.00e+00	1.45e-31	1.99e-23	6.56e-16	5.95e-09	2.33e-01	7.60e-01	7.66e-03
 6.42543e+12	1.97e-40	2.00e-31	2.58e-23	7.99e-16	6.76e-09	2.46e-01	7.47e-01	7.02e-03
 6.60414e+12	0.00e+00	2.64e-31	3.23e-23	9.47e-16	7.55e-09	2.58e-01	7.36e-01	6.51e-03
 6.80754e+12	3.98e-40	3.59e-31	4.14e-23	1.14e-15	8.52e-09	2.71e-01	7.23e-01	5.97e-03
 7.07196e+12	0.00e+00	5.25e-31	5.63e-23	1.44e-15	9.89e-09	2.89e-01	7.06e-01	5.36e-03
 7.34263e+12	9.85e-40	7.63e-31	7.61e-23	1.81e-15	1.14e-08	3.06e-01	6.89e-01	4.81e-03
 7.56462e+12	0.00e+00	1.02e-30	9.63e-23	2.16e-15	1.28e-08	3.21e-01	6.75e-01	4.41e-03
 7.79638e+12	2.00e-39	1.37e-30	1.22e-22	2.58e-15	1.44e-08	3.36e-01	6.60e-01	4.03e-03
 8.09767e+12	0.00e+00	1.98e-30	1.64e-22	3.22e-15	1.66e-08	3.55e-01	6.41e-01	3.60e-03
 8.41212e+12	4.82e-39	2.86e-30	2.21e-22	4.02e-15	1.91e-08	3.75e-01	6.22e-01	3.21e-03
 8.67911e+12	0.00e+00	3.86e-30	2.80e-22	4.81e-15	2.14e-08	3.91e-01	6.06e-01	2.92e-03
 8.96162e+12	9.94e-39	5.22e-30	3.57e-22	5.77e-15	2.40e-08	4.09e-01	5.89e-01	2.65e-03
 9.31869e+12	0.00e+00	7.53e-30	4.80e-22	7.19e-15	2.75e-08	4.30e-01	5.68e-01	2.35e-03
 9.68631e+12	2.39e-38	1.08e-29	6.40e-22	8.92e-15	3.15e-08	4.51e-01	5.47e-01	2.08e-03
 1.00071e+13	0.00e+00	1.46e-29	8.13e-22	1.07e-14	3.51e-08	4.68e-01	5.30e-01	1.87e-03
 1.03535e+13	5.01e-38	2.00e-29	1.05e-21	1.29e-14	3.95e-08	4.87e-01	5.11e-01	1.68e-03
 1.07421e+13	0.00e+00	2.79e-29	1.37e-21	1.57e-14	4.46e-08	5.08e-01	4.91e-01	1.49e-03
 1.11226e+13	1.10e-37	3.83e-29	1.76e-21	1.89e-14	5.01e-08	5.27e-01	4.72e-01	1.33e-03
 1.14957e+13	0.00e+00	5.15e-29	2.23e-21	2.25e-14	5.56e-08	5.45e-01	4.54e-01	1.19e-03
 1.18518e+13	2.19e-37	6.77e-29	2.77e-21	2.64e-14	6.13e-08	5.61e-01	4.38e-01	1.07e-03
 1.22442e+13	0.00e+00	9.06e-29	3.49e-21	3.13e-14	6.81e-08	5.79e-01	4.20e-01	9.57e-04
 1.26456e+13	4.39e-37	1.20e-28	4.38e-21	3.70e-14	7.52e-08	5.96e-01	4.03e-01	8.57e-04
 1.29767e+13	0.00e+00	1.51e-28	5.25e-21	4.23e-14	8.15e-08	6.09e-01	3.90e-01	7.83e-04
 1.33251e+13	7.66e-37	1.91e-28	6.32e-21	4.84e-14	8.84e-08	6.23e-01	3.76e-01	7.13e-04
 1.37780e+13	0.00e+00	2.56e-28	7.98e-21	5.75e-14	9.79e-08	6.40e-01	3.59e-01	6.33e-04
 1.42488e+13	1.56e-36	3.43e-28	1.01e-20	6.81e-14	1.08e-07	6.57e-01	3.42e-01	5.60e-04
 1.46475e+13	0.00e+00	4.35e-28	1.22e-20	7.82e-14	1.18e-07	6.71e-01	3.29e-01	5.07e-04
 1.50704e+13	2.80e-36	5.56e-28	1.48e-20	9.01e-14	1.28e-07	6.84e-01	3.15e-01	4.57e-04
 1.56203e+13	0.00e+00	7.57e-28	1.88e-20	1.08e-13	1.42e-07	7.01e-01	2.98e-01	3.99e-04
 1.61928e+13	5.89e-36	1.03e-27	2.41e-20	1.29e-13	1.57e-07	7.18e-01	2.82e-01	3.49e-04
 1.66802e+13	0.00e+00	1.32e-27	2.94e-20	1.49e-13	1.71e-07	7.31e-01	2.69e-01	3.11e-04
 1.71992e+13	1.09e-35	1.71e-27	3.60e-20	1.73e-13	1.87e-07	7.44e-01	2.56e-01	2.77e-04
 1.78574e+13	0.00e+00	2.35e-27	4.63e-20	2.08e-13	2.08e-07	7.60e-01	2.40e-01	2.39e-04
 1.85416e+13	2.35e-35	3.22e-27	5.95e-20	2.49e-13	2.31e-07	7.75e-01	2.25e-01	2.06e-04
 1.91505e+13	0.00e+00	4.22e-27	7.36e-20	2.91e-13	2.52e-07	7.87e-01	2.13e-01	1.81e-04
 1.98164e+13	4.58e-35	5.60e-27	9.21e-20	3.43e-13	2.77e-07	8.00e-01	2.00e-01	1.58e-04
 2.06116e+13	0.00e+00	7.74e-27	1.19e-19	4.13e-13	3.08e-07	8.14e-01	1.86e-01	1.35e-04
 2.13776e+13	9.72e-35	1.04e-26	1.51e-19	4.92e-13	3.40e-07	8.26e-01	1.74e-01	1.16e-04
 2.20393e+13	0.00e+00	1.34e-26	1.84e-19	5.68e-13	3.69e-07	8.35e-01	1.64e-01	1.02e-04
 2.27625e+13	1.80e-34	1.74e-26	2.26e-19	6.60e-13	4.02e-07	8.45e-01	1.55e-01	8.96e-05
 2.35039e+13	2.46e-34	2.25e-26	2.78e-19	7.68e-13	4.38e-07	8.55e-01	1.45e-01	7.83e-05
 2.41102e+13	3.15e-34	2.76e-26	3.27e-19	8.64e-13	4.68e-07	8.62e-01	1.38e-01	7.04e-05
 2.47393e+13	4.04e-34	3.39e-26	3.85e-19	9.74e-13	5.01e-07	8.68e-01	1.32e-01	6.32e-05
 2.55571e+13	5.52e-34	4.40e-26	4.74e-19	1.13e-12	5.45e-07	8.77e-01	1.23e-01	5.50e-05
 2.64113e+13	7.55e-34	5.70e-26	5.83e-19	1.32e-12	5.94e-07	8.85e-01	1.15e-01	4.78e-05
 2.71351e+13	9.77e-34	7.06e-26	6.90e-19	1.49e-12	6.36e-07	8.91e-01	1.09e-01	4.26e-05
 2.78983e+13	1.27e-33	8.78e-26	8.21e-19	1.69e-12	6.82e-07	8.97e-01	1.03e-01	3.78e-05
 2.88905e+13	1.77e-33	1.15e-25	1.02e-18	1.98e-12	7.45e-07	9.04e-01	9.62e-02	3.26e-05
 2.99238e+13	2.46e-33	1.52e-25	1.27e-18	2.32e-12	8.14e-07	9.10e-01	8.95e-02	2.80e-05
 3.07986e+13	3.22e-33	1.90e-25	1.51e-18	2.64e-12	8.74e-07	9.16e-01	8.44e-02	2.47e-05
 3.17239e+13	4.26e-33	2.39e-25	1.81e-18	3.01e-12	9.40e-07	9.21e-01	7.94e-02	2.18e-05
 3.29069e+13	6.00e-33	3.16e-25	2.27e-18	3.54e-12	1.03e-06	9.26e-01	7.37e-02	1.86e-05
 3.41498e+13	8.48e-33	4.21e-25	2.84e-18	4.16e-12	1.12e-06	9.32e-01	6.82e-02	1.59e-05
 3.52542e+13	1.14e-32	5.38e-25	3.45e-18	4.78e-12	1.21e-06	9.36e-01	6.39e-02	1.39e-05
 3.64534e+13	1.56e-32	6.96e-25	4.22e-18	5.52e-12	1.31e-06	9.40e-01	5.97e-02	1.21e-05
 3.78889e+13	2.24e-32	9.36e-25	5.32e-18	6.52e-12	1.43e-06	9.45e-01	5.51e-02	1.02e-05
 3.93647e+13	3.21e-32	1.26e-24	6.70e-18	7.67e-12	1.57e-06	9.49e-01	5.09e-02	8.72e-06
 4.06150e+13	4.31e-32	1.60e-24	8.08e-18	8.76e-12	1.68e-06	9.52e-01	4.78e-02	7.64e-06
 4.16510e+13	5.47e-32	1.94e-24	9.39e-18	9.74e-12	1.78e-06	9.55e-01	4.54e-02	6.89e-06
 4.28098e+13	7.09e-32	2.40e-24	1.11e-17	1.09e-11	1.89e-06	9.57e-01	4.30e-02	6.15e-06
 4.43163e+13	9.84e-32	3.13e-24	1.36e-17	1.26e-11	2.04e-06	9.60e-01	4.00e-02	5.33e-06
 4.59312e+13	1.38e-31	4.13e-24	1.69e-17	1.47e-11	2.21e-06	9.63e-01	3.72e-02	4.59e-06
 4.73038e+13	1.83e-31	5.19e-24	2.01e-17	1.66e-11	2.36e-06	9.65e-01	3.51e-02	4.07e-06
 4.87049e+13	2.42e-31	6.51e-24	2.39e-17	1.87e-11	2.51e-06	9.67e-01	3.31e-02	3.62e-06
 5.05018e+13	3.43e-31	8.62e-24	2.97e-17	2.17e-11	2.72e-06	9.69e-01	3.08e-02	3.12e-06
 5.23608e+13	4.84e-31	1.14e-23	3.68e-17	2.52e-11	2.94e-06	9.71e-01	2.86e-02	2.69e-06
 5.39557e+13	6.47e-31	1.44e-23	4.40e-17	2.84e-11	3.13e-06	9.73e-01	2.70e-02	2.38e-06
 5.56595e+13	8.74e-31	1.84e-23	5.29e-17	3.23e-11	3.34e-06	9.75e-01	2.53e-02	2.10e-06
 5.77699e+13	1.25e-30	2.46e-23	6.61e-17	3.76e-11	3.61e-06	9.76e-01	2.35e-02	1.81e-06
 5.99454e+13	1.79e-30	3.28e-23	8.23e-17	4.37e-11	3.90e-06	9.78e-01	2.18e-02	1.56e-06
 6.19088e+13	2.45e-30	4.23e-23	9.98e-17	4.97e-11	4.17e-06	9.79e-01	2.05e-02	1.37e-06
 6.40601e+13	3.42e-30	5.52e-23	1.22e-16	5.71e-11	4.48e-06	9.81e-01	1.92e-02	1.19e-06
 6.65965e+13	4.99e-30	7.48e-23	1.54e-16	6.68e-11	4.85e-06	9.82e-01	1.77e-02	1.02e-06
 6.90942e+13	7.14e-30	9.99e-23	1.92e-16	7.75e-11	5.24e-06	9.84e-01	1.65e-02	8.81e-07
 7.12709e+13	9.68e-30	1.28e-22	2.31e-16	8.79e-11	5.58e-06	9.85e-01	1.55e-02	0.00e+00
 7.35699e+13	1.32e-29	1.64e-22	2.79e-16	9.99e-11	5.96e-06	9.85e-01	1.45e-02	0.00e+00
 7.63817e+13	1.90e-29	2.20e-22	3.48e-16	1.16e-10	6.44e-06	9.87e-01	1.35e-02	0.00e+00
 7.91920e+13	2.70e-29	2.92e-22	4.32e-16	1.34e-10	6.94e-06	9.87e-01	1.25e-02	0.00e+00
 8.15324e+13	3.59e-29	3.66e-22	5.14e-16	1.51e-10	7.37e-06	9.88e-01	1.18e-02	0.00e+00
 8.35244e+13	4.55e-29	4.43e-22	5.93e-16	1.67e-10	7.74e-06	9.89e-01	1.13e-02	0.00e+00
 8.57086e+13	5.84e-29	5.42e-22	6.91e-16	1.85e-10	8.16e-06	9.89e-01	1.07e-02	0.00e+00
 8.85480e+13	8.02e-29	7.00e-22	8.39e-16	2.11e-10	8.73e-06	9.90e-01	1.00e-02	0.00e+00
 9.14830e+13	1.10e-28	9.03e-22	1.02e-15	2.41e-10	9.34e-06	9.91e-01	9.39e-03	0.00e+00
 9.39284e+13	1.42e-28	1.11e-21	1.19e-15	2.68e-10	9.86e-06	9.91e-01	8.91e-03	0.00e+00
 9.64938e+13	1.85e-28	1.37e-21	1.40e-15	2.98e-10	1.04e-05	9.92e-01	8.43e-03	0.00e+00
 9.98288e+13	2.57e-28	1.79e-21	1.71e-15	3.42e-10	1.12e-05	9.92e-01	7.87e-03	0.00e+00
 1.03290e+14	3.58e-28	2.34e-21	2.10e-15	3.93e-10	1.20e-05	9.93e-01	7.34e-03	0.00e+00
 1.06204e+14	4.70e-28	2.91e-21	2.48e-15	4.40e-10	1.27e-05	9.93e-01	6.94e-03	0.00e+00
 1.09282e+14	6.20e-28	3.64e-21	2.93e-15	4.94e-10	1.35e-05	9.93e-01	6.55e-03	0.00e+00
 1.13257e+14	8.76e-28	4.80e-21	3.63e-15	5.71e-10	1.45e-05	9.94e-01	6.09e-03	0.00e+00
 1.17393e+14	1.24e-27	6.36e-21	4.49e-15	6.60e-10	1.57e-05	9.94e-01	5.66e-03	0.00e+00
 1.20942e+14	1.66e-27	8.03e-21	5.36e-15	7.44e-10	1.66e-05	9.95e-01	5.33e-03	0.00e+00
 1.24732e+14	2.23e-27	1.02e-20	6.44e-15	8.43e-10	1.77e-05	9.95e-01	5.00e-03	0.00e+00
 1.29427e+14	3.19e-27	1.36e-20	8.02e-15	9.79e-10	1.92e-05	9.95e-01	4.63e-03	0.00e+00
 1.34214e+14	4.53e-27	1.81e-20	9.94e-15	1.13e-09	2.07e-05	9.96e-01	4.30e-03	0.00e+00
 1.38451e+14	6.13e-27	2.31e-20	1.20e-14	1.29e-09	2.20e-05	9.96e-01	4.04e-03	0.00e+00
 1.43058e+14	8.40e-27	2.97e-20	1.45e-14	1.47e-09	2.36e-05	9.96e-01	3.77e-03	0.00e+00
 1.48590e+14	1.21e-26	4.00e-20	1.82e-14	1.71e-09	2.55e-05	9.96e-01	3.49e-03	0.00e+00
 1.54091e+14	1.72e-26	5.31e-20	2.26e-14	1.98e-09	2.75e-05	9.97e-01	3.24e-03	0.00e+00
 1.59058e+14	2.34e-26	6.80e-20	2.73e-14	2.26e-09	2.94e-05	9.97e-01	3.04e-03	0.00e+00
 1.64566e+14	3.26e-26	8.87e-20	3.34e-14	2.59e-09	3.15e-05	9.97e-01	2.83e-03	0.00e+00
 1.71047e+14	4.74e-26	1.20e-19	4.20e-14	3.03e-09	3.42e-05	9.97e-01	2.62e-03	0.00e+00
 1.77463e+14	6.78e-26	1.60e-19	5.23e-14	3.51e-09	3.69e-05	9.98e-01	2.43e-03	0.00e+00
 1.83470e+14	9.37e-26	2.08e-19	6.37e-14	4.02e-09	3.95e-05	9.98e-01	2.27e-03	0.00e+00
 1.89090e+14	1.26e-25	2.63e-19	7.63e-14	4.54e-09	4.20e-05	9.98e-01	2.12e-03	0.00e+00
 1.94035e+14	1.62e-25	3.23e-19	8.90e-14	5.03e-09	4.43e-05	9.98e-01	2.01e-03	0.00e+00
 1.99288e+14	2.10e-25	3.98e-19	1.04e-13	5.61e-09	4.68e-05	9.98e-01	1.90e-03	0.00e+00
 2.06118e+14	2.92e-25	5.19e-19	1.27e-13	6.42e-09	5.01e-05	9.98e-01	1.78e-03	0.00e+00
 2.13020e+14	4.03e-25	6.72e-19	1.55e-13	7.33e-09	5.36e-05	9.98e-01	1.66e-03	0.00e+00
 2.18558e+14	5.18e-25	8.23e-19	1.81e-13	8.13e-09	5.65e-05	9.98e-01	1.58e-03	0.00e+00
 2.24300e+14	6.68e-25	1.01e-18	2.11e-13	9.02e-09	5.96e-05	9.98e-01	1.50e-03	0.00e+00
 2.31763e+14	9.21e-25	1.31e-18	2.56e-13	1.03e-08	6.37e-05	9.99e-01	1.40e-03	0.00e+00
 2.39646e+14	1.28e-24	1.70e-18	3.13e-13	1.18e-08	6.81e-05	9.99e-01	1.31e-03	0.00e+00
 2.46483e+14	1.69e-24	2.13e-18	3.70e-13	1.32e-08	7.21e-05	9.99e-01	1.24e-03	0.00e+00
 2.53779e+14	2.26e-24	2.68e-18	4.41e-13	1.48e-08	7.65e-05	9.99e-01	1.17e-03	0.00e+00
 2.63076e+14	3.22e-24	3.57e-18	5.47e-13	1.71e-08	8.23e-05	9.99e-01	1.08e-03	0.00e+00
 2.72664e+14	4.59e-24	4.74e-18	6.77e-13	1.97e-08	8.85e-05	9.99e-01	1.01e-03	0.00e+00
 2.80965e+14	6.19e-24	6.02e-18	8.11e-13	2.23e-08	9.40e-05	9.99e-01	9.49e-04	0.00e+00
 2.89906e+14	8.44e-24	7.72e-18	9.78e-13	2.52e-08	1.00e-04	9.99e-01	8.91e-04	0.00e+00
 3.00874e+14	1.22e-23	1.04e-17	1.22e-12	2.93e-08	1.08e-04	9.99e-01	8.27e-04	0.00e+00
 3.12041e+14	1.75e-23	1.39e-17	1.52e-12	3.39e-08	1.16e-04	9.99e-01	7.69e-04	0.00e+00
 3.22099e+14	2.40e-23	1.79e-17	1.84e-12	3.84e-08	1.24e-04	9.99e-01	7.21e-04	0.00e+00
 3.33151e+14	3.36e-23	2.34e-17	2.25e-12	4.40e-08	1.32e-04	9.99e-01	6.74e-04	0.00e+00
 3.46200e+14	4.92e-23	3.17e-17	2.83e-12	5.13e-08	1.43e-04	9.99e-01	6.24e-04	0.00e+00
 3.59102e+14	7.08e-23	4.24e-17	3.52e-12	5.94e-08	1.54e-04	9.99e-01	5.80e-04	0.00e+00
 3.71066e+14	9.80e-23	5.51e-17	4.28e-12	6.77e-08	1.64e-04	9.99e-01	5.43e-04	0.00e+00
 3.82028e+14	1.31e-22	6.94e-17	5.09e-12	7.61e-08	1.74e-04	9.99e-01	5.12e-04	0.00e+00
 3.91641e+14	1.67e-22	8.46e-17	5.91e-12	8.40e-08	1.83e-04	9.99e-01	4.87e-04	0.00e+00
 4.02024e+14	2.17e-22	1.04e-16	6.91e-12	9.33e-08	1.93e-04	9.99e-01	4.62e-04	0.00e+00
 4.15522e+14	3.01e-22	1.35e-16	8.42e-12	1.07e-07	2.06e-04	9.99e-01	4.32e-04	0.00e+00
 4.29215e+14	4.14e-22	1.75e-16	1.02e-11	1.21e-07	2.20e-04	9.99e-01	4.04e-04	0.00e+00
 4.40252e+14	5.32e-22	2.14e-16	1.19e-11	1.34e-07	2.32e-04	9.99e-01	3.84e-04	0.00e+00
 4.51690e+14	6.85e-22	2.62e-16	1.39e-11	1.49e-07	2.44e-04	9.99e-01	3.65e-04	0.00e+00
 4.66559e+14	9.42e-22	3.39e-16	1.68e-11	1.70e-07	2.61e-04	9.99e-01	3.41e-04	0.00e+00
 4.82207e+14	1.30e-21	4.39e-16	2.05e-11	1.94e-07	2.79e-04	9.99e-01	3.19e-04	0.00e+00
 4.95672e+14	1.71e-21	5.46e-16	2.41e-11	2.16e-07	2.95e-04	9.99e-01	3.02e-04	0.00e+00
 5.09977e+14	2.26e-21	6.83e-16	2.86e-11	2.43e-07	3.13e-04	9.99e-01	2.85e-04	0.00e+00
 5.28439e+14	3.19e-21	9.03e-16	3.53e-11	2.80e-07	3.37e-04	9.99e-01	2.64e-04	0.00e+00
 5.47521e+14	4.51e-21	1.19e-15	4.37e-11	3.23e-07	3.62e-04	9.99e-01	2.46e-04	0.00e+00
 5.63774e+14	5.99e-21	1.50e-15	5.20e-11	3.64e-07	3.85e-04	9.99e-01	2.31e-04	0.00e+00
 5.81131e+14	8.03e-21	1.90e-15	6.22e-11	4.11e-07	4.10e-04	9.99e-01	2.17e-04	0.00e+00
 6.02775e+14	1.14e-20	2.53e-15	7.74e-11	4.77e-07	4.43e-04	9.99e-01	2.01e-04	0.00e+00
 6.24891e+14	1.62e-20	3.35e-15	9.58e-11	5.52e-07	4.77e-04	9.99e-01	1.87e-04	0.00e+00
 6.44255e+14	2.17e-20	4.25e-15	1.15e-10	6.25e-07	5.09e-04	9.99e-01	1.75e-04	0.00e+00
 6.65141e+14	2.94e-20	5.44e-15	1.39e-10	7.12e-07	5.44e-04	9.99e-01	1.64e-04	0.00e+00
 6.90500e+14	4.20e-20	7.26e-15	1.73e-10	8.29e-07	5.89e-04	9.99e-01	1.51e-04	0.00e+00
 7.15859e+14	5.93e-20	9.59e-15	2.15e-10	9.60e-07	6.35e-04	9.99e-01	1.40e-04	0.00e+00
 7.38294e+14	7.95e-20	1.22e-14	2.58e-10	1.09e-06	6.78e-04	9.99e-01	1.32e-04	0.00e+00
 7.62740e+14	1.08e-19	1.56e-14	3.12e-10	1.24e-06	7.27e-04	9.99e-01	1.23e-04	0.00e+00
 7.92104e+14	1.54e-19	2.09e-14	3.91e-10	1.45e-06	7.88e-04	9.99e-01	1.13e-04	0.00e+00
 8.21204e+14	2.16e-19	2.75e-14	4.83e-10	1.68e-06	8.52e-04	9.99e-01	1.05e-04	0.00e+00
 8.45828e+14	2.85e-19	3.44e-14	5.75e-10	1.90e-06	9.07e-04	9.99e-01	9.84e-05	0.00e+00
 8.67918e+14	3.63e-19	4.19e-14	6.70e-10	2.11e-06	9.59e-04	9.99e-01	9.31e-05	0.00e+00
 8.89930e+14	4.59e-19	5.07e-14	7.76e-10	2.34e-06	1.01e-03	9.99e-01	8.82e-05	0.00e+00
 9.15211e+14	5.94e-19	6.27e-14	9.15e-10	2.62e-06	1.08e-03	9.99e-01	8.30e-05	0.00e+00
 9.42728e+14	7.83e-19	7.85e-14	1.09e-09	2.96e-06	1.15e-03	9.99e-01	7.79e-05	0.00e+00
 9.67493e+14	9.97e-19	9.56e-14	1.27e-09	3.29e-06	1.21e-03	9.99e-01	7.37e-05	0.00e+00
 9.94029e+14	1.28e-18	1.17e-13	1.49e-09	3.68e-06	1.29e-03	9.99e-01	6.95e-05	0.00e+00
 1.02402e+15	1.68e-18	1.47e-13	1.77e-09	4.15e-06	1.37e-03	9.99e-01	6.51e-05	0.00e+00
 1.05257e+15	2.17e-18	1.81e-13	2.08e-09	4.65e-06	1.46e-03	9.98e-01	6.14e-05	0.00e+00
 1.08372e+15	2.83e-18	2.25e-13	2.47e-09	5.23e-06	1.55e-03	9.98e-01	5.76e-05	0.00e+00
 1.11849e+15	3.78e-18	2.85e-13	2.98e-09	5.96e-06	1.66e-03	9.98e-01	5.38e-05	0.00e+00
 1.15074e+15	4.91e-18	3.53e-13	3.51e-09	6.69e-06	1.77e-03	9.98e-01	5.05e-05	0.00e+00
 1.18544e+15	6.44e-18	4.41e-13	4.18e-09	7.56e-06	1.89e-03	9.98e-01	4.74e-05	0.00e+00
 1.22463e+15	8.66e-18	5.62e-13	5.06e-09	8.64e-06	2.03e-03	9.98e-01	4.41e-05	0.00e+00
 1.26221e+15	1.14e-17	7.06e-13	6.04e-09	9.77e-06	2.16e-03	9.98e-01	4.13e-05	0.00e+00
 1.30363e+15	1.53e-17	8.98e-13	7.30e-09	1.12e-05	2.32e-03	9.98e-01	3.85e-05	0.00e+00
 1.34994e+15	2.10e-17	1.16e-12	8.95e-09	1.29e-05	2.51e-03	9.97e-01	3.56e-05	0.00e+00
 1.39392e+15	2.81e-17	1.48e-12	1.08e-08	1.47e-05	2.69e-03	9.97e-01	3.32e-05	0.00e+00
 1.44242e+15	3.82e-17	1.91e-12	1.32e-08	1.69e-05	2.90e-03	9.97e-01	3.08e-05	0.00e+00
 1.49685e+15	5.33e-17	2.51e-12	1.64e-08	1.96e-05	3.15e-03	9.97e-01	2.84e-05	0.00e+00
 1.54789e+15	7.22e-17	3.23e-12	1.99e-08	2.25e-05	3.39e-03	9.97e-01	2.63e-05	0.00e+00
 1.60313e+15	9.87e-17	4.18e-12	2.45e-08	2.60e-05	3.66e-03	9.96e-01	2.44e-05	0.00e+00
 1.66532e+15	2.40e-16	5.53e-12	3.06e-08	3.04e-05	3.99e-03	9.96e-01	2.24e-05	0.00e+00
 1.71551e+15	2.19e-16	6.89e-12	3.64e-08	3.44e-05	4.26e-03	9.96e-01	2.09e-05	0.00e+00
 1.75040e+15	2.62e-16	7.99e-12	4.09e-08	3.73e-05	4.46e-03	9.95e-01	2.00e-05	0.00e+00
 1.78642e+15	3.08e-16	9.28e-12	4.61e-08	4.06e-05	4.67e-03	9.95e-01	1.91e-05	0.00e+00
 1.83325e+15	3.87e-16	1.12e-11	5.35e-08	4.51e-05	4.95e-03	9.95e-01	1.80e-05	0.00e+00
 1.89413e+15	5.17e-16	1.42e-11	6.49e-08	5.17e-05	5.33e-03	9.95e-01	1.68e-05	0.00e+00
 1.95508e+15	6.80e-16	1.79e-11	7.80e-08	5.88e-05	5.72e-03	9.94e-01	1.56e-05	0.00e+00
 2.00291e+15	8.38e-16	2.14e-11	8.98e-08	6.50e-05	6.04e-03	9.94e-01	1.48e-05	0.00e+00
 2.05186e+15	1.03e-15	2.54e-11	1.03e-07	7.18e-05	6.39e-03	9.94e-01	1.40e-05	0.00e+00
 2.11551e+15	1.35e-15	3.17e-11	1.24e-07	8.14e-05	6.85e-03	9.93e-01	1.30e-05	0.00e+00
 2.18321e+15	1.76e-15	3.98e-11	1.48e-07	9.27e-05	7.37e-03	9.93e-01	1.21e-05	0.00e+00
 2.24215e+15	2.21e-15	4.82e-11	1.73e-07	1.03e-04	7.83e-03	9.92e-01	1.14e-05	0.00e+00
 2.30472e+15	2.78e-15	5.87e-11	2.03e-07	1.16e-04	8.35e-03	9.92e-01	1.07e-05	0.00e+00
 2.38606e+15	3.73e-15	7.52e-11	2.49e-07	1.34e-04	9.05e-03	9.91e-01	9.84e-06	0.00e+00
 2.46994e+15	4.96e-15	9.61e-11	3.05e-07	1.54e-04	9.82e-03	9.90e-01	9.09e-06	0.00e+00
 2.53966e+15	6.22e-15	1.17e-10	3.58e-07	1.73e-04	1.05e-02	9.89e-01	8.58e-06	0.00e+00
 2.61282e+15	7.87e-15	1.43e-10	4.23e-07	1.95e-04	1.12e-02	9.89e-01	8.09e-06	0.00e+00
 2.70728e+15	1.06e-14	1.84e-10	5.21e-07	2.25e-04	1.22e-02	9.88e-01	7.53e-06	0.00e+00
 2.80767e+15	1.42e-14	2.38e-10	6.44e-07	2.62e-04	1.33e-02	9.86e-01	6.99e-06	0.00e+00
 2.89587e+15	1.83e-14	2.96e-10	7.73e-07	2.98e-04	1.43e-02	9.85e-01	6.57e-06	0.00e+00
 2.98993e+15	2.35e-14	3.69e-10	9.31e-07	3.40e-04	1.54e-02	9.84e-01	6.16e-06	0.00e+00
 3.10397e+15	3.17e-14	4.80e-10	1.16e-06	3.97e-04	1.69e-02	9.83e-01	5.72e-06	0.00e+00
 3.20246e+15	4.04e-14	5.97e-10	1.40e-06	4.51e-04	1.82e-02	9.81e-01	5.38e-06	0.00e+00
 3.26834e+15	4.73e-14	6.88e-10	1.57e-06	4.91e-04	1.91e-02	9.80e-01	5.18e-06	0.00e+00
 3.33337e+15	5.53e-14	7.89e-10	1.77e-06	5.32e-04	2.01e-02	9.79e-01	4.99e-06	0.00e+00
 3.41791e+15	6.75e-14	9.41e-10	2.05e-06	5.91e-04	2.13e-02	9.78e-01	4.76e-06	0.00e+00
 3.51282e+15	8.37e-14	1.14e-09	2.41e-06	6.62e-04	2.28e-02	9.77e-01	4.53e-06	0.00e+00
 3.60219e+15	1.02e-13	1.36e-09	2.80e-06	7.34e-04	2.42e-02	9.75e-01	4.34e-06	0.00e+00
 3.69935e+15	1.26e-13	1.64e-09	3.29e-06	8.20e-04	2.58e-02	9.73e-01	4.15e-06	0.00e+00
 3.80711e+15	1.57e-13	2.01e-09	3.91e-06	9.23e-04	2.77e-02	9.71e-01	3.95e-06	0.00e+00
 3.90616e+15	1.92e-13	2.40e-09	4.56e-06	1.03e-03	2.95e-02	9.69e-01	3.80e-06	0.00e+00
 4.01241e+15	2.38e-13	2.91e-09	5.36e-06	1.15e-03	3.15e-02	9.67e-01	3.64e-06	0.00e+00
 4.13166e+15	2.99e-13	3.58e-09	6.40e-06	1.30e-03	3.38e-02	9.65e-01	3.49e-06	0.00e+00
 4.24359e+15	3.68e-13	4.32e-09	7.53e-06	1.45e-03	3.60e-02	9.63e-01	3.36e-06	0.00e+00
 4.36487e+15	4.61e-13	5.29e-09	8.94e-06	1.63e-03	3.86e-02	9.60e-01	3.24e-06	0.00e+00
 4.50049e+15	5.86e-13	6.57e-09	1.08e-05	1.85e-03	4.15e-02	9.57e-01	3.11e-06	0.00e+00
 4.62787e+15	7.30e-13	8.02e-09	1.28e-05	2.07e-03	4.44e-02	9.54e-01	3.01e-06	0.00e+00
 4.76658e+15	9.26e-13	9.92e-09	1.53e-05	2.34e-03	4.76e-02	9.50e-01	2.91e-06	0.00e+00
 4.92296e+15	1.20e-12	1.25e-08	1.87e-05	2.68e-03	5.15e-02	9.46e-01	2.82e-06	0.00e+00
 5.07207e+15	1.51e-12	1.55e-08	2.25e-05	3.03e-03	5.52e-02	9.42e-01	2.74e-06	0.00e+00
 5.23567e+15	1.96e-12	1.95e-08	2.73e-05	3.46e-03	5.96e-02	9.37e-01	2.66e-06	0.00e+00
 5.41654e+15	2.57e-12	2.49e-08	3.37e-05	3.98e-03	6.45e-02	9.31e-01	2.60e-06	0.00e+00
 5.58500e+15	3.29e-12	3.11e-08	4.08e-05	4.51e-03	6.93e-02	9.26e-01	2.54e-06	0.00e+00
 5.72604e+15	4.02e-12	3.73e-08	4.76e-05	5.00e-03	7.34e-02	9.22e-01	2.49e-06	0.00e+00
 5.84566e+15	4.78e-12	4.35e-08	5.41e-05	5.44e-03	7.71e-02	9.17e-01	2.47e-06	0.00e+00
 5.98048e+15	5.81e-12	5.16e-08	6.25e-05	5.99e-03	8.12e-02	9.13e-01	2.43e-06	0.00e+00
 6.15575e+15	7.44e-12	6.42e-08	7.50e-05	6.76e-03	8.70e-02	9.06e-01	2.39e-06	0.00e+00
 6.33611e+15	9.45e-12	7.95e-08	8.98e-05	7.61e-03	9.29e-02	8.99e-01	2.36e-06	0.00e+00
 6.48321e+15	1.14e-11	9.42e-08	1.04e-04	8.36e-03	9.78e-02	8.94e-01	2.34e-06	0.00e+00
 6.63460e+15	1.40e-11	1.12e-07	1.20e-04	9.20e-03	1.03e-01	8.88e-01	2.32e-06	0.00e+00
 6.83139e+15	1.80e-11	1.41e-07	1.44e-04	1.04e-02	1.10e-01	8.79e-01	2.30e-06	0.00e+00
 7.03531e+15	2.31e-11	1.75e-07	1.74e-04	1.17e-02	1.18e-01	8.70e-01	2.27e-06	0.00e+00
 7.20445e+15	2.83e-11	2.09e-07	2.01e-04	1.29e-02	1.24e-01	8.63e-01	2.26e-06	0.00e+00
 7.38030e+15	3.50e-11	2.52e-07	2.35e-04	1.43e-02	1.31e-01	8.55e-01	2.25e-06	0.00e+00
 7.60890e+15	4.59e-11	3.19e-07	2.86e-04	1.62e-02	1.40e-01	8.43e-01	2.21e-06	0.00e+00
 7.84445e+15	5.95e-11	4.01e-07	3.46e-04	1.84e-02	1.50e-01	8.32e-01	2.19e-06	0.00e+00
 8.04014e+15	7.36e-11	4.83e-07	4.04e-04	2.03e-02	1.58e-01	8.22e-01	2.19e-06	0.00e+00
 8.24565e+15	9.26e-11	5.89e-07	4.75e-04	2.26e-02	1.66e-01	8.11e-01	2.18e-06	0.00e+00
 8.51281e+15	1.23e-10	7.56e-07	5.83e-04	2.57e-02	1.78e-01	7.96e-01	2.15e-06	0.00e+00
 8.78578e+15	1.62e-10	9.58e-07	7.10e-04	2.92e-02	1.90e-01	7.80e-01	2.12e-06	0.00e+00
 9.01211e+15	2.02e-10	1.16e-06	8.34e-04	3.24e-02	2.00e-01	7.67e-01	2.13e-06	0.00e+00
 9.25216e+15	2.58e-10	1.43e-06	9.89e-04	3.62e-02	2.10e-01	7.52e-01	2.10e-06	0.00e+00
 9.56422e+15	3.49e-10	1.86e-06	1.23e-03	4.14e-02	2.25e-01	7.33e-01	2.06e-06	0.00e+00
 9.84337e+15	4.42e-10	2.29e-06	1.46e-03	4.63e-02	2.37e-01	7.16e-01	2.04e-06	0.00e+00
 1.00284e+16	5.19e-10	2.64e-06	1.64e-03	4.99e-02	2.45e-01	7.03e-01	2.03e-06	0.00e+00
 1.02177e+16	6.19e-10	3.07e-06	1.86e-03	5.39e-02	2.54e-01	6.91e-01	2.02e-06	0.00e+00
 1.04637e+16	7.74e-10	3.72e-06	2.17e-03	5.94e-02	2.65e-01	6.73e-01	1.99e-06	0.00e+00
 1.07178e+16	9.53e-10	4.47e-06	2.53e-03	6.53e-02	2.76e-01	6.56e-01	1.95e-06	0.00e+00
 1.09468e+16	1.15e-09	5.27e-06	2.90e-03	7.11e-02	2.86e-01	6.40e-01	1.93e-06	0.00e+00
 1.12088e+16	1.45e-09	6.38e-06	3.39e-03	7.82e-02	2.98e-01	6.21e-01	1.88e-06	0.00e+00
 1.14834e+16	1.79e-09	7.70e-06	3.96e-03	8.60e-02	3.10e-01	6.00e-01	1.85e-06	0.00e+00
 1.17338e+16	2.18e-09	9.12e-06	4.55e-03	9.36e-02	3.20e-01	5.82e-01	1.81e-06	0.00e+00
 1.20189e+16	2.76e-09	1.12e-05	5.36e-03	1.03e-01	3.32e-01	5.60e-01	1.77e-06	0.00e+00
 1.23153e+16	3.44e-09	1.35e-05	6.28e-03	1.13e-01	3.43e-01	5.37e-01	1.73e-06	0.00e+00
 1.25782e+16	4.18e-09	1.60e-05	7.21e-03	1.23e-01	3.52e-01	5.17e-01	1.69e-06	0.00e+00
 1.28720e+16	5.29e-09	1.95e-05	8.47e-03	1.35e-01	3.63e-01	4.93e-01	1.64e-06	0.00e+00
 1.31851e+16	6.60e-09	2.36e-05	9.93e-03	1.48e-01	3.73e-01	4.69e-01	1.58e-06	0.00e+00
 1.34635e+16	8.06e-09	2.80e-05	1.14e-02	1.60e-01	3.81e-01	4.48e-01	1.53e-06	0.00e+00
 1.37654e+16	1.02e-08	3.41e-05	1.34e-02	1.75e-01	3.89e-01	4.23e-01	1.48e-06	0.00e+00
 1.40894e+16	1.29e-08	4.18e-05	1.58e-02	1.91e-01	3.96e-01	3.97e-01	1.43e-06	0.00e+00
 1.43745e+16	1.58e-08	4.96e-05	1.82e-02	2.06e-01	4.01e-01	3.74e-01	1.38e-06	0.00e+00
 1.46356e+16	1.91e-08	5.82e-05	2.07e-02	2.20e-01	4.05e-01	3.54e-01	1.33e-06	0.00e+00
 1.49336e+16	2.39e-08	7.02e-05	2.41e-02	2.38e-01	4.08e-01	3.30e-01	1.27e-06	0.00e+00
 1.52383e+16	3.00e-08	8.50e-05	2.80e-02	2.56e-01	4.10e-01	3.05e-01	1.23e-06	0.00e+00
 1.54814e+16	3.56e-08	9.84e-05	3.15e-02	2.71e-01	4.10e-01	2.87e-01	1.18e-06	0.00e+00
 1.57270e+16	4.34e-08	1.16e-04	3.58e-02	2.88e-01	4.09e-01	2.67e-01	1.14e-06	0.00e+00
 1.59979e+16	5.28e-08	1.36e-04	4.09e-02	3.06e-01	4.06e-01	2.47e-01	1.08e-06	0.00e+00
 1.62398e+16	6.44e-08	1.60e-04	4.63e-02	3.23e-01	4.03e-01	2.28e-01	1.05e-06	0.00e+00
 1.64454e+16	7.56e-08	1.83e-04	5.14e-02	3.37e-01	3.98e-01	2.13e-01	1.01e-06	0.00e+00
 1.66656e+16	9.01e-08	2.11e-04	5.75e-02	3.53e-01	3.92e-01	1.97e-01	9.72e-07	0.00e+00
 1.69096e+16	1.12e-07	2.53e-04	6.55e-02	3.71e-01	3.85e-01	1.78e-01	0.00e+00	0.00e+00
 1.71231e+16	1.32e-07	2.88e-04	7.28e-02	3.86e-01	3.76e-01	1.64e-01	0.00e+00	0.00e+00
 1.73105e+16	1.51e-07	3.23e-04	8.02e-02	4.00e-01	3.68e-01	1.52e-01	0.00e+00	0.00e+00
 1.75255e+16	1.90e-07	3.86e-04	9.05e-02	4.16e-01	3.57e-01	1.36e-01	0.00e+00	0.00e+00
 1.77447e+16	2.23e-07	4.42e-04	1.01e-01	4.32e-01	3.44e-01	1.22e-01	0.00e+00	0.00e+00
 1.79271e+16	2.75e-07	5.20e-04	1.13e-01	4.45e-01	3.32e-01	1.10e-01	0.00e+00	0.00e+00
 1.80874e+16	3.28e-07	5.96e-04	1.23e-01	4.56e-01	3.21e-01	9.91e-02	0.00e+00	0.00e+00
 1.82374e+16	3.83e-07	6.74e-04	1.34e-01	4.66e-01	3.09e-01	8.99e-02	0.00e+00	0.00e+00
 1.84088e+16	4.37e-07	7.51e-04	1.47e-01	4.77e-01	2.95e-01	8.05e-02	0.00e+00	0.00e+00
 1.86008e+16	5.28e-07	8.73e-04	1.64e-01	4.88e-01	2.78e-01	7.00e-02	0.00e+00	0.00e+00
 1.87704e+16	6.39e-07	1.01e-03	1.80e-01	4.96e-01	2.62e-01	6.09e-02	0.00e+00	0.00e+00
 1.89040e+16	8.06e-07	1.20e-03	1.97e-01	5.02e-01	2.47e-01	5.28e-02	0.00e+00	0.00e+00
 1.90053e+16	8.98e-07	1.31e-03	2.09e-01	5.06e-01	2.36e-01	4.81e-02	0.00e+00	0.00e+00
 1.91024e+16	9.77e-07	1.40e-03	2.20e-01	5.09e-01	2.26e-01	4.38e-02	0.00e+00	0.00e+00
 1.92287e+16	1.13e-06	1.56e-03	2.36e-01	5.12e-01	2.11e-01	3.83e-02	0.00e+00	0.00e+00
 1.93702e+16	1.35e-06	1.79e-03	2.56e-01	5.14e-01	1.95e-01	3.24e-02	0.00e+00	0.00e+00
 1.94975e+16	1.60e-06	2.04e-03	2.76e-01	5.15e-01	1.80e-01	2.75e-02	0.00e+00	0.00e+00
 1.95880e+16	1.90e-06	2.31e-03	2.93e-01	5.13e-01	1.68e-01	2.38e-02	0.00e+00	0.00e+00
 1.96425e+16	2.07e-06	2.45e-03	3.03e-01	5.12e-01	1.61e-01	2.19e-02	0.00e+00	0.00e+00
 1.96916e+16	2.23e-06	2.59e-03	3.11e-01	5.11e-01	1.55e-01	2.02e-02	0.00e+00	0.00e+00
 1.97553e+16	2.39e-06	2.74e-03	3.22e-01	5.09e-01	1.47e-01	1.84e-02	0.00e+00	0.00e+00
 1.98382e+16	2.68e-06	2.99e-03	3.37e-01	5.07e-01	1.37e-01	1.60e-02	0.00e+00	0.00e+00
 1.99249e+16	3.06e-06	3.29e-03	3.54e-01	5.03e-01	1.26e-01	1.37e-02	0.00e+00	0.00e+00
 1.99947e+16	3.54e-06	3.65e-03	3.70e-01	4.98e-01	1.17e-01	1.18e-02	0.00e+00	0.00e+00
 2.00469e+16	3.78e-06	3.84e-03	3.80e-01	4.95e-01	1.11e-01	1.07e-02	0.00e+00	0.00e+00
 2.00977e+16	4.21e-06	4.14e-03	3.91e-01	4.90e-01	1.05e-01	9.48e-03	0.00e+00	0.00e+00
 2.01639e+16	4.79e-06	4.54e-03	4.07e-01	4.84e-01	9.65e-02	8.09e-03	0.00e+00	0.00e+00
 2.02314e+16	5.28e-06	4.88e-03	4.20e-01	4.78e-01	8.93e-02	6.99e-03	0.00e+00	0.00e+00
 2.02916e+16	5.73e-06	5.18e-03	4.33e-01	4.73e-01	8.29e-02	6.10e-03	0.00e+00	0.00e+00
 2.03607e+16	6.45e-06	5.64e-03	4.48e-01	4.66e-01	7.54e-02	5.11e-03	0.00e+00	0.00e+00
 2.04330e+16	7.35e-06	6.19e-03	4.64e-01	4.57e-01	6.80e-02	4.21e-03	0.00e+00	0.00e+00
 2.04928e+16	8.25e-06	6.73e-03	4.78e-01	4.49e-01	6.21e-02	3.55e-03	0.00e+00	0.00e+00
 2.05443e+16	9.12e-06	7.23e-03	4.90e-01	4.42e-01	5.72e-02	3.04e-03	0.00e+00	0.00e+00
 2.06017e+16	1.02e-05	7.81e-03	5.04e-01	4.34e-01	5.20e-02	2.54e-03	0.00e+00	0.00e+00
 2.06763e+16	1.22e-05	8.87e-03	5.23e-01	4.21e-01	4.52e-02	1.95e-03	0.00e+00	0.00e+00
 2.07461e+16	1.39e-05	9.74e-03	5.39e-01	4.10e-01	4.00e-02	1.55e-03	0.00e+00	0.00e+00
 2.07987e+16	1.54e-05	1.04e-02	5.51e-01	4.01e-01	3.63e-02	1.30e-03	0.00e+00	0.00e+00
 2.08561e+16	1.74e-05	1.14e-02	5.64e-01	3.91e-01	3.24e-02	1.05e-03	0.00e+00	0.00e+00
 2.09307e+16	2.03e-05	1.27e-02	5.81e-01	3.77e-01	2.78e-02	7.88e-04	0.00e+00	0.00e+00
 2.10087e+16	2.37e-05	1.41e-02	5.98e-01	3.64e-01	2.37e-02	5.88e-04	0.00e+00	0.00e+00
 2.10648e+16	2.67e-05	1.53e-02	6.10e-01	3.53e-01	2.11e-02	4.74e-04	0.00e+00	0.00e+00
 2.11018e+16	2.89e-05	1.62e-02	6.18e-01	3.46e-01	1.94e-02	4.08e-04	0.00e+00	0.00e+00
 2.11400e+16	3.12e-05	1.71e-02	6.25e-01	3.39e-01	1.78e-02	3.48e-04	0.00e+00	0.00e+00
 2.11897e+16	3.48e-05	1.85e-02	6.36e-01	3.29e-01	1.59e-02	2.82e-04	0.00e+00	0.00e+00
 2.12439e+16	3.90e-05	2.00e-02	6.47e-01	3.19e-01	1.40e-02	2.24e-04	0.00e+00	0.00e+00
 2.12937e+16	4.33e-05	2.15e-02	6.56e-01	3.10e-01	1.25e-02	1.82e-04	0.00e+00	0.00e+00
 2.13481e+16	4.87e-05	2.33e-02	6.66e-01	2.99e-01	1.10e-02	1.43e-04	0.00e+00	0.00e+00
 2.14075e+16	5.55e-05	2.55e-02	6.77e-01	2.87e-01	9.50e-03	1.10e-04	0.00e+00	0.00e+00
 2.14603e+16	6.21e-05	2.76e-02	6.87e-01	2.77e-01	8.36e-03	8.72e-05	0.00e+00	0.00e+00
 2.15085e+16	6.90e-05	2.96e-02	6.95e-01	2.68e-01	7.43e-03	7.03e-05	0.00e+00	0.00e+00
 2.15637e+16	7.80e-05	3.22e-02	7.04e-01	2.57e-01	6.45e-03	5.44e-05	0.00e+00	0.00e+00
 2.16238e+16	8.89e-05	3.52e-02	7.13e-01	2.46e-01	5.54e-03	4.14e-05	0.00e+00	0.00e+00
 2.16781e+16	1.01e-04	3.83e-02	7.21e-01	2.36e-01	4.82e-03	3.23e-05	0.00e+00	0.00e+00
 2.17275e+16	1.12e-04	4.11e-02	7.28e-01	2.27e-01	4.26e-03	2.59e-05	0.00e+00	0.00e+00
 2.17828e+16	1.27e-04	4.49e-02	7.35e-01	2.16e-01	3.66e-03	1.97e-05	0.00e+00	0.00e+00
 2.18420e+16	1.46e-04	4.92e-02	7.42e-01	2.05e-01	3.13e-03	1.49e-05	0.00e+00	0.00e+00
 2.18944e+16	1.65e-04	5.34e-02	7.48e-01	1.96e-01	2.72e-03	1.17e-05	0.00e+00	0.00e+00
 2.19430e+16	1.84e-04	5.76e-02	7.53e-01	1.87e-01	2.39e-03	9.27e-06	0.00e+00	0.00e+00
 2.19986e+16	2.10e-04	6.30e-02	7.58e-01	1.77e-01	2.03e-03	7.03e-06	0.00e+00	0.00e+00
 2.20582e+16	2.43e-04	6.95e-02	7.63e-01	1.66e-01	1.72e-03	5.24e-06	0.00e+00	0.00e+00
 2.21100e+16	2.76e-04	7.57e-02	7.66e-01	1.57e-01	1.48e-03	4.06e-06	0.00e+00	0.00e+00
 2.21563e+16	3.10e-04	8.17e-02	7.68e-01	1.49e-01	1.29e-03	3.23e-06	0.00e+00	0.00e+00
 2.22087e+16	3.53e-04	8.92e-02	7.70e-01	1.40e-01	1.10e-03	2.46e-06	0.00e+00	0.00e+00
 2.22659e+16	4.11e-04	9.85e-02	7.70e-01	1.30e-01	9.21e-04	1.82e-06	0.00e+00	0.00e+00
 2.23165e+16	4.69e-04	1.08e-01	7.70e-01	1.21e-01	7.87e-04	1.40e-06	0.00e+00	0.00e+00
 2.23620e+16	5.31e-04	1.17e-01	7.68e-01	1.14e-01	6.76e-04	1.09e-06	0.00e+00	0.00e+00
 2.24136e+16	6.11e-04	1.28e-01	7.66e-01	1.05e-01	5.68e-04	8.23e-07	0.00e+00	0.00e+00
 2.24700e+16	7.17e-04	1.42e-01	7.61e-01	9.63e-02	4.68e-04	0.00e+00	0.00e+00	0.00e+00
 2.25200e+16	8.31e-04	1.56e-01	7.54e-01	8.81e-02	3.89e-04	0.00e+00	0.00e+00	0.00e+00
 2.25626e+16	9.45e-04	1.70e-01	7.47e-01	8.16e-02	3.32e-04	0.00e+00	0.00e+00	0.00e+00
 2.26083e+16	1.08e-03	1.85e-01	7.39e-01	7.46e-02	2.78e-04	0.00e+00	0.00e+00	0.00e+00
 2.26599e+16	1.27e-03	2.05e-01	7.26e-01	6.70e-02	2.25e-04	0.00e+00	0.00e+00	0.00e+00
 2.27082e+16	1.49e-03	2.27e-01	7.12e-01	6.01e-02	1.83e-04	0.00e+00	0.00e+00	0.00e+00
 2.27516e+16	1.71e-03	2.48e-01	6.96e-01	5.40e-02	1.50e-04	0.00e+00	0.00e+00	0.00e+00
 2.27999e+16	2.01e-03	2.74e-01	6.77e-01	4.76e-02	1.19e-04	0.00e+00	0.00e+00	0.00e+00
 2.28536e+16	2.42e-03	3.06e-01	6.51e-01	4.08e-02	9.13e-05	0.00e+00	0.00e+00	0.00e+00
 2.29028e+16	2.89e-03	3.40e-01	6.22e-01	3.48e-02	6.96e-05	0.00e+00	0.00e+00	0.00e+00
 2.29466e+16	3.39e-03	3.74e-01	5.93e-01	2.97e-02	5.36e-05	0.00e+00	0.00e+00	0.00e+00
 2.29952e+16	4.04e-03	4.14e-01	5.57e-01	2.46e-02	3.96e-05	0.00e+00	0.00e+00	0.00e+00
 2.30480e+16	4.95e-03	4.63e-01	5.12e-01	1.95e-02	2.74e-05	0.00e+00	0.00e+00	0.00e+00
 2.30928e+16	5.95e-03	5.11e-01	4.68e-01	1.54e-02	1.92e-05	0.00e+00	0.00e+00	0.00e+00
 2.31278e+16	6.87e-03	5.50e-01	4.31e-01	1.26e-02	1.42e-05	0.00e+00	0.00e+00	0.00e+00
 2.31586e+16	7.81e-03	5.85e-01	3.97e-01	1.04e-02	1.08e-05	0.00e+00	0.00e+00	0.00e+00
 2.31939e+16	8.97e-03	6.25e-01	3.58e-01	8.21e-03	7.64e-06	0.00e+00	0.00e+00	0.00e+00
 2.32327e+16	1.06e-02	6.71e-01	3.13e-01	6.11e-03	5.04e-06	0.00e+00	0.00e+00	0.00e+00
 2.32666e+16	1.23e-02	7.12e-01	2.71e-01	4.54e-03	3.33e-06	0.00e+00	0.00e+00	0.00e+00
 2.32936e+16	1.38e-02	7.44e-01	2.38e-01	3.50e-03	2.33e-06	0.00e+00	0.00e+00	0.00e+00
 2.33215e+16	1.56e-02	7.75e-01	2.07e-01	2.63e-03	1.58e-06	0.00e+00	0.00e+00	0.00e+00
 2.33525e+16	1.79e-02	8.07e-01	1.73e-01	1.85e-03	9.89e-07	0.00e+00	0.00e+00	0.00e+00
 2.33801e+16	2.03e-02	8.35e-01	1.43e-01	1.30e-03	0.00e+00	0.00e+00	0.00e+00	0.00e+00
 2.34028e+16	2.28e-02	8.55e-01	1.21e-01	9.46e-04	0.00e+00	0.00e+00	0.00e+00	0.00e+00
 2.34265e+16	2.54e-02	8.73e-01	1.01e-01	6.70e-04	0.00e+00	0.00e+00	0.00e+00	0.00e+00
 2.34531e+16	2.89e-02	8.90e-01	8.02e-02	4.39e-04	0.00e+00	0.00e+00	0.00e+00	0.00e+00
 2.34768e+16	3.26e-02	9.03e-01	6.36e-02	2.88e-04	0.00e+00	0.00e+00	0.00e+00	0.00e+00
 2.34962e+16	3.61e-02	9.12e-01	5.19e-02	1.99e-04	0.00e+00	0.00e+00	0.00e+00	0.00e+00
 2.35137e+16	3.95e-02	9.18e-01	4.28e-02	1.41e-04	0.00e+00	0.00e+00	0.00e+00	0.00e+00
 2.35334e+16	4.39e-02	9.22e-01	3.41e-02	9.38e-05	0.00e+00	0.00e+00	0.00e+00	0.00e+00
 2.35545e+16	4.91e-02	9.25e-01	2.62e-02	5.87e-05	0.00e+00	0.00e+00	0.00e+00	0.00e+00
 2.35721e+16	5.43e-02	9.25e-01	2.06e-02	3.85e-05	0.00e+00	0.00e+00	0.00e+00	0.00e+00
 2.35862e+16	5.88e-02	9.24e-01	1.69e-02	2.70e-05	0.00e+00	0.00e+00	0.00e+00	0.00e+00
 2.36007e+16	6.37e-02	9.23e-01	1.37e-02	1.87e-05	0.00e+00	0.00e+00	0.00e+00	0.00e+00
 2.36175e+16	7.00e-02	9.19e-01	1.07e-02	1.20e-05	0.00e+00	0.00e+00	0.00e+00	0.00e+00
 2.36340e+16	7.68e-02	9.15e-01	8.19e-03	7.63e-06	0.00e+00	0.00e+00	0.00e+00	0.00e+00
 2.36472e+16	8.29e-02	9.11e-01	6.57e-03	5.22e-06	0.00e+00	0.00e+00	0.00e+00	0.00e+00
 2.36578e+16	8.77e-02	9.07e-01	5.49e-03	3.84e-06	0.00e+00	0.00e+00	0.00e+00	0.00e+00
 2.36675e+16	9.26e-02	9.03e-01	4.65e-03	2.88e-06	0.00e+00	0.00e+00	0.00e+00	0.00e+00
 2.36774e+16	9.77e-02	8.98e-01	3.92e-03	2.15e-06	0.00e+00	0.00e+00	0.00e+00	0.00e+00
 2.36873e+16	1.03e-01	8.94e-01	3.29e-03	1.61e-06	0.00e+00	0.00e+00	0.00e+00	0.00e+00
 2.36949e+16	1.07e-01	8.90e-01	2.87e-03	1.29e-06	0.00e+00	0.00e+00	0.00e+00	0.00e+00
 2.36998e+16	1.10e-01	8.88e-01	2.64e-03	1.12e-06	0.00e+00	0.00e+00	0.00e+00	0.00e+00
 2.37042e+16	1.12e-01	8.85e-01	2.43e-03	9.80e-07	0.00e+00	0.00e+00	0.00e+00	0.00e+00
 2.37097e+16	1.15e-01	8.82e-01	2.21e-03	0.00e+00	0.00e+00	0.00e+00	0.00e+00	0.00e+00
 2.37158e+16	1.19e-01	8.79e-01	1.98e-03	0.00e+00	0.00e+00	0.00e+00	0.00e+00	0.00e+00
 2.37217e+16	1.22e-01	8.76e-01	1.78e-03	0.00e+00	0.00e+00	0.00e+00	0.00e+00	0.00e+00
 2.37272e+16	1.26e-01	8.73e-01	1.61e-03	0.00e+00	0.00e+00	0.00e+00	0.00e+00	0.00e+00
 2.37327e+16	1.29e-01	8.70e-01	1.46e-03	0.00e+00	0.00e+00	0.00e+00	0.00e+00	0.00e+00
 2.37384e+16	1.32e-01	8.67e-01	1.32e-03	0.00e+00	0.00e+00	0.00e+00	0.00e+00	0.00e+00
 2.37442e+16	1.35e-01	8.63e-01	1.19e-03	0.00e+00	0.00e+00	0.00e+00	0.00e+00	0.00e+00
 2.37499e+16	1.39e-01	8.60e-01	1.07e-03	0.00e+00	0.00e+00	0.00e+00	0.00e+00	0.00e+00
 2.37557e+16	1.43e-01	8.56e-01	9.66e-04	0.00e+00	0.00e+00	0.00e+00	0.00e+00	0.00e+00
 2.37617e+16	1.46e-01	8.53e-01	8.71e-04	0.00e+00	0.00e+00	0.00e+00	0.00e+00	0.00e+00
 2.37676e+16	1.49e-01	8.50e-01	7.86e-04	0.00e+00	0.00e+00	0.00e+00	0.00e+00	0.00e+00
 2.37736e+16	1.53e-01	8.46e-01	7.10e-04	0.00e+00	0.00e+00	0.00e+00	0.00e+00	0.00e+00
 2.37799e+16	1.57e-01	8.43e-01	6.39e-04	0.00e+00	0.00e+00	0.00e+00	0.00e+00	0.00e+00
 2.37863e+16	1.60e-01	8.39e-01	5.76e-04	0.00e+00	0.00e+00	0.00e+00	0.00e+00	0.00e+00
 2.37928e+16	1.64e-01	8.36e-01	5.18e-04	0.00e+00	0.00e+00	0.00e+00	0.00e+00	0.00e+00
 2.37996e+16	1.68e-01	8.32e-01	4.67e-04	0.00e+00	0.00e+00	0.00e+00	0.00e+00	0.00e+00
 2.38066e+16	1.72e-01	8.27e-01	4.20e-04	0.00e+00	0.00e+00	0.00e+00	0.00e+00	0.00e+00
 2.38141e+16	1.76e-01	8.24e-01	3.78e-04	0.00e+00	0.00e+00	0.00e+00	0.00e+00	0.00e+00
 2.38218e+16	1.80e-01	8.20e-01	3.40e-04	0.00e+00	0.00e+00	0.00e+00	0.00e+00	0.00e+00
 2.38299e+16	1.84e-01	8.16e-01	3.07e-04	0.00e+00	0.00e+00	0.00e+00	0.00e+00	0.00e+00
 2.38384e+16	1.88e-01	8.12e-01	2.78e-04	0.00e+00	0.00e+00	0.00e+00	0.00e+00	0.00e+00
 2.38473e+16	1.92e-01	8.07e-01	2.52e-04	0.00e+00	0.00e+00	0.00e+00	0.00e+00	0.00e+00
 2.38569e+16	1.96e-01	8.03e-01	2.29e-04	0.00e+00	0.00e+00	0.00e+00	0.00e+00	0.00e+00
 2.38674e+16	2.01e-01	7.99e-01	2.09e-04	0.00e+00	0.00e+00	0.00e+00	0.00e+00	0.00e+00
 2.38792e+16	2.05e-01	7.95e-01	1.92e-04	0.00e+00	0.00e+00	0.00e+00	0.00e+00	0.00e+00
 2.38924e+16	2.09e-01	7.91e-01	1.77e-04	0.00e+00	0.00e+00	0.00e+00	0.00e+00	0.00e+00
 2.39062e+16	2.13e-01	7.87e-01	1.65e-04	0.00e+00	0.00e+00	0.00e+00	0.00e+00	0.00e+00
 2.39199e+16	2.17e-01	7.83e-01	1.55e-04	0.00e+00	0.00e+00	0.00e+00	0.00e+00	0.00e+00
 2.39333e+16	2.19e-01	7.81e-01	1.48e-04	0.00e+00	0.00e+00	0.00e+00	0.00e+00	0.00e+00
 2.39466e+16	2.22e-01	7.78e-01	1.43e-04	0.00e+00	0.00e+00	0.00e+00	0.00e+00	0.00e+00
 2.39618e+16	2.24e-01	7.75e-01	1.38e-04	0.00e+00	0.00e+00	0.00e+00	0.00e+00	0.00e+00
