#depth	O	O+	O+2	O+3	O+4	O+5	O+6	O+7	O+8	O[1]	O[2]	O[3]
 1.49634e+10	0.00e+00	0.00e+00	9.48e-32	2.63e-22	4.45e-14	2.49e-07	1.00e+00	2.00e-17	0.00e+00	0.00e+00	0.00e+00	0.00e+00
 4.54887e+10	0.00e+00	3.32e-42	1.30e-31	3.33e-22	5.21e-14	2.70e-07	1.00e+00	0.00e+00	0.00e+00	0.00e+00	0.00e+00	0.00e+00
 7.72350e+10	0.00e+00	0.00e+00	1.78e-31	4.22e-22	6.10e-14	2.92e-07	1.00e+00	0.00e+00	0.00e+00	0.00e+00	0.00e+00	0.00e+00
 1.10251e+11	0.00e+00	7.28e-42	2.44e-31	5.35e-22	7.14e-14	3.16e-07	1.00e+00	0.00e+00	0.00e+00	0.00e+00	0.00e+00	0.00e+00
 1.44588e+11	0.00e+00	0.00e+00	3.34e-31	6.77e-22	8.36e-14	3.42e-07	1.00e+00	0.00e+00	0.00e+00	0.00e+00	0.00e+00	0.00e+00
 1.80298e+11	0.00e+00	1.60e-41	4.57e-31	8.57e-22	9.80e-14	3.70e-07	1.00e+00	0.00e+00	0.00e+00	0.00e+00	0.00e+00	0.00e+00
 2.17437e+11	0.00e+00	0.00e+00	6.26e-31	1.09e-21	1.15e-13	4.01e-07	1.00e+00	0.00e+00	0.00e+00	0.00e+00	0.00e+00	0.00e+00
 2.56061e+11	0.00e+00	3.50e-41	8.57e-31	1.38e-21	1.34e-13	4.34e-07	1.00e+00	0.00e+00	0.00e+00	0.00e+00	0.00e+00	0.00e+00
 2.96231e+11	0.00e+00	0.00e+00	1.17e-30	1.74e-21	1.57e-13	4.70e-07	1.00e+00	0.00e+00	0.00e+00	0.00e+00	0.00e+00	0.00e+00
 3.38007e+11	0.00e+00	7.68e-41	1.61e-30	2.21e-21	1.85e-13	5.08e-07	1.00e+00	0.00e+00	0.00e+00	0.00e+00	0.00e+00	0.00e+00
 3.81454e+11	0.00e+00	0.00e+00	2.20e-30	2.80e-21	2.16e-13	5.50e-07	1.00e+00	0.00e+00	0.00e+00	0.00e+00	0.00e+00	0.00e+00
 4.26639e+11	0.00e+00	1.69e-40	3.02e-30	3.55e-21	2.53e-13	5.96e-07	1.00e+00	0.00e+00	0.00e+00	0.00e+00	0.00e+00	0.00e+00
 4.73631e+11	0.00e+00	0.00e+00	4.14e-30	4.49e-21	2.97e-13	6.46e-07	1.00e+00	0.00e+00	0.00e+00	0.00e+00	0.00e+00	0.00e+00
 5.22503e+11	0.00e+00	3.70e-40	5.67e-30	5.70e-21	3.48e-13	6.99e-07	1.00e+00	0.00e+00	0.00e+00	0.00e+00	0.00e+00	0.00e+00
 5.73330e+11	0.00e+00	0.00e+00	7.77e-30	7.22e-21	4.08e-13	7.58e-07	1.00e+00	0.00e+00	0.00e+00	0.00e+00	0.00e+00	0.00e+00
 6.26190e+11	0.00e+00	8.12e-40	1.06e-29	9.16e-21	4.79e-13	8.21e-07	1.00e+00	0.00e+00	0.00e+00	0.00e+00	0.00e+00	0.00e+00
 6.81164e+11	0.00e+00	0.00e+00	1.46e-29	1.16e-20	5.62e-13	8.89e-07	1.00e+00	0.00e+00	0.00e+00	0.00e+00	0.00e+00	0.00e+00
 7.38337e+11	0.00e+00	1.78e-39	2.00e-29	1.47e-20	6.59e-13	9.64e-07	1.00e+00	0.00e+00	0.00e+00	0.00e+00	0.00e+00	0.00e+00
 7.97798e+11	0.00e+00	0.00e+00	2.74e-29	1.87e-20	7.73e-13	1.04e-06	1.00e+00	0.00e+00	0.00e+00	0.00e+00	0.00e+00	0.00e+00
 8.59636e+11	0.00e+00	3.91e-39	3.76e-29	2.37e-20	9.07e-13	1.13e-06	1.00e+00	0.00e+00	0.00e+00	0.00e+00	0.00e+00	0.00e+00
 9.23949e+11	0.00e+00	0.00e+00	5.16e-29	3.01e-20	1.07e-12	1.23e-06	1.00e+00	0.00e+00	0.00e+00	0.00e+00	0.00e+00	0.00e+00
 9.90833e+11	0.00e+00	8.58e-39	7.07e-29	3.82e-20	1.25e-12	1.33e-06	1.00e+00	0.00e+00	0.00e+00	0.00e+00	0.00e+00	0.00e+00
 1.06039e+12	0.00e+00	0.00e+00	9.70e-29	4.85e-20	1.47e-12	1.44e-06	1.00e+00	0.00e+00	0.00e+00	0.00e+00	0.00e+00	0.00e+00
 1.13274e+12	0.00e+00	1.88e-38	1.33e-28	6.15e-20	1.73e-12	1.57e-06	1.00e+00	0.00e+00	0.00e+00	0.00e+00	0.00e+00	0.00e+00
 1.20797e+12	0.00e+00	0.00e+00	1.82e-28	7.82e-20	2.03e-12	1.70e-06	1.00e+00	0.00e+00	0.00e+00	0.00e+00	0.00e+00	0.00e+00
 1.28622e+12	0.00e+00	4.14e-38	2.50e-28	9.93e-20	2.38e-12	1.84e-06	1.00e+00	0.00e+00	0.00e+00	0.00e+00	0.00e+00	0.00e+00
 1.36759e+12	0.00e+00	0.00e+00	3.43e-28	1.26e-19	2.80e-12	2.00e-06	1.00e+00	0.00e+00	0.00e+00	0.00e+00	0.00e+00	0.00e+00
 1.45222e+12	0.00e+00	9.08e-38	4.71e-28	1.60e-19	3.30e-12	2.17e-06	1.00e+00	0.00e+00	0.00e+00	0.00e+00	0.00e+00	0.00e+00
 1.54024e+12	0.00e+00	0.00e+00	6.47e-28	2.04e-19	3.88e-12	2.36e-06	1.00e+00	0.00e+00	0.00e+00	0.00e+00	0.00e+00	0.00e+00
 1.63178e+12	0.00e+00	1.99e-37	8.88e-28	2.59e-19	4.57e-12	2.57e-06	1.00e+00	0.00e+00	0.00e+00	0.00e+00	0.00e+00	0.00e+00
 1.72697e+12	0.00e+00	0.00e+00	1.22e-27	3.30e-19	5.38e-12	2.79e-06	1.00e+00	0.00e+00	0.00e+00	0.00e+00	0.00e+00	0.00e+00
 1.82598e+12	0.00e+00	4.37e-37	1.67e-27	4.20e-19	6.34e-12	3.03e-06	1.00e+00	0.00e+00	0.00e+00	0.00e+00	0.00e+00	0.00e+00
 1.91985e+12	0.00e+00	0.00e+00	2.24e-27	5.23e-19	7.37e-12	3.27e-06	1.00e+00	0.00e+00	0.00e+00	0.00e+00	0.00e+00	0.00e+00
 2.00500e+12	0.00e+00	8.56e-37	2.88e-27	6.34e-19	8.41e-12	3.50e-06	1.00e+00	0.00e+00	0.00e+00	0.00e+00	0.00e+00	0.00e+00
 2.10104e+12	0.00e+00	0.00e+00	3.80e-27	7.84e-19	9.72e-12	3.77e-06	1.00e+00	0.00e+00	0.00e+00	0.00e+00	0.00e+00	0.00e+00
 2.21340e+12	0.00e+00	1.77e-36	5.20e-27	9.96e-19	1.14e-11	4.10e-06	1.00e+00	0.00e+00	0.00e+00	0.00e+00	0.00e+00	0.00e+00
 2.32485e+12	9.68e-47	2.57e-36	7.01e-27	1.25e-18	1.34e-11	4.45e-06	1.00e+00	0.00e+00	0.00e+00	0.00e+00	0.00e+00	0.00e+00
 2.43065e+12	0.00e+00	0.00e+00	9.21e-27	1.54e-18	1.55e-11	4.79e-06	1.00e+00	0.00e+00	0.00e+00	0.00e+00	0.00e+00	0.00e+00
 2.54770e+12	0.00e+00	5.15e-36	1.23e-26	1.93e-18	1.81e-11	5.19e-06	1.00e+00	0.00e+00	0.00e+00	0.00e+00	0.00e+00	0.00e+00
 2.67953e+12	3.54e-46	7.60e-36	1.69e-26	2.46e-18	2.14e-11	5.66e-06	1.00e+00	0.00e+00	0.00e+00	0.00e+00	0.00e+00	0.00e+00
 2.81202e+12	0.00e+00	0.00e+00	2.30e-26	3.12e-18	2.52e-11	6.17e-06	1.00e+00	0.00e+00	0.00e+00	0.00e+00	0.00e+00	0.00e+00
 2.94981e+12	0.00e+00	1.61e-35	3.12e-26	3.95e-18	2.97e-11	6.72e-06	1.00e+00	0.00e+00	0.00e+00	0.00e+00	0.00e+00	0.00e+00
 3.09773e+12	1.37e-45	2.37e-35	4.28e-26	5.04e-18	3.53e-11	7.35e-06	1.00e+00	0.00e+00	0.00e+00	0.00e+00	0.00e+00	0.00e+00
 3.25156e+12	0.00e+00	0.00e+00	5.87e-26	6.44e-18	4.19e-11	8.04e-06	1.00e+00	0.00e+00	0.00e+00	0.00e+00	0.00e+00	0.00e+00
 3.41155e+12	0.00e+00	5.10e-35	8.04e-26	8.23e-18	4.98e-11	8.81e-06	1.00e+00	0.00e+00	0.00e+00	0.00e+00	0.00e+00	0.00e+00
 3.57794e+12	5.38e-45	7.45e-35	1.10e-25	1.05e-17	5.92e-11	9.66e-06	1.00e+00	0.00e+00	0.00e+00	0.00e+00	0.00e+00	0.00e+00
 3.75099e+12	0.00e+00	1.09e-34	1.50e-25	1.34e-17	7.05e-11	1.06e-05	1.00e+00	0.00e+00	0.00e+00	0.00e+00	0.00e+00	0.00e+00
 3.93095e+12	1.31e-44	1.58e-34	2.05e-25	1.72e-17	8.40e-11	1.16e-05	1.00e+00	0.00e+00	0.00e+00	0.00e+00	0.00e+00	0.00e+00
 4.11812e+12	0.00e+00	2.29e-34	2.79e-25	2.19e-17	1.00e-10	1.28e-05	1.00e+00	0.00e+00	0.00e+00	0.00e+00	0.00e+00	0.00e+00
 4.31277e+12	3.14e-44	3.31e-34	3.79e-25	2.80e-17	1.19e-10	1.41e-05	1.00e+00	0.00e+00	0.00e+00	0.00e+00	0.00e+00	0.00e+00
 4.51521e+12	0.00e+00	4.76e-34	5.14e-25	3.58e-17	1.43e-10	1.55e-05	1.00e+00	0.00e+00	0.00e+00	0.00e+00	0.00e+00	0.00e+00
 4.72574e+12	7.34e-44	6.80e-34	6.96e-25	4.56e-17	1.70e-10	1.71e-05	1.00e+00	0.00e+00	0.00e+00	0.00e+00	0.00e+00	0.00e+00
 4.94470e+12	0.00e+00	9.69e-34	9.39e-25	5.81e-17	2.03e-10	1.89e-05	1.00e+00	0.00e+00	0.00e+00	0.00e+00	0.00e+00	0.00e+00
 5.17241e+12	1.67e-43	1.37e-33	1.26e-24	7.40e-17	2.43e-10	2.08e-05	1.00e+00	0.00e+00	0.00e+00	0.00e+00	0.00e+00	0.00e+00
 5.40924e+12	0.00e+00	1.93e-33	1.69e-24	9.42e-17	2.90e-10	2.30e-05	1.00e+00	0.00e+00	0.00e+00	0.00e+00	0.00e+00	0.00e+00
 5.65553e+12	3.69e-43	2.71e-33	2.26e-24	1.20e-16	3.46e-10	2.55e-05	1.00e+00	0.00e+00	0.00e+00	0.00e+00	0.00e+00	0.00e+00
 5.91083e+12	0.00e+00	3.78e-33	3.02e-24	1.52e-16	4.12e-10	2.81e-05	1.00e+00	0.00e+00	0.00e+00	0.00e+00	0.00e+00	0.00e+00
 6.17353e+12	7.87e-43	5.23e-33	4.00e-24	1.92e-16	4.90e-10	3.10e-05	1.00e+00	0.00e+00	0.00e+00	0.00e+00	0.00e+00	0.00e+00
 6.44384e+12	0.00e+00	7.18e-33	5.27e-24	2.41e-16	5.80e-10	3.42e-05	1.00e+00	0.00e+00	0.00e+00	0.00e+00	0.00e+00	0.00e+00
 6.72529e+12	1.63e-42	9.83e-33	6.94e-24	3.03e-16	6.87e-10	3.77e-05	1.00e+00	0.00e+00	0.00e+00	0.00e+00	0.00e+00	0.00e+00
 7.02175e+12	0.00e+00	1.35e-32	9.15e-24	3.83e-16	8.14e-10	4.17e-05	1.00e+00	0.00e+00	0.00e+00	0.00e+00	0.00e+00	0.00e+00
 7.33255e+12	3.36e-42	1.85e-32	1.21e-23	4.83e-16	9.65e-10	4.60e-05	1.00e+00	0.00e+00	0.00e+00	0.00e+00	0.00e+00	0.00e+00
 7.65578e+12	0.00e+00	2.55e-32	1.60e-23	6.09e-16	1.14e-09	5.07e-05	1.00e+00	0.00e+00	0.00e+00	0.00e+00	0.00e+00	0.00e+00
 7.99194e+12	6.92e-42	3.50e-32	2.11e-23	7.68e-16	1.35e-09	5.59e-05	1.00e+00	0.00e+00	0.00e+00	0.00e+00	0.00e+00	0.00e+00
 8.34154e+12	0.00e+00	4.80e-32	2.78e-23	9.69e-16	1.59e-09	6.16e-05	1.00e+00	0.00e+00	0.00e+00	0.00e+00	0.00e+00	0.00e+00
 8.69304e+12	1.41e-41	6.54e-32	3.64e-23	1.21e-15	1.87e-09	6.75e-05	1.00e+00	0.00e+00	0.00e+00	0.00e+00	0.00e+00	0.00e+00
 9.05861e+12	0.00e+00	8.93e-32	4.78e-23	1.52e-15	2.19e-09	7.40e-05	1.00e+00	0.00e+00	0.00e+00	0.00e+00	0.00e+00	0.00e+00
 9.45088e+12	2.91e-41	1.23e-31	6.33e-23	1.91e-15	2.58e-09	8.13e-05	1.00e+00	0.00e+00	0.00e+00	0.00e+00	0.00e+00	0.00e+00
 9.85884e+12	0.00e+00	1.71e-31	8.39e-23	2.41e-15	3.03e-09	8.92e-05	1.00e+00	0.00e+00	0.00e+00	0.00e+00	0.00e+00	0.00e+00
 1.02831e+13	6.16e-41	2.37e-31	1.11e-22	3.04e-15	3.57e-09	9.78e-05	1.00e+00	0.00e+00	0.00e+00	0.00e+00	0.00e+00	0.00e+00
 1.07244e+13	0.00e+00	3.31e-31	1.48e-22	3.83e-15	4.19e-09	1.07e-04	1.00e+00	0.00e+00	0.00e+00	0.00e+00	0.00e+00	0.00e+00
 1.11833e+13	1.33e-40	4.63e-31	1.98e-22	4.82e-15	4.91e-09	1.17e-04	1.00e+00	0.00e+00	0.00e+00	0.00e+00	0.00e+00	0.00e+00
 1.16605e+13	0.00e+00	6.50e-31	2.64e-22	6.08e-15	5.76e-09	1.28e-04	1.00e+00	0.00e+00	0.00e+00	0.00e+00	0.00e+00	0.00e+00
 1.21569e+13	2.91e-40	9.16e-31	3.53e-22	7.67e-15	6.76e-09	1.40e-04	1.00e+00	0.00e+00	0.00e+00	0.00e+00	0.00e+00	0.00e+00
 1.26731e+13	0.00e+00	1.29e-30	4.72e-22	9.68e-15	7.92e-09	1.53e-04	1.00e+00	0.00e+00	0.00e+00	0.00e+00	0.00e+00	0.00e+00
 1.32099e+13	6.50e-40	1.83e-30	6.34e-22	1.22e-14	9.28e-09	1.67e-04	1.00e+00	0.00e+00	0.00e+00	0.00e+00	0.00e+00	0.00e+00
 1.37273e+13	0.00e+00	2.54e-30	8.33e-22	1.52e-14	1.07e-08	1.81e-04	1.00e+00	0.00e+00	0.00e+00	0.00e+00	0.00e+00	0.00e+00
 1.42096e+13	1.34e-39	3.42e-30	1.07e-21	1.84e-14	1.23e-08	1.94e-04	1.00e+00	0.00e+00	0.00e+00	0.00e+00	0.00e+00	0.00e+00
 1.47521e+13	0.00e+00	4.73e-30	1.40e-21	2.28e-14	1.41e-08	2.10e-04	1.00e+00	0.00e+00	0.00e+00	0.00e+00	0.00e+00	0.00e+00
 1.53721e+13	2.99e-39	6.79e-30	1.89e-21	2.88e-14	1.66e-08	2.29e-04	1.00e+00	0.00e+00	0.00e+00	0.00e+00	0.00e+00	0.00e+00
 1.59853e+13	0.00e+00	9.60e-30	2.51e-21	3.59e-14	1.92e-08	2.48e-04	1.00e+00	0.00e+00	0.00e+00	0.00e+00	0.00e+00	0.00e+00
 1.66230e+13	6.74e-39	1.36e-29	3.35e-21	4.49e-14	2.24e-08	2.68e-04	1.00e+00	0.00e+00	0.00e+00	0.00e+00	0.00e+00	0.00e+00
 1.73179e+13	0.00e+00	1.96e-29	4.54e-21	5.67e-14	2.62e-08	2.92e-04	1.00e+00	0.00e+00	0.00e+00	0.00e+00	0.00e+00	0.00e+00
 1.80223e+13	1.59e-38	2.82e-29	6.10e-21	7.12e-14	3.05e-08	3.16e-04	1.00e+00	0.00e+00	0.00e+00	0.00e+00	0.00e+00	0.00e+00
 1.87548e+13	0.00e+00	4.05e-29	8.21e-21	8.95e-14	3.55e-08	3.42e-04	1.00e+00	0.00e+00	0.00e+00	0.00e+00	0.00e+00	0.00e+00
 1.95350e+13	3.79e-38	5.89e-29	1.11e-20	1.13e-13	4.16e-08	3.72e-04	1.00e+00	0.00e+00	0.00e+00	0.00e+00	0.00e+00	0.00e+00
 2.03463e+13	0.00e+00	8.59e-29	1.51e-20	1.43e-13	4.86e-08	4.03e-04	1.00e+00	0.00e+00	0.00e+00	0.00e+00	0.00e+00	0.00e+00
 2.11901e+13	9.27e-38	1.25e-28	2.06e-20	1.81e-13	5.69e-08	4.37e-04	1.00e+00	0.00e+00	0.00e+00	0.00e+00	0.00e+00	0.00e+00
 2.20676e+13	0.00e+00	1.83e-28	2.80e-20	2.29e-13	6.65e-08	4.74e-04	1.00e+00	0.00e+00	0.00e+00	0.00e+00	0.00e+00	0.00e+00
 2.29802e+13	2.29e-37	2.68e-28	3.82e-20	2.89e-13	7.78e-08	5.14e-04	9.99e-01	0.00e+00	0.00e+00	0.00e+00	0.00e+00	0.00e+00
 2.39294e+13	0.00e+00	3.93e-28	5.20e-20	3.65e-13	9.10e-08	5.56e-04	9.99e-01	0.00e+00	0.00e+00	0.00e+00	0.00e+00	0.00e+00
 2.49165e+13	5.71e-37	5.77e-28	7.09e-20	4.62e-13	1.06e-07	6.03e-04	9.99e-01	0.00e+00	0.00e+00	0.00e+00	0.00e+00	0.00e+00
 2.59431e+13	0.00e+00	8.49e-28	9.67e-20	5.84e-13	1.24e-07	6.53e-04	9.99e-01	0.00e+00	0.00e+00	0.00e+00	0.00e+00	0.00e+00
 2.70107e+13	1.43e-36	1.25e-27	1.32e-19	7.39e-13	1.46e-07	7.06e-04	9.99e-01	0.00e+00	0.00e+00	0.00e+00	0.00e+00	0.00e+00
 2.81211e+13	0.00e+00	1.84e-27	1.80e-19	9.34e-13	1.70e-07	7.65e-04	9.99e-01	0.00e+00	0.00e+00	0.00e+00	0.00e+00	0.00e+00
 2.92758e+13	3.63e-36	2.71e-27	2.46e-19	1.18e-12	1.99e-07	8.27e-04	9.99e-01	0.00e+00	0.00e+00	0.00e+00	0.00e+00	0.00e+00
 3.04768e+13	0.00e+00	4.00e-27	3.36e-19	1.49e-12	2.33e-07	8.95e-04	9.99e-01	0.00e+00	0.00e+00	0.00e+00	0.00e+00	0.00e+00
 3.17258e+13	9.22e-36	5.91e-27	4.60e-19	1.89e-12	2.72e-07	9.68e-04	9.99e-01	0.00e+00	0.00e+00	0.00e+00	0.00e+00	0.00e+00
 3.30247e+13	0.00e+00	8.74e-27	6.29e-19	2.39e-12	3.18e-07	1.05e-03	9.99e-01	0.00e+00	0.00e+00	0.00e+00	0.00e+00	0.00e+00
 3.43757e+13	2.35e-35	1.29e-26	8.60e-19	3.02e-12	3.72e-07	1.13e-03	9.99e-01	0.00e+00	0.00e+00	0.00e+00	0.00e+00	0.00e+00
 3.57806e+13	0.00e+00	1.91e-26	1.18e-18	3.82e-12	4.35e-07	1.22e-03	9.99e-01	0.00e+00	0.00e+00	0.00e+00	0.00e+00	0.00e+00
 3.72418e+13	6.02e-35	2.83e-26	1.61e-18	4.83e-12	5.09e-07	1.32e-03	9.99e-01	0.00e+00	0.00e+00	0.00e+00	0.00e+00	0.00e+00
 3.87614e+13	9.64e-35	4.18e-26	2.20e-18	6.11e-12	5.96e-07	1.43e-03	9.99e-01	0.00e+00	0.00e+00	0.00e+00	0.00e+00	0.00e+00
 4.03417e+13	1.54e-34	6.19e-26	3.01e-18	7.73e-12	6.96e-07	1.55e-03	9.98e-01	0.00e+00	0.00e+00	0.00e+00	0.00e+00	0.00e+00
 4.19853e+13	2.47e-34	9.17e-26	4.12e-18	9.78e-12	8.14e-07	1.67e-03	9.98e-01	0.00e+00	0.00e+00	0.00e+00	0.00e+00	0.00e+00
 4.36947e+13	3.96e-34	1.36e-25	5.64e-18	1.24e-11	9.52e-07	1.81e-03	9.98e-01	0.00e+00	0.00e+00	0.00e+00	0.00e+00	0.00e+00
 4.54724e+13	6.34e-34	2.01e-25	7.71e-18	1.56e-11	1.11e-06	1.96e-03	9.98e-01	0.00e+00	0.00e+00	0.00e+00	0.00e+00	0.00e+00
 4.73212e+13	1.02e-33	2.97e-25	1.06e-17	1.98e-11	1.30e-06	2.11e-03	9.98e-01	0.00e+00	0.00e+00	0.00e+00	0.00e+00	0.00e+00
 4.92440e+13	1.62e-33	4.40e-25	1.44e-17	2.50e-11	1.52e-06	2.29e-03	9.98e-01	0.00e+00	0.00e+00	0.00e+00	0.00e+00	0.00e+00
 5.12437e+13	2.60e-33	6.51e-25	1.97e-17	3.17e-11	1.78e-06	2.47e-03	9.98e-01	0.00e+00	0.00e+00	0.00e+00	0.00e+00	0.00e+00
 5.33234e+13	4.18e-33	9.67e-25	2.71e-17	4.00e-11	2.08e-06	2.67e-03	9.97e-01	0.00e+00	0.00e+00	0.00e+00	0.00e+00	0.00e+00
 5.54862e+13	6.64e-33	1.42e-24	3.69e-17	5.06e-11	2.43e-06	2.89e-03	9.97e-01	0.00e+00	0.00e+00	0.00e+00	0.00e+00	0.00e+00
 5.77356e+13	1.06e-32	2.10e-24	5.05e-17	6.40e-11	2.85e-06	3.12e-03	9.97e-01	0.00e+00	0.00e+00	0.00e+00	0.00e+00	0.00e+00
 6.00749e+13	1.69e-32	3.10e-24	6.90e-17	8.09e-11	3.33e-06	3.38e-03	9.97e-01	0.00e+00	0.00e+00	0.00e+00	0.00e+00	0.00e+00
 6.25079e+13	2.69e-32	4.58e-24	9.42e-17	1.02e-10	3.89e-06	3.65e-03	9.96e-01	0.00e+00	0.00e+00	0.00e+00	0.00e+00	0.00e+00
 6.48222e+13	4.13e-32	6.53e-24	1.25e-16	1.27e-10	4.49e-06	3.93e-03	9.96e-01	0.00e+00	0.00e+00	0.00e+00	0.00e+00	0.00e+00
 6.69311e+13	6.00e-32	8.93e-24	1.61e-16	1.53e-10	5.09e-06	4.18e-03	9.96e-01	0.00e+00	0.00e+00	0.00e+00	0.00e+00	0.00e+00
 6.93113e+13	9.02e-32	1.26e-23	2.12e-16	1.88e-10	5.84e-06	4.48e-03	9.96e-01	0.00e+00	0.00e+00	0.00e+00	0.00e+00	0.00e+00
 7.20848e+13	1.42e-31	1.84e-23	2.88e-16	2.38e-10	6.82e-06	4.85e-03	9.95e-01	0.00e+00	0.00e+00	0.00e+00	0.00e+00	0.00e+00
 7.48188e+13	2.20e-31	2.65e-23	3.86e-16	2.96e-10	7.90e-06	5.22e-03	9.95e-01	0.00e+00	0.00e+00	0.00e+00	0.00e+00	0.00e+00
 7.74070e+13	3.25e-31	3.68e-23	5.04e-16	3.62e-10	9.03e-06	5.59e-03	9.94e-01	0.00e+00	0.00e+00	0.00e+00	0.00e+00	0.00e+00
 8.02781e+13	4.96e-31	5.25e-23	6.70e-16	4.49e-10	1.04e-05	6.01e-03	9.94e-01	0.00e+00	0.00e+00	0.00e+00	0.00e+00	0.00e+00
 8.35192e+13	7.81e-31	7.68e-23	9.13e-16	5.68e-10	1.22e-05	6.51e-03	9.93e-01	0.00e+00	0.00e+00	0.00e+00	0.00e+00	0.00e+00
 8.67542e+13	1.21e-30	1.11e-22	1.23e-15	7.10e-10	1.42e-05	7.03e-03	9.93e-01	0.00e+00	0.00e+00	0.00e+00	0.00e+00	0.00e+00
 9.01187e+13	1.87e-30	1.60e-22	1.65e-15	8.90e-10	1.65e-05	7.59e-03	9.92e-01	0.00e+00	0.00e+00	0.00e+00	0.00e+00	0.00e+00
 9.37534e+13	2.93e-30	2.34e-22	2.25e-15	1.12e-09	1.92e-05	8.22e-03	9.92e-01	0.00e+00	0.00e+00	0.00e+00	0.00e+00	0.00e+00
 9.75334e+13	4.59e-30	3.41e-22	3.05e-15	1.42e-09	2.25e-05	8.91e-03	9.91e-01	0.00e+00	0.00e+00	0.00e+00	0.00e+00	0.00e+00
 1.01465e+14	7.17e-30	4.97e-22	4.15e-15	1.79e-09	2.63e-05	9.65e-03	9.90e-01	0.00e+00	0.00e+00	0.00e+00	0.00e+00	0.00e+00
 1.05553e+14	1.12e-29	7.24e-22	5.64e-15	2.26e-09	3.07e-05	1.05e-02	9.90e-01	0.00e+00	0.00e+00	0.00e+00	0.00e+00	0.00e+00
 1.09805e+14	1.74e-29	1.05e-21	7.65e-15	2.86e-09	3.58e-05	1.13e-02	9.89e-01	0.00e+00	0.00e+00	0.00e+00	0.00e+00	0.00e+00
 1.14227e+14	2.70e-29	1.53e-21	1.04e-14	3.61e-09	4.19e-05	1.23e-02	9.88e-01	0.00e+00	0.00e+00	0.00e+00	0.00e+00	0.00e+00
 1.18826e+14	4.19e-29	2.22e-21	1.41e-14	4.55e-09	4.89e-05	1.33e-02	9.87e-01	0.00e+00	0.00e+00	0.00e+00	0.00e+00	0.00e+00
 1.23609e+14	6.48e-29	3.22e-21	1.91e-14	5.75e-09	5.71e-05	1.45e-02	9.85e-01	0.00e+00	0.00e+00	0.00e+00	0.00e+00	0.00e+00
 1.28584e+14	9.97e-29	4.65e-21	2.58e-14	7.26e-09	6.67e-05	1.57e-02	9.84e-01	0.00e+00	0.00e+00	0.00e+00	0.00e+00	0.00e+00
 1.33757e+14	1.54e-28	6.73e-21	3.50e-14	9.16e-09	7.79e-05	1.70e-02	9.83e-01	0.00e+00	0.00e+00	0.00e+00	0.00e+00	0.00e+00
 1.39011e+14	2.34e-28	9.63e-21	4.70e-14	1.15e-08	9.06e-05	1.85e-02	9.81e-01	0.00e+00	0.00e+00	0.00e+00	0.00e+00	0.00e+00
 1.44476e+14	3.54e-28	1.38e-20	6.30e-14	1.44e-08	1.05e-04	2.00e-02	9.80e-01	0.00e+00	0.00e+00	0.00e+00	0.00e+00	0.00e+00
 1.50285e+14	5.41e-28	1.98e-20	8.52e-14	1.82e-08	1.23e-04	2.17e-02	9.78e-01	0.00e+00	0.00e+00	0.00e+00	0.00e+00	0.00e+00
 1.56326e+14	8.25e-28	2.85e-20	1.15e-13	2.30e-08	1.44e-04	2.36e-02	9.76e-01	0.00e+00	0.00e+00	0.00e+00	0.00e+00	0.00e+00
 1.62609e+14	1.25e-27	4.09e-20	1.55e-13	2.89e-08	1.67e-04	2.56e-02	9.74e-01	0.00e+00	0.00e+00	0.00e+00	0.00e+00	0.00e+00
 1.69143e+14	1.90e-27	5.85e-20	2.10e-13	3.65e-08	1.95e-04	2.78e-02	9.72e-01	0.00e+00	0.00e+00	0.00e+00	0.00e+00	0.00e+00
 1.75939e+14	2.87e-27	8.38e-20	2.83e-13	4.60e-08	2.28e-04	3.02e-02	9.70e-01	0.00e+00	0.00e+00	0.00e+00	0.00e+00	0.00e+00
 1.82507e+14	4.20e-27	1.17e-19	3.73e-13	5.70e-08	2.63e-04	3.27e-02	9.67e-01	0.00e+00	0.00e+00	0.00e+00	0.00e+00	0.00e+00
 1.88673e+14	5.92e-27	1.58e-19	4.79e-13	6.93e-08	2.99e-04	3.50e-02	9.65e-01	0.00e+00	0.00e+00	0.00e+00	0.00e+00	0.00e+00
 1.95585e+14	8.55e-27	2.18e-19	6.29e-13	8.56e-08	3.43e-04	3.78e-02	9.62e-01	0.00e+00	0.00e+00	0.00e+00	0.00e+00	0.00e+00
 2.03438e+14	1.28e-26	3.11e-19	8.46e-13	1.08e-07	4.00e-04	4.11e-02	9.58e-01	0.00e+00	0.00e+00	0.00e+00	0.00e+00	0.00e+00
 2.11263e+14	1.87e-26	4.35e-19	1.12e-12	1.34e-07	4.62e-04	4.46e-02	9.55e-01	0.00e+00	0.00e+00	0.00e+00	0.00e+00	0.00e+00
 2.19401e+14	2.74e-26	6.10e-19	1.50e-12	1.68e-07	5.34e-04	4.83e-02	9.51e-01	0.00e+00	0.00e+00	0.00e+00	0.00e+00	0.00e+00
 2.28207e+14	4.05e-26	8.67e-19	2.01e-12	2.11e-07	6.21e-04	5.25e-02	9.47e-01	0.00e+00	0.00e+00	0.00e+00	0.00e+00	0.00e+00
 2.37184e+14	5.95e-26	1.22e-18	2.69e-12	2.65e-07	7.20e-04	5.70e-02	9.42e-01	0.00e+00	0.00e+00	0.00e+00	0.00e+00	0.00e+00
 2.46521e+14	8.71e-26	1.72e-18	3.60e-12	3.32e-07	8.34e-04	6.19e-02	9.37e-01	0.00e+00	0.00e+00	0.00e+00	0.00e+00	0.00e+00
 2.55502e+14	1.24e-25	2.37e-18	4.71e-12	4.09e-07	9.56e-04	6.68e-02	9.32e-01	0.00e+00	0.00e+00	0.00e+00	0.00e+00	0.00e+00
 2.63485e+14	1.68e-25	3.12e-18	5.95e-12	4.89e-07	1.07e-03	7.13e-02	9.28e-01	0.00e+00	0.00e+00	0.00e+00	0.00e+00	0.00e+00
 2.72340e+14	2.33e-25	4.20e-18	7.64e-12	5.93e-07	1.22e-03	7.65e-02	9.22e-01	0.00e+00	0.00e+00	0.00e+00	0.00e+00	0.00e+00
 2.82906e+14	3.40e-25	5.92e-18	1.02e-11	7.41e-07	1.40e-03	8.29e-02	9.16e-01	0.00e+00	0.00e+00	0.00e+00	0.00e+00	0.00e+00
 2.93407e+14	4.88e-25	8.24e-18	1.35e-11	9.16e-07	1.61e-03	8.95e-02	9.09e-01	0.00e+00	0.00e+00	0.00e+00	0.00e+00	0.00e+00
 3.02994e+14	6.73e-25	1.10e-17	1.72e-11	1.10e-06	1.82e-03	9.56e-02	9.03e-01	0.00e+00	0.00e+00	0.00e+00	0.00e+00	0.00e+00
 3.13683e+14	9.55e-25	1.52e-17	2.24e-11	1.35e-06	2.07e-03	1.03e-01	8.95e-01	0.00e+00	0.00e+00	0.00e+00	0.00e+00	0.00e+00
 3.26134e+14	1.42e-24	2.17e-17	3.02e-11	1.69e-06	2.39e-03	1.11e-01	8.86e-01	0.00e+00	0.00e+00	0.00e+00	0.00e+00	0.00e+00
 3.38326e+14	2.06e-24	3.05e-17	4.00e-11	2.09e-06	2.74e-03	1.20e-01	8.78e-01	0.00e+00	0.00e+00	0.00e+00	0.00e+00	0.00e+00
 3.49755e+14	2.90e-24	4.15e-17	5.16e-11	2.54e-06	3.09e-03	1.28e-01	8.69e-01	0.00e+00	0.00e+00	0.00e+00	0.00e+00	0.00e+00
 3.62525e+14	4.20e-24	5.80e-17	6.79e-11	3.12e-06	3.53e-03	1.37e-01	8.59e-01	0.00e+00	0.00e+00	0.00e+00	0.00e+00	0.00e+00
 3.77056e+14	6.31e-24	8.37e-17	9.18e-11	3.91e-06	4.08e-03	1.48e-01	8.48e-01	0.00e+00	0.00e+00	0.00e+00	0.00e+00	0.00e+00
 3.91484e+14	9.35e-24	1.19e-16	1.22e-10	4.85e-06	4.67e-03	1.59e-01	8.36e-01	0.00e+00	0.00e+00	0.00e+00	0.00e+00	0.00e+00
 4.06490e+14	1.39e-23	1.70e-16	1.63e-10	6.01e-06	5.35e-03	1.70e-01	8.24e-01	0.00e+00	0.00e+00	0.00e+00	0.00e+00	0.00e+00
 4.22779e+14	2.10e-23	2.46e-16	2.21e-10	7.51e-06	6.16e-03	1.83e-01	8.11e-01	0.00e+00	0.00e+00	0.00e+00	0.00e+00	0.00e+00
 4.39721e+14	3.19e-23	3.56e-16	2.98e-10	9.38e-06	7.09e-03	1.96e-01	7.97e-01	0.00e+00	0.00e+00	0.00e+00	0.00e+00	0.00e+00
 4.57339e+14	4.86e-23	5.17e-16	4.03e-10	1.17e-05	8.14e-03	2.10e-01	7.82e-01	0.00e+00	0.00e+00	0.00e+00	0.00e+00	0.00e+00
 4.75663e+14	7.39e-23	7.50e-16	5.43e-10	1.46e-05	9.34e-03	2.25e-01	7.66e-01	0.00e+00	0.00e+00	0.00e+00	0.00e+00	0.00e+00
 4.94719e+14	1.13e-22	1.09e-15	7.33e-10	1.82e-05	1.07e-02	2.40e-01	7.49e-01	0.00e+00	0.00e+00	0.00e+00	0.00e+00	0.00e+00
 5.14538e+14	1.72e-22	1.58e-15	9.86e-10	2.26e-05	1.23e-02	2.56e-01	7.32e-01	0.00e+00	0.00e+00	0.00e+00	0.00e+00	0.00e+00
 5.35149e+14	2.63e-22	2.28e-15	1.33e-09	2.80e-05	1.40e-02	2.72e-01	7.14e-01	0.00e+00	0.00e+00	0.00e+00	0.00e+00	0.00e+00
 5.56585e+14	4.01e-22	3.31e-15	1.78e-09	3.47e-05	1.60e-02	2.89e-01	6.95e-01	0.00e+00	0.00e+00	0.00e+00	0.00e+00	0.00e+00
 5.78879e+14	6.14e-22	4.78e-15	2.39e-09	4.29e-05	1.82e-02	3.06e-01	6.76e-01	0.00e+00	0.00e+00	0.00e+00	0.00e+00	0.00e+00
 6.00690e+14	9.15e-22	6.77e-15	3.15e-09	5.24e-05	2.06e-02	3.23e-01	6.57e-01	0.00e+00	0.00e+00	0.00e+00	0.00e+00	0.00e+00
 6.21513e+14	1.32e-21	9.31e-15	4.05e-09	6.28e-05	2.30e-02	3.38e-01	6.39e-01	0.00e+00	0.00e+00	0.00e+00	0.00e+00	0.00e+00
 6.44542e+14	1.96e-21	1.31e-14	5.29e-09	7.61e-05	2.58e-02	3.55e-01	6.19e-01	0.00e+00	0.00e+00	0.00e+00	0.00e+00	0.00e+00
 6.70354e+14	2.99e-21	1.88e-14	7.06e-09	9.36e-05	2.92e-02	3.73e-01	5.97e-01	0.00e+00	0.00e+00	0.00e+00	0.00e+00	0.00e+00
 6.94420e+14	4.38e-21	2.61e-14	9.13e-09	1.12e-04	3.26e-02	3.90e-01	5.78e-01	0.00e+00	0.00e+00	0.00e+00	0.00e+00	0.00e+00
 7.15833e+14	6.07e-21	3.46e-14	1.14e-08	1.31e-04	3.58e-02	4.04e-01	5.60e-01	0.00e+00	0.00e+00	0.00e+00	0.00e+00	0.00e+00
 7.39998e+14	8.69e-21	4.69e-14	1.44e-08	1.56e-04	3.96e-02	4.19e-01	5.41e-01	0.00e+00	0.00e+00	0.00e+00	0.00e+00	0.00e+00
 7.68745e+14	1.31e-20	6.65e-14	1.90e-08	1.89e-04	4.43e-02	4.37e-01	5.19e-01	0.00e+00	0.00e+00	0.00e+00	0.00e+00	0.00e+00
 7.97840e+14	1.95e-20	9.34e-14	2.47e-08	2.28e-04	4.94e-02	4.53e-01	4.97e-01	0.00e+00	0.00e+00	0.00e+00	0.00e+00	0.00e+00
 8.25577e+14	2.81e-20	1.27e-13	3.14e-08	2.69e-04	5.45e-02	4.68e-01	4.77e-01	0.00e+00	0.00e+00	0.00e+00	0.00e+00	0.00e+00
 8.56109e+14	4.15e-20	1.77e-13	4.05e-08	3.22e-04	6.04e-02	4.84e-01	4.56e-01	0.00e+00	0.00e+00	0.00e+00	0.00e+00	0.00e+00
 8.88165e+14	6.13e-20	2.46e-13	5.23e-08	3.85e-04	6.68e-02	4.99e-01	4.34e-01	0.00e+00	0.00e+00	0.00e+00	0.00e+00	0.00e+00
 9.17190e+14	8.63e-20	3.27e-13	6.52e-08	4.49e-04	7.29e-02	5.11e-01	4.15e-01	0.00e+00	0.00e+00	0.00e+00	0.00e+00	0.00e+00
 9.48862e+14	1.23e-19	4.41e-13	8.22e-08	5.27e-04	7.98e-02	5.24e-01	3.95e-01	0.00e+00	0.00e+00	0.00e+00	0.00e+00	0.00e+00
 9.86113e+14	1.85e-19	6.20e-13	1.07e-07	6.31e-04	8.82e-02	5.38e-01	3.73e-01	0.00e+00	0.00e+00	0.00e+00	0.00e+00	0.00e+00
 1.02254e+15	2.71e-19	8.51e-13	1.36e-07	7.46e-04	9.67e-02	5.50e-01	3.53e-01	0.00e+00	0.00e+00	0.00e+00	0.00e+00	0.00e+00
 1.05596e+15	3.80e-19	1.12e-12	1.68e-07	8.63e-04	1.05e-01	5.59e-01	3.35e-01	0.00e+00	0.00e+00	0.00e+00	0.00e+00	0.00e+00
 1.09355e+15	5.46e-19	1.52e-12	2.12e-07	1.01e-03	1.14e-01	5.69e-01	3.16e-01	0.00e+00	0.00e+00	0.00e+00	0.00e+00	0.00e+00
 1.13711e+15	8.19e-19	2.13e-12	2.74e-07	1.20e-03	1.25e-01	5.78e-01	2.96e-01	0.00e+00	0.00e+00	0.00e+00	0.00e+00	0.00e+00
 1.17977e+15	1.20e-18	2.91e-12	3.47e-07	1.41e-03	1.36e-01	5.85e-01	2.77e-01	0.00e+00	0.00e+00	0.00e+00	0.00e+00	0.00e+00
 1.22031e+15	1.69e-18	3.86e-12	4.31e-07	1.63e-03	1.47e-01	5.91e-01	2.60e-01	0.00e+00	0.00e+00	0.00e+00	0.00e+00	0.00e+00
 1.26532e+15	2.45e-18	5.23e-12	5.42e-07	1.91e-03	1.59e-01	5.96e-01	2.43e-01	0.00e+00	0.00e+00	0.00e+00	0.00e+00	0.00e+00
 1.31597e+15	3.66e-18	7.25e-12	6.94e-07	2.25e-03	1.73e-01	6.00e-01	2.25e-01	0.00e+00	0.00e+00	0.00e+00	0.00e+00	0.00e+00
 1.36680e+15	5.37e-18	9.91e-12	8.78e-07	2.63e-03	1.88e-01	6.02e-01	2.08e-01	0.00e+00	0.00e+00	0.00e+00	0.00e+00	0.00e+00
 1.41968e+15	7.87e-18	1.35e-11	1.11e-06	3.07e-03	2.02e-01	6.03e-01	1.92e-01	0.00e+00	0.00e+00	0.00e+00	0.00e+00	0.00e+00
 1.47649e+15	1.17e-17	1.86e-11	1.41e-06	3.59e-03	2.19e-01	6.02e-01	1.76e-01	0.00e+00	0.00e+00	0.00e+00	0.00e+00	0.00e+00
 1.53558e+15	1.72e-17	2.55e-11	1.78e-06	4.19e-03	2.35e-01	5.99e-01	1.61e-01	0.00e+00	0.00e+00	0.00e+00	0.00e+00	0.00e+00
 1.59704e+15	2.58e-17	3.48e-11	2.25e-06	4.88e-03	2.53e-01	5.95e-01	1.47e-01	0.00e+00	0.00e+00	1.45e-17	7.91e-18	3.11e-18
 1.66095e+15	3.76e-17	4.75e-11	2.83e-06	5.67e-03	2.71e-01	5.89e-01	1.34e-01	0.00e+00	0.00e+00	2.11e-17	1.19e-17	4.30e-18
 1.72741e+15	5.52e-17	6.45e-11	3.55e-06	6.56e-03	2.89e-01	5.82e-01	1.22e-01	0.00e+00	0.00e+00	3.10e-17	1.74e-17	6.30e-18
 1.79654e+15	8.08e-17	8.75e-11	4.45e-06	7.58e-03	3.09e-01	5.73e-01	1.10e-01	0.00e+00	0.00e+00	4.56e-17	2.54e-17	9.19e-18
 1.86843e+15	1.18e-16	1.18e-10	5.56e-06	8.73e-03	3.28e-01	5.63e-01	9.97e-02	0.00e+00	0.00e+00	6.68e-17	3.70e-17	1.34e-17
 1.94320e+15	1.72e-16	1.60e-10	6.92e-06	1.00e-02	3.48e-01	5.52e-01	8.98e-02	0.00e+00	0.00e+00	9.76e-17	5.37e-17	1.95e-17
 2.02096e+15	2.51e-16	2.15e-10	8.61e-06	1.15e-02	3.68e-01	5.39e-01	8.07e-02	0.00e+00	0.00e+00	1.42e-16	7.79e-17	2.82e-17
 2.10183e+15	3.64e-16	2.88e-10	1.07e-05	1.32e-02	3.89e-01	5.26e-01	7.23e-02	0.00e+00	0.00e+00	2.07e-16	1.13e-16	4.08e-17
 2.17641e+15	5.06e-16	3.73e-10	1.29e-05	1.48e-02	4.07e-01	5.13e-01	6.54e-02	0.00e+00	0.00e+00	2.88e-16	1.56e-16	5.65e-17
 2.24112e+15	6.67e-16	4.63e-10	1.51e-05	1.63e-02	4.22e-01	5.01e-01	6.00e-02	0.00e+00	0.00e+00	3.80e-16	2.06e-16	7.42e-17
 2.31325e+15	8.97e-16	5.85e-10	1.78e-05	1.81e-02	4.39e-01	4.88e-01	5.46e-02	0.00e+00	0.00e+00	5.12e-16	2.76e-16	9.95e-17
 2.40111e+15	1.27e-15	7.68e-10	2.17e-05	2.04e-02	4.59e-01	4.72e-01	4.87e-02	0.00e+00	0.00e+00	7.27e-16	3.91e-16	1.40e-16
 2.49143e+15	1.79e-15	1.00e-09	2.63e-05	2.29e-02	4.78e-01	4.56e-01	4.34e-02	0.00e+00	0.00e+00	1.02e-15	5.49e-16	1.97e-16
 2.57568e+15	2.43e-15	1.27e-09	3.13e-05	2.54e-02	4.95e-01	4.41e-01	3.90e-02	0.00e+00	0.00e+00	1.39e-15	7.46e-16	2.67e-16
 2.65717e+15	3.24e-15	1.59e-09	3.67e-05	2.79e-02	5.10e-01	4.26e-01	3.52e-02	0.00e+00	0.00e+00	1.86e-15	9.92e-16	3.54e-16
 2.75021e+15	4.44e-15	2.02e-09	4.37e-05	3.09e-02	5.27e-01	4.10e-01	3.14e-02	0.00e+00	0.00e+00	2.55e-15	1.36e-15	4.83e-16
 2.85315e+15	6.21e-15	2.62e-09	5.25e-05	3.45e-02	5.45e-01	3.93e-01	2.77e-02	0.00e+00	0.00e+00	3.56e-15	1.90e-15	6.73e-16
 2.94862e+15	8.35e-15	3.29e-09	6.18e-05	3.79e-02	5.60e-01	3.77e-01	2.48e-02	0.00e+00	0.00e+00	4.79e-15	2.55e-15	9.02e-16
 3.05244e+15	1.14e-14	4.18e-09	7.33e-05	4.19e-02	5.76e-01	3.60e-01	2.19e-02	0.00e+00	0.00e+00	6.57e-15	3.49e-15	1.23e-15
 3.16771e+15	1.60e-14	5.40e-09	8.79e-05	4.65e-02	5.92e-01	3.42e-01	1.92e-02	0.00e+00	0.00e+00	9.18e-15	4.87e-15	1.71e-15
 3.27575e+15	2.15e-14	6.78e-09	1.03e-04	5.10e-02	6.06e-01	3.26e-01	1.70e-02	0.00e+00	0.00e+00	1.24e-14	6.57e-15	2.30e-15
 3.39374e+15	2.95e-14	8.61e-09	1.22e-04	5.60e-02	6.19e-01	3.10e-01	1.49e-02	0.00e+00	0.00e+00	1.70e-14	8.99e-15	3.14e-15
 3.52574e+15	4.13e-14	1.11e-08	1.47e-04	6.20e-02	6.33e-01	2.92e-01	1.28e-02	0.00e+00	0.00e+00	2.38e-14	1.26e-14	4.38e-15
 3.65064e+15	5.62e-14	1.40e-08	1.73e-04	6.79e-02	6.45e-01	2.76e-01	1.12e-02	0.00e+00	0.00e+00	3.24e-14	1.71e-14	5.94e-15
 3.78431e+15	7.72e-14	1.78e-08	2.05e-04	7.46e-02	6.56e-01	2.59e-01	9.72e-03	0.00e+00	0.00e+00	4.45e-14	2.35e-14	8.14e-15
 3.93136e+15	1.08e-13	2.29e-08	2.44e-04	8.21e-02	6.67e-01	2.43e-01	8.32e-03	0.00e+00	0.00e+00	6.22e-14	3.29e-14	1.13e-14
 4.07276e+15	1.47e-13	2.88e-08	2.87e-04	8.95e-02	6.75e-01	2.28e-01	7.20e-03	0.00e+00	0.00e+00	8.46e-14	4.47e-14	1.54e-14
 4.20934e+15	1.96e-13	3.58e-08	3.33e-04	9.70e-02	6.82e-01	2.14e-01	6.26e-03	0.00e+00	0.00e+00	1.13e-13	5.97e-14	2.04e-14
 4.36292e+15	2.68e-13	4.53e-08	3.93e-04	1.06e-01	6.89e-01	2.00e-01	5.37e-03	0.00e+00	0.00e+00	1.55e-13	8.18e-14	2.79e-14
 4.53056e+15	3.73e-13	5.78e-08	4.65e-04	1.16e-01	6.94e-01	1.85e-01	4.55e-03	0.00e+00	0.00e+00	2.16e-13	1.14e-13	3.88e-14
 4.68770e+15	5.01e-13	7.18e-08	5.41e-04	1.25e-01	6.98e-01	1.72e-01	3.91e-03	0.00e+00	0.00e+00	2.89e-13	1.53e-13	5.18e-14
 4.85802e+15	6.84e-13	9.05e-08	6.34e-04	1.36e-01	7.01e-01	1.60e-01	3.32e-03	0.00e+00	0.00e+00	3.96e-13	2.08e-13	7.07e-14
 5.04815e+15	9.54e-13	1.16e-07	7.51e-04	1.48e-01	7.02e-01	1.46e-01	2.78e-03	0.00e+00	0.00e+00	5.52e-13	2.91e-13	9.83e-14
 5.23189e+15	1.30e-12	1.45e-07	8.79e-04	1.60e-01	7.02e-01	1.35e-01	2.34e-03	0.00e+00	0.00e+00	7.53e-13	3.96e-13	1.34e-13
 5.40618e+15	1.73e-12	1.78e-07	1.01e-03	1.72e-01	7.01e-01	1.25e-01	2.00e-03	0.00e+00	0.00e+00	9.99e-13	5.26e-13	1.77e-13
 5.60144e+15	2.35e-12	2.24e-07	1.18e-03	1.85e-01	6.98e-01	1.14e-01	1.68e-03	0.00e+00	0.00e+00	1.36e-12	7.16e-13	2.41e-13
 5.81659e+15	3.26e-12	2.83e-07	1.40e-03	2.00e-01	6.93e-01	1.04e-01	1.39e-03	0.00e+00	0.00e+00	1.89e-12	9.92e-13	3.33e-13
 6.02706e+15	4.43e-12	3.54e-07	1.63e-03	2.15e-01	6.87e-01	9.46e-02	1.15e-03	0.00e+00	0.00e+00	2.56e-12	1.35e-12	4.51e-13
 6.21990e+15	5.80e-12	4.31e-07	1.86e-03	2.29e-01	6.81e-01	8.69e-02	9.78e-04	0.00e+00	0.00e+00	3.36e-12	1.77e-12	5.90e-13
 6.39318e+15	7.35e-12	5.11e-07	2.10e-03	2.42e-01	6.74e-01	8.05e-02	8.44e-04	0.00e+00	0.00e+00	4.26e-12	2.24e-12	7.47e-13
 6.59010e+15	9.57e-12	6.19e-07	2.39e-03	2.57e-01	6.66e-01	7.37e-02	7.14e-04	0.00e+00	0.00e+00	5.55e-12	2.92e-12	9.72e-13
 6.83544e+15	1.31e-11	7.78e-07	2.80e-03	2.76e-01	6.55e-01	6.61e-02	5.82e-04	0.00e+00	0.00e+00	7.62e-12	4.01e-12	1.33e-12
 7.08395e+15	1.79e-11	9.70e-07	3.26e-03	2.95e-01	6.42e-01	5.93e-02	4.74e-04	0.00e+00	0.00e+00	1.04e-11	5.44e-12	1.81e-12
 7.30130e+15	2.31e-11	1.17e-06	3.71e-03	3.12e-01	6.30e-01	5.39e-02	3.97e-04	0.00e+00	0.00e+00	1.34e-11	7.05e-12	2.34e-12
 7.53793e+15	3.06e-11	1.43e-06	4.26e-03	3.31e-01	6.16e-01	4.84e-02	3.28e-04	0.00e+00	0.00e+00	1.78e-11	9.33e-12	3.09e-12
 7.80004e+15	4.12e-11	1.77e-06	4.94e-03	3.51e-01	6.00e-01	4.31e-02	2.65e-04	0.00e+00	0.00e+00	2.39e-11	1.26e-11	4.17e-12
 8.04271e+15	5.36e-11	2.14e-06	5.64e-03	3.71e-01	5.85e-01	3.87e-02	2.19e-04	0.00e+00	0.00e+00	3.11e-11	1.63e-11	5.41e-12
 8.26893e+15	6.81e-11	2.54e-06	6.36e-03	3.88e-01	5.70e-01	3.50e-02	1.83e-04	0.00e+00	0.00e+00	3.95e-11	2.08e-11	6.87e-12
 8.52632e+15	8.95e-11	3.09e-06	7.29e-03	4.09e-01	5.52e-01	3.11e-02	1.49e-04	0.00e+00	0.00e+00	5.20e-11	2.73e-11	9.03e-12
 8.80892e+15	1.19e-10	3.79e-06	8.41e-03	4.32e-01	5.32e-01	2.74e-02	1.19e-04	0.00e+00	0.00e+00	6.91e-11	3.63e-11	1.20e-11
 9.06752e+15	1.53e-10	4.54e-06	9.57e-03	4.52e-01	5.14e-01	2.43e-02	9.74e-05	0.00e+00	0.00e+00	8.88e-11	4.67e-11	1.54e-11
 9.34692e+15	2.01e-10	5.54e-06	1.10e-02	4.74e-01	4.93e-01	2.14e-02	7.81e-05	0.00e+00	0.00e+00	1.17e-10	6.15e-11	2.03e-11
 9.65041e+15	2.67e-10	6.80e-06	1.27e-02	4.98e-01	4.71e-01	1.86e-02	6.16e-05	0.00e+00	0.00e+00	1.55e-10	8.17e-11	2.70e-11
 9.92223e+15	3.43e-10	8.14e-06	1.45e-02	5.19e-01	4.50e-01	1.63e-02	4.98e-05	0.00e+00	0.00e+00	1.99e-10	1.05e-10	3.45e-11
 1.01742e+16	4.31e-10	9.62e-06	1.63e-02	5.38e-01	4.31e-01	1.45e-02	4.08e-05	0.00e+00	0.00e+00	2.50e-10	1.32e-10	4.34e-11
 1.04633e+16	5.63e-10	1.17e-05	1.87e-02	5.60e-01	4.09e-01	1.26e-02	3.24e-05	0.00e+00	0.00e+00	3.27e-10	1.72e-10	5.68e-11
 1.07774e+16	7.46e-10	1.43e-05	2.17e-02	5.82e-01	3.85e-01	1.07e-02	2.52e-05	0.00e+00	0.00e+00	4.33e-10	2.28e-10	7.52e-11
 1.10574e+16	9.50e-10	1.71e-05	2.48e-02	6.02e-01	3.64e-01	9.34e-03	2.02e-05	0.00e+00	0.00e+00	5.52e-10	2.90e-10	9.57e-11
 1.13133e+16	1.19e-09	2.02e-05	2.80e-02	6.19e-01	3.45e-01	8.19e-03	1.64e-05	0.00e+00	0.00e+00	6.89e-10	3.63e-10	1.20e-10
 1.16045e+16	1.55e-09	2.46e-05	3.22e-02	6.39e-01	3.22e-01	7.00e-03	1.28e-05	0.00e+00	0.00e+00	9.03e-10	4.75e-10	1.57e-10
 1.19164e+16	2.04e-09	3.02e-05	3.75e-02	6.58e-01	2.99e-01	5.91e-03	9.91e-06	0.00e+00	0.00e+00	1.19e-09	6.24e-10	2.06e-10
 1.21874e+16	2.58e-09	3.61e-05	4.29e-02	6.73e-01	2.79e-01	5.09e-03	7.89e-06	0.00e+00	0.00e+00	1.50e-09	7.90e-10	2.60e-10
 1.24303e+16	3.23e-09	4.28e-05	4.86e-02	6.86e-01	2.61e-01	4.42e-03	6.38e-06	0.00e+00	0.00e+00	1.88e-09	9.87e-10	3.26e-10
 1.27046e+16	4.22e-09	5.24e-05	5.64e-02	7.00e-01	2.40e-01	3.73e-03	4.97e-06	0.00e+00	0.00e+00	2.46e-09	1.29e-09	4.27e-10
 1.29945e+16	5.57e-09	6.48e-05	6.61e-02	7.12e-01	2.19e-01	3.11e-03	3.80e-06	0.00e+00	0.00e+00	3.24e-09	1.71e-09	5.63e-10
 1.32388e+16	7.08e-09	7.81e-05	7.62e-02	7.20e-01	2.01e-01	2.65e-03	3.02e-06	0.00e+00	0.00e+00	4.12e-09	2.17e-09	7.16e-10
 1.34495e+16	8.81e-09	9.27e-05	8.67e-02	7.26e-01	1.85e-01	2.28e-03	2.44e-06	0.00e+00	0.00e+00	5.13e-09	2.70e-09	8.92e-10
 1.36445e+16	1.08e-08	1.09e-04	9.83e-02	7.29e-01	1.71e-01	1.98e-03	1.99e-06	0.00e+00	0.00e+00	6.30e-09	3.32e-09	1.10e-09
 1.38315e+16	1.35e-08	1.29e-04	1.12e-01	7.30e-01	1.57e-01	1.71e-03	1.62e-06	0.00e+00	0.00e+00	7.83e-09	4.12e-09	1.36e-09
 1.40181e+16	1.68e-08	1.54e-04	1.28e-01	7.28e-01	1.43e-01	1.46e-03	1.31e-06	0.00e+00	0.00e+00	9.75e-09	5.14e-09	1.70e-09
 1.42022e+16	2.13e-08	1.86e-04	1.47e-01	7.23e-01	1.29e-01	1.23e-03	1.04e-06	0.00e+00	0.00e+00	1.24e-08	6.53e-09	2.16e-09
 1.43765e+16	2.68e-08	2.24e-04	1.70e-01	7.14e-01	1.15e-01	1.03e-03	8.23e-07	0.00e+00	0.00e+00	1.56e-08	8.20e-09	2.71e-09
 1.45350e+16	3.38e-08	2.70e-04	1.96e-01	7.01e-01	1.03e-01	8.63e-04	0.00e+00	0.00e+00	0.00e+00	1.97e-08	1.04e-08	3.43e-09
 1.46786e+16	4.20e-08	3.23e-04	2.24e-01	6.84e-01	9.09e-02	7.21e-04	0.00e+00	0.00e+00	0.00e+00	2.44e-08	1.29e-08	4.27e-09
 1.48110e+16	5.03e-08	3.76e-04	2.57e-01	6.62e-01	7.98e-02	5.98e-04	0.00e+00	0.00e+00	0.00e+00	2.93e-08	1.54e-08	5.12e-09
 1.49344e+16	6.26e-08	4.49e-04	2.94e-01	6.36e-01	6.92e-02	4.89e-04	0.00e+00	0.00e+00	0.00e+00	3.64e-08	1.92e-08	6.38e-09
 1.50483e+16	8.00e-08	5.45e-04	3.35e-01	6.05e-01	5.92e-02	3.96e-04	0.00e+00	0.00e+00	0.00e+00	4.65e-08	2.46e-08	8.15e-09
 1.51523e+16	9.81e-08	6.44e-04	3.80e-01	5.69e-01	5.01e-02	3.16e-04	0.00e+00	0.00e+00	0.00e+00	5.71e-08	3.01e-08	1.00e-08
 1.52397e+16	1.14e-07	7.32e-04	4.25e-01	5.32e-01	4.23e-02	2.54e-04	0.00e+00	0.00e+00	0.00e+00	6.66e-08	3.51e-08	1.17e-08
 1.53122e+16	1.37e-07	8.43e-04	4.67e-01	4.96e-01	3.60e-02	2.06e-04	0.00e+00	0.00e+00	0.00e+00	7.98e-08	4.21e-08	1.40e-08
 1.53767e+16	1.55e-07	9.34e-04	5.08e-01	4.61e-01	3.04e-02	1.67e-04	0.00e+00	0.00e+00	0.00e+00	9.03e-08	4.77e-08	1.59e-08
 1.54455e+16	1.86e-07	1.07e-03	5.56e-01	4.18e-01	2.47e-02	1.28e-04	0.00e+00	0.00e+00	0.00e+00	1.08e-07	5.70e-08	1.90e-08
 1.55172e+16	2.16e-07	1.21e-03	6.09e-01	3.71e-01	1.94e-02	9.49e-05	0.00e+00	0.00e+00	0.00e+00	1.26e-07	6.65e-08	2.22e-08
 1.55786e+16	2.48e-07	1.34e-03	6.57e-01	3.27e-01	1.51e-02	7.00e-05	0.00e+00	0.00e+00	0.00e+00	1.44e-07	7.64e-08	2.56e-08
 1.56359e+16	2.82e-07	1.48e-03	7.01e-01	2.85e-01	1.16e-02	5.09e-05	0.00e+00	0.00e+00	0.00e+00	1.64e-07	8.67e-08	2.90e-08
 1.57015e+16	3.24e-07	1.64e-03	7.51e-01	2.39e-01	8.28e-03	3.37e-05	0.00e+00	0.00e+00	0.00e+00	1.89e-07	9.98e-08	3.35e-08
 1.57736e+16	3.73e-07	1.80e-03	8.01e-01	1.91e-01	5.49e-03	2.04e-05	0.00e+00	0.00e+00	0.00e+00	2.17e-07	1.15e-07	3.86e-08
 1.58414e+16	4.20e-07	1.96e-03	8.42e-01	1.52e-01	3.58e-03	1.22e-05	0.00e+00	0.00e+00	0.00e+00	2.44e-07	1.29e-07	4.36e-08
 1.59170e+16	4.73e-07	2.11e-03	8.80e-01	1.16e-01	2.14e-03	6.50e-06	0.00e+00	0.00e+00	0.00e+00	2.75e-07	1.46e-07	4.92e-08
 1.60153e+16	5.39e-07	2.29e-03	9.16e-01	8.09e-02	1.08e-03	2.80e-06	0.00e+00	0.00e+00	0.00e+00	3.13e-07	1.66e-07	5.62e-08
 1.61342e+16	6.10e-07	2.45e-03	9.43e-01	5.37e-02	4.80e-04	1.02e-06	0.00e+00	0.00e+00	0.00e+00	3.55e-07	1.88e-07	6.37e-08
 1.62739e+16	6.83e-07	2.60e-03	9.62e-01	3.54e-02	1.98e-04	3.29e-07	0.00e+00	0.00e+00	0.00e+00	3.97e-07	2.11e-07	7.15e-08
 1.64495e+16	7.67e-07	2.75e-03	9.74e-01	2.33e-02	7.45e-05	0.00e+00	0.00e+00	0.00e+00	0.00e+00	4.46e-07	2.37e-07	8.04e-08
 1.66779e+16	8.72e-07	2.90e-03	9.81e-01	1.60e-02	2.62e-05	0.00e+00	0.00e+00	0.00e+00	0.00e+00	5.07e-07	2.69e-07	9.14e-08
 1.69747e+16	1.02e-06	3.08e-03	9.85e-01	1.19e-02	8.95e-06	0.00e+00	0.00e+00	0.00e+00	0.00e+00	5.91e-07	3.14e-07	1.07e-07
 1.73605e+16	1.23e-06	3.32e-03	9.87e-01	9.64e-03	3.01e-06	0.00e+00	0.00e+00	0.00e+00	0.00e+00	7.17e-07	3.81e-07	1.29e-07
 1.78622e+16	1.59e-06	3.64e-03	9.88e-01	8.25e-03	9.74e-07	0.00e+00	0.00e+00	0.00e+00	0.00e+00	9.24e-07	4.91e-07	1.67e-07
 1.83758e+16	2.09e-06	4.03e-03	9.89e-01	7.33e-03	0.00e+00	0.00e+00	0.00e+00	0.00e+00	0.00e+00	1.21e-06	6.44e-07	2.18e-07
 1.87892e+16	2.63e-06	4.39e-03	9.89e-01	6.78e-03	0.00e+00	0.00e+00	0.00e+00	0.00e+00	0.00e+00	1.53e-06	8.12e-07	2.75e-07
 1.91556e+16	3.26e-06	4.75e-03	9.89e-01	6.30e-03	0.00e+00	0.00e+00	0.00e+00	0.00e+00	0.00e+00	1.89e-06	1.01e-06	3.41e-07
 1.95765e+16	4.23e-06	5.23e-03	9.89e-01	5.80e-03	0.00e+00	0.00e+00	0.00e+00	0.00e+00	0.00e+00	2.46e-06	1.31e-06	4.42e-07
 2.00364e+16	5.73e-06	5.86e-03	9.89e-01	5.29e-03	0.00e+00	0.00e+00	0.00e+00	0.00e+00	0.00e+00	3.33e-06	1.77e-06	5.98e-07
 2.04354e+16	7.61e-06	6.54e-03	9.89e-01	4.85e-03	0.00e+00	0.00e+00	0.00e+00	0.00e+00	0.00e+00	4.42e-06	2.35e-06	7.93e-07
 2.07654e+16	9.77e-06	7.21e-03	9.88e-01	4.50e-03	0.00e+00	0.00e+00	0.00e+00	0.00e+00	0.00e+00	5.68e-06	3.02e-06	1.02e-06
 2.10709e+16	1.25e-05	7.96e-03	9.88e-01	4.16e-03	0.00e+00	0.00e+00	0.00e+00	0.00e+00	0.00e+00	7.26e-06	3.86e-06	1.30e-06
 2.14216e+16	1.69e-05	9.01e-03	9.87e-01	3.75e-03	0.00e+00	0.00e+00	0.00e+00	0.00e+00	0.00e+00	9.81e-06	5.21e-06	1.76e-06
 2.17833e+16	2.35e-05	1.04e-02	9.86e-01	3.36e-03	0.00e+00	0.00e+00	0.00e+00	0.00e+00	0.00e+00	1.36e-05	7.24e-06	2.44e-06
 2.20689e+16	3.12e-05	1.17e-02	9.85e-01	3.04e-03	0.00e+00	0.00e+00	0.00e+00	0.00e+00	0.00e+00	1.81e-05	9.63e-06	3.24e-06
 2.22994e+16	3.98e-05	1.31e-02	9.84e-01	2.79e-03	0.00e+00	0.00e+00	0.00e+00	0.00e+00	0.00e+00	2.31e-05	1.23e-05	4.13e-06
 2.24697e+16	4.80e-05	1.43e-02	9.83e-01	2.60e-03	0.00e+00	0.00e+00	0.00e+00	0.00e+00	0.00e+00	2.79e-05	1.48e-05	4.98e-06
 2.25796e+16	5.45e-05	1.51e-02	9.82e-01	2.48e-03	0.00e+00	0.00e+00	0.00e+00	0.00e+00	0.00e+00	3.17e-05	1.68e-05	5.65e-06
 2.26894e+16	6.21e-05	1.61e-02	9.81e-01	2.36e-03	0.00e+00	0.00e+00	0.00e+00	0.00e+00	0.00e+00	3.61e-05	1.91e-05	6.43e-06
 2.28322e+16	7.41e-05	1.75e-02	9.80e-01	2.19e-03	0.00e+00	0.00e+00	0.00e+00	0.00e+00	0.00e+00	4.31e-05	2.28e-05	7.68e-06
 2.29800e+16	8.93e-05	1.91e-02	9.79e-01	2.03e-03	0.00e+00	0.00e+00	0.00e+00	0.00e+00	0.00e+00	5.19e-05	2.75e-05	9.25e-06
 2.30997e+16	1.05e-04	2.07e-02	9.77e-01	1.90e-03	0.00e+00	0.00e+00	0.00e+00	0.00e+00	0.00e+00	6.09e-05	3.23e-05	1.08e-05
 2.32020e+16	1.21e-04	2.22e-02	9.76e-01	1.79e-03	0.00e+00	0.00e+00	0.00e+00	0.00e+00	0.00e+00	7.01e-05	3.72e-05	1.25e-05
 2.33160e+16	1.42e-04	2.40e-02	9.74e-01	1.67e-03	0.00e+00	0.00e+00	0.00e+00	0.00e+00	0.00e+00	8.25e-05	4.37e-05	1.47e-05
 2.34293e+16	1.68e-04	2.62e-02	9.72e-01	1.55e-03	0.00e+00	0.00e+00	0.00e+00	0.00e+00	0.00e+00	9.75e-05	5.16e-05	1.74e-05
 2.35139e+16	1.91e-04	2.79e-02	9.70e-01	1.46e-03	0.00e+00	0.00e+00	0.00e+00	0.00e+00	0.00e+00	1.11e-04	5.88e-05	1.98e-05
 2.35849e+16	2.14e-04	2.96e-02	9.69e-01	1.39e-03	0.00e+00	0.00e+00	0.00e+00	0.00e+00	0.00e+00	1.24e-04	6.58e-05	2.21e-05
 2.36658e+16	2.44e-04	3.17e-02	9.67e-01	1.31e-03	0.00e+00	0.00e+00	0.00e+00	0.00e+00	0.00e+00	1.42e-04	7.51e-05	2.52e-05
 2.37555e+16	2.83e-04	3.42e-02	9.64e-01	1.22e-03	0.00e+00	0.00e+00	0.00e+00	0.00e+00	0.00e+00	1.65e-04	8.73e-05	2.93e-05
 2.38357e+16	3.26e-04	3.68e-02	9.62e-01	1.14e-03	0.00e+00	0.00e+00	0.00e+00	0.00e+00	0.00e+00	1.89e-04	1.00e-04	3.37e-05
 2.39051e+16	3.68e-04	3.93e-02	9.59e-01	1.08e-03	0.00e+00	0.00e+00	0.00e+00	0.00e+00	0.00e+00	2.14e-04	1.13e-04	3.81e-05
 2.39812e+16	4.24e-04	4.24e-02	9.56e-01	1.00e-03	0.00e+00	0.00e+00	0.00e+00	0.00e+00	0.00e+00	2.47e-04	1.31e-04	4.39e-05
 2.40626e+16	4.96e-04	4.60e-02	9.53e-01	9.29e-04	0.00e+00	0.00e+00	0.00e+00	0.00e+00	0.00e+00	2.88e-04	1.53e-04	5.13e-05
 2.41320e+16	5.68e-04	4.95e-02	9.49e-01	8.68e-04	0.00e+00	0.00e+00	0.00e+00	0.00e+00	0.00e+00	3.31e-04	1.75e-04	5.88e-05
 2.41923e+16	6.42e-04	5.29e-02	9.46e-01	8.16e-04	0.00e+00	0.00e+00	0.00e+00	0.00e+00	0.00e+00	3.74e-04	1.98e-04	6.64e-05
 2.42593e+16	7.40e-04	5.72e-02	9.41e-01	7.58e-04	0.00e+00	0.00e+00	0.00e+00	0.00e+00	0.00e+00	4.31e-04	2.28e-04	7.65e-05
