#depth	He	He+	He+2
 1.49634e+10	8.90e-23	6.28e-12	1.00e+00
 4.54887e+10	1.00e-22	6.80e-12	1.00e+00
 7.72350e+10	1.13e-22	7.37e-12	1.00e+00
 1.10251e+11	1.27e-22	7.99e-12	1.00e+00
 1.41998e+11	1.42e-22	8.61e-12	1.00e+00
 1.71573e+11	1.57e-22	9.21e-12	1.00e+00
 2.04921e+11	1.75e-22	9.92e-12	1.00e+00
 2.43045e+11	1.98e-22	1.08e-11	1.00e+00
 2.81207e+11	2.23e-22	1.16e-11	1.00e+00
 3.20895e+11	2.52e-22	1.26e-11	1.00e+00
 3.63658e+11	2.87e-22	1.37e-11	1.00e+00
 4.08131e+11	3.26e-22	1.48e-11	1.00e+00
 4.54383e+11	3.72e-22	1.61e-11	1.00e+00
 5.02485e+11	4.24e-22	1.75e-11	1.00e+00
 5.52511e+11	4.85e-22	1.90e-11	1.00e+00
 6.04538e+11	5.55e-22	2.07e-11	1.00e+00
 6.58647e+11	6.36e-22	2.25e-11	1.00e+00
 7.14919e+11	7.30e-22	2.45e-11	1.00e+00
 7.67829e+11	8.29e-22	2.64e-11	1.00e+00
 8.15144e+11	9.25e-22	2.82e-11	1.00e+00
 8.68258e+11	1.04e-21	3.04e-11	1.00e+00
 9.31208e+11	1.20e-21	3.30e-11	1.00e+00
 9.94476e+11	1.37e-21	3.58e-11	1.00e+00
 1.05385e+12	1.55e-21	3.85e-11	1.00e+00
 1.11951e+12	1.76e-21	4.17e-11	1.00e+00
 1.19421e+12	2.04e-21	4.55e-11	1.00e+00
 1.26877e+12	2.35e-21	4.94e-11	1.00e+00
 1.34630e+12	2.71e-21	5.38e-11	1.00e+00
 1.43008e+12	3.14e-21	5.88e-11	1.00e+00
 1.51721e+12	3.64e-21	6.43e-11	1.00e+00
 1.59938e+12	4.18e-21	6.97e-11	1.00e+00
 1.67336e+12	4.70e-21	7.48e-11	1.00e+00
 1.75668e+12	5.34e-21	8.09e-11	1.00e+00
 1.85482e+12	6.19e-21	8.85e-11	1.00e+00
 1.95287e+12	7.14e-21	9.65e-11	1.00e+00
 2.04522e+12	8.12e-21	1.04e-10	1.00e+00
 2.14733e+12	9.30e-21	1.14e-10	1.00e+00
 2.26315e+12	1.08e-20	1.25e-10	1.00e+00
 2.37769e+12	1.25e-20	1.36e-10	1.00e+00
 2.49681e+12	1.44e-20	1.49e-10	1.00e+00
 2.62661e+12	1.67e-20	1.64e-10	1.00e+00
 2.75766e+12	1.93e-20	1.80e-10	1.00e+00
 2.89394e+12	2.22e-20	1.98e-10	1.00e+00
 3.03450e+12	2.56e-20	2.18e-10	1.00e+00
 3.17255e+12	2.93e-20	2.38e-10	1.00e+00
 3.32125e+12	3.35e-20	2.61e-10	1.00e+00
 3.48403e+12	3.87e-20	2.89e-10	1.00e+00
 3.65332e+12	4.46e-20	3.19e-10	1.00e+00
 3.82938e+12	5.13e-20	3.53e-10	1.00e+00
 4.01248e+12	5.89e-20	3.90e-10	1.00e+00
 4.17806e+12	6.64e-20	4.27e-10	1.00e+00
 4.31598e+12	7.30e-20	4.58e-10	1.00e+00
 4.46704e+12	8.06e-20	4.95e-10	1.00e+00
 4.65844e+12	9.11e-20	5.44e-10	1.00e+00
 4.85816e+12	1.03e-19	5.99e-10	1.00e+00
 5.02762e+12	1.14e-19	6.48e-10	1.00e+00
 5.20183e+12	1.25e-19	7.00e-10	1.00e+00
 5.42127e+12	1.41e-19	7.71e-10	1.00e+00
 5.64425e+12	1.58e-19	8.47e-10	1.00e+00
 5.83539e+12	1.73e-19	9.16e-10	1.00e+00
 6.04042e+12	1.91e-19	9.93e-10	1.00e+00
 6.29439e+12	2.14e-19	1.09e-09	1.00e+00
 6.55488e+12	2.40e-19	1.20e-09	1.00e+00
 6.78921e+12	2.65e-19	1.31e-09	1.00e+00
 7.04663e+12	2.95e-19	1.43e-09	1.00e+00
 7.35093e+12	3.34e-19	1.58e-09	1.00e+00
 7.65586e+12	3.76e-19	1.74e-09	1.00e+00
 7.94491e+12	4.20e-19	1.90e-09	1.00e+00
 8.26456e+12	4.75e-19	2.08e-09	1.00e+00
 8.62507e+12	5.43e-19	2.30e-09	1.00e+00
 8.98489e+12	6.20e-19	2.54e-09	1.00e+00
 9.30278e+12	6.95e-19	2.75e-09	1.00e+00
 9.56934e+12	7.65e-19	2.94e-09	1.00e+00
 9.85615e+12	8.46e-19	3.15e-09	1.00e+00
 1.02290e+13	9.64e-19	3.44e-09	1.00e+00
 1.06191e+13	1.10e-18	3.75e-09	1.00e+00
 1.09518e+13	1.23e-18	4.03e-09	1.00e+00
 1.13046e+13	1.39e-18	4.33e-09	1.00e+00
 1.17490e+13	1.61e-18	4.74e-09	1.00e+00
 1.22068e+13	1.86e-18	5.18e-09	1.00e+00
 1.26091e+13	2.11e-18	5.58e-09	1.00e+00
 1.30452e+13	2.41e-18	6.04e-09	1.00e+00
 1.35277e+13	2.79e-18	6.56e-09	1.00e+00
 1.39740e+13	3.19e-18	7.07e-09	1.00e+00
 1.44577e+13	3.66e-18	7.64e-09	1.00e+00
 1.49961e+13	4.26e-18	8.31e-09	1.00e+00
 1.54990e+13	4.89e-18	8.96e-09	1.00e+00
 1.60461e+13	5.65e-18	9.69e-09	1.00e+00
 1.66545e+13	6.62e-18	1.06e-08	1.00e+00
 1.72231e+13	7.63e-18	1.14e-08	1.00e+00
 1.78426e+13	8.87e-18	1.23e-08	1.00e+00
 1.85347e+13	1.04e-17	1.34e-08	1.00e+00
 1.91865e+13	1.21e-17	1.45e-08	1.00e+00
 1.98992e+13	1.42e-17	1.57e-08	1.00e+00
 2.06974e+13	1.68e-17	1.72e-08	1.00e+00
 2.14538e+13	1.96e-17	1.86e-08	1.00e+00
 2.22661e+13	2.29e-17	2.02e-08	1.00e+00
 2.31866e+13	2.73e-17	2.21e-08	1.00e+00
 2.40955e+13	3.23e-17	2.41e-08	1.00e+00
 2.50407e+13	3.80e-17	2.62e-08	1.00e+00
 2.60723e+13	4.52e-17	2.86e-08	1.00e+00
 2.71451e+13	5.36e-17	3.12e-08	1.00e+00
 2.81580e+13	6.28e-17	3.38e-08	1.00e+00
 2.90644e+13	7.18e-17	3.62e-08	1.00e+00
 2.99129e+13	8.12e-17	3.85e-08	1.00e+00
 3.08515e+13	9.25e-17	4.11e-08	1.00e+00
 3.19061e+13	1.06e-16	4.41e-08	1.00e+00
 3.29116e+13	1.21e-16	4.71e-08	1.00e+00
 3.40189e+13	1.39e-16	5.06e-08	1.00e+00
 3.52530e+13	1.62e-16	5.45e-08	1.00e+00
 3.63931e+13	1.85e-16	5.83e-08	1.00e+00
 3.74548e+13	2.08e-16	6.19e-08	1.00e+00
 3.86733e+13	2.38e-16	6.61e-08	1.00e+00
 4.01641e+13	2.77e-16	7.15e-08	1.00e+00
 4.16484e+13	3.22e-16	7.71e-08	1.00e+00
 4.29353e+13	3.65e-16	8.21e-08	1.00e+00
 4.43264e+13	4.16e-16	8.76e-08	1.00e+00
 4.60299e+13	4.84e-16	9.46e-08	1.00e+00
 4.77674e+13	5.61e-16	1.02e-07	1.00e+00
 4.93456e+13	6.39e-16	1.09e-07	1.00e+00
 5.10887e+13	7.34e-16	1.17e-07	1.00e+00
 5.31304e+13	8.58e-16	1.26e-07	1.00e+00
 5.51425e+13	9.95e-16	1.36e-07	1.00e+00
 5.70279e+13	1.14e-15	1.45e-07	1.00e+00
 5.91318e+13	1.31e-15	1.56e-07	1.00e+00
 6.15270e+13	1.53e-15	1.69e-07	1.00e+00
 6.39089e+13	1.77e-15	1.82e-07	1.00e+00
 6.63862e+13	2.06e-15	1.97e-07	1.00e+00
 6.90715e+13	2.40e-15	2.12e-07	1.00e+00
 7.18643e+13	2.80e-15	2.30e-07	1.00e+00
 7.47688e+13	3.26e-15	2.48e-07	1.00e+00
 7.75864e+13	3.77e-15	2.67e-07	1.00e+00
 8.02454e+13	4.29e-15	2.85e-07	1.00e+00
 8.27637e+13	4.83e-15	3.03e-07	1.00e+00
 8.55147e+13	5.48e-15	3.23e-07	1.00e+00
 8.85693e+13	6.29e-15	3.46e-07	1.00e+00
 9.14264e+13	7.11e-15	3.68e-07	1.00e+00
 9.45482e+13	8.08e-15	3.93e-07	1.00e+00
 9.82539e+13	9.38e-15	4.24e-07	1.00e+00
 1.01902e+14	1.08e-14	4.56e-07	1.00e+00
 1.05224e+14	1.22e-14	4.86e-07	1.00e+00
 1.08939e+14	1.40e-14	5.20e-07	1.00e+00
 1.13274e+14	1.63e-14	5.63e-07	1.00e+00
 1.17632e+14	1.88e-14	6.06e-07	1.00e+00
 1.21565e+14	2.14e-14	6.48e-07	1.00e+00
 1.25178e+14	2.39e-14	6.86e-07	1.00e+00
 1.29323e+14	2.72e-14	7.33e-07	1.00e+00
 1.34315e+14	3.14e-14	7.90e-07	1.00e+00
 1.39267e+14	3.62e-14	8.51e-07	1.00e+00
 1.43684e+14	4.09e-14	9.06e-07	1.00e+00
 1.48547e+14	4.65e-14	9.69e-07	1.00e+00
 1.54336e+14	5.38e-14	1.05e-06	1.00e+00
 1.60074e+14	6.21e-14	1.13e-06	1.00e+00
 1.65300e+14	7.02e-14	1.20e-06	1.00e+00
 1.71116e+14	8.03e-14	1.29e-06	1.00e+00
 1.77907e+14	9.32e-14	1.40e-06	1.00e+00
 1.84594e+14	1.07e-13	1.51e-06	1.00e+00
 1.90892e+14	1.22e-13	1.61e-06	1.00e+00
 1.97901e+14	1.40e-13	1.74e-06	1.00e+00
 2.05847e+14	1.63e-13	1.88e-06	1.00e+00
 2.13772e+14	1.87e-13	2.03e-06	1.00e+00
 2.21149e+14	2.13e-13	2.18e-06	1.00e+00
 2.29161e+14	2.43e-13	2.34e-06	1.00e+00
 2.38357e+14	2.82e-13	2.53e-06	1.00e+00
 2.47291e+14	3.23e-13	2.73e-06	1.00e+00
 2.55474e+14	3.64e-13	2.92e-06	1.00e+00
 2.62876e+14	4.05e-13	3.09e-06	1.00e+00
 2.70845e+14	4.52e-13	3.28e-06	1.00e+00
 2.79838e+14	5.09e-13	3.51e-06	1.00e+00
 2.88480e+14	5.69e-13	3.73e-06	1.00e+00
 2.98031e+14	6.40e-13	3.99e-06	1.00e+00
 3.08627e+14	7.26e-13	4.28e-06	1.00e+00
 3.18518e+14	8.12e-13	4.56e-06	1.00e+00
 3.29311e+14	9.16e-13	4.89e-06	1.00e+00
 3.41345e+14	1.04e-12	5.25e-06	1.00e+00
 3.52626e+14	1.17e-12	5.62e-06	1.00e+00
 3.64928e+14	1.32e-12	6.02e-06	1.00e+00
 3.78571e+14	1.50e-12	6.50e-06	1.00e+00
 3.91220e+14	1.69e-12	6.94e-06	1.00e+00
 4.04927e+14	1.90e-12	7.45e-06	1.00e+00
 4.20260e+14	2.16e-12	8.04e-06	1.00e+00
 4.34673e+14	2.44e-12	8.61e-06	1.00e+00
 4.50346e+14	2.76e-12	9.27e-06	1.00e+00
 4.67788e+14	3.15e-12	1.00e-05	1.00e+00
 4.84262e+14	3.56e-12	1.08e-05	1.00e+00
 5.01997e+14	4.02e-12	1.16e-05	1.00e+00
 5.22107e+14	4.62e-12	1.26e-05	1.00e+00
 5.41723e+14	5.25e-12	1.36e-05	1.00e+00
 5.62123e+14	5.97e-12	1.47e-05	1.00e+00
 5.84638e+14	6.85e-12	1.60e-05	1.00e+00
 6.07215e+14	7.84e-12	1.74e-05	1.00e+00
 6.25919e+14	8.72e-12	1.85e-05	1.00e+00
 6.40382e+14	9.46e-12	1.94e-05	1.00e+00
 6.56156e+14	1.03e-11	2.05e-05	1.00e+00
 6.76661e+14	1.15e-11	2.19e-05	1.00e+00
 6.98900e+14	1.29e-11	2.35e-05	1.00e+00
 7.18965e+14	1.43e-11	2.50e-05	1.00e+00
 7.40622e+14	1.60e-11	2.67e-05	1.00e+00
 7.67935e+14	1.82e-11	2.89e-05	1.00e+00
 7.95442e+14	2.07e-11	3.12e-05	1.00e+00
 8.18698e+14	2.30e-11	3.33e-05	1.00e+00
 8.43585e+14	2.56e-11	3.55e-05	1.00e+00
 8.74820e+14	2.93e-11	3.86e-05	1.00e+00
 9.07077e+14	3.37e-11	4.19e-05	1.00e+00
 9.35481e+14	3.78e-11	4.48e-05	1.00e+00
 9.66106e+14	4.24e-11	4.82e-05	1.00e+00
 1.00310e+15	4.92e-11	5.25e-05	1.00e+00
 1.03976e+15	5.66e-11	5.70e-05	1.00e+00
 1.07225e+15	6.34e-11	6.11e-05	1.00e+00
 1.10793e+15	7.14e-11	6.58e-05	1.00e+00
 1.15067e+15	8.31e-11	7.17e-05	1.00e+00
 1.19326e+15	9.57e-11	7.79e-05	1.00e+00
 1.23210e+15	1.07e-10	8.37e-05	1.00e+00
 1.27543e+15	1.24e-10	9.06e-05	1.00e+00
 1.32593e+15	1.44e-10	9.90e-05	1.00e+00
 1.37564e+15	1.67e-10	1.08e-04	1.00e+00
 1.42263e+15	1.88e-10	1.16e-04	1.00e+00
 1.47487e+15	2.19e-10	1.26e-04	1.00e+00
 1.52427e+15	2.49e-10	1.36e-04	1.00e+00
 1.56101e+15	2.74e-10	1.43e-04	1.00e+00
 1.59843e+15	3.00e-10	1.51e-04	1.00e+00
 1.64708e+15	3.35e-10	1.62e-04	1.00e+00
 1.70005e+15	3.84e-10	1.74e-04	1.00e+00
 1.74784e+15	4.27e-10	1.85e-04	1.00e+00
 1.79918e+15	4.76e-10	1.98e-04	1.00e+00
 1.86477e+15	5.55e-10	2.14e-04	1.00e+00
 1.93110e+15	6.40e-10	2.32e-04	1.00e+00
 1.98638e+15	7.16e-10	2.47e-04	1.00e+00
 2.04509e+15	8.05e-10	2.64e-04	1.00e+00
 2.11985e+15	9.31e-10	2.86e-04	1.00e+00
 2.19881e+15	1.06e-09	3.10e-04	1.00e+00
 2.26959e+15	1.21e-09	3.33e-04	1.00e+00
 2.34642e+15	1.40e-09	3.59e-04	1.00e+00
 2.43766e+15	1.64e-09	3.91e-04	1.00e+00
 2.52741e+15	1.89e-09	4.24e-04	1.00e+00
 2.60889e+15	2.16e-09	4.55e-04	1.00e+00
 2.69982e+15	2.45e-09	4.90e-04	1.00e+00
 2.80625e+15	2.91e-09	5.35e-04	9.99e-01
 2.91130e+15	3.38e-09	5.80e-04	9.99e-01
 3.01038e+15	3.88e-09	6.24e-04	9.99e-01
 3.12066e+15	4.44e-09	6.76e-04	9.99e-01
 3.24552e+15	5.33e-09	7.38e-04	9.99e-01
 3.35009e+15	6.06e-09	7.91e-04	9.99e-01
 3.42509e+15	6.64e-09	8.30e-04	9.99e-01
 3.50347e+15	7.29e-09	8.73e-04	9.99e-01
 3.60538e+15	8.09e-09	9.29e-04	9.99e-01
 3.71915e+15	9.36e-09	9.96e-04	9.99e-01
 3.82544e+15	1.05e-08	1.06e-03	9.99e-01
 3.94071e+15	1.17e-08	1.13e-03	9.99e-01
 4.07024e+15	1.36e-08	1.21e-03	9.99e-01
 4.19274e+15	1.53e-08	1.29e-03	9.99e-01
 4.32642e+15	1.72e-08	1.39e-03	9.99e-01
 4.47648e+15	2.02e-08	1.50e-03	9.99e-01
 4.61849e+15	2.30e-08	1.60e-03	9.98e-01
 4.77375e+15	2.60e-08	1.72e-03	9.98e-01
 4.94516e+15	3.07e-08	1.86e-03	9.98e-01
 5.10299e+15	3.50e-08	1.99e-03	9.98e-01
 5.27358e+15	4.00e-08	2.14e-03	9.98e-01
 5.46324e+15	4.58e-08	2.32e-03	9.98e-01
 5.64176e+15	5.35e-08	2.49e-03	9.98e-01
 5.83792e+15	6.15e-08	2.69e-03	9.97e-01
 6.05356e+15	7.07e-08	2.92e-03	9.97e-01
 6.24683e+15	8.11e-08	3.14e-03	9.97e-01
 6.42184e+15	9.16e-08	3.34e-03	9.97e-01
 6.62081e+15	1.06e-07	3.59e-03	9.96e-01
 6.86795e+15	1.22e-07	3.90e-03	9.96e-01
 7.11612e+15	1.46e-07	4.24e-03	9.96e-01
 7.30225e+15	1.63e-07	4.51e-03	9.95e-01
 7.46931e+15	1.80e-07	4.76e-03	9.95e-01
 7.68650e+15	2.04e-07	5.10e-03	9.95e-01
 7.91836e+15	2.35e-07	5.49e-03	9.95e-01
 8.12113e+15	2.63e-07	5.84e-03	9.94e-01
 8.33656e+15	2.95e-07	6.24e-03	9.94e-01
 8.61662e+15	3.48e-07	6.81e-03	9.93e-01
 8.89397e+15	3.99e-07	7.39e-03	9.93e-01
 9.11275e+15	4.45e-07	7.88e-03	9.92e-01
 9.34213e+15	5.03e-07	8.45e-03	9.92e-01
 9.64032e+15	6.03e-07	9.26e-03	9.91e-01
 9.93601e+15	6.94e-07	1.01e-02	9.90e-01
 1.01676e+16	7.76e-07	1.08e-02	9.89e-01
 1.04080e+16	8.80e-07	1.16e-02	9.88e-01
 1.06737e+16	1.03e-06	1.27e-02	9.87e-01
 1.09134e+16	1.17e-06	1.36e-02	9.86e-01
 1.11322e+16	1.32e-06	1.46e-02	9.85e-01
 1.13829e+16	1.50e-06	1.59e-02	9.84e-01
 1.16521e+16	1.74e-06	1.74e-02	9.83e-01
 1.18862e+16	1.99e-06	1.88e-02	9.81e-01
 1.20962e+16	2.22e-06	2.03e-02	9.80e-01
 1.23338e+16	2.62e-06	2.22e-02	9.78e-01
 1.25831e+16	2.98e-06	2.43e-02	9.76e-01
 1.28033e+16	3.51e-06	2.66e-02	9.73e-01
 1.30036e+16	4.00e-06	2.89e-02	9.71e-01
 1.31828e+16	4.53e-06	3.13e-02	9.69e-01
 1.33491e+16	5.09e-06	3.38e-02	9.66e-01
 1.35382e+16	5.74e-06	3.70e-02	9.63e-01
 1.37839e+16	7.07e-06	4.20e-02	9.58e-01
 1.40192e+16	8.57e-06	4.76e-02	9.52e-01
 1.41862e+16	9.79e-06	5.25e-02	9.48e-01
 1.43486e+16	1.14e-05	5.82e-02	9.42e-01
 1.45293e+16	1.36e-05	6.56e-02	9.34e-01
 1.46925e+16	1.66e-05	7.38e-02	9.26e-01
 1.48257e+16	1.93e-05	8.16e-02	9.18e-01
 1.49613e+16	2.26e-05	9.14e-02	9.09e-01
 1.51109e+16	2.76e-05	1.04e-01	8.96e-01
 1.52309e+16	3.23e-05	1.16e-01	8.84e-01
 1.53190e+16	3.66e-05	1.27e-01	8.73e-01
 1.54134e+16	4.15e-05	1.40e-01	8.60e-01
 1.55361e+16	5.17e-05	1.61e-01	8.39e-01
 1.56332e+16	6.02e-05	1.79e-01	8.21e-01
 1.56798e+16	6.52e-05	1.90e-01	8.10e-01
 1.57231e+16	7.05e-05	2.01e-01	7.99e-01
 1.57793e+16	7.73e-05	2.16e-01	7.84e-01
 1.58525e+16	8.97e-05	2.38e-01	7.62e-01
 1.59203e+16	1.02e-04	2.60e-01	7.40e-01
 1.59686e+16	1.12e-04	2.77e-01	7.23e-01
 1.60185e+16	1.24e-04	2.98e-01	7.02e-01
 1.60834e+16	1.42e-04	3.26e-01	6.74e-01
 1.61475e+16	1.61e-04	3.57e-01	6.43e-01
 1.61972e+16	1.78e-04	3.83e-01	6.17e-01
 1.62485e+16	1.98e-04	4.12e-01	5.88e-01
 1.63050e+16	2.22e-04	4.45e-01	5.55e-01
 1.63581e+16	2.47e-04	4.77e-01	5.23e-01
 1.64169e+16	2.77e-04	5.15e-01	4.85e-01
 1.64800e+16	3.11e-04	5.55e-01	4.44e-01
 1.65368e+16	3.44e-04	5.93e-01	4.07e-01
 1.65988e+16	3.83e-04	6.33e-01	3.67e-01
 1.66678e+16	4.25e-04	6.75e-01	3.24e-01
 1.67347e+16	4.68e-04	7.14e-01	2.86e-01
 1.68104e+16	5.17e-04	7.55e-01	2.45e-01
 1.69089e+16	5.80e-04	8.01e-01	1.99e-01
 1.70127e+16	6.41e-04	8.40e-01	1.60e-01
 1.71074e+16	6.95e-04	8.69e-01	1.30e-01
 1.72144e+16	7.53e-04	8.96e-01	1.03e-01
 1.73147e+16	8.03e-04	9.15e-01	8.45e-02
 1.73848e+16	8.37e-04	9.26e-01	7.36e-02
 1.74547e+16	8.72e-04	9.35e-01	6.38e-02
 1.75455e+16	9.15e-04	9.46e-01	5.33e-02
 1.76451e+16	9.64e-04	9.55e-01	4.42e-02
 1.77347e+16	1.01e-03	9.61e-01	3.78e-02
 1.78165e+16	1.05e-03	9.66e-01	3.27e-02
 1.79097e+16	1.10e-03	9.71e-01	2.78e-02
 1.80132e+16	1.15e-03	9.75e-01	2.35e-02
 1.81063e+16	1.21e-03	9.78e-01	2.03e-02
 1.81809e+16	1.25e-03	9.81e-01	1.82e-02
 1.82441e+16	1.30e-03	9.82e-01	1.65e-02
 1.83151e+16	1.34e-03	9.84e-01	1.49e-02
 1.83946e+16	1.41e-03	9.85e-01	1.32e-02
 1.84673e+16	1.46e-03	9.87e-01	1.20e-02
 1.85310e+16	1.52e-03	9.87e-01	1.10e-02
 1.86011e+16	1.58e-03	9.88e-01	9.95e-03
 1.86766e+16	1.66e-03	9.89e-01	9.01e-03
 1.87419e+16	1.73e-03	9.90e-01	8.31e-03
 1.87980e+16	1.80e-03	9.90e-01	7.73e-03
 1.88595e+16	1.88e-03	9.91e-01	7.13e-03
 1.89276e+16	1.98e-03	9.91e-01	6.55e-03
 1.89885e+16	2.07e-03	9.92e-01	6.10e-03
 1.90406e+16	2.15e-03	9.92e-01	5.73e-03
 1.90972e+16	2.26e-03	9.92e-01	5.34e-03
 1.91597e+16	2.38e-03	9.93e-01	4.97e-03
 1.92152e+16	2.50e-03	9.93e-01	4.67e-03
 1.92630e+16	2.61e-03	9.93e-01	4.42e-03
 1.93154e+16	2.75e-03	9.93e-01	4.15e-03
 1.93730e+16	2.92e-03	9.93e-01	3.89e-03
 1.94243e+16	3.08e-03	9.93e-01	3.69e-03
 1.94692e+16	3.23e-03	9.93e-01	3.51e-03
 1.95188e+16	3.42e-03	9.93e-01	3.32e-03
 1.95730e+16	3.65e-03	9.93e-01	3.13e-03
 1.96216e+16	3.89e-03	9.93e-01	2.98e-03
 1.96651e+16	4.12e-03	9.93e-01	2.84e-03
 1.97135e+16	4.41e-03	9.93e-01	2.70e-03
 1.97671e+16	4.77e-03	9.93e-01	2.55e-03
 1.98158e+16	5.15e-03	9.92e-01	2.43e-03
 1.98604e+16	5.55e-03	9.92e-01	2.32e-03
 1.99111e+16	6.07e-03	9.92e-01	2.20e-03
 1.99653e+16	6.73e-03	9.91e-01	2.09e-03
 2.00107e+16	7.39e-03	9.91e-01	2.00e-03
 2.00485e+16	8.03e-03	9.90e-01	1.93e-03
 2.00829e+16	8.68e-03	9.89e-01	1.87e-03
 2.01157e+16	9.42e-03	9.89e-01	1.81e-03
 2.01479e+16	1.03e-02	9.88e-01	1.76e-03
 2.01788e+16	1.12e-02	9.87e-01	1.71e-03
 2.02079e+16	1.22e-02	9.86e-01	1.67e-03
 2.02355e+16	1.33e-02	9.85e-01	1.63e-03
 2.02621e+16	1.45e-02	9.84e-01	1.59e-03
 2.02878e+16	1.59e-02	9.83e-01	1.56e-03
 2.03125e+16	1.75e-02	9.81e-01	1.53e-03
 2.03361e+16	1.92e-02	9.79e-01	1.50e-03
 2.03588e+16	2.11e-02	9.77e-01	1.49e-03
 2.03810e+16	2.32e-02	9.75e-01	1.47e-03
 2.04030e+16	2.58e-02	9.73e-01	1.45e-03
 2.04240e+16	2.87e-02	9.70e-01	1.44e-03
 2.04440e+16	3.18e-02	9.67e-01	1.43e-03
 2.04635e+16	3.55e-02	9.63e-01	1.42e-03
 2.04826e+16	3.97e-02	9.59e-01	1.42e-03
 2.05008e+16	4.44e-02	9.54e-01	1.42e-03
 2.05178e+16	4.95e-02	9.49e-01	1.43e-03
 2.05339e+16	5.50e-02	9.44e-01	1.44e-03
 2.05505e+16	6.18e-02	9.37e-01	1.46e-03
 2.05669e+16	6.96e-02	9.29e-01	1.48e-03
 2.05814e+16	7.79e-02	9.21e-01	1.49e-03
 2.05946e+16	8.61e-02	9.12e-01	1.52e-03
 2.06065e+16	9.50e-02	9.03e-01	1.54e-03
 2.06177e+16	1.04e-01	8.94e-01	1.57e-03
 2.06283e+16	1.14e-01	8.85e-01	1.60e-03
 2.06380e+16	1.24e-01	8.75e-01	1.63e-03
 2.06455e+16	1.32e-01	8.67e-01	1.65e-03
 2.06504e+16	1.37e-01	8.61e-01	1.67e-03
 2.06550e+16	1.43e-01	8.55e-01	1.68e-03
 2.06604e+16	1.51e-01	8.48e-01	1.70e-03
 2.06662e+16	1.59e-01	8.39e-01	1.71e-03
 2.06716e+16	1.67e-01	8.32e-01	1.74e-03
 2.06768e+16	1.75e-01	8.23e-01	1.75e-03
 2.06820e+16	1.83e-01	8.15e-01	1.77e-03
 2.06871e+16	1.92e-01	8.06e-01	1.79e-03
 2.06923e+16	2.02e-01	7.96e-01	1.81e-03
 2.06974e+16	2.12e-01	7.87e-01	1.83e-03
 2.07023e+16	2.22e-01	7.77e-01	1.85e-03
 2.07073e+16	2.32e-01	7.66e-01	1.87e-03
 2.07122e+16	2.43e-01	7.55e-01	1.89e-03
 2.07171e+16	2.55e-01	7.43e-01	1.90e-03
 2.07219e+16	2.66e-01	7.32e-01	1.93e-03
 2.07266e+16	2.79e-01	7.20e-01	1.94e-03
 2.07314e+16	2.91e-01	7.07e-01	1.96e-03
 2.07360e+16	3.04e-01	6.94e-01	1.97e-03
 2.07405e+16	3.17e-01	6.81e-01	1.99e-03
 2.07451e+16	3.31e-01	6.67e-01	2.00e-03
 2.07496e+16	3.45e-01	6.53e-01	2.02e-03
 2.07541e+16	3.59e-01	6.39e-01	2.03e-03
 2.07585e+16	3.74e-01	6.24e-01	2.04e-03
 2.07629e+16	3.89e-01	6.09e-01	2.05e-03
 2.07671e+16	4.04e-01	5.94e-01	2.06e-03
 2.07714e+16	4.19e-01	5.78e-01	2.07e-03
 2.07756e+16	4.35e-01	5.63e-01	2.07e-03
 2.07798e+16	4.51e-01	5.47e-01	2.07e-03
 2.07839e+16	4.67e-01	5.31e-01	2.08e-03
 2.07879e+16	4.82e-01	5.16e-01	2.08e-03
 2.07919e+16	4.98e-01	5.00e-01	2.08e-03
 2.07957e+16	5.13e-01	4.85e-01	2.08e-03
 2.07995e+16	5.28e-01	4.70e-01	2.07e-03
 2.08033e+16	5.43e-01	4.55e-01	2.06e-03
 2.08070e+16	5.58e-01	4.40e-01	2.06e-03
 2.08106e+16	5.73e-01	4.25e-01	2.04e-03
 2.08141e+16	5.88e-01	4.10e-01	2.03e-03
 2.08176e+16	6.02e-01	3.96e-01	2.02e-03
 2.08211e+16	6.16e-01	3.82e-01	2.00e-03
 2.08245e+16	6.29e-01	3.69e-01	1.98e-03
 2.08278e+16	6.43e-01	3.55e-01	1.97e-03
 2.08312e+16	6.56e-01	3.42e-01	1.95e-03
 2.08344e+16	6.68e-01	3.30e-01	1.93e-03
 2.08376e+16	6.81e-01	3.18e-01	1.90e-03
 2.08408e+16	6.92e-01	3.06e-01	1.88e-03
 2.08440e+16	7.04e-01	2.94e-01	1.85e-03
 2.08472e+16	7.16e-01	2.82e-01	1.82e-03
 2.08503e+16	7.27e-01	2.71e-01	1.80e-03
 2.08534e+16	7.38e-01	2.61e-01	1.77e-03
 2.08565e+16	7.48e-01	2.50e-01	1.74e-03
 2.08597e+16	7.58e-01	2.40e-01	1.70e-03
 2.08624e+16	7.67e-01	2.31e-01	1.67e-03
 2.08645e+16	7.74e-01	2.25e-01	1.65e-03
 2.08665e+16	7.80e-01	2.18e-01	1.62e-03
 2.08686e+16	7.86e-01	2.12e-01	1.60e-03
 2.08708e+16	7.93e-01	2.06e-01	1.57e-03
 2.08729e+16	7.99e-01	2.00e-01	1.55e-03
 2.08748e+16	8.04e-01	1.94e-01	1.52e-03
 2.08768e+16	8.10e-01	1.89e-01	1.50e-03
 2.08786e+16	8.15e-01	1.84e-01	1.48e-03
 2.08805e+16	8.19e-01	1.79e-01	1.45e-03
 2.08823e+16	8.24e-01	1.75e-01	1.43e-03
 2.08840e+16	8.28e-01	1.70e-01	1.41e-03
 2.08858e+16	8.33e-01	1.66e-01	1.38e-03
 2.08875e+16	8.37e-01	1.62e-01	1.36e-03
 2.08892e+16	8.41e-01	1.58e-01	1.34e-03
 2.08908e+16	8.44e-01	1.54e-01	1.32e-03
 2.08925e+16	8.48e-01	1.51e-01	1.30e-03
 2.08941e+16	8.51e-01	1.47e-01	1.28e-03
 2.08958e+16	8.55e-01	1.44e-01	1.26e-03
 2.08974e+16	8.58e-01	1.41e-01	1.24e-03
 2.08991e+16	8.61e-01	1.37e-01	1.21e-03
 2.09007e+16	8.65e-01	1.34e-01	1.19e-03
 2.09024e+16	8.68e-01	1.31e-01	1.17e-03
 2.09041e+16	8.71e-01	1.28e-01	1.15e-03
 2.09058e+16	8.74e-01	1.25e-01	1.13e-03
 2.09076e+16	8.77e-01	1.22e-01	1.11e-03
 2.09094e+16	8.80e-01	1.19e-01	1.09e-03
 2.09113e+16	8.83e-01	1.16e-01	1.07e-03
 2.09133e+16	8.86e-01	1.13e-01	1.04e-03
 2.09156e+16	8.89e-01	1.10e-01	1.02e-03
 2.09180e+16	8.93e-01	1.06e-01	9.96e-04
 2.09207e+16	8.96e-01	1.03e-01	9.68e-04
 2.09239e+16	9.00e-01	9.90e-02	9.37e-04
 2.09274e+16	9.04e-01	9.51e-02	9.05e-04
 2.09309e+16	9.08e-01	9.14e-02	8.73e-04
 2.09344e+16	9.11e-01	8.80e-02	8.43e-04
 2.09379e+16	9.14e-01	8.48e-02	8.14e-04
 2.09413e+16	9.17e-01	8.20e-02	7.88e-04
 2.09444e+16	9.20e-01	7.96e-02	7.65e-04
 2.09472e+16	9.22e-01	7.76e-02	7.45e-04
 2.09497e+16	9.23e-01	7.58e-02	7.27e-04
 2.09525e+16	9.25e-01	7.39e-02	7.08e-04
 2.09556e+16	9.27e-01	7.22e-02	6.91e-04
 2.09583e+16	9.29e-01	7.07e-02	6.75e-04
 2.09613e+16	9.30e-01	6.90e-02	6.58e-04
 2.09646e+16	9.32e-01	6.75e-02	6.43e-04
 2.09675e+16	9.33e-01	6.62e-02	6.29e-04
 2.09708e+16	9.35e-01	6.48e-02	6.14e-04
 2.09750e+16	9.36e-01	6.32e-02	5.96e-04
 2.09796e+16	9.38e-01	6.18e-02	5.81e-04
 2.09837e+16	9.39e-01	6.05e-02	5.67e-04
 2.09875e+16	9.40e-01	5.95e-02	5.55e-04
 2.09916e+16	9.41e-01	5.84e-02	5.42e-04
 2.09970e+16	9.42e-01	5.72e-02	5.28e-04
 2.10028e+16	9.43e-01	5.61e-02	5.15e-04
 2.10081e+16	9.44e-01	5.52e-02	5.04e-04
 2.10139e+16	9.45e-01	5.42e-02	4.91e-04
 2.10214e+16	9.46e-01	5.32e-02	4.78e-04
 2.10295e+16	9.47e-01	5.23e-02	4.66e-04
 2.10369e+16	9.48e-01	5.15e-02	4.56e-04
 2.10450e+16	9.49e-01	5.07e-02	4.44e-04
 2.10555e+16	9.50e-01	4.98e-02	4.32e-04
 2.10669e+16	9.51e-01	4.91e-02	4.20e-04
 2.10773e+16	9.51e-01	4.84e-02	4.10e-04
 2.10886e+16	9.52e-01	4.77e-02	3.98e-04
 2.11008e+16	9.53e-01	4.70e-02	3.87e-04
 2.11120e+16	9.53e-01	4.64e-02	3.78e-04
 2.11242e+16	9.54e-01	4.57e-02	3.67e-04
 2.11373e+16	9.55e-01	4.51e-02	3.57e-04
 2.11493e+16	9.55e-01	4.45e-02	3.48e-04
 2.11625e+16	9.56e-01	4.38e-02	3.38e-04
 2.11766e+16	9.56e-01	4.32e-02	3.28e-04
 2.11896e+16	9.57e-01	4.26e-02	3.19e-04
 2.12013e+16	9.58e-01	4.21e-02	3.11e-04
 2.12142e+16	9.58e-01	4.15e-02	3.02e-04
 2.12281e+16	9.59e-01	4.09e-02	2.94e-04
 2.12407e+16	9.59e-01	4.03e-02	2.86e-04
 2.12522e+16	9.60e-01	3.99e-02	2.79e-04
 2.12648e+16	9.60e-01	3.93e-02	2.71e-04
 2.12784e+16	9.61e-01	3.88e-02	2.64e-04
 2.12908e+16	9.61e-01	3.83e-02	2.57e-04
 2.13044e+16	9.62e-01	3.77e-02	2.49e-04
 2.13190e+16	9.63e-01	3.71e-02	2.42e-04
 2.13324e+16	9.63e-01	3.66e-02	2.35e-04
 2.13445e+16	9.64e-01	3.62e-02	2.29e-04
 2.13578e+16	9.64e-01	3.56e-02	2.23e-04
 2.13722e+16	9.65e-01	3.51e-02	2.17e-04
 2.13852e+16	9.65e-01	3.46e-02	2.11e-04
 2.13995e+16	9.66e-01	3.41e-02	2.04e-04
 2.14150e+16	9.66e-01	3.36e-02	1.98e-04
 2.14290e+16	9.67e-01	3.31e-02	1.93e-04
 2.14445e+16	9.67e-01	3.26e-02	1.87e-04
 2.14611e+16	9.68e-01	3.21e-02	1.81e-04
 2.14762e+16	9.68e-01	3.16e-02	1.76e-04
 2.14900e+16	9.69e-01	3.12e-02	1.71e-04
 2.15051e+16	9.69e-01	3.07e-02	1.66e-04
 2.15214e+16	9.70e-01	3.02e-02	1.61e-04
 2.15362e+16	9.70e-01	2.98e-02	1.57e-04
 2.15525e+16	9.71e-01	2.93e-02	1.52e-04
 2.15700e+16	9.71e-01	2.89e-02	1.47e-04
 2.15860e+16	9.71e-01	2.84e-02	1.42e-04
 2.16005e+16	9.72e-01	2.80e-02	1.39e-04
 2.16164e+16	9.72e-01	2.76e-02	1.34e-04
 2.16336e+16	9.73e-01	2.72e-02	1.30e-04
 2.16493e+16	9.73e-01	2.68e-02	1.27e-04
 2.16664e+16	9.74e-01	2.63e-02	1.22e-04
 2.16849e+16	9.74e-01	2.59e-02	1.19e-04
 2.17017e+16	9.74e-01	2.55e-02	1.15e-04
 2.17202e+16	9.75e-01	2.51e-02	1.11e-04
 2.17401e+16	9.75e-01	2.46e-02	1.07e-04
 2.17582e+16	9.76e-01	2.42e-02	1.04e-04
 2.17747e+16	9.76e-01	2.39e-02	1.01e-04
 2.17928e+16	9.76e-01	2.35e-02	9.79e-05
 2.18123e+16	9.77e-01	2.31e-02	9.47e-05
 2.18301e+16	9.77e-01	2.27e-02	9.19e-05
 2.18495e+16	9.78e-01	2.24e-02	8.88e-05
 2.18705e+16	9.78e-01	2.20e-02	8.57e-05
 2.18896e+16	9.78e-01	2.16e-02	8.30e-05
 2.19106e+16	9.79e-01	2.12e-02	8.01e-05
 2.19332e+16	9.79e-01	2.08e-02	7.72e-05
 2.19538e+16	9.79e-01	2.05e-02	7.47e-05
 2.19725e+16	9.80e-01	2.02e-02	7.25e-05
 2.19930e+16	9.80e-01	1.98e-02	7.00e-05
 2.20152e+16	9.80e-01	1.95e-02	6.76e-05
 2.20353e+16	9.81e-01	1.92e-02	6.55e-05
 2.20574e+16	9.81e-01	1.88e-02	6.32e-05
 2.20813e+16	9.81e-01	1.84e-02	6.09e-05
 2.21030e+16	9.82e-01	1.81e-02	5.89e-05
 2.21267e+16	9.82e-01	1.78e-02	5.66e-05
 2.21524e+16	9.83e-01	1.74e-02	5.45e-05
 2.21758e+16	9.83e-01	1.71e-02	5.26e-05
 2.22014e+16	9.83e-01	1.68e-02	5.05e-05
 2.22290e+16	9.84e-01	1.64e-02	4.85e-05
 2.22542e+16	9.84e-01	1.61e-02	4.68e-05
 2.22817e+16	9.84e-01	1.58e-02	4.49e-05
 2.23115e+16	9.84e-01	1.55e-02	4.30e-05
 2.23386e+16	9.85e-01	1.52e-02	4.14e-05
 2.23632e+16	9.85e-01	1.49e-02	4.00e-05
 2.23902e+16	9.85e-01	1.46e-02	3.84e-05
 2.24193e+16	9.86e-01	1.43e-02	3.69e-05
 2.24459e+16	9.86e-01	1.40e-02	3.56e-05
 2.24749e+16	9.86e-01	1.38e-02	3.41e-05
 2.25063e+16	9.87e-01	1.35e-02	3.27e-05
 2.25349e+16	9.87e-01	1.32e-02	3.15e-05
 2.25662e+16	9.87e-01	1.29e-02	3.02e-05
 2.25999e+16	9.87e-01	1.26e-02	2.88e-05
 2.26307e+16	9.88e-01	1.24e-02	2.77e-05
 2.26644e+16	9.88e-01	1.21e-02	2.65e-05
 2.27007e+16	9.88e-01	1.18e-02	2.53e-05
 2.27338e+16	9.88e-01	1.15e-02	2.42e-05
 2.27701e+16	9.89e-01	1.13e-02	2.31e-05
 2.28092e+16	9.89e-01	1.10e-02	2.20e-05
 2.28448e+16	9.89e-01	1.08e-02	2.10e-05
 2.28839e+16	9.90e-01	1.05e-02	2.00e-05
 2.29260e+16	9.90e-01	1.02e-02	1.90e-05
 2.29644e+16	9.90e-01	9.98e-03	1.82e-05
 2.30064e+16	9.90e-01	9.71e-03	1.72e-05
 2.30518e+16	9.91e-01	9.45e-03	1.63e-05
 2.30930e+16	9.91e-01	9.23e-03	1.56e-05
 2.31383e+16	9.91e-01	8.97e-03	1.47e-05
 2.31871e+16	9.91e-01	8.72e-03	1.39e-05
 2.32316e+16	9.91e-01	8.50e-03	1.33e-05
 2.32803e+16	9.92e-01	8.26e-03	1.25e-05
 2.33329e+16	9.92e-01	8.02e-03	1.18e-05
 2.33807e+16	9.92e-01	7.81e-03	1.12e-05
 2.34331e+16	9.92e-01	7.57e-03	1.05e-05
 2.35013e+16	9.93e-01	7.28e-03	9.75e-06
 2.35794e+16	9.93e-01	6.97e-03	8.96e-06
 2.36583e+16	9.93e-01	6.68e-03	8.24e-06
 2.37385e+16	9.94e-01	6.40e-03	7.57e-06
 2.38222e+16	9.94e-01	6.12e-03	6.94e-06
 2.39093e+16	9.94e-01	5.85e-03	6.34e-06
 2.39995e+16	9.94e-01	5.58e-03	5.79e-06
 2.40929e+16	9.95e-01	5.33e-03	5.27e-06
 2.41893e+16	9.95e-01	5.08e-03	4.79e-06
 2.42877e+16	9.95e-01	4.83e-03	4.35e-06
 2.43878e+16	9.95e-01	4.61e-03	3.95e-06
 2.44896e+16	9.96e-01	4.39e-03	3.59e-06
 2.45934e+16	9.96e-01	4.17e-03	3.25e-06
 2.46991e+16	9.96e-01	3.97e-03	2.95e-06
 2.48068e+16	9.96e-01	3.78e-03	2.67e-06
 2.49164e+16	9.96e-01	3.59e-03	2.42e-06
 2.50280e+16	9.97e-01	3.42e-03	2.19e-06
 2.51401e+16	9.97e-01	3.25e-03	1.98e-06
 2.52538e+16	9.97e-01	3.09e-03	1.79e-06
 2.53716e+16	9.97e-01	2.93e-03	1.62e-06
 2.54923e+16	9.97e-01	2.78e-03	1.46e-06
 2.56150e+16	9.97e-01	2.64e-03	1.31e-06
 2.57397e+16	9.97e-01	2.50e-03	1.18e-06
 2.58666e+16	9.98e-01	2.37e-03	1.06e-06
 2.59960e+16	9.98e-01	2.25e-03	9.54e-07
 2.61280e+16	9.98e-01	2.13e-03	8.56e-07
 2.62626e+16	9.98e-01	2.01e-03	7.67e-07
 2.63999e+16	9.98e-01	1.90e-03	6.86e-07
 2.65401e+16	9.98e-01	1.80e-03	6.13e-07
 2.66831e+16	9.98e-01	1.70e-03	5.47e-07
 2.68291e+16	9.98e-01	1.60e-03	4.88e-07
 2.69782e+16	9.98e-01	1.51e-03	4.34e-07
 2.71305e+16	9.99e-01	1.42e-03	3.85e-07
 2.72863e+16	9.99e-01	1.34e-03	3.42e-07
 2.74455e+16	9.99e-01	1.26e-03	3.02e-07
 2.76085e+16	9.99e-01	1.19e-03	2.67e-07
 2.77754e+16	9.99e-01	1.11e-03	2.35e-07
 2.79464e+16	9.99e-01	1.04e-03	2.07e-07
 2.81217e+16	9.99e-01	9.77e-04	1.82e-07
 2.83017e+16	9.99e-01	9.13e-04	1.59e-07
 2.84864e+16	9.99e-01	8.53e-04	1.39e-07
 2.86763e+16	9.99e-01	7.96e-04	1.21e-07
 2.88719e+16	9.99e-01	7.42e-04	1.05e-07
 2.90703e+16	9.99e-01	6.91e-04	9.10e-08
 2.92730e+16	9.99e-01	6.43e-04	7.87e-08
 2.94861e+16	9.99e-01	5.96e-04	6.75e-08
 2.97095e+16	9.99e-01	5.50e-04	5.76e-08
 2.99407e+16	9.99e-01	5.07e-04	4.89e-08
 3.01799e+16	1.00e+00	4.67e-04	4.14e-08
 3.04287e+16	1.00e+00	4.28e-04	3.48e-08
 3.06887e+16	1.00e+00	3.91e-04	2.90e-08
 3.09610e+16	1.00e+00	3.56e-04	2.40e-08
 3.12475e+16	1.00e+00	3.23e-04	1.97e-08
 3.15497e+16	1.00e+00	2.91e-04	1.61e-08
 3.18685e+16	1.00e+00	2.62e-04	1.29e-08
 3.22091e+16	1.00e+00	2.33e-04	1.03e-08
 3.25742e+16	1.00e+00	2.07e-04	8.02e-09
 3.29650e+16	1.00e+00	1.81e-04	6.18e-09
 3.33876e+16	1.00e+00	1.58e-04	4.66e-09
 3.38502e+16	1.00e+00	1.35e-04	3.43e-09
 3.43626e+16	1.00e+00	1.14e-04	2.45e-09
 3.49376e+16	1.00e+00	9.50e-05	1.68e-09
 3.55880e+16	1.00e+00	7.70e-05	1.10e-09
 3.63279e+16	1.00e+00	6.08e-05	6.87e-10
 3.71268e+16	1.00e+00	4.74e-05	4.18e-10
 3.79280e+16	1.00e+00	3.70e-05	2.56e-10
 3.87203e+16	1.00e+00	2.91e-05	1.58e-10
 3.95179e+16	1.00e+00	2.29e-05	9.82e-11
 4.03299e+16	1.00e+00	1.80e-05	6.09e-11
 4.11595e+16	1.00e+00	1.41e-05	3.76e-11
 4.20062e+16	1.00e+00	1.10e-05	2.32e-11
 4.28712e+16	1.00e+00	8.63e-06	1.43e-11
 4.37578e+16	1.00e+00	6.74e-06	8.76e-12
 4.46639e+16	1.00e+00	5.26e-06	5.38e-12
 4.55941e+16	1.00e+00	4.11e-06	3.29e-12
 4.65590e+16	1.00e+00	3.19e-06	1.99e-12
 4.75589e+16	1.00e+00	2.47e-06	1.20e-12
 4.85901e+16	1.00e+00	1.90e-06	7.14e-13
 4.96539e+16	1.00e+00	1.46e-06	4.24e-13
 5.07588e+16	1.00e+00	1.12e-06	2.49e-13
 5.19156e+16	1.00e+00	8.50e-07	1.45e-13
 5.31294e+16	1.00e+00	6.41e-07	8.27e-14
 5.44077e+16	1.00e+00	4.80e-07	4.65e-14
 5.57640e+16	1.00e+00	3.55e-07	2.55e-14
 5.72114e+16	1.00e+00	2.60e-07	1.37e-14
 5.87420e+16	1.00e+00	1.88e-07	7.20e-15
 6.03081e+16	1.00e+00	1.37e-07	3.81e-15
 6.18741e+16	1.00e+00	1.00e-07	2.05e-15
 6.34401e+16	1.00e+00	7.38e-08	1.12e-15
 6.50061e+16	1.00e+00	5.48e-08	6.17e-16
 6.65721e+16	1.00e+00	4.10e-08	3.47e-16
 6.83729e+16	1.00e+00	2.94e-08	1.78e-16
 7.04394e+16	1.00e+00	2.04e-08	8.62e-17
 7.25366e+16	1.00e+00	1.43e-08	4.23e-17
 7.47264e+16	1.00e+00	9.92e-09	2.04e-17
 7.70726e+16	1.00e+00	6.80e-09	9.60e-18
 7.94997e+16	1.00e+00	4.66e-09	4.52e-18
 8.19566e+16	1.00e+00	3.22e-09	2.16e-18
 8.44542e+16	1.00e+00	2.23e-09	1.04e-18
 8.70060e+16	1.00e+00	1.55e-09	5.03e-19
 8.95981e+16	1.00e+00	1.08e-09	2.46e-19
 9.22193e+16	1.00e+00	7.62e-10	1.21e-19
 9.48672e+16	1.00e+00	5.39e-10	6.08e-20
 9.75334e+16	1.00e+00	3.83e-10	3.08e-20
 1.00208e+17	1.00e+00	2.75e-10	1.58e-20
 1.02877e+17	1.00e+00	1.99e-10	8.30e-21
 1.05529e+17	1.00e+00	1.45e-10	0.00e+00
 1.08152e+17	1.00e+00	1.07e-10	0.00e+00
 1.10734e+17	1.00e+00	8.01e-11	0.00e+00
 1.13265e+17	1.00e+00	6.05e-11	0.00e+00
 1.15730e+17	1.00e+00	4.64e-11	0.00e+00
 1.18124e+17	1.00e+00	3.60e-11	0.00e+00
 1.20438e+17	1.00e+00	2.84e-11	0.00e+00
 1.22668e+17	1.00e+00	2.26e-11	0.00e+00
 1.24810e+17	1.00e+00	1.83e-11	0.00e+00
 1.26859e+17	1.00e+00	1.50e-11	0.00e+00
 1.28816e+17	1.00e+00	1.25e-11	0.00e+00
 1.30682e+17	1.00e+00	1.05e-11	0.00e+00
 1.32458e+17	1.00e+00	8.98e-12	0.00e+00
 1.34146e+17	1.00e+00	7.75e-12	0.00e+00
 1.35749e+17	1.00e+00	6.76e-12	0.00e+00
 1.37269e+17	1.00e+00	5.95e-12	0.00e+00
 1.38710e+17	1.00e+00	5.30e-12	0.00e+00
 1.40077e+17	1.00e+00	4.76e-12	0.00e+00
 1.41372e+17	1.00e+00	4.31e-12	0.00e+00
 1.42600e+17	1.00e+00	3.93e-12	0.00e+00
 1.43763e+17	1.00e+00	3.61e-12	0.00e+00
 1.44865e+17	1.00e+00	3.34e-12	0.00e+00
 1.45909e+17	1.00e+00	3.12e-12	0.00e+00
 1.46899e+17	1.00e+00	2.92e-12	0.00e+00
 1.47838e+17	1.00e+00	2.74e-12	0.00e+00
 1.48729e+17	1.00e+00	2.59e-12	0.00e+00
 1.49574e+17	1.00e+00	2.46e-12	0.00e+00
 1.50374e+17	1.00e+00	2.35e-12	0.00e+00
 1.51134e+17	1.00e+00	2.24e-12	0.00e+00
 1.51856e+17	1.00e+00	2.15e-12	0.00e+00
 1.52542e+17	1.00e+00	2.07e-12	0.00e+00
 1.53194e+17	1.00e+00	2.00e-12	0.00e+00
 1.53813e+17	1.00e+00	1.94e-12	0.00e+00
 1.54402e+17	1.00e+00	1.88e-12	0.00e+00
 1.54962e+17	1.00e+00	1.83e-12	0.00e+00
 1.55495e+17	1.00e+00	1.78e-12	0.00e+00
 1.56003e+17	1.00e+00	1.74e-12	0.00e+00
 1.56488e+17	1.00e+00	1.70e-12	0.00e+00
 1.56950e+17	1.00e+00	1.66e-12	0.00e+00
 1.57391e+17	1.00e+00	1.63e-12	0.00e+00
 1.57811e+17	1.00e+00	1.60e-12	0.00e+00
 1.58214e+17	1.00e+00	1.57e-12	0.00e+00
 1.58599e+17	1.00e+00	1.55e-12	0.00e+00
 1.58968e+17	1.00e+00	1.52e-12	0.00e+00
 1.59321e+17	1.00e+00	1.50e-12	0.00e+00
 1.59661e+17	1.00e+00	1.48e-12	0.00e+00
 1.59987e+17	1.00e+00	1.46e-12	0.00e+00
 1.60302e+17	1.00e+00	1.44e-12	0.00e+00
 1.60605e+17	1.00e+00	1.43e-12	0.00e+00
 1.60897e+17	1.00e+00	1.41e-12	0.00e+00
 1.61181e+17	1.00e+00	1.39e-12	0.00e+00
 1.61456e+17	1.00e+00	1.38e-12	0.00e+00
 1.61724e+17	1.00e+00	1.37e-12	0.00e+00
 1.61984e+17	1.00e+00	1.35e-12	0.00e+00
 1.62240e+17	1.00e+00	1.34e-12	0.00e+00
 1.62491e+17	1.00e+00	1.33e-12	0.00e+00
 1.62738e+17	1.00e+00	1.32e-12	0.00e+00
 1.62982e+17	1.00e+00	1.31e-12	0.00e+00
 1.63226e+17	1.00e+00	1.29e-12	0.00e+00
 1.63470e+17	1.00e+00	1.28e-12	0.00e+00
 1.63715e+17	1.00e+00	1.27e-12	0.00e+00
 1.63964e+17	1.00e+00	1.26e-12	0.00e+00
 1.64219e+17	1.00e+00	1.25e-12	0.00e+00
 1.64481e+17	1.00e+00	1.24e-12	0.00e+00
 1.64756e+17	1.00e+00	1.23e-12	0.00e+00
 1.65045e+17	1.00e+00	1.22e-12	0.00e+00
 1.65355e+17	1.00e+00	1.21e-12	0.00e+00
 1.65693e+17	1.00e+00	1.19e-12	0.00e+00
 1.66068e+17	1.00e+00	1.18e-12	0.00e+00
 1.66494e+17	1.00e+00	1.16e-12	0.00e+00
 1.66990e+17	1.00e+00	1.14e-12	0.00e+00
 1.67584e+17	1.00e+00	1.12e-12	0.00e+00
 1.68323e+17	1.00e+00	1.09e-12	0.00e+00
 1.69272e+17	1.00e+00	1.06e-12	0.00e+00
 1.70506e+17	1.00e+00	1.02e-12	0.00e+00
 1.72109e+17	1.00e+00	9.65e-13	0.00e+00
 1.74194e+17	1.00e+00	9.00e-13	0.00e+00
 1.76904e+17	1.00e+00	8.22e-13	0.00e+00
 1.80427e+17	1.00e+00	7.31e-13	0.00e+00
 1.85007e+17	1.00e+00	6.29e-13	0.00e+00
 1.90961e+17	1.00e+00	5.20e-13	0.00e+00
 1.98213e+17	1.00e+00	4.09e-13	0.00e+00
 2.06141e+17	1.00e+00	3.31e-13	0.00e+00
 2.14387e+17	1.00e+00	2.91e-13	0.00e+00
 2.22962e+17	1.00e+00	2.61e-13	0.00e+00
 2.31881e+17	1.00e+00	2.35e-13	0.00e+00
 2.41156e+17	1.00e+00	2.11e-13	0.00e+00
 2.50802e+17	1.00e+00	1.89e-13	0.00e+00
 2.60835e+17	1.00e+00	1.68e-13	0.00e+00
 2.71268e+17	1.00e+00	1.48e-13	0.00e+00
 2.82119e+17	1.00e+00	1.29e-13	0.00e+00
 2.93104e+17	1.00e+00	1.10e-13	0.00e+00
 3.03571e+17	1.00e+00	1.00e-13	0.00e+00
 3.13006e+17	1.00e+00	9.81e-14	0.00e+00
 3.21449e+17	1.00e+00	9.97e-14	0.00e+00
 3.29315e+17	1.00e+00	9.82e-14	0.00e+00
 3.36863e+17	1.00e+00	9.21e-14	0.00e+00
 3.43982e+17	1.00e+00	8.45e-14	0.00e+00
 3.50398e+17	1.00e+00	7.85e-14	0.00e+00
 3.55544e+17	1.00e+00	7.45e-14	0.00e+00
 3.58921e+17	1.00e+00	7.55e-14	0.00e+00
 3.60850e+17	1.00e+00	7.84e-14	0.00e+00
 3.61966e+17	1.00e+00	8.03e-14	0.00e+00
 3.62636e+17	1.00e+00	8.14e-14	0.00e+00
 3.63057e+17	1.00e+00	8.20e-14	0.00e+00
 3.63383e+17	1.00e+00	8.23e-14	0.00e+00
 3.63723e+17	1.00e+00	8.26e-14	0.00e+00
 3.64132e+17	1.00e+00	8.28e-14	0.00e+00
 3.64555e+17	1.00e+00	8.29e-14	0.00e+00
 3.64916e+17	1.00e+00	8.29e-14	0.00e+00
 3.65211e+17	1.00e+00	8.28e-14	0.00e+00
 3.65469e+17	1.00e+00	8.28e-14	0.00e+00
 3.65714e+17	1.00e+00	8.27e-14	0.00e+00
 3.65969e+17	1.00e+00	8.26e-14	0.00e+00
 3.66233e+17	1.00e+00	8.24e-14	0.00e+00
 3.66482e+17	1.00e+00	8.22e-14	0.00e+00
 3.66696e+17	1.00e+00	8.20e-14	0.00e+00
 3.66884e+17	1.00e+00	8.18e-14	0.00e+00
 3.67075e+17	1.00e+00	8.17e-14	0.00e+00
 3.67280e+17	1.00e+00	8.14e-14	0.00e+00
 3.67471e+17	1.00e+00	8.12e-14	0.00e+00
 3.67636e+17	1.00e+00	8.10e-14	0.00e+00
 3.67792e+17	1.00e+00	8.08e-14	0.00e+00
 3.67954e+17	1.00e+00	8.06e-14	0.00e+00
 3.68119e+17	1.00e+00	8.03e-14	0.00e+00
 3.68267e+17	1.00e+00	8.01e-14	0.00e+00
 3.68403e+17	1.00e+00	7.99e-14	0.00e+00
 3.68540e+17	1.00e+00	7.97e-14	0.00e+00
 3.68681e+17	1.00e+00	7.94e-14	0.00e+00
 3.68820e+17	1.00e+00	7.92e-14	0.00e+00
 3.68953e+17	1.00e+00	7.89e-14	0.00e+00
 3.69079e+17	1.00e+00	7.87e-14	0.00e+00
 3.69208e+17	1.00e+00	7.85e-14	0.00e+00
 3.69337e+17	1.00e+00	7.82e-14	0.00e+00
 3.69467e+17	1.00e+00	7.79e-14	0.00e+00
 3.69595e+17	1.00e+00	7.76e-14	0.00e+00
 3.69716e+17	1.00e+00	7.74e-14	0.00e+00
 3.69833e+17	1.00e+00	7.71e-14	0.00e+00
 3.69957e+17	1.00e+00	7.69e-14	0.00e+00
 3.70089e+17	1.00e+00	7.65e-14	0.00e+00
 3.70219e+17	1.00e+00	7.62e-14	0.00e+00
 3.70346e+17	1.00e+00	7.59e-14	0.00e+00
 3.70471e+17	1.00e+00	7.56e-14	0.00e+00
 3.70599e+17	1.00e+00	7.53e-14	0.00e+00
 3.70735e+17	1.00e+00	7.49e-14	0.00e+00
 3.70877e+17	1.00e+00	7.45e-14	0.00e+00
 3.71014e+17	1.00e+00	7.42e-14	0.00e+00
 3.71148e+17	1.00e+00	7.38e-14	0.00e+00
 3.71299e+17	1.00e+00	7.34e-14	0.00e+00
 3.71461e+17	1.00e+00	7.30e-14	0.00e+00
 3.71616e+17	1.00e+00	7.25e-14	0.00e+00
 3.71762e+17	1.00e+00	7.21e-14	0.00e+00
 3.71911e+17	1.00e+00	7.17e-14	0.00e+00
 3.72069e+17	1.00e+00	7.12e-14	0.00e+00
 3.72229e+17	1.00e+00	7.07e-14	0.00e+00
 3.72402e+17	1.00e+00	7.02e-14	0.00e+00
 3.72578e+17	1.00e+00	6.97e-14	0.00e+00
 3.72755e+17	1.00e+00	6.91e-14	0.00e+00
 3.72945e+17	1.00e+00	6.85e-14	0.00e+00
 3.73139e+17	1.00e+00	6.79e-14	0.00e+00
 3.73333e+17	1.00e+00	6.73e-14	0.00e+00
 3.73520e+17	1.00e+00	6.67e-14	0.00e+00
 3.73711e+17	1.00e+00	6.61e-14	0.00e+00
 3.73922e+17	1.00e+00	6.54e-14	0.00e+00
 3.74144e+17	1.00e+00	6.47e-14	0.00e+00
 3.74370e+17	1.00e+00	6.39e-14	0.00e+00
 3.74597e+17	1.00e+00	6.32e-14	0.00e+00
 3.74826e+17	1.00e+00	6.24e-14	0.00e+00
 3.75068e+17	1.00e+00	6.16e-14	0.00e+00
 3.75317e+17	1.00e+00	6.08e-14	0.00e+00
 3.75573e+17	1.00e+00	6.00e-14	0.00e+00
 3.75834e+17	1.00e+00	5.91e-14	0.00e+00
 3.76100e+17	1.00e+00	5.82e-14	0.00e+00
 3.76374e+17	1.00e+00	5.73e-14	0.00e+00
 3.76652e+17	1.00e+00	5.64e-14	0.00e+00
 3.76951e+17	1.00e+00	5.54e-14	0.00e+00
 3.77262e+17	1.00e+00	5.43e-14	0.00e+00
 3.77566e+17	1.00e+00	5.33e-14	0.00e+00
 3.77873e+17	1.00e+00	5.22e-14	0.00e+00
 3.78195e+17	1.00e+00	5.12e-14	0.00e+00
 3.78541e+17	1.00e+00	5.01e-14	0.00e+00
 3.78896e+17	1.00e+00	4.89e-14	0.00e+00
 3.79241e+17	1.00e+00	4.77e-14	0.00e+00
 3.79575e+17	1.00e+00	4.66e-14	0.00e+00
 3.79939e+17	1.00e+00	4.55e-14	0.00e+00
 3.80344e+17	1.00e+00	4.42e-14	0.00e+00
 3.80746e+17	1.00e+00	4.29e-14	0.00e+00
 3.81132e+17	1.00e+00	4.17e-14	0.00e+00
 3.81521e+17	1.00e+00	4.05e-14	0.00e+00
 3.81933e+17	1.00e+00	3.92e-14	0.00e+00
 3.82369e+17	1.00e+00	3.79e-14	0.00e+00
 3.82812e+17	1.00e+00	3.66e-14	0.00e+00
 3.83249e+17	1.00e+00	3.53e-14	0.00e+00
 3.83686e+17	1.00e+00	3.40e-14	0.00e+00
 3.84150e+17	1.00e+00	3.27e-14	0.00e+00
 3.84640e+17	1.00e+00	3.14e-14	0.00e+00
 3.85134e+17	1.00e+00	3.00e-14	0.00e+00
 3.85619e+17	1.00e+00	2.87e-14	0.00e+00
 3.86109e+17	1.00e+00	2.75e-14	0.00e+00
 3.86632e+17	1.00e+00	2.62e-14	0.00e+00
 3.87181e+17	1.00e+00	2.48e-14	0.00e+00
 3.87725e+17	1.00e+00	2.36e-14	0.00e+00
 3.88284e+17	1.00e+00	2.23e-14	0.00e+00
 3.88862e+17	1.00e+00	2.10e-14	0.00e+00
 3.89451e+17	1.00e+00	1.98e-14	0.00e+00
 3.90082e+17	1.00e+00	1.86e-14	0.00e+00
 3.90725e+17	1.00e+00	1.73e-14	0.00e+00
 3.91364e+17	1.00e+00	1.61e-14	0.00e+00
 3.92017e+17	1.00e+00	1.50e-14	0.00e+00
 3.92687e+17	1.00e+00	1.39e-14	0.00e+00
 3.93327e+17	1.00e+00	1.28e-14	0.00e+00
 3.93885e+17	1.00e+00	1.20e-14	0.00e+00
 3.94367e+17	1.00e+00	1.13e-14	0.00e+00
 3.94814e+17	1.00e+00	1.06e-14	0.00e+00
 3.95256e+17	1.00e+00	1.01e-14	0.00e+00
 3.95694e+17	1.00e+00	9.54e-15	0.00e+00
 3.96112e+17	1.00e+00	9.03e-15	0.00e+00
 3.96499e+17	1.00e+00	8.57e-15	0.00e+00
 3.96863e+17	1.00e+00	8.17e-15	0.00e+00
 3.97214e+17	1.00e+00	7.79e-15	0.00e+00
 3.97557e+17	1.00e+00	7.43e-15	0.00e+00
 3.97891e+17	1.00e+00	7.10e-15	0.00e+00
 3.98209e+17	1.00e+00	6.78e-15	0.00e+00
 3.98513e+17	1.00e+00	6.49e-15	0.00e+00
 3.98805e+17	1.00e+00	6.22e-15	0.00e+00
 3.99088e+17	1.00e+00	5.96e-15	0.00e+00
 3.99363e+17	1.00e+00	5.72e-15	0.00e+00
 3.99628e+17	1.00e+00	5.49e-15	0.00e+00
 3.99884e+17	1.00e+00	5.27e-15	0.00e+00
 4.00130e+17	1.00e+00	5.06e-15	0.00e+00
 4.00369e+17	1.00e+00	4.88e-15	0.00e+00
 4.00601e+17	1.00e+00	4.68e-15	0.00e+00
 4.00823e+17	1.00e+00	4.53e-15	0.00e+00
 4.01040e+17	1.00e+00	4.36e-15	0.00e+00
 4.01254e+17	1.00e+00	4.20e-15	0.00e+00
 4.01461e+17	1.00e+00	4.06e-15	0.00e+00
 4.01661e+17	1.00e+00	3.91e-15	0.00e+00
 4.01854e+17	1.00e+00	3.78e-15	0.00e+00
 4.02044e+17	1.00e+00	3.66e-15	0.00e+00
 4.02231e+17	1.00e+00	3.54e-15	0.00e+00
 4.02445e+17	1.00e+00	3.42e-15	0.00e+00
 4.02723e+17	1.00e+00	3.28e-15	0.00e+00
 4.03084e+17	1.00e+00	3.09e-15	0.00e+00
 4.03554e+17	1.00e+00	2.87e-15	0.00e+00
 4.04165e+17	1.00e+00	2.59e-15	0.00e+00
 4.04959e+17	1.00e+00	2.26e-15	0.00e+00
 4.05859e+17	1.00e+00	1.90e-15	0.00e+00
 4.06667e+17	1.00e+00	1.59e-15	0.00e+00
 4.07299e+17	1.00e+00	1.38e-15	0.00e+00
 4.07819e+17	1.00e+00	1.24e-15	0.00e+00
 4.08334e+17	1.00e+00	1.12e-15	0.00e+00
 4.08904e+17	1.00e+00	1.00e-15	0.00e+00
 4.09512e+17	1.00e+00	8.86e-16	0.00e+00
 4.10112e+17	1.00e+00	7.82e-16	0.00e+00
 4.10678e+17	1.00e+00	6.94e-16	0.00e+00
 4.11219e+17	1.00e+00	6.20e-16	0.00e+00
 4.11772e+17	1.00e+00	5.56e-16	0.00e+00
 4.12364e+17	1.00e+00	4.94e-16	0.00e+00
 4.12988e+17	1.00e+00	4.36e-16	0.00e+00
 4.13630e+17	1.00e+00	3.82e-16	0.00e+00
 4.14285e+17	1.00e+00	3.35e-16	0.00e+00
 4.14973e+17	1.00e+00	2.92e-16	0.00e+00
 4.15726e+17	1.00e+00	2.52e-16	0.00e+00
 4.16574e+17	1.00e+00	2.14e-16	0.00e+00
 4.17551e+17	1.00e+00	1.78e-16	0.00e+00
 4.18720e+17	1.00e+00	1.43e-16	0.00e+00
 4.20199e+17	1.00e+00	1.10e-16	0.00e+00
 4.22121e+17	1.00e+00	7.84e-17	0.00e+00
 4.24620e+17	1.00e+00	5.05e-17	0.00e+00
 4.27869e+17	1.00e+00	2.87e-17	0.00e+00
