#depth	O	O+	O+2	O+3	O+4	O+5	O+6	O+7	O+8	O[1]	O[2]	O[3]
 1.49634e+10	0.00e+00	1.00e-44	2.59e-34	6.28e-25	2.25e-16	1.08e-08	1.00e+00	0.00e+00	0.00e+00	0.00e+00	0.00e+00	0.00e+00
 4.54887e+10	0.00e+00	0.00e+00	3.55e-34	7.98e-25	2.63e-16	1.17e-08	1.00e+00	8.47e-07	0.00e+00	0.00e+00	0.00e+00	0.00e+00
 7.72350e+10	0.00e+00	2.21e-44	4.88e-34	1.01e-24	3.09e-16	1.27e-08	1.00e+00	0.00e+00	0.00e+00	0.00e+00	0.00e+00	0.00e+00
 1.10251e+11	0.00e+00	0.00e+00	6.71e-34	1.29e-24	3.63e-16	1.37e-08	1.00e+00	0.00e+00	0.00e+00	0.00e+00	0.00e+00	0.00e+00
 1.41998e+11	0.00e+00	4.75e-44	9.01e-34	1.61e-24	4.20e-16	1.48e-08	1.00e+00	0.00e+00	0.00e+00	0.00e+00	0.00e+00	0.00e+00
 1.71573e+11	0.00e+00	0.00e+00	1.17e-33	1.96e-24	4.80e-16	1.58e-08	1.00e+00	0.00e+00	0.00e+00	0.00e+00	0.00e+00	0.00e+00
 2.04921e+11	0.00e+00	9.51e-44	1.57e-33	2.44e-24	5.56e-16	1.70e-08	1.00e+00	0.00e+00	0.00e+00	0.00e+00	0.00e+00	0.00e+00
 2.43045e+11	0.00e+00	0.00e+00	2.16e-33	3.10e-24	6.53e-16	1.85e-08	1.00e+00	0.00e+00	0.00e+00	0.00e+00	0.00e+00	0.00e+00
 2.81207e+11	0.00e+00	2.08e-43	2.94e-33	3.91e-24	7.62e-16	2.00e-08	1.00e+00	0.00e+00	0.00e+00	0.00e+00	0.00e+00	0.00e+00
 3.20895e+11	0.00e+00	0.00e+00	4.00e-33	4.93e-24	8.91e-16	2.16e-08	1.00e+00	0.00e+00	0.00e+00	0.00e+00	0.00e+00	0.00e+00
 3.63658e+11	0.00e+00	4.57e-43	5.51e-33	6.27e-24	1.05e-15	2.34e-08	1.00e+00	0.00e+00	0.00e+00	0.00e+00	0.00e+00	0.00e+00
 4.08131e+11	0.00e+00	0.00e+00	7.59e-33	7.98e-24	1.23e-15	2.54e-08	1.00e+00	0.00e+00	0.00e+00	0.00e+00	0.00e+00	0.00e+00
 4.54383e+11	0.00e+00	1.02e-42	1.05e-32	1.02e-23	1.45e-15	2.75e-08	1.00e+00	0.00e+00	0.00e+00	0.00e+00	0.00e+00	0.00e+00
 5.02485e+11	0.00e+00	0.00e+00	1.44e-32	1.30e-23	1.70e-15	2.99e-08	1.00e+00	0.00e+00	0.00e+00	0.00e+00	0.00e+00	0.00e+00
 5.52511e+11	0.00e+00	2.27e-42	1.99e-32	1.65e-23	2.00e-15	3.24e-08	1.00e+00	0.00e+00	0.00e+00	0.00e+00	0.00e+00	0.00e+00
 6.04538e+11	0.00e+00	0.00e+00	2.75e-32	2.11e-23	2.36e-15	3.52e-08	1.00e+00	0.00e+00	0.00e+00	0.00e+00	0.00e+00	0.00e+00
 6.58647e+11	0.00e+00	5.09e-42	3.80e-32	2.69e-23	2.78e-15	3.82e-08	1.00e+00	0.00e+00	0.00e+00	0.00e+00	0.00e+00	0.00e+00
 7.14919e+11	0.00e+00	0.00e+00	5.26e-32	3.43e-23	3.28e-15	4.15e-08	1.00e+00	0.00e+00	0.00e+00	0.00e+00	0.00e+00	0.00e+00
 7.67829e+11	0.00e+00	1.10e-41	7.05e-32	4.28e-23	3.80e-15	4.48e-08	1.00e+00	0.00e+00	0.00e+00	0.00e+00	0.00e+00	0.00e+00
 8.15144e+11	0.00e+00	0.00e+00	9.09e-32	5.19e-23	4.33e-15	4.78e-08	1.00e+00	0.00e+00	0.00e+00	0.00e+00	0.00e+00	0.00e+00
 8.68258e+11	0.00e+00	2.14e-41	1.20e-31	6.40e-23	4.98e-15	5.13e-08	1.00e+00	0.00e+00	0.00e+00	0.00e+00	0.00e+00	0.00e+00
 9.31208e+11	0.00e+00	0.00e+00	1.65e-31	8.13e-23	5.86e-15	5.56e-08	1.00e+00	0.00e+00	0.00e+00	0.00e+00	0.00e+00	0.00e+00
 9.94476e+11	0.00e+00	4.66e-41	2.24e-31	1.03e-22	6.86e-15	6.02e-08	1.00e+00	0.00e+00	0.00e+00	0.00e+00	0.00e+00	0.00e+00
 1.05385e+12	0.00e+00	0.00e+00	2.96e-31	1.27e-22	7.90e-15	6.47e-08	1.00e+00	0.00e+00	0.00e+00	0.00e+00	0.00e+00	0.00e+00
 1.11951e+12	0.00e+00	9.59e-41	3.99e-31	1.59e-22	9.21e-15	6.99e-08	1.00e+00	0.00e+00	0.00e+00	0.00e+00	0.00e+00	0.00e+00
 1.19421e+12	0.00e+00	0.00e+00	5.55e-31	2.04e-22	1.09e-14	7.61e-08	1.00e+00	0.00e+00	0.00e+00	0.00e+00	0.00e+00	0.00e+00
 1.26877e+12	0.00e+00	2.14e-40	7.60e-31	2.59e-22	1.28e-14	8.26e-08	1.00e+00	0.00e+00	0.00e+00	0.00e+00	0.00e+00	0.00e+00
 1.34630e+12	0.00e+00	0.00e+00	1.04e-30	3.29e-22	1.51e-14	8.97e-08	1.00e+00	0.00e+00	0.00e+00	0.00e+00	0.00e+00	0.00e+00
 1.43008e+12	0.00e+00	4.79e-40	1.45e-30	4.23e-22	1.79e-14	9.78e-08	1.00e+00	0.00e+00	0.00e+00	0.00e+00	0.00e+00	0.00e+00
 1.51721e+12	0.00e+00	0.00e+00	2.02e-30	5.44e-22	2.12e-14	1.07e-07	1.00e+00	0.00e+00	0.00e+00	0.00e+00	0.00e+00	0.00e+00
 1.59938e+12	0.00e+00	1.05e-39	2.73e-30	6.83e-22	2.47e-14	1.15e-07	1.00e+00	0.00e+00	0.00e+00	0.00e+00	0.00e+00	0.00e+00
 1.67336e+12	0.00e+00	0.00e+00	3.55e-30	8.34e-22	2.83e-14	1.24e-07	1.00e+00	0.00e+00	0.00e+00	0.00e+00	0.00e+00	0.00e+00
 1.75668e+12	0.00e+00	2.08e-39	4.73e-30	1.04e-21	3.29e-14	1.33e-07	1.00e+00	0.00e+00	0.00e+00	0.00e+00	0.00e+00	0.00e+00
 1.85482e+12	0.00e+00	0.00e+00	6.55e-30	1.33e-21	3.90e-14	1.45e-07	1.00e+00	0.00e+00	0.00e+00	0.00e+00	0.00e+00	0.00e+00
 1.95287e+12	0.00e+00	4.61e-39	8.96e-30	1.69e-21	4.59e-14	1.58e-07	1.00e+00	0.00e+00	0.00e+00	0.00e+00	0.00e+00	0.00e+00
 2.04522e+12	0.00e+00	0.00e+00	1.19e-29	2.10e-21	5.33e-14	1.70e-07	1.00e+00	0.00e+00	0.00e+00	0.00e+00	0.00e+00	0.00e+00
 2.14733e+12	0.00e+00	9.62e-39	1.62e-29	2.65e-21	6.26e-14	1.85e-07	1.00e+00	0.00e+00	0.00e+00	0.00e+00	0.00e+00	0.00e+00
 2.26315e+12	0.00e+00	0.00e+00	2.26e-29	3.43e-21	7.46e-14	2.02e-07	1.00e+00	0.00e+00	0.00e+00	0.00e+00	0.00e+00	0.00e+00
 2.37769e+12	0.00e+00	2.16e-38	3.11e-29	4.38e-21	8.82e-14	2.21e-07	1.00e+00	0.00e+00	0.00e+00	0.00e+00	0.00e+00	0.00e+00
 2.49681e+12	0.00e+00	0.00e+00	4.28e-29	5.59e-21	1.04e-13	2.41e-07	1.00e+00	0.00e+00	0.00e+00	0.00e+00	0.00e+00	0.00e+00
 2.62661e+12	0.00e+00	4.86e-38	5.99e-29	7.23e-21	1.25e-13	2.64e-07	1.00e+00	0.00e+00	0.00e+00	0.00e+00	0.00e+00	0.00e+00
 2.75766e+12	0.00e+00	0.00e+00	8.30e-29	9.29e-21	1.49e-13	2.88e-07	1.00e+00	0.00e+00	0.00e+00	0.00e+00	0.00e+00	0.00e+00
 2.89394e+12	0.00e+00	1.09e-37	1.15e-28	1.19e-20	1.77e-13	3.16e-07	1.00e+00	0.00e+00	0.00e+00	0.00e+00	0.00e+00	0.00e+00
 3.03450e+12	0.00e+00	0.00e+00	1.59e-28	1.53e-20	2.11e-13	3.45e-07	1.00e+00	0.00e+00	0.00e+00	0.00e+00	0.00e+00	0.00e+00
 3.17255e+12	0.00e+00	2.37e-37	2.16e-28	1.94e-20	2.48e-13	3.76e-07	1.00e+00	0.00e+00	0.00e+00	0.00e+00	0.00e+00	0.00e+00
 3.32125e+12	0.00e+00	0.00e+00	2.97e-28	2.48e-20	2.95e-13	4.12e-07	1.00e+00	0.00e+00	0.00e+00	0.00e+00	0.00e+00	0.00e+00
 3.48403e+12	0.00e+00	5.28e-37	4.14e-28	3.22e-20	3.54e-13	4.53e-07	1.00e+00	0.00e+00	0.00e+00	0.00e+00	0.00e+00	0.00e+00
 3.65332e+12	0.00e+00	0.00e+00	5.78e-28	4.17e-20	4.25e-13	4.98e-07	1.00e+00	0.00e+00	0.00e+00	0.00e+00	0.00e+00	0.00e+00
 3.82938e+12	0.00e+00	1.19e-36	8.06e-28	5.41e-20	5.11e-13	5.48e-07	1.00e+00	0.00e+00	0.00e+00	0.00e+00	0.00e+00	0.00e+00
 4.01248e+12	5.16e-46	1.79e-36	1.12e-27	7.00e-20	6.14e-13	6.04e-07	1.00e+00	0.00e+00	0.00e+00	0.00e+00	0.00e+00	0.00e+00
 4.17806e+12	0.00e+00	0.00e+00	1.50e-27	8.78e-20	7.21e-13	6.57e-07	1.00e+00	0.00e+00	0.00e+00	0.00e+00	0.00e+00	0.00e+00
 4.31598e+12	0.00e+00	3.38e-36	1.89e-27	1.05e-19	8.21e-13	7.04e-07	1.00e+00	0.00e+00	0.00e+00	0.00e+00	0.00e+00	0.00e+00
 4.46704e+12	1.57e-45	4.56e-36	2.41e-27	1.28e-19	9.42e-13	7.58e-07	1.00e+00	0.00e+00	0.00e+00	0.00e+00	0.00e+00	0.00e+00
 4.65844e+12	0.00e+00	0.00e+00	3.26e-27	1.62e-19	1.12e-12	8.29e-07	1.00e+00	0.00e+00	0.00e+00	0.00e+00	0.00e+00	0.00e+00
 4.85816e+12	0.00e+00	9.44e-36	4.40e-27	2.05e-19	1.32e-12	9.09e-07	1.00e+00	0.00e+00	0.00e+00	0.00e+00	0.00e+00	0.00e+00
 5.02762e+12	5.34e-45	1.27e-35	5.63e-27	2.49e-19	1.52e-12	9.80e-07	1.00e+00	0.00e+00	0.00e+00	0.00e+00	0.00e+00	0.00e+00
 5.20183e+12	0.00e+00	0.00e+00	7.18e-27	3.02e-19	1.75e-12	1.06e-06	1.00e+00	0.00e+00	0.00e+00	0.00e+00	0.00e+00	0.00e+00
 5.42127e+12	0.00e+00	2.43e-35	9.64e-27	3.82e-19	2.08e-12	1.16e-06	1.00e+00	0.00e+00	0.00e+00	0.00e+00	0.00e+00	0.00e+00
 5.64425e+12	1.74e-44	3.44e-35	1.28e-26	4.80e-19	2.45e-12	1.27e-06	1.00e+00	0.00e+00	0.00e+00	0.00e+00	0.00e+00	0.00e+00
 5.83539e+12	0.00e+00	4.57e-35	1.63e-26	5.80e-19	2.82e-12	1.37e-06	1.00e+00	0.00e+00	0.00e+00	0.00e+00	0.00e+00	0.00e+00
 6.04042e+12	3.46e-44	6.13e-35	2.08e-26	7.05e-19	3.25e-12	1.48e-06	1.00e+00	0.00e+00	0.00e+00	0.00e+00	0.00e+00	0.00e+00
 6.29439e+12	0.00e+00	8.69e-35	2.78e-26	8.91e-19	3.85e-12	1.62e-06	1.00e+00	0.00e+00	0.00e+00	0.00e+00	0.00e+00	0.00e+00
 6.55488e+12	7.81e-44	1.22e-34	3.70e-26	1.12e-18	4.56e-12	1.78e-06	1.00e+00	0.00e+00	0.00e+00	0.00e+00	0.00e+00	0.00e+00
 6.78921e+12	0.00e+00	1.64e-34	4.74e-26	1.37e-18	5.27e-12	1.92e-06	1.00e+00	0.00e+00	0.00e+00	0.00e+00	0.00e+00	0.00e+00
 7.04663e+12	1.59e-43	2.24e-34	6.15e-26	1.69e-18	6.15e-12	2.09e-06	1.00e+00	0.00e+00	0.00e+00	0.00e+00	0.00e+00	0.00e+00
 7.35093e+12	0.00e+00	3.18e-34	8.27e-26	2.14e-18	7.32e-12	2.30e-06	1.00e+00	0.00e+00	0.00e+00	0.00e+00	0.00e+00	0.00e+00
 7.65586e+12	3.57e-43	4.45e-34	1.10e-25	2.69e-18	8.66e-12	2.53e-06	1.00e+00	0.00e+00	0.00e+00	0.00e+00	0.00e+00	0.00e+00
 7.94491e+12	0.00e+00	6.04e-34	1.42e-25	3.32e-18	1.01e-11	2.75e-06	1.00e+00	0.00e+00	0.00e+00	0.00e+00	0.00e+00	0.00e+00
 8.26456e+12	7.48e-43	8.36e-34	1.87e-25	4.14e-18	1.18e-11	3.01e-06	1.00e+00	0.00e+00	0.00e+00	0.00e+00	0.00e+00	0.00e+00
 8.62507e+12	0.00e+00	1.18e-33	2.51e-25	5.26e-18	1.41e-11	3.32e-06	1.00e+00	0.00e+00	0.00e+00	0.00e+00	0.00e+00	0.00e+00
 8.98489e+12	1.66e-42	1.65e-33	3.33e-25	6.62e-18	1.67e-11	3.64e-06	1.00e+00	0.00e+00	0.00e+00	0.00e+00	0.00e+00	0.00e+00
 9.30278e+12	0.00e+00	2.19e-33	4.23e-25	8.05e-18	1.92e-11	3.94e-06	1.00e+00	0.00e+00	0.00e+00	0.00e+00	0.00e+00	0.00e+00
 9.56934e+12	3.03e-42	2.76e-33	5.14e-25	9.43e-18	2.15e-11	4.20e-06	1.00e+00	0.00e+00	0.00e+00	0.00e+00	0.00e+00	0.00e+00
 9.85615e+12	0.00e+00	3.51e-33	6.30e-25	1.11e-17	2.43e-11	4.49e-06	1.00e+00	0.00e+00	0.00e+00	0.00e+00	0.00e+00	0.00e+00
 1.02290e+13	5.69e-42	4.75e-33	8.13e-25	1.37e-17	2.82e-11	4.88e-06	1.00e+00	0.00e+00	0.00e+00	0.00e+00	0.00e+00	0.00e+00
 1.06191e+13	0.00e+00	6.42e-33	1.05e-24	1.69e-17	3.28e-11	5.32e-06	1.00e+00	0.00e+00	0.00e+00	0.00e+00	0.00e+00	0.00e+00
 1.09518e+13	1.08e-41	8.25e-33	1.30e-24	2.01e-17	3.72e-11	5.70e-06	1.00e+00	0.00e+00	0.00e+00	0.00e+00	0.00e+00	0.00e+00
 1.13046e+13	0.00e+00	1.07e-32	1.62e-24	2.40e-17	4.22e-11	6.12e-06	1.00e+00	0.00e+00	0.00e+00	0.00e+00	0.00e+00	0.00e+00
 1.17490e+13	2.10e-41	1.46e-32	2.11e-24	2.98e-17	4.93e-11	6.68e-06	1.00e+00	0.00e+00	0.00e+00	0.00e+00	0.00e+00	0.00e+00
 1.22068e+13	0.00e+00	1.98e-32	2.75e-24	3.69e-17	5.75e-11	7.28e-06	1.00e+00	0.00e+00	0.00e+00	0.00e+00	0.00e+00	0.00e+00
 1.26091e+13	4.06e-41	2.58e-32	3.43e-24	4.42e-17	6.54e-11	7.83e-06	1.00e+00	0.00e+00	0.00e+00	0.00e+00	0.00e+00	0.00e+00
 1.30452e+13	0.00e+00	3.40e-32	4.34e-24	5.35e-17	7.49e-11	8.45e-06	1.00e+00	0.00e+00	0.00e+00	0.00e+00	0.00e+00	0.00e+00
 1.35277e+13	7.85e-41	4.56e-32	5.58e-24	6.56e-17	8.66e-11	9.17e-06	1.00e+00	0.00e+00	0.00e+00	0.00e+00	0.00e+00	0.00e+00
 1.39740e+13	0.00e+00	5.93e-32	6.99e-24	7.88e-17	9.86e-11	9.86e-06	1.00e+00	0.00e+00	0.00e+00	0.00e+00	0.00e+00	0.00e+00
 1.44577e+13	1.47e-40	7.82e-32	8.85e-24	9.54e-17	1.13e-10	1.06e-05	1.00e+00	0.00e+00	0.00e+00	0.00e+00	0.00e+00	0.00e+00
 1.49961e+13	0.00e+00	1.05e-31	1.14e-23	1.17e-16	1.30e-10	1.16e-05	1.00e+00	0.00e+00	0.00e+00	0.00e+00	0.00e+00	0.00e+00
 1.54990e+13	2.82e-40	1.38e-31	1.43e-23	1.41e-16	1.49e-10	1.24e-05	1.00e+00	0.00e+00	0.00e+00	0.00e+00	0.00e+00	0.00e+00
 1.60461e+13	0.00e+00	1.83e-31	1.83e-23	1.72e-16	1.71e-10	1.34e-05	1.00e+00	0.00e+00	0.00e+00	0.00e+00	0.00e+00	0.00e+00
 1.66545e+13	5.56e-40	2.48e-31	2.37e-23	2.12e-16	1.98e-10	1.46e-05	1.00e+00	0.00e+00	0.00e+00	0.00e+00	0.00e+00	0.00e+00
 1.72231e+13	0.00e+00	3.27e-31	3.00e-23	2.57e-16	2.26e-10	1.57e-05	1.00e+00	0.00e+00	0.00e+00	0.00e+00	0.00e+00	0.00e+00
 1.78426e+13	1.07e-39	4.38e-31	3.84e-23	3.14e-16	2.59e-10	1.70e-05	1.00e+00	0.00e+00	0.00e+00	0.00e+00	0.00e+00	0.00e+00
 1.85347e+13	0.00e+00	5.99e-31	5.02e-23	3.89e-16	3.01e-10	1.85e-05	1.00e+00	0.00e+00	0.00e+00	0.00e+00	0.00e+00	0.00e+00
 1.91865e+13	2.14e-39	7.99e-31	6.41e-23	4.74e-16	3.45e-10	2.00e-05	1.00e+00	0.00e+00	0.00e+00	0.00e+00	0.00e+00	0.00e+00
 1.98992e+13	0.00e+00	1.08e-30	8.31e-23	5.83e-16	3.98e-10	2.16e-05	1.00e+00	0.00e+00	0.00e+00	0.00e+00	0.00e+00	0.00e+00
 2.06974e+13	4.45e-39	1.51e-30	1.10e-22	7.30e-16	4.65e-10	2.36e-05	1.00e+00	0.00e+00	0.00e+00	0.00e+00	0.00e+00	0.00e+00
 2.14538e+13	0.00e+00	2.04e-30	1.42e-22	8.97e-16	5.35e-10	2.55e-05	1.00e+00	0.00e+00	0.00e+00	0.00e+00	0.00e+00	0.00e+00
 2.22661e+13	9.11e-39	2.80e-30	1.86e-22	1.11e-15	6.19e-10	2.77e-05	1.00e+00	0.00e+00	0.00e+00	0.00e+00	0.00e+00	0.00e+00
 2.31866e+13	0.00e+00	3.94e-30	2.48e-22	1.40e-15	7.26e-10	3.02e-05	1.00e+00	0.00e+00	0.00e+00	0.00e+00	0.00e+00	0.00e+00
 2.40955e+13	1.98e-38	5.49e-30	3.28e-22	1.75e-15	8.44e-10	3.28e-05	1.00e+00	0.00e+00	0.00e+00	0.00e+00	0.00e+00	0.00e+00
 2.50407e+13	0.00e+00	7.65e-30	4.34e-22	2.18e-15	9.81e-10	3.57e-05	1.00e+00	0.00e+00	0.00e+00	0.00e+00	0.00e+00	0.00e+00
 2.60723e+13	4.37e-38	1.09e-29	5.82e-22	2.75e-15	1.15e-09	3.89e-05	1.00e+00	0.00e+00	0.00e+00	0.00e+00	0.00e+00	0.00e+00
 2.71451e+13	0.00e+00	1.55e-29	7.84e-22	3.47e-15	1.35e-09	4.24e-05	1.00e+00	0.00e+00	0.00e+00	0.00e+00	0.00e+00	0.00e+00
 2.81580e+13	9.62e-38	2.14e-29	1.03e-21	4.29e-15	1.55e-09	4.59e-05	1.00e+00	0.00e+00	0.00e+00	0.00e+00	0.00e+00	0.00e+00
 2.90644e+13	0.00e+00	2.83e-29	1.30e-21	5.16e-15	1.76e-09	4.91e-05	1.00e+00	0.00e+00	0.00e+00	0.00e+00	0.00e+00	0.00e+00
 2.99129e+13	1.79e-37	3.65e-29	1.60e-21	6.10e-15	1.97e-09	5.22e-05	1.00e+00	0.00e+00	0.00e+00	0.00e+00	0.00e+00	0.00e+00
 3.08515e+13	0.00e+00	4.82e-29	2.02e-21	7.29e-15	2.22e-09	5.57e-05	1.00e+00	0.00e+00	0.00e+00	0.00e+00	0.00e+00	0.00e+00
 3.19061e+13	3.54e-37	6.54e-29	2.60e-21	8.87e-15	2.53e-09	5.98e-05	1.00e+00	0.00e+00	0.00e+00	0.00e+00	0.00e+00	0.00e+00
 3.29116e+13	0.00e+00	8.65e-29	3.28e-21	1.06e-14	2.86e-09	6.38e-05	1.00e+00	0.00e+00	0.00e+00	0.00e+00	0.00e+00	0.00e+00
 3.40189e+13	6.97e-37	1.17e-28	4.20e-21	1.29e-14	3.26e-09	6.84e-05	1.00e+00	0.00e+00	0.00e+00	0.00e+00	0.00e+00	0.00e+00
 3.52530e+13	0.00e+00	1.62e-28	5.50e-21	1.59e-14	3.75e-09	7.37e-05	1.00e+00	0.00e+00	0.00e+00	0.00e+00	0.00e+00	0.00e+00
 3.63931e+13	1.43e-36	2.17e-28	7.00e-21	1.91e-14	4.24e-09	7.87e-05	1.00e+00	0.00e+00	0.00e+00	0.00e+00	0.00e+00	0.00e+00
 3.74548e+13	0.00e+00	2.82e-28	8.70e-21	2.26e-14	4.75e-09	8.36e-05	1.00e+00	0.00e+00	0.00e+00	0.00e+00	0.00e+00	0.00e+00
 3.86733e+13	2.78e-36	3.81e-28	1.11e-20	2.73e-14	5.38e-09	8.92e-05	1.00e+00	0.00e+00	0.00e+00	0.00e+00	0.00e+00	0.00e+00
 4.01641e+13	0.00e+00	5.43e-28	1.49e-20	3.41e-14	6.25e-09	9.64e-05	1.00e+00	0.00e+00	0.00e+00	0.00e+00	0.00e+00	0.00e+00
 4.16484e+13	6.27e-36	7.59e-28	1.96e-20	4.21e-14	7.20e-09	1.04e-04	1.00e+00	0.00e+00	0.00e+00	0.00e+00	0.00e+00	0.00e+00
 4.29353e+13	0.00e+00	1.01e-27	2.47e-20	5.04e-14	8.12e-09	1.11e-04	1.00e+00	0.00e+00	0.00e+00	0.00e+00	0.00e+00	0.00e+00
 4.43264e+13	1.25e-35	1.37e-27	3.16e-20	6.08e-14	9.20e-09	1.18e-04	1.00e+00	0.00e+00	0.00e+00	0.00e+00	0.00e+00	0.00e+00
 4.60299e+13	0.00e+00	1.96e-27	4.24e-20	7.59e-14	1.07e-08	1.27e-04	1.00e+00	0.00e+00	0.00e+00	0.00e+00	0.00e+00	0.00e+00
 4.77674e+13	2.95e-35	2.80e-27	5.65e-20	9.44e-14	1.23e-08	1.37e-04	1.00e+00	0.00e+00	0.00e+00	0.00e+00	0.00e+00	0.00e+00
 4.93456e+13	4.26e-35	3.82e-27	7.28e-20	1.14e-13	1.40e-08	1.47e-04	1.00e+00	0.00e+00	0.00e+00	0.00e+00	0.00e+00	0.00e+00
 5.10887e+13	6.35e-35	5.34e-27	9.54e-20	1.40e-13	1.61e-08	1.57e-04	1.00e+00	0.00e+00	0.00e+00	0.00e+00	0.00e+00	0.00e+00
 5.31304e+13	9.97e-35	7.80e-27	1.30e-19	1.77e-13	1.88e-08	1.70e-04	1.00e+00	0.00e+00	0.00e+00	0.00e+00	0.00e+00	0.00e+00
 5.51425e+13	1.53e-34	1.12e-26	1.73e-19	2.20e-13	2.17e-08	1.83e-04	1.00e+00	0.00e+00	0.00e+00	0.00e+00	0.00e+00	0.00e+00
 5.70279e+13	2.26e-34	1.55e-26	2.26e-19	2.69e-13	2.48e-08	1.96e-04	1.00e+00	0.00e+00	0.00e+00	0.00e+00	0.00e+00	0.00e+00
 5.91318e+13	3.48e-34	2.22e-26	3.00e-19	3.33e-13	2.86e-08	2.10e-04	1.00e+00	0.00e+00	0.00e+00	0.00e+00	0.00e+00	0.00e+00
 6.15270e+13	5.47e-34	3.25e-26	4.10e-19	4.21e-13	3.35e-08	2.28e-04	1.00e+00	0.00e+00	0.00e+00	0.00e+00	0.00e+00	0.00e+00
 6.39089e+13	8.64e-34	4.74e-26	5.54e-19	5.27e-13	3.89e-08	2.45e-04	1.00e+00	0.00e+00	0.00e+00	0.00e+00	0.00e+00	0.00e+00
 6.63862e+13	1.34e-33	6.85e-26	7.47e-19	6.60e-13	4.52e-08	2.65e-04	1.00e+00	0.00e+00	0.00e+00	0.00e+00	0.00e+00	0.00e+00
 6.90715e+13	2.15e-33	1.02e-25	1.02e-18	8.35e-13	5.29e-08	2.86e-04	1.00e+00	0.00e+00	0.00e+00	0.00e+00	0.00e+00	0.00e+00
 7.18643e+13	3.46e-33	1.51e-25	1.40e-18	1.06e-12	6.18e-08	3.09e-04	1.00e+00	0.00e+00	0.00e+00	0.00e+00	0.00e+00	0.00e+00
 7.47688e+13	5.52e-33	2.23e-25	1.92e-18	1.34e-12	7.23e-08	3.34e-04	1.00e+00	0.00e+00	0.00e+00	0.00e+00	0.00e+00	0.00e+00
 7.75864e+13	8.49e-33	3.19e-25	2.57e-18	1.66e-12	8.37e-08	3.59e-04	1.00e+00	0.00e+00	0.00e+00	0.00e+00	0.00e+00	0.00e+00
 8.02454e+13	1.27e-32	4.47e-25	3.36e-18	2.03e-12	9.56e-08	3.84e-04	1.00e+00	0.00e+00	0.00e+00	0.00e+00	0.00e+00	0.00e+00
 8.27637e+13	1.85e-32	6.09e-25	4.30e-18	2.44e-12	1.08e-07	4.08e-04	1.00e+00	0.00e+00	0.00e+00	0.00e+00	0.00e+00	0.00e+00
 8.55147e+13	2.72e-32	8.42e-25	5.57e-18	2.97e-12	1.23e-07	4.35e-04	1.00e+00	0.00e+00	0.00e+00	0.00e+00	0.00e+00	0.00e+00
 8.85693e+13	4.09e-32	1.18e-24	7.35e-18	3.66e-12	1.41e-07	4.66e-04	1.00e+00	0.00e+00	0.00e+00	0.00e+00	0.00e+00	0.00e+00
 9.14264e+13	5.98e-32	1.62e-24	9.47e-18	4.41e-12	1.60e-07	4.96e-04	1.00e+00	0.00e+00	0.00e+00	0.00e+00	0.00e+00	0.00e+00
 9.45482e+13	8.98e-32	2.27e-24	1.24e-17	5.39e-12	1.83e-07	5.29e-04	9.99e-01	0.00e+00	0.00e+00	0.00e+00	0.00e+00	0.00e+00
 9.82539e+13	1.41e-31	3.32e-24	1.68e-17	6.78e-12	2.13e-07	5.71e-04	9.99e-01	0.00e+00	0.00e+00	0.00e+00	0.00e+00	0.00e+00
 1.01902e+14	2.14e-31	4.72e-24	2.24e-17	8.41e-12	2.46e-07	6.14e-04	9.99e-01	0.00e+00	0.00e+00	0.00e+00	0.00e+00	0.00e+00
 1.05224e+14	3.14e-31	6.49e-24	2.89e-17	1.02e-11	2.79e-07	6.54e-04	9.99e-01	0.00e+00	0.00e+00	0.00e+00	0.00e+00	0.00e+00
 1.08939e+14	4.77e-31	9.17e-24	3.81e-17	1.25e-11	3.21e-07	7.00e-04	9.99e-01	0.00e+00	0.00e+00	0.00e+00	0.00e+00	0.00e+00
 1.13274e+14	7.45e-31	1.34e-23	5.19e-17	1.58e-11	3.74e-07	7.57e-04	9.99e-01	0.00e+00	0.00e+00	0.00e+00	0.00e+00	0.00e+00
 1.17632e+14	1.17e-30	1.95e-23	7.01e-17	1.98e-11	4.35e-07	8.15e-04	9.99e-01	0.00e+00	0.00e+00	0.00e+00	0.00e+00	0.00e+00
 1.21565e+14	1.69e-30	2.65e-23	9.06e-17	2.40e-11	4.95e-07	8.71e-04	9.99e-01	0.00e+00	0.00e+00	0.00e+00	0.00e+00	0.00e+00
 1.25178e+14	2.41e-30	3.57e-23	1.15e-16	2.86e-11	5.56e-07	9.22e-04	9.99e-01	0.00e+00	0.00e+00	0.00e+00	0.00e+00	0.00e+00
 1.29323e+14	3.47e-30	4.85e-23	1.48e-16	3.47e-11	6.33e-07	9.85e-04	9.99e-01	0.00e+00	0.00e+00	0.00e+00	0.00e+00	0.00e+00
 1.34315e+14	5.46e-30	7.08e-23	2.00e-16	4.35e-11	7.35e-07	1.06e-03	9.99e-01	0.00e+00	0.00e+00	0.00e+00	0.00e+00	0.00e+00
 1.39267e+14	8.17e-30	9.97e-23	2.66e-16	5.39e-11	8.49e-07	1.14e-03	9.99e-01	0.00e+00	0.00e+00	0.00e+00	0.00e+00	0.00e+00
 1.43684e+14	1.17e-29	1.35e-22	3.41e-16	6.50e-11	9.61e-07	1.22e-03	9.99e-01	0.00e+00	0.00e+00	0.00e+00	0.00e+00	0.00e+00
 1.48547e+14	1.72e-29	1.86e-22	4.43e-16	7.92e-11	1.10e-06	1.30e-03	9.99e-01	0.00e+00	0.00e+00	0.00e+00	0.00e+00	0.00e+00
 1.54336e+14	2.69e-29	2.71e-22	6.00e-16	9.94e-11	1.28e-06	1.40e-03	9.99e-01	0.00e+00	0.00e+00	0.00e+00	0.00e+00	0.00e+00
 1.60074e+14	4.02e-29	3.82e-22	7.99e-16	1.24e-10	1.47e-06	1.51e-03	9.98e-01	0.00e+00	0.00e+00	0.00e+00	0.00e+00	0.00e+00
 1.65300e+14	5.88e-29	5.24e-22	1.03e-15	1.50e-10	1.68e-06	1.61e-03	9.98e-01	0.00e+00	0.00e+00	0.00e+00	0.00e+00	0.00e+00
 1.71116e+14	8.55e-29	7.23e-22	1.35e-15	1.84e-10	1.92e-06	1.73e-03	9.98e-01	0.00e+00	0.00e+00	0.00e+00	0.00e+00	0.00e+00
 1.77907e+14	1.34e-28	1.05e-21	1.84e-15	2.32e-10	2.24e-06	1.87e-03	9.98e-01	0.00e+00	0.00e+00	0.00e+00	0.00e+00	0.00e+00
 1.84594e+14	2.05e-28	1.51e-21	2.46e-15	2.89e-10	2.60e-06	2.01e-03	9.98e-01	0.00e+00	0.00e+00	0.00e+00	0.00e+00	0.00e+00
 1.90892e+14	2.99e-28	2.08e-21	3.21e-15	3.53e-10	2.97e-06	2.15e-03	9.98e-01	0.00e+00	0.00e+00	0.00e+00	0.00e+00	0.00e+00
 1.97901e+14	4.42e-28	2.91e-21	4.26e-15	4.37e-10	3.42e-06	2.31e-03	9.98e-01	0.00e+00	0.00e+00	0.00e+00	0.00e+00	0.00e+00
 2.05847e+14	7.02e-28	4.28e-21	5.82e-15	5.52e-10	4.00e-06	2.50e-03	9.97e-01	0.00e+00	0.00e+00	0.00e+00	0.00e+00	0.00e+00
 2.13772e+14	1.05e-27	6.04e-21	7.83e-15	6.92e-10	4.65e-06	2.70e-03	9.97e-01	0.00e+00	0.00e+00	0.00e+00	0.00e+00	0.00e+00
 2.21149e+14	1.54e-27	8.36e-21	1.02e-14	8.46e-10	5.32e-06	2.89e-03	9.97e-01	0.00e+00	0.00e+00	0.00e+00	0.00e+00	0.00e+00
 2.29161e+14	2.32e-27	1.18e-20	1.36e-14	1.05e-09	6.13e-06	3.11e-03	9.97e-01	0.00e+00	0.00e+00	0.00e+00	0.00e+00	0.00e+00
 2.38357e+14	3.53e-27	1.70e-20	1.85e-14	1.32e-09	7.16e-06	3.37e-03	9.97e-01	0.00e+00	0.00e+00	0.00e+00	0.00e+00	0.00e+00
 2.47291e+14	5.43e-27	2.43e-20	2.48e-14	1.65e-09	8.29e-06	3.62e-03	9.96e-01	0.00e+00	0.00e+00	0.00e+00	0.00e+00	0.00e+00
 2.55474e+14	7.61e-27	3.26e-20	3.20e-14	2.00e-09	9.43e-06	3.87e-03	9.96e-01	0.00e+00	0.00e+00	0.00e+00	0.00e+00	0.00e+00
 2.62876e+14	1.06e-26	4.32e-20	4.01e-14	2.37e-09	1.06e-05	4.10e-03	9.96e-01	0.00e+00	0.00e+00	0.00e+00	0.00e+00	0.00e+00
 2.70845e+14	1.46e-26	5.66e-20	5.07e-14	2.83e-09	1.19e-05	4.35e-03	9.96e-01	0.00e+00	0.00e+00	0.00e+00	0.00e+00	0.00e+00
 2.79838e+14	2.13e-26	7.79e-20	6.56e-14	3.44e-09	1.35e-05	4.65e-03	9.95e-01	0.00e+00	0.00e+00	0.00e+00	0.00e+00	0.00e+00
 2.88480e+14	2.92e-26	1.03e-19	8.34e-14	4.12e-09	1.53e-05	4.94e-03	9.95e-01	0.00e+00	0.00e+00	0.00e+00	0.00e+00	0.00e+00
 2.98031e+14	4.25e-26	1.41e-19	1.08e-13	5.00e-09	1.74e-05	5.27e-03	9.95e-01	0.00e+00	0.00e+00	0.00e+00	0.00e+00	0.00e+00
 3.08627e+14	6.12e-26	1.93e-19	1.42e-13	6.16e-09	2.00e-05	5.66e-03	9.94e-01	0.00e+00	0.00e+00	0.00e+00	0.00e+00	0.00e+00
 3.18518e+14	8.80e-26	2.62e-19	1.82e-13	7.43e-09	2.26e-05	6.03e-03	9.94e-01	0.00e+00	0.00e+00	0.00e+00	0.00e+00	0.00e+00
 3.29311e+14	1.24e-25	3.54e-19	2.37e-13	9.06e-09	2.58e-05	6.45e-03	9.94e-01	0.00e+00	0.00e+00	0.00e+00	0.00e+00	0.00e+00
 3.41345e+14	1.88e-25	5.01e-19	3.15e-13	1.12e-08	2.98e-05	6.93e-03	9.93e-01	0.00e+00	0.00e+00	0.00e+00	0.00e+00	0.00e+00
 3.52626e+14	2.61e-25	6.69e-19	4.06e-13	1.36e-08	3.39e-05	7.41e-03	9.93e-01	0.00e+00	0.00e+00	0.00e+00	0.00e+00	0.00e+00
 3.64928e+14	3.87e-25	9.32e-19	5.33e-13	1.67e-08	3.88e-05	7.93e-03	9.92e-01	0.00e+00	0.00e+00	0.00e+00	0.00e+00	0.00e+00
 3.78571e+14	5.61e-25	1.29e-18	7.09e-13	2.08e-08	4.49e-05	8.55e-03	9.91e-01	0.00e+00	0.00e+00	0.00e+00	0.00e+00	0.00e+00
 3.91220e+14	8.02e-25	1.75e-18	9.19e-13	2.53e-08	5.11e-05	9.13e-03	9.91e-01	0.00e+00	0.00e+00	0.00e+00	0.00e+00	0.00e+00
 4.04927e+14	1.18e-24	2.43e-18	1.21e-12	3.10e-08	5.86e-05	9.79e-03	9.90e-01	0.00e+00	0.00e+00	0.00e+00	0.00e+00	0.00e+00
 4.20260e+14	1.71e-24	3.38e-18	1.61e-12	3.87e-08	6.79e-05	1.06e-02	9.89e-01	0.00e+00	0.00e+00	0.00e+00	0.00e+00	0.00e+00
 4.34673e+14	2.50e-24	4.66e-18	2.10e-12	4.73e-08	7.76e-05	1.13e-02	9.89e-01	0.00e+00	0.00e+00	0.00e+00	0.00e+00	0.00e+00
 4.50346e+14	3.55e-24	6.35e-18	2.77e-12	5.83e-08	8.92e-05	1.22e-02	9.88e-01	0.00e+00	0.00e+00	0.00e+00	0.00e+00	0.00e+00
 4.67788e+14	5.43e-24	9.13e-18	3.73e-12	7.31e-08	1.04e-04	1.31e-02	9.87e-01	0.00e+00	0.00e+00	0.00e+00	0.00e+00	0.00e+00
 4.84262e+14	7.65e-24	1.24e-17	4.88e-12	8.97e-08	1.19e-04	1.41e-02	9.86e-01	0.00e+00	0.00e+00	0.00e+00	0.00e+00	0.00e+00
 5.01997e+14	1.13e-23	1.73e-17	6.48e-12	1.11e-07	1.37e-04	1.52e-02	9.85e-01	0.00e+00	0.00e+00	0.00e+00	0.00e+00	0.00e+00
 5.22107e+14	1.66e-23	2.43e-17	8.78e-12	1.40e-07	1.60e-04	1.64e-02	9.83e-01	0.00e+00	0.00e+00	0.00e+00	0.00e+00	0.00e+00
 5.41723e+14	2.48e-23	3.43e-17	1.17e-11	1.75e-07	1.85e-04	1.77e-02	9.82e-01	0.00e+00	0.00e+00	0.00e+00	0.00e+00	0.00e+00
 5.62123e+14	3.53e-23	4.72e-17	1.56e-11	2.17e-07	2.14e-04	1.91e-02	9.81e-01	0.00e+00	0.00e+00	0.00e+00	0.00e+00	0.00e+00
 5.84638e+14	5.37e-23	6.78e-17	2.11e-11	2.74e-07	2.50e-04	2.07e-02	9.79e-01	0.00e+00	0.00e+00	0.00e+00	0.00e+00	0.00e+00
 6.07215e+14	7.65e-23	9.34e-17	2.83e-11	3.43e-07	2.90e-04	2.25e-02	9.77e-01	0.00e+00	0.00e+00	0.00e+00	0.00e+00	0.00e+00
 6.25919e+14	1.04e-22	1.23e-16	3.57e-11	4.11e-07	3.26e-04	2.39e-02	9.76e-01	0.00e+00	0.00e+00	0.00e+00	0.00e+00	0.00e+00
 6.40382e+14	1.31e-22	1.50e-16	4.26e-11	4.70e-07	3.57e-04	2.51e-02	9.75e-01	0.00e+00	0.00e+00	0.00e+00	0.00e+00	0.00e+00
 6.56156e+14	1.68e-22	1.87e-16	5.14e-11	5.43e-07	3.93e-04	2.64e-02	9.73e-01	0.00e+00	0.00e+00	0.00e+00	0.00e+00	0.00e+00
 6.76661e+14	2.26e-22	2.44e-16	6.51e-11	6.51e-07	4.43e-04	2.81e-02	9.71e-01	0.00e+00	0.00e+00	0.00e+00	0.00e+00	0.00e+00
 6.98900e+14	3.09e-22	3.23e-16	8.35e-11	7.88e-07	5.03e-04	3.01e-02	9.69e-01	0.00e+00	0.00e+00	0.00e+00	0.00e+00	0.00e+00
 7.18965e+14	4.13e-22	4.17e-16	1.04e-10	9.31e-07	5.61e-04	3.19e-02	9.68e-01	0.00e+00	0.00e+00	0.00e+00	0.00e+00	0.00e+00
 7.40622e+14	5.43e-22	5.36e-16	1.30e-10	1.11e-06	6.30e-04	3.40e-02	9.65e-01	0.00e+00	0.00e+00	0.00e+00	0.00e+00	0.00e+00
 7.67935e+14	7.72e-22	7.35e-16	1.72e-10	1.37e-06	7.25e-04	3.67e-02	9.63e-01	0.00e+00	0.00e+00	0.00e+00	0.00e+00	0.00e+00
 7.95442e+14	1.09e-21	1.00e-15	2.25e-10	1.69e-06	8.32e-04	3.95e-02	9.60e-01	0.00e+00	0.00e+00	0.00e+00	0.00e+00	0.00e+00
 8.18698e+14	1.44e-21	1.29e-15	2.80e-10	2.00e-06	9.30e-04	4.20e-02	9.57e-01	0.00e+00	0.00e+00	0.00e+00	0.00e+00	0.00e+00
 8.43585e+14	1.92e-21	1.67e-15	3.53e-10	2.39e-06	1.04e-03	4.47e-02	9.54e-01	0.00e+00	0.00e+00	0.00e+00	0.00e+00	0.00e+00
 8.74820e+14	2.72e-21	2.29e-15	4.66e-10	2.96e-06	1.20e-03	4.83e-02	9.51e-01	0.00e+00	0.00e+00	0.00e+00	0.00e+00	0.00e+00
 9.07077e+14	3.86e-21	3.16e-15	6.15e-10	3.67e-06	1.38e-03	5.21e-02	9.46e-01	0.00e+00	0.00e+00	0.00e+00	0.00e+00	0.00e+00
 9.35481e+14	5.19e-21	4.13e-15	7.79e-10	4.40e-06	1.56e-03	5.56e-02	9.43e-01	0.00e+00	0.00e+00	0.00e+00	0.00e+00	0.00e+00
 9.66106e+14	7.01e-21	5.45e-15	9.97e-10	5.31e-06	1.76e-03	5.95e-02	9.39e-01	0.00e+00	0.00e+00	0.00e+00	0.00e+00	0.00e+00
 1.00310e+15	1.01e-20	7.60e-15	1.33e-09	6.63e-06	2.04e-03	6.45e-02	9.33e-01	0.00e+00	0.00e+00	0.00e+00	0.00e+00	0.00e+00
 1.03976e+15	1.42e-20	1.04e-14	1.75e-09	8.19e-06	2.34e-03	6.96e-02	9.28e-01	0.00e+00	0.00e+00	0.00e+00	0.00e+00	0.00e+00
 1.07225e+15	1.92e-20	1.37e-14	2.22e-09	9.80e-06	2.63e-03	7.41e-02	9.23e-01	0.00e+00	0.00e+00	0.00e+00	0.00e+00	0.00e+00
 1.10793e+15	2.61e-20	1.82e-14	2.85e-09	1.19e-05	2.97e-03	7.92e-02	9.18e-01	0.00e+00	0.00e+00	0.00e+00	0.00e+00	0.00e+00
 1.15067e+15	3.80e-20	2.56e-14	3.82e-09	1.48e-05	3.43e-03	8.57e-02	9.11e-01	0.00e+00	0.00e+00	0.00e+00	0.00e+00	0.00e+00
 1.19326e+15	5.44e-20	3.56e-14	5.05e-09	1.83e-05	3.94e-03	9.24e-02	9.04e-01	0.00e+00	0.00e+00	0.00e+00	0.00e+00	0.00e+00
 1.23210e+15	7.32e-20	4.69e-14	6.46e-09	2.21e-05	4.44e-03	9.85e-02	8.97e-01	0.00e+00	0.00e+00	0.00e+00	0.00e+00	0.00e+00
 1.27543e+15	1.04e-19	6.46e-14	8.43e-09	2.70e-05	5.05e-03	1.06e-01	8.89e-01	0.00e+00	0.00e+00	0.00e+00	0.00e+00	0.00e+00
 1.32593e+15	1.54e-19	9.20e-14	1.14e-08	3.39e-05	5.85e-03	1.14e-01	8.80e-01	0.00e+00	0.00e+00	0.00e+00	0.00e+00	0.00e+00
 1.37564e+15	2.22e-19	1.29e-13	1.51e-08	4.20e-05	6.70e-03	1.23e-01	8.70e-01	0.00e+00	0.00e+00	0.00e+00	0.00e+00	0.00e+00
 1.42263e+15	3.06e-19	1.73e-13	1.96e-08	5.10e-05	7.59e-03	1.31e-01	8.61e-01	0.00e+00	0.00e+00	0.00e+00	0.00e+00	0.00e+00
 1.47487e+15	4.51e-19	2.45e-13	2.59e-08	6.28e-05	8.67e-03	1.41e-01	8.51e-01	0.00e+00	0.00e+00	0.00e+00	0.00e+00	0.00e+00
 1.52427e+15	6.29e-19	3.31e-13	3.34e-08	7.59e-05	9.78e-03	1.50e-01	8.40e-01	0.00e+00	0.00e+00	0.00e+00	0.00e+00	0.00e+00
 1.56101e+15	8.03e-19	4.13e-13	4.01e-08	8.70e-05	1.07e-02	1.57e-01	8.33e-01	0.00e+00	0.00e+00	0.00e+00	0.00e+00	0.00e+00
 1.59843e+15	1.02e-18	5.14e-13	4.81e-08	9.97e-05	1.16e-02	1.64e-01	8.25e-01	0.00e+00	0.00e+00	0.00e+00	0.00e+00	0.00e+00
 1.64708e+15	1.36e-18	6.70e-13	6.06e-08	1.18e-04	1.29e-02	1.73e-01	8.14e-01	0.00e+00	0.00e+00	0.00e+00	0.00e+00	0.00e+00
 1.70005e+15	1.94e-18	9.14e-13	7.74e-08	1.42e-04	1.45e-02	1.83e-01	8.02e-01	0.00e+00	0.00e+00	0.00e+00	0.00e+00	0.00e+00
 1.74784e+15	2.58e-18	1.18e-12	9.58e-08	1.66e-04	1.60e-02	1.92e-01	7.92e-01	0.00e+00	0.00e+00	0.00e+00	0.00e+00	0.00e+00
 1.79918e+15	3.43e-18	1.53e-12	1.20e-07	1.95e-04	1.77e-02	2.02e-01	7.80e-01	0.00e+00	0.00e+00	0.00e+00	0.00e+00	0.00e+00
 1.86477e+15	5.14e-18	2.17e-12	1.57e-07	2.39e-04	2.01e-02	2.15e-01	7.65e-01	0.00e+00	0.00e+00	0.00e+00	0.00e+00	0.00e+00
 1.93110e+15	7.42e-18	3.02e-12	2.06e-07	2.91e-04	2.27e-02	2.28e-01	7.49e-01	0.00e+00	0.00e+00	0.00e+00	0.00e+00	0.00e+00
 1.98638e+15	1.00e-17	3.93e-12	2.55e-07	3.40e-04	2.51e-02	2.39e-01	7.36e-01	0.00e+00	0.00e+00	0.00e+00	0.00e+00	0.00e+00
 2.04509e+15	1.37e-17	5.17e-12	3.18e-07	4.00e-04	2.77e-02	2.50e-01	7.22e-01	0.00e+00	0.00e+00	0.00e+00	0.00e+00	0.00e+00
 2.11985e+15	2.00e-17	7.25e-12	4.18e-07	4.87e-04	3.13e-02	2.65e-01	7.04e-01	0.00e+00	0.00e+00	0.00e+00	0.00e+00	0.00e+00
 2.19881e+15	2.91e-17	9.98e-12	5.50e-07	5.94e-04	3.53e-02	2.79e-01	6.85e-01	0.00e+00	0.00e+00	1.67e-17	8.83e-18	3.12e-18
 2.26959e+15	4.09e-17	1.35e-11	6.98e-07	7.06e-04	3.92e-02	2.93e-01	6.67e-01	0.00e+00	0.00e+00	2.34e-17	1.24e-17	4.37e-18
 2.34642e+15	6.02e-17	1.87e-11	8.95e-07	8.44e-04	4.38e-02	3.07e-01	6.49e-01	0.00e+00	0.00e+00	3.45e-17	1.83e-17	6.39e-18
 2.43766e+15	9.15e-17	2.68e-11	1.19e-06	1.04e-03	4.95e-02	3.23e-01	6.26e-01	0.00e+00	0.00e+00	5.25e-17	2.78e-17	9.66e-18
 2.52741e+15	1.34e-16	3.73e-11	1.55e-06	1.25e-03	5.55e-02	3.38e-01	6.05e-01	0.00e+00	0.00e+00	7.70e-17	4.07e-17	1.41e-17
 2.60889e+15	1.89e-16	5.02e-11	1.96e-06	1.48e-03	6.13e-02	3.52e-01	5.85e-01	0.00e+00	0.00e+00	1.09e-16	5.75e-17	1.98e-17
 2.69982e+15	2.66e-16	6.77e-11	2.52e-06	1.76e-03	6.80e-02	3.66e-01	5.64e-01	0.00e+00	0.00e+00	1.53e-16	8.08e-17	2.78e-17
 2.80625e+15	4.17e-16	9.84e-11	3.34e-06	2.15e-03	7.64e-02	3.82e-01	5.39e-01	0.00e+00	0.00e+00	2.40e-16	1.26e-16	4.33e-17
 2.91130e+15	6.22e-16	1.38e-10	4.34e-06	2.59e-03	8.52e-02	3.97e-01	5.15e-01	0.00e+00	0.00e+00	3.58e-16	1.89e-16	6.44e-17
 3.01038e+15	8.95e-16	1.87e-10	5.51e-06	3.06e-03	9.38e-02	4.10e-01	4.93e-01	0.00e+00	0.00e+00	5.16e-16	2.72e-16	9.23e-17
 3.12066e+15	1.28e-15	2.55e-10	7.10e-06	3.66e-03	1.04e-01	4.23e-01	4.70e-01	0.00e+00	0.00e+00	7.37e-16	3.88e-16	1.31e-16
 3.24552e+15	2.05e-15	3.73e-10	9.37e-06	4.43e-03	1.16e-01	4.37e-01	4.43e-01	0.00e+00	0.00e+00	1.18e-15	6.21e-16	2.10e-16
 3.35009e+15	2.88e-15	4.95e-10	1.17e-05	5.15e-03	1.26e-01	4.47e-01	4.22e-01	0.00e+00	0.00e+00	1.67e-15	8.75e-16	2.95e-16
 3.42509e+15	3.66e-15	6.03e-10	1.36e-05	5.72e-03	1.33e-01	4.53e-01	4.07e-01	0.00e+00	0.00e+00	2.11e-15	1.11e-15	3.74e-16
 3.50347e+15	4.68e-15	7.37e-10	1.59e-05	6.36e-03	1.42e-01	4.60e-01	3.92e-01	0.00e+00	0.00e+00	2.70e-15	1.42e-15	4.76e-16
 3.60538e+15	6.13e-15	9.29e-10	1.92e-05	7.26e-03	1.52e-01	4.67e-01	3.74e-01	0.00e+00	0.00e+00	3.54e-15	1.86e-15	6.24e-16
 3.71915e+15	8.90e-15	1.25e-09	2.38e-05	8.38e-03	1.64e-01	4.74e-01	3.53e-01	0.00e+00	0.00e+00	5.15e-15	2.70e-15	9.04e-16
 3.82544e+15	1.19e-14	1.59e-09	2.87e-05	9.52e-03	1.76e-01	4.80e-01	3.35e-01	0.00e+00	0.00e+00	6.90e-15	3.62e-15	1.21e-15
 3.94071e+15	1.59e-14	2.02e-09	3.49e-05	1.09e-02	1.89e-01	4.84e-01	3.16e-01	0.00e+00	0.00e+00	9.21e-15	4.83e-15	1.61e-15
 4.07024e+15	2.34e-14	2.73e-09	4.32e-05	1.25e-02	2.03e-01	4.89e-01	2.96e-01	0.00e+00	0.00e+00	1.36e-14	7.11e-15	2.37e-15
 4.19274e+15	3.18e-14	3.50e-09	5.23e-05	1.42e-02	2.17e-01	4.91e-01	2.78e-01	0.00e+00	0.00e+00	1.84e-14	9.64e-15	3.20e-15
 4.32642e+15	4.30e-14	4.49e-09	6.39e-05	1.63e-02	2.32e-01	4.93e-01	2.59e-01	0.00e+00	0.00e+00	2.49e-14	1.31e-14	4.33e-15
 4.47648e+15	6.45e-14	6.14e-09	7.96e-05	1.88e-02	2.49e-01	4.93e-01	2.39e-01	0.00e+00	0.00e+00	3.74e-14	1.96e-14	6.49e-15
 4.61849e+15	8.96e-14	7.96e-09	9.68e-05	2.13e-02	2.65e-01	4.92e-01	2.22e-01	0.00e+00	0.00e+00	5.19e-14	2.72e-14	9.00e-15
 4.77375e+15	1.21e-13	1.02e-08	1.19e-04	2.44e-02	2.82e-01	4.89e-01	2.05e-01	0.00e+00	0.00e+00	7.03e-14	3.68e-14	1.22e-14
 4.94516e+15	1.85e-13	1.41e-08	1.48e-04	2.80e-02	3.01e-01	4.85e-01	1.86e-01	0.00e+00	0.00e+00	1.07e-13	5.61e-14	1.85e-14
 5.10299e+15	2.56e-13	1.81e-08	1.79e-04	3.17e-02	3.18e-01	4.79e-01	1.71e-01	0.00e+00	0.00e+00	1.48e-13	7.77e-14	2.56e-14
 5.27358e+15	3.57e-13	2.36e-08	2.18e-04	3.59e-02	3.36e-01	4.72e-01	1.56e-01	0.00e+00	0.00e+00	2.07e-13	1.08e-13	3.57e-14
 5.46324e+15	4.96e-13	3.07e-08	2.69e-04	4.09e-02	3.55e-01	4.63e-01	1.41e-01	0.00e+00	0.00e+00	2.88e-13	1.51e-13	4.95e-14
 5.64176e+15	7.30e-13	4.09e-08	3.26e-04	4.61e-02	3.73e-01	4.53e-01	1.27e-01	0.00e+00	0.00e+00	4.23e-13	2.22e-13	7.28e-14
 5.83792e+15	1.03e-12	5.32e-08	3.98e-04	5.21e-02	3.92e-01	4.42e-01	1.14e-01	0.00e+00	0.00e+00	5.95e-13	3.11e-13	1.02e-13
 6.05356e+15	1.43e-12	6.94e-08	4.90e-04	5.91e-02	4.11e-01	4.28e-01	1.01e-01	0.00e+00	0.00e+00	8.31e-13	4.35e-13	1.42e-13
 6.24683e+15	1.99e-12	8.90e-08	5.87e-04	6.59e-02	4.27e-01	4.15e-01	9.10e-02	0.00e+00	0.00e+00	1.15e-12	6.03e-13	1.97e-13
 6.42184e+15	2.66e-12	1.11e-07	6.88e-04	7.23e-02	4.41e-01	4.03e-01	8.24e-02	0.00e+00	0.00e+00	1.54e-12	8.07e-13	2.64e-13
 6.62081e+15	3.76e-12	1.43e-07	8.18e-04	8.01e-02	4.57e-01	3.89e-01	7.35e-02	0.00e+00	0.00e+00	2.18e-12	1.14e-12	3.73e-13
 6.86795e+15	5.23e-12	1.86e-07	1.00e-03	9.02e-02	4.74e-01	3.71e-01	6.40e-02	0.00e+00	0.00e+00	3.04e-12	1.59e-12	5.19e-13
 7.11612e+15	7.98e-12	2.51e-07	1.22e-03	1.01e-01	4.89e-01	3.53e-01	5.55e-02	0.00e+00	0.00e+00	4.64e-12	2.43e-12	7.92e-13
 7.30225e+15	1.03e-11	3.05e-07	1.41e-03	1.09e-01	5.00e-01	3.40e-01	4.99e-02	0.00e+00	0.00e+00	6.00e-12	3.14e-12	1.02e-12
 7.46931e+15	1.31e-11	3.64e-07	1.60e-03	1.17e-01	5.08e-01	3.27e-01	4.53e-02	0.00e+00	0.00e+00	7.59e-12	3.97e-12	1.30e-12
 7.68650e+15	1.73e-11	4.51e-07	1.87e-03	1.28e-01	5.19e-01	3.12e-01	4.00e-02	0.00e+00	0.00e+00	1.01e-11	5.27e-12	1.72e-12
 7.91836e+15	2.39e-11	5.72e-07	2.20e-03	1.40e-01	5.28e-01	2.95e-01	3.50e-02	0.00e+00	0.00e+00	1.39e-11	7.28e-12	2.37e-12
 8.12113e+15	3.08e-11	6.91e-07	2.52e-03	1.50e-01	5.35e-01	2.81e-01	3.11e-02	0.00e+00	0.00e+00	1.79e-11	9.38e-12	3.05e-12
 8.33656e+15	4.00e-11	8.41e-07	2.91e-03	1.62e-01	5.41e-01	2.67e-01	2.75e-02	0.00e+00	0.00e+00	2.32e-11	1.22e-11	3.96e-12
 8.61662e+15	5.78e-11	1.10e-06	3.50e-03	1.78e-01	5.47e-01	2.48e-01	2.33e-02	0.00e+00	0.00e+00	3.36e-11	1.76e-11	5.73e-12
 8.89397e+15	7.81e-11	1.38e-06	4.14e-03	1.94e-01	5.52e-01	2.31e-01	1.98e-02	0.00e+00	0.00e+00	4.54e-11	2.38e-11	7.74e-12
 9.11275e+15	9.78e-11	1.64e-06	4.72e-03	2.07e-01	5.54e-01	2.17e-01	1.75e-02	0.00e+00	0.00e+00	5.68e-11	2.98e-11	9.68e-12
 9.34213e+15	1.27e-10	1.99e-06	5.42e-03	2.21e-01	5.54e-01	2.04e-01	1.52e-02	0.00e+00	0.00e+00	7.37e-11	3.86e-11	1.26e-11
 9.64032e+15	1.90e-10	2.65e-06	6.48e-03	2.40e-01	5.54e-01	1.87e-01	1.27e-02	0.00e+00	0.00e+00	1.11e-10	5.79e-11	1.89e-11
 9.93601e+15	2.56e-10	3.32e-06	7.64e-03	2.59e-01	5.51e-01	1.71e-01	1.07e-02	0.00e+00	0.00e+00	1.49e-10	7.79e-11	2.53e-11
 1.01676e+16	3.18e-10	3.93e-06	8.68e-03	2.75e-01	5.48e-01	1.60e-01	9.28e-03	0.00e+00	0.00e+00	1.85e-10	9.70e-11	3.16e-11
 1.04080e+16	4.12e-10	4.76e-06	9.94e-03	2.91e-01	5.43e-01	1.48e-01	8.00e-03	0.00e+00	0.00e+00	2.40e-10	1.26e-10	4.09e-11
 1.06737e+16	5.88e-10	6.08e-06	1.15e-02	3.10e-01	5.36e-01	1.36e-01	6.75e-03	0.00e+00	0.00e+00	3.42e-10	1.79e-10	5.83e-11
 1.09134e+16	7.54e-10	7.32e-06	1.31e-02	3.27e-01	5.29e-01	1.25e-01	5.82e-03	0.00e+00	0.00e+00	4.38e-10	2.30e-10	7.48e-11
 1.11322e+16	9.56e-10	8.72e-06	1.48e-02	3.43e-01	5.21e-01	1.16e-01	5.06e-03	0.00e+00	0.00e+00	5.56e-10	2.92e-10	9.49e-11
 1.13829e+16	1.24e-09	1.06e-05	1.70e-02	3.61e-01	5.11e-01	1.06e-01	4.30e-03	0.00e+00	0.00e+00	7.20e-10	3.78e-10	1.23e-10
 1.16521e+16	1.66e-09	1.31e-05	1.97e-02	3.81e-01	4.99e-01	9.65e-02	3.61e-03	0.00e+00	0.00e+00	9.63e-10	5.05e-10	1.64e-10
 1.18862e+16	2.14e-09	1.58e-05	2.23e-02	3.99e-01	4.87e-01	8.84e-02	3.09e-03	0.00e+00	0.00e+00	1.24e-09	6.52e-10	2.12e-10
 1.20962e+16	2.60e-09	1.84e-05	2.50e-02	4.15e-01	4.76e-01	8.15e-02	2.69e-03	0.00e+00	0.00e+00	1.51e-09	7.93e-10	2.58e-10
 1.23338e+16	3.67e-09	2.33e-05	2.88e-02	4.33e-01	4.62e-01	7.38e-02	2.25e-03	0.00e+00	0.00e+00	2.14e-09	1.12e-09	3.65e-10
 1.25831e+16	4.49e-09	2.76e-05	3.30e-02	4.52e-01	4.47e-01	6.67e-02	1.90e-03	0.00e+00	0.00e+00	2.61e-09	1.37e-09	4.46e-10
 1.28033e+16	6.30e-09	3.48e-05	3.77e-02	4.69e-01	4.32e-01	6.04e-02	1.61e-03	0.00e+00	0.00e+00	3.66e-09	1.92e-09	6.26e-10
 1.30036e+16	8.02e-09	4.15e-05	4.24e-02	4.84e-01	4.17e-01	5.51e-02	1.38e-03	0.00e+00	0.00e+00	4.66e-09	2.45e-09	7.97e-10
 1.31828e+16	1.00e-08	4.89e-05	4.73e-02	4.97e-01	4.04e-01	5.06e-02	1.20e-03	0.00e+00	0.00e+00	5.83e-09	3.06e-09	9.98e-10
 1.33491e+16	1.24e-08	5.72e-05	5.25e-02	5.09e-01	3.91e-01	4.65e-02	1.05e-03	0.00e+00	0.00e+00	7.22e-09	3.79e-09	1.24e-09
 1.35382e+16	1.49e-08	6.62e-05	5.91e-02	5.23e-01	3.75e-01	4.22e-02	9.03e-04	0.00e+00	0.00e+00	8.65e-09	4.54e-09	1.48e-09
 1.37839e+16	2.19e-08	8.73e-05	6.98e-02	5.40e-01	3.53e-01	3.67e-02	7.24e-04	0.00e+00	0.00e+00	1.28e-08	6.70e-09	2.18e-09
 1.40192e+16	3.06e-08	1.12e-04	8.19e-02	5.55e-01	3.31e-01	3.20e-02	5.85e-04	0.00e+00	0.00e+00	1.78e-08	9.35e-09	3.05e-09
 1.41862e+16	3.76e-08	1.31e-04	9.21e-02	5.64e-01	3.14e-01	2.88e-02	5.00e-04	0.00e+00	0.00e+00	2.19e-08	1.15e-08	3.75e-09
 1.43486e+16	4.84e-08	1.58e-04	1.04e-01	5.72e-01	2.97e-01	2.57e-02	4.22e-04	0.00e+00	0.00e+00	2.82e-08	1.48e-08	4.83e-09
 1.45293e+16	6.48e-08	1.96e-04	1.20e-01	5.80e-01	2.77e-01	2.25e-02	3.46e-04	0.00e+00	0.00e+00	3.77e-08	1.98e-08	6.47e-09
 1.46925e+16	9.57e-08	2.55e-04	1.38e-01	5.84e-01	2.58e-01	1.96e-02	2.82e-04	0.00e+00	0.00e+00	5.57e-08	2.93e-08	9.56e-09
 1.48257e+16	1.22e-07	3.04e-04	1.54e-01	5.86e-01	2.42e-01	1.74e-02	2.39e-04	0.00e+00	0.00e+00	7.09e-08	3.73e-08	1.22e-08
 1.49613e+16	1.56e-07	3.66e-04	1.74e-01	5.86e-01	2.24e-01	1.53e-02	1.98e-04	0.00e+00	0.00e+00	9.07e-08	4.77e-08	1.56e-08
 1.51109e+16	2.18e-07	4.64e-04	2.01e-01	5.82e-01	2.04e-01	1.30e-02	1.58e-04	0.00e+00	0.00e+00	1.27e-07	6.68e-08	2.18e-08
 1.52309e+16	2.80e-07	5.58e-04	2.25e-01	5.76e-01	1.88e-01	1.13e-02	1.30e-04	0.00e+00	0.00e+00	1.63e-07	8.57e-08	2.80e-08
 1.53190e+16	3.41e-07	6.43e-04	2.45e-01	5.69e-01	1.75e-01	1.01e-02	1.12e-04	0.00e+00	0.00e+00	1.99e-07	1.04e-07	3.42e-08
 1.54134e+16	3.97e-07	7.26e-04	2.69e-01	5.60e-01	1.61e-01	8.89e-03	9.43e-05	0.00e+00	0.00e+00	2.31e-07	1.21e-07	3.98e-08
 1.55361e+16	5.86e-07	9.47e-04	3.08e-01	5.42e-01	1.41e-01	7.26e-03	7.15e-05	0.00e+00	0.00e+00	3.41e-07	1.79e-07	5.88e-08
 1.56332e+16	7.33e-07	1.12e-03	3.40e-01	5.26e-01	1.27e-01	6.19e-03	5.80e-05	0.00e+00	0.00e+00	4.27e-07	2.24e-07	7.36e-08
 1.56798e+16	8.28e-07	1.22e-03	3.58e-01	5.16e-01	1.19e-01	5.66e-03	5.16e-05	0.00e+00	0.00e+00	4.82e-07	2.54e-07	8.32e-08
 1.57231e+16	9.31e-07	1.32e-03	3.75e-01	5.06e-01	1.13e-01	5.18e-03	4.60e-05	0.00e+00	0.00e+00	5.42e-07	2.85e-07	9.36e-08
 1.57793e+16	1.04e-06	1.44e-03	3.98e-01	4.92e-01	1.04e-01	4.61e-03	3.97e-05	0.00e+00	0.00e+00	6.03e-07	3.17e-07	1.04e-07
 1.58525e+16	1.32e-06	1.70e-03	4.32e-01	4.70e-01	9.18e-02	3.87e-03	3.15e-05	0.00e+00	0.00e+00	7.70e-07	4.06e-07	1.33e-07
 1.59203e+16	1.59e-06	1.93e-03	4.64e-01	4.49e-01	8.17e-02	3.27e-03	2.55e-05	0.00e+00	0.00e+00	9.26e-07	4.88e-07	1.60e-07
 1.59686e+16	1.83e-06	2.12e-03	4.89e-01	4.32e-01	7.45e-02	2.88e-03	2.16e-05	0.00e+00	0.00e+00	1.06e-06	5.61e-07	1.84e-07
 1.60185e+16	2.12e-06	2.36e-03	5.16e-01	4.13e-01	6.69e-02	2.47e-03	1.79e-05	0.00e+00	0.00e+00	1.24e-06	6.52e-07	2.14e-07
 1.60834e+16	2.59e-06	2.69e-03	5.52e-01	3.86e-01	5.76e-02	2.01e-03	1.38e-05	0.00e+00	0.00e+00	1.51e-06	7.96e-07	2.62e-07
 1.61475e+16	3.11e-06	3.04e-03	5.87e-01	3.59e-01	4.93e-02	1.62e-03	1.05e-05	0.00e+00	0.00e+00	1.81e-06	9.55e-07	3.15e-07
 1.61972e+16	3.58e-06	3.35e-03	6.15e-01	3.38e-01	4.31e-02	1.35e-03	8.40e-06	0.00e+00	0.00e+00	2.08e-06	1.10e-06	3.62e-07
 1.62485e+16	4.21e-06	3.71e-03	6.45e-01	3.14e-01	3.70e-02	1.10e-03	6.47e-06	0.00e+00	0.00e+00	2.45e-06	1.29e-06	4.26e-07
 1.63050e+16	4.95e-06	4.13e-03	6.76e-01	2.88e-01	3.10e-02	8.66e-04	4.83e-06	0.00e+00	0.00e+00	2.88e-06	1.52e-06	5.02e-07
 1.63581e+16	5.74e-06	4.54e-03	7.05e-01	2.64e-01	2.60e-02	6.84e-04	3.62e-06	0.00e+00	0.00e+00	3.34e-06	1.76e-06	5.83e-07
 1.64169e+16	6.80e-06	5.04e-03	7.37e-01	2.37e-01	2.10e-02	5.14e-04	2.54e-06	0.00e+00	0.00e+00	3.96e-06	2.09e-06	6.92e-07
 1.64800e+16	8.05e-06	5.60e-03	7.68e-01	2.10e-01	1.66e-02	3.75e-04	1.73e-06	0.00e+00	0.00e+00	4.68e-06	2.48e-06	8.20e-07
 1.65368e+16	9.37e-06	6.13e-03	7.94e-01	1.87e-01	1.33e-02	2.77e-04	1.19e-06	0.00e+00	0.00e+00	5.45e-06	2.88e-06	9.55e-07
 1.65988e+16	1.10e-05	6.75e-03	8.20e-01	1.63e-01	1.02e-02	1.94e-04	7.75e-07	0.00e+00	0.00e+00	6.42e-06	3.40e-06	1.13e-06
 1.66678e+16	1.30e-05	7.42e-03	8.46e-01	1.39e-01	7.57e-03	1.30e-04	0.00e+00	0.00e+00	0.00e+00	7.57e-06	4.01e-06	1.33e-06
 1.67347e+16	1.52e-05	8.10e-03	8.67e-01	1.19e-01	5.61e-03	8.73e-05	0.00e+00	0.00e+00	0.00e+00	8.86e-06	4.69e-06	1.56e-06
 1.68104e+16	1.81e-05	8.89e-03	8.88e-01	9.88e-02	3.95e-03	5.42e-05	0.00e+00	0.00e+00	0.00e+00	1.05e-05	5.56e-06	1.86e-06
 1.69089e+16	2.22e-05	9.93e-03	9.10e-01	7.75e-02	2.49e-03	2.89e-05	0.00e+00	0.00e+00	0.00e+00	1.29e-05	6.85e-06	2.29e-06
