#depth	C	C+	C+2	C+3	C+4	C+5	C+6	C[1]	C[2]	C[3]	C+[1]	C+[2]	CO
 1.49634e+10	0.00e+00	3.06e-33	2.52e-23	6.41e-14	5.45e-04	5.49e-01	4.50e-01	0.00e+00	0.00e+00	0.00e+00	0.00e+00	0.00e+00	6.84e-162
 4.54887e+10	4.67e-44	4.33e-33	3.30e-23	7.75e-14	6.08e-04	5.69e-01	4.31e-01	0.00e+00	0.00e+00	0.00e+00	0.00e+00	0.00e+00	3.25e-218
 7.72350e+10	0.00e+00	6.19e-33	4.35e-23	9.43e-14	6.83e-04	5.88e-01	4.11e-01	0.00e+00	0.00e+00	0.00e+00	0.00e+00	0.00e+00	9.34e-161
 1.10251e+11	1.12e-43	8.85e-33	5.74e-23	1.15e-13	7.67e-04	6.07e-01	3.92e-01	0.00e+00	0.00e+00	0.00e+00	0.00e+00	0.00e+00	1.94e-217
 1.41998e+11	0.00e+00	1.23e-32	7.40e-23	1.37e-13	8.53e-04	6.25e-01	3.74e-01	0.00e+00	0.00e+00	0.00e+00	0.00e+00	0.00e+00	1.16e-159
 1.71573e+11	2.41e-43	1.65e-32	9.32e-23	1.62e-13	9.38e-04	6.40e-01	3.59e-01	0.00e+00	0.00e+00	0.00e+00	0.00e+00	0.00e+00	2.85e-205
 2.04921e+11	0.00e+00	2.29e-32	1.20e-22	1.93e-13	1.04e-03	6.57e-01	3.42e-01	0.00e+00	0.00e+00	0.00e+00	0.00e+00	0.00e+00	1.13e-158
 2.43045e+11	5.54e-43	3.26e-32	1.58e-22	2.34e-13	1.17e-03	6.75e-01	3.24e-01	0.00e+00	0.00e+00	0.00e+00	0.00e+00	0.00e+00	1.64e-204
 2.81207e+11	0.00e+00	4.59e-32	2.05e-22	2.82e-13	1.30e-03	6.92e-01	3.07e-01	0.00e+00	0.00e+00	0.00e+00	0.00e+00	0.00e+00	1.48e-157
 3.20895e+11	1.28e-42	6.47e-32	2.67e-22	3.40e-13	1.45e-03	7.08e-01	2.91e-01	0.00e+00	0.00e+00	0.00e+00	0.00e+00	0.00e+00	8.36e-204
 3.63658e+11	0.00e+00	9.22e-32	3.51e-22	4.11e-13	1.61e-03	7.24e-01	2.74e-01	0.00e+00	0.00e+00	0.00e+00	0.00e+00	0.00e+00	1.95e-156
 4.08131e+11	3.07e-42	1.31e-31	4.62e-22	4.98e-13	1.80e-03	7.40e-01	2.58e-01	0.00e+00	0.00e+00	0.00e+00	0.00e+00	0.00e+00	2.93e-203
 4.54383e+11	0.00e+00	1.87e-31	6.07e-22	6.03e-13	2.01e-03	7.55e-01	2.43e-01	0.00e+00	0.00e+00	0.00e+00	0.00e+00	0.00e+00	2.71e-155
 5.02485e+11	7.35e-42	2.67e-31	7.98e-22	7.29e-13	2.24e-03	7.70e-01	2.28e-01	0.00e+00	0.00e+00	0.00e+00	0.00e+00	0.00e+00	1.36e-202
 5.52511e+11	0.00e+00	3.81e-31	1.05e-21	8.82e-13	2.50e-03	7.83e-01	2.14e-01	0.00e+00	0.00e+00	0.00e+00	0.00e+00	0.00e+00	3.77e-154
 6.04538e+11	1.76e-41	5.43e-31	1.38e-21	1.07e-12	2.78e-03	7.97e-01	2.00e-01	0.00e+00	0.00e+00	0.00e+00	0.00e+00	0.00e+00	6.03e-201
 6.58647e+11	0.00e+00	7.75e-31	1.81e-21	1.29e-12	3.10e-03	8.09e-01	1.88e-01	0.00e+00	0.00e+00	0.00e+00	0.00e+00	0.00e+00	5.29e-153
 7.14919e+11	4.23e-41	1.11e-30	2.38e-21	1.56e-12	3.45e-03	8.21e-01	1.75e-01	0.00e+00	0.00e+00	0.00e+00	0.00e+00	0.00e+00	0.00e+00
 7.67829e+11	0.00e+00	1.52e-30	3.05e-21	1.85e-12	3.79e-03	8.32e-01	1.65e-01	0.00e+00	0.00e+00	0.00e+00	0.00e+00	0.00e+00	6.59e-152
 8.15144e+11	8.89e-41	2.02e-30	3.78e-21	2.15e-12	4.12e-03	8.40e-01	1.56e-01	0.00e+00	0.00e+00	0.00e+00	0.00e+00	0.00e+00	0.00e+00
 8.68258e+11	0.00e+00	2.74e-30	4.78e-21	2.53e-12	4.52e-03	8.49e-01	1.47e-01	0.00e+00	0.00e+00	0.00e+00	0.00e+00	0.00e+00	5.78e-151
 9.31208e+11	2.00e-40	3.87e-30	6.23e-21	3.04e-12	5.01e-03	8.58e-01	1.37e-01	0.00e+00	0.00e+00	0.00e+00	0.00e+00	0.00e+00	3.12e-210
 9.94476e+11	0.00e+00	5.43e-30	8.08e-21	3.63e-12	5.53e-03	8.67e-01	1.27e-01	0.00e+00	0.00e+00	0.00e+00	0.00e+00	0.00e+00	7.45e-150
 1.05385e+12	4.41e-40	7.37e-30	1.02e-20	4.26e-12	6.05e-03	8.74e-01	1.20e-01	0.00e+00	0.00e+00	0.00e+00	0.00e+00	0.00e+00	3.47e-197
 1.11951e+12	0.00e+00	1.02e-29	1.31e-20	5.08e-12	6.66e-03	8.82e-01	1.12e-01	0.00e+00	0.00e+00	0.00e+00	0.00e+00	0.00e+00	7.88e-149
 1.19421e+12	1.03e-39	1.47e-29	1.73e-20	6.14e-12	7.39e-03	8.89e-01	1.03e-01	0.00e+00	0.00e+00	0.00e+00	0.00e+00	0.00e+00	3.80e-196
 1.26877e+12	0.00e+00	2.07e-29	2.26e-20	7.36e-12	8.17e-03	8.96e-01	9.60e-02	0.00e+00	0.00e+00	0.00e+00	0.00e+00	0.00e+00	1.09e-147
 1.34630e+12	2.44e-39	2.94e-29	2.95e-20	8.84e-12	9.03e-03	9.02e-01	8.91e-02	0.00e+00	0.00e+00	0.00e+00	0.00e+00	0.00e+00	3.76e-195
 1.43008e+12	0.00e+00	4.22e-29	3.89e-20	1.07e-11	1.00e-02	9.08e-01	8.22e-02	0.00e+00	0.00e+00	0.00e+00	0.00e+00	0.00e+00	1.53e-146
 1.51721e+12	5.99e-39	6.07e-29	5.14e-20	1.29e-11	1.11e-02	9.13e-01	7.59e-02	0.00e+00	0.00e+00	0.00e+00	0.00e+00	0.00e+00	2.94e-194
 1.59938e+12	0.00e+00	8.44e-29	6.61e-20	1.54e-11	1.22e-02	9.17e-01	7.05e-02	0.00e+00	0.00e+00	0.00e+00	0.00e+00	0.00e+00	2.02e-145
 1.67336e+12	1.29e-38	1.13e-28	8.25e-20	1.79e-11	1.32e-02	9.21e-01	6.60e-02	0.00e+00	0.00e+00	0.00e+00	0.00e+00	0.00e+00	0.00e+00
 1.75668e+12	0.00e+00	1.55e-28	1.05e-19	2.11e-11	1.45e-02	9.24e-01	6.14e-02	0.00e+00	0.00e+00	0.00e+00	0.00e+00	0.00e+00	1.90e-144
 1.85482e+12	2.99e-38	2.21e-28	1.38e-19	2.54e-11	1.60e-02	9.27e-01	5.65e-02	0.00e+00	0.00e+00	0.00e+00	0.00e+00	0.00e+00	3.97e-205
 1.95287e+12	0.00e+00	3.13e-28	1.80e-19	3.04e-11	1.76e-02	9.30e-01	5.22e-02	0.00e+00	0.00e+00	0.00e+00	0.00e+00	0.00e+00	2.62e-143
 2.04522e+12	6.79e-38	4.29e-28	2.30e-19	3.58e-11	1.92e-02	9.32e-01	4.84e-02	0.00e+00	0.00e+00	0.00e+00	0.00e+00	0.00e+00	1.38e-203
 2.14733e+12	0.00e+00	6.01e-28	2.97e-19	4.27e-11	2.11e-02	9.34e-01	4.47e-02	0.00e+00	0.00e+00	0.00e+00	0.00e+00	0.00e+00	2.94e-142
 2.26315e+12	1.63e-37	8.70e-28	3.95e-19	5.18e-11	2.34e-02	9.36e-01	4.09e-02	0.00e+00	0.00e+00	0.00e+00	0.00e+00	0.00e+00	0.00e+00
 2.37769e+12	0.00e+00	1.24e-27	5.17e-19	6.22e-11	2.57e-02	9.37e-01	3.76e-02	0.00e+00	0.00e+00	0.00e+00	0.00e+00	0.00e+00	4.28e-141
 2.49681e+12	3.93e-37	1.77e-27	6.79e-19	7.47e-11	2.83e-02	9.37e-01	3.45e-02	0.00e+00	0.00e+00	0.00e+00	0.00e+00	0.00e+00	4.39e-214
 2.62661e+12	0.00e+00	2.56e-27	9.03e-19	9.06e-11	3.13e-02	9.37e-01	3.15e-02	0.00e+00	0.00e+00	0.00e+00	0.00e+00	0.00e+00	6.27e-140
 2.75766e+12	9.80e-37	3.68e-27	1.19e-18	1.09e-10	3.46e-02	9.37e-01	2.88e-02	0.00e+00	0.00e+00	0.00e+00	0.00e+00	0.00e+00	0.00e+00
 2.89394e+12	0.00e+00	5.30e-27	1.57e-18	1.32e-10	3.81e-02	9.36e-01	2.63e-02	0.00e+00	0.00e+00	0.00e+00	0.00e+00	0.00e+00	9.13e-139
 3.03450e+12	2.41e-36	7.61e-27	2.08e-18	1.59e-10	4.19e-02	9.34e-01	2.40e-02	0.00e+00	0.00e+00	0.00e+00	0.00e+00	0.00e+00	4.58e-225
 3.17255e+12	0.00e+00	1.07e-26	2.70e-18	1.90e-10	4.59e-02	9.32e-01	2.19e-02	0.00e+00	0.00e+00	0.00e+00	0.00e+00	0.00e+00	1.22e-137
 3.32125e+12	5.75e-36	1.53e-26	3.56e-18	2.28e-10	5.05e-02	9.30e-01	2.00e-02	0.00e+00	0.00e+00	0.00e+00	0.00e+00	0.00e+00	0.00e+00
 3.48403e+12	0.00e+00	2.23e-26	4.75e-18	2.77e-10	5.57e-02	9.26e-01	1.81e-02	0.00e+00	0.00e+00	0.00e+00	0.00e+00	0.00e+00	1.80e-136
 3.65332e+12	1.46e-35	3.25e-26	6.34e-18	3.37e-10	6.15e-02	9.22e-01	1.64e-02	0.00e+00	0.00e+00	0.00e+00	0.00e+00	0.00e+00	7.60e-237
 3.82938e+12	0.00e+00	4.73e-26	8.47e-18	4.09e-10	6.78e-02	9.17e-01	1.48e-02	0.00e+00	0.00e+00	0.00e+00	0.00e+00	0.00e+00	2.85e-135
 4.01248e+12	3.72e-35	6.89e-26	1.13e-17	4.97e-10	7.47e-02	9.12e-01	1.34e-02	0.00e+00	0.00e+00	0.00e+00	0.00e+00	0.00e+00	8.61e-99
 4.17806e+12	0.00e+00	9.56e-26	1.46e-17	5.88e-10	8.12e-02	9.07e-01	1.22e-02	0.00e+00	0.00e+00	0.00e+00	0.00e+00	0.00e+00	0.00e+00
 4.31598e+12	7.74e-35	1.24e-25	1.79e-17	6.74e-10	8.69e-02	9.02e-01	1.14e-02	0.00e+00	0.00e+00	0.00e+00	0.00e+00	0.00e+00	6.31e-116
 4.46704e+12	1.10e-34	1.65e-25	2.22e-17	7.80e-10	9.33e-02	8.96e-01	1.05e-02	0.00e+00	0.00e+00	0.00e+00	0.00e+00	0.00e+00	9.28e-98
 4.65844e+12	1.68e-34	2.32e-25	2.89e-17	9.31e-10	1.02e-01	8.89e-01	9.50e-03	0.00e+00	0.00e+00	0.00e+00	0.00e+00	0.00e+00	0.00e+00
 4.85816e+12	2.57e-34	3.27e-25	3.78e-17	1.11e-09	1.11e-01	8.80e-01	8.59e-03	0.00e+00	0.00e+00	0.00e+00	0.00e+00	0.00e+00	1.46e-114
 5.02762e+12	3.63e-34	4.33e-25	4.70e-17	1.29e-09	1.19e-01	8.73e-01	7.91e-03	0.00e+00	0.00e+00	0.00e+00	0.00e+00	0.00e+00	1.28e-96
 5.20183e+12	5.13e-34	5.73e-25	5.83e-17	1.49e-09	1.28e-01	8.65e-01	7.27e-03	0.00e+00	0.00e+00	0.00e+00	0.00e+00	0.00e+00	0.00e+00
 5.42127e+12	7.80e-34	8.04e-25	7.59e-17	1.78e-09	1.39e-01	8.55e-01	6.56e-03	0.00e+00	0.00e+00	0.00e+00	0.00e+00	0.00e+00	2.70e-113
 5.64425e+12	1.17e-33	1.12e-24	9.81e-17	2.11e-09	1.50e-01	8.44e-01	5.91e-03	0.00e+00	0.00e+00	0.00e+00	0.00e+00	0.00e+00	1.65e-95
 5.83539e+12	1.64e-33	1.47e-24	1.21e-16	2.43e-09	1.61e-01	8.34e-01	5.43e-03	0.00e+00	0.00e+00	0.00e+00	0.00e+00	0.00e+00	1.91e-112
 6.04042e+12	2.32e-33	1.94e-24	1.51e-16	2.81e-09	1.72e-01	8.23e-01	4.96e-03	0.00e+00	0.00e+00	0.00e+00	0.00e+00	0.00e+00	7.31e-95
 6.29439e+12	3.50e-33	2.71e-24	1.96e-16	3.34e-09	1.86e-01	8.10e-01	4.44e-03	0.00e+00	0.00e+00	0.00e+00	0.00e+00	0.00e+00	1.42e-111
 6.55488e+12	5.24e-33	3.76e-24	2.52e-16	3.96e-09	2.01e-01	7.95e-01	3.98e-03	0.00e+00	0.00e+00	0.00e+00	0.00e+00	0.00e+00	4.32e-94
 6.78921e+12	7.41e-33	4.97e-24	3.14e-16	4.58e-09	2.14e-01	7.82e-01	3.62e-03	0.00e+00	0.00e+00	0.00e+00	0.00e+00	0.00e+00	1.05e-110
 7.04663e+12	1.07e-32	6.68e-24	3.96e-16	5.33e-09	2.29e-01	7.67e-01	3.26e-03	0.00e+00	0.00e+00	0.00e+00	0.00e+00	0.00e+00	2.05e-93
 7.35093e+12	1.61e-32	9.33e-24	5.14e-16	6.34e-09	2.47e-01	7.50e-01	2.90e-03	0.00e+00	0.00e+00	0.00e+00	0.00e+00	0.00e+00	8.42e-110
 7.65586e+12	2.38e-32	1.28e-23	6.59e-16	7.47e-09	2.66e-01	7.32e-01	2.58e-03	0.00e+00	0.00e+00	0.00e+00	0.00e+00	0.00e+00	1.19e-92
 7.94491e+12	3.39e-32	1.71e-23	8.25e-16	8.66e-09	2.83e-01	7.15e-01	2.31e-03	0.00e+00	0.00e+00	0.00e+00	0.00e+00	0.00e+00	6.34e-109
 8.26456e+12	4.93e-32	2.31e-23	1.04e-15	1.01e-08	3.02e-01	6.96e-01	2.06e-03	0.00e+00	0.00e+00	0.00e+00	0.00e+00	0.00e+00	5.95e-92
 8.62507e+12	7.36e-32	3.20e-23	1.35e-15	1.19e-08	3.23e-01	6.75e-01	1.81e-03	0.00e+00	0.00e+00	0.00e+00	0.00e+00	0.00e+00	5.27e-108
 8.98489e+12	1.08e-31	4.35e-23	1.71e-15	1.40e-08	3.44e-01	6.54e-01	1.60e-03	0.00e+00	0.00e+00	0.00e+00	0.00e+00	0.00e+00	3.37e-91
 9.30278e+12	1.48e-31	5.64e-23	2.10e-15	1.59e-08	3.63e-01	6.36e-01	1.44e-03	0.00e+00	0.00e+00	0.00e+00	0.00e+00	0.00e+00	3.65e-107
 9.56934e+12	1.92e-31	6.95e-23	2.47e-15	1.77e-08	3.78e-01	6.21e-01	1.32e-03	0.00e+00	0.00e+00	0.00e+00	0.00e+00	0.00e+00	1.23e-90
 9.85615e+12	2.50e-31	8.62e-23	2.92e-15	1.97e-08	3.94e-01	6.05e-01	1.20e-03	0.00e+00	0.00e+00	0.00e+00	0.00e+00	0.00e+00	1.59e-106
 1.02290e+13	3.50e-31	1.13e-22	3.60e-15	2.26e-08	4.15e-01	5.84e-01	1.07e-03	0.00e+00	0.00e+00	0.00e+00	0.00e+00	0.00e+00	4.78e-90
 1.06191e+13	4.88e-31	1.48e-22	4.44e-15	2.59e-08	4.36e-01	5.63e-01	9.46e-04	0.00e+00	0.00e+00	0.00e+00	0.00e+00	0.00e+00	1.04e-105
 1.09518e+13	6.41e-31	1.84e-22	5.27e-15	2.89e-08	4.53e-01	5.46e-01	8.56e-04	0.00e+00	0.00e+00	0.00e+00	0.00e+00	0.00e+00	1.90e-89
 1.13046e+13	8.46e-31	2.31e-22	6.27e-15	3.23e-08	4.71e-01	5.28e-01	7.71e-04	0.00e+00	0.00e+00	0.00e+00	0.00e+00	0.00e+00	5.01e-105
 1.17490e+13	1.18e-30	3.02e-22	7.72e-15	3.68e-08	4.93e-01	5.06e-01	6.78e-04	0.00e+00	0.00e+00	0.00e+00	0.00e+00	0.00e+00	7.75e-89
 1.22068e+13	1.64e-30	3.94e-22	9.49e-15	4.20e-08	5.15e-01	4.85e-01	5.95e-04	0.00e+00	0.00e+00	0.00e+00	0.00e+00	0.00e+00	3.41e-104
 1.26091e+13	2.17e-30	4.93e-22	1.13e-14	4.68e-08	5.33e-01	4.66e-01	5.32e-04	0.00e+00	0.00e+00	0.00e+00	0.00e+00	0.00e+00	3.15e-88
 1.30452e+13	2.89e-30	6.21e-22	1.35e-14	5.23e-08	5.52e-01	4.47e-01	4.73e-04	0.00e+00	0.00e+00	0.00e+00	0.00e+00	0.00e+00	1.77e-103
 1.35277e+13	3.92e-30	7.94e-22	1.63e-14	5.89e-08	5.73e-01	4.27e-01	4.17e-04	0.00e+00	0.00e+00	0.00e+00	0.00e+00	0.00e+00	1.26e-87
 1.39740e+13	5.14e-30	9.87e-22	1.92e-14	6.53e-08	5.90e-01	4.09e-01	3.71e-04	0.00e+00	0.00e+00	0.00e+00	0.00e+00	0.00e+00	9.69e-103
 1.44577e+13	6.82e-30	1.24e-21	2.29e-14	7.27e-08	6.09e-01	3.91e-01	3.29e-04	0.00e+00	0.00e+00	0.00e+00	0.00e+00	0.00e+00	4.65e-87
 1.49961e+13	9.20e-30	1.57e-21	2.75e-14	8.14e-08	6.28e-01	3.71e-01	2.88e-04	0.00e+00	0.00e+00	0.00e+00	0.00e+00	0.00e+00	5.50e-102
 1.54990e+13	1.20e-29	1.95e-21	3.24e-14	9.01e-08	6.45e-01	3.54e-01	2.55e-04	0.00e+00	0.00e+00	0.00e+00	0.00e+00	0.00e+00	1.81e-86
 1.60461e+13	1.59e-29	2.45e-21	3.85e-14	1.00e-07	6.63e-01	3.37e-01	2.25e-04	0.00e+00	0.00e+00	0.00e+00	0.00e+00	0.00e+00	2.89e-101
 1.66545e+13	2.15e-29	3.11e-21	4.62e-14	1.12e-07	6.81e-01	3.18e-01	1.96e-04	0.00e+00	0.00e+00	0.00e+00	0.00e+00	0.00e+00	7.31e-86
 1.72231e+13	2.81e-29	3.85e-21	5.43e-14	1.23e-07	6.97e-01	3.02e-01	1.73e-04	0.00e+00	0.00e+00	0.00e+00	0.00e+00	0.00e+00	1.63e-100
 1.78426e+13	3.72e-29	4.81e-21	6.43e-14	1.36e-07	7.14e-01	2.86e-01	1.51e-04	0.00e+00	0.00e+00	0.00e+00	0.00e+00	0.00e+00	2.79e-85
 1.85347e+13	5.02e-29	6.11e-21	7.71e-14	1.52e-07	7.31e-01	2.69e-01	1.31e-04	0.00e+00	0.00e+00	0.00e+00	0.00e+00	0.00e+00	9.79e-100
 1.91865e+13	6.59e-29	7.59e-21	9.07e-14	1.67e-07	7.45e-01	2.54e-01	1.14e-04	0.00e+00	0.00e+00	0.00e+00	0.00e+00	0.00e+00	1.14e-84
 1.98992e+13	8.76e-29	9.51e-21	1.07e-13	1.85e-07	7.60e-01	2.40e-01	9.95e-05	0.00e+00	0.00e+00	0.00e+00	0.00e+00	0.00e+00	5.54e-99
 2.06974e+13	1.19e-28	1.21e-20	1.29e-13	2.06e-07	7.76e-01	2.24e-01	8.53e-05	0.00e+00	0.00e+00	0.00e+00	0.00e+00	0.00e+00	4.95e-84
 2.14538e+13	1.57e-28	1.51e-20	1.52e-13	2.27e-07	7.89e-01	2.11e-01	7.42e-05	0.00e+00	0.00e+00	0.00e+00	0.00e+00	0.00e+00	3.46e-98
 2.22661e+13	2.09e-28	1.89e-20	1.80e-13	2.50e-07	8.02e-01	1.98e-01	6.42e-05	0.00e+00	0.00e+00	0.00e+00	0.00e+00	0.00e+00	2.06e-83
 2.31866e+13	2.85e-28	2.42e-20	2.15e-13	2.78e-07	8.16e-01	1.84e-01	5.47e-05	0.00e+00	0.00e+00	0.00e+00	0.00e+00	0.00e+00	2.30e-97
 2.40955e+13	3.82e-28	3.05e-20	2.56e-13	3.06e-07	8.28e-01	1.72e-01	4.70e-05	0.00e+00	0.00e+00	0.00e+00	0.00e+00	0.00e+00	9.56e-83
 2.50407e+13	5.13e-28	3.84e-20	3.03e-13	3.38e-07	8.40e-01	1.60e-01	4.04e-05	0.00e+00	0.00e+00	0.00e+00	0.00e+00	0.00e+00	1.51e-96
 2.60723e+13	6.97e-28	4.89e-20	3.62e-13	3.73e-07	8.51e-01	1.49e-01	3.44e-05	0.00e+00	0.00e+00	0.00e+00	0.00e+00	0.00e+00	4.49e-82
 2.71451e+13	9.49e-28	6.23e-20	4.31e-13	4.12e-07	8.62e-01	1.38e-01	2.93e-05	0.00e+00	0.00e+00	0.00e+00	0.00e+00	0.00e+00	1.09e-95
 2.81580e+13	1.25e-27	7.74e-20	5.05e-13	4.50e-07	8.71e-01	1.29e-01	2.53e-05	0.00e+00	0.00e+00	0.00e+00	0.00e+00	0.00e+00	2.07e-81
 2.90644e+13	1.60e-27	9.34e-20	5.79e-13	4.86e-07	8.78e-01	1.22e-01	2.23e-05	0.00e+00	0.00e+00	0.00e+00	0.00e+00	0.00e+00	5.85e-95
 2.99129e+13	1.98e-27	1.11e-19	6.55e-13	5.21e-07	8.85e-01	1.15e-01	1.99e-05	0.00e+00	0.00e+00	0.00e+00	0.00e+00	0.00e+00	6.86e-81
 3.08515e+13	2.51e-27	1.33e-19	7.46e-13	5.60e-07	8.91e-01	1.09e-01	1.76e-05	0.00e+00	0.00e+00	0.00e+00	0.00e+00	0.00e+00	2.54e-94
 3.19061e+13	3.24e-27	1.62e-19	8.60e-13	6.05e-07	8.98e-01	1.02e-01	1.54e-05	0.00e+00	0.00e+00	0.00e+00	0.00e+00	0.00e+00	2.52e-80
 3.29116e+13	4.10e-27	1.95e-19	9.81e-13	6.51e-07	9.04e-01	9.63e-02	1.36e-05	0.00e+00	0.00e+00	0.00e+00	0.00e+00	0.00e+00	1.26e-93
 3.40189e+13	5.28e-27	2.37e-19	1.13e-12	7.02e-07	9.10e-01	9.04e-02	1.19e-05	0.00e+00	0.00e+00	0.00e+00	0.00e+00	0.00e+00	9.17e-80
 3.52530e+13	6.92e-27	2.92e-19	1.31e-12	7.61e-07	9.15e-01	8.45e-02	1.03e-05	0.00e+00	0.00e+00	0.00e+00	0.00e+00	0.00e+00	6.92e-93
 3.63931e+13	8.83e-27	3.52e-19	1.49e-12	8.18e-07	9.20e-01	7.95e-02	9.10e-06	0.00e+00	0.00e+00	0.00e+00	0.00e+00	0.00e+00	3.61e-79
 3.74548e+13	1.10e-26	4.17e-19	1.68e-12	8.72e-07	9.25e-01	7.52e-02	8.11e-06	0.00e+00	0.00e+00	0.00e+00	0.00e+00	0.00e+00	3.12e-92
 3.86733e+13	1.41e-26	5.04e-19	1.92e-12	9.36e-07	9.29e-01	7.08e-02	7.15e-06	0.00e+00	0.00e+00	0.00e+00	0.00e+00	0.00e+00	1.26e-78
 4.01641e+13	1.88e-26	6.31e-19	2.25e-12	1.02e-06	9.34e-01	6.58e-02	6.15e-06	0.00e+00	0.00e+00	0.00e+00	0.00e+00	0.00e+00	1.80e-91
 4.16484e+13	2.48e-26	7.80e-19	2.61e-12	1.10e-06	9.39e-01	6.13e-02	5.32e-06	0.00e+00	0.00e+00	0.00e+00	0.00e+00	0.00e+00	5.79e-78
 4.29353e+13	3.14e-26	9.34e-19	2.95e-12	1.18e-06	9.42e-01	5.79e-02	4.71e-06	0.00e+00	0.00e+00	0.00e+00	0.00e+00	0.00e+00	9.56e-91
 4.43264e+13	4.01e-26	1.13e-18	3.37e-12	1.26e-06	9.46e-01	5.44e-02	4.15e-06	0.00e+00	0.00e+00	0.00e+00	0.00e+00	0.00e+00	2.12e-77
 4.60299e+13	5.37e-26	1.41e-18	3.92e-12	1.37e-06	9.49e-01	5.06e-02	3.58e-06	0.00e+00	0.00e+00	0.00e+00	0.00e+00	0.00e+00	5.53e-90
 4.77674e+13	7.17e-26	1.76e-18	4.56e-12	1.48e-06	9.53e-01	4.71e-02	3.09e-06	0.00e+00	0.00e+00	0.00e+00	0.00e+00	0.00e+00	1.03e-76
 4.93456e+13	9.23e-26	2.13e-18	5.20e-12	1.58e-06	9.56e-01	4.43e-02	2.72e-06	0.00e+00	0.00e+00	0.00e+00	0.00e+00	0.00e+00	2.05e-76
 5.10887e+13	1.21e-25	2.61e-18	5.99e-12	1.70e-06	9.59e-01	4.14e-02	2.37e-06	0.00e+00	0.00e+00	0.00e+00	0.00e+00	0.00e+00	4.29e-76
 5.31304e+13	1.64e-25	3.29e-18	7.01e-12	1.85e-06	9.62e-01	3.84e-02	2.04e-06	0.00e+00	0.00e+00	0.00e+00	0.00e+00	0.00e+00	9.88e-76
 5.51425e+13	2.20e-25	4.11e-18	8.15e-12	1.99e-06	9.64e-01	3.57e-02	1.76e-06	0.00e+00	0.00e+00	0.00e+00	0.00e+00	0.00e+00	2.18e-75
 5.70279e+13	2.86e-25	5.01e-18	9.32e-12	2.14e-06	9.66e-01	3.35e-02	1.54e-06	0.00e+00	0.00e+00	0.00e+00	0.00e+00	0.00e+00	4.50e-75
 5.91318e+13	3.81e-25	6.23e-18	1.08e-11	2.30e-06	9.69e-01	3.13e-02	1.34e-06	0.00e+00	0.00e+00	0.00e+00	0.00e+00	0.00e+00	9.89e-75
 6.15270e+13	5.19e-25	7.86e-18	1.26e-11	2.50e-06	9.71e-01	2.89e-02	1.14e-06	0.00e+00	0.00e+00	0.00e+00	0.00e+00	0.00e+00	2.29e-74
 6.39089e+13	7.02e-25	9.88e-18	1.47e-11	2.70e-06	9.73e-01	2.69e-02	9.88e-07	0.00e+00	0.00e+00	0.00e+00	0.00e+00	0.00e+00	5.28e-74
 6.63862e+13	9.44e-25	1.24e-17	1.71e-11	2.91e-06	9.75e-01	2.50e-02	0.00e+00	0.00e+00	0.00e+00	0.00e+00	0.00e+00	0.00e+00	1.19e-73
 6.90715e+13	1.29e-24	1.56e-17	2.01e-11	3.15e-06	9.77e-01	2.32e-02	0.00e+00	0.00e+00	0.00e+00	0.00e+00	0.00e+00	0.00e+00	2.82e-73
 7.18643e+13	1.77e-24	1.98e-17	2.35e-11	3.42e-06	9.79e-01	2.15e-02	0.00e+00	0.00e+00	0.00e+00	0.00e+00	0.00e+00	0.00e+00	6.72e-73
 7.47688e+13	2.42e-24	2.51e-17	2.75e-11	3.70e-06	9.80e-01	1.99e-02	0.00e+00	0.00e+00	0.00e+00	0.00e+00	0.00e+00	0.00e+00	1.59e-72
 7.75864e+13	3.24e-24	3.12e-17	3.19e-11	3.98e-06	9.81e-01	1.85e-02	0.00e+00	0.00e+00	0.00e+00	0.00e+00	0.00e+00	0.00e+00	3.51e-72
 8.02454e+13	4.23e-24	3.82e-17	3.65e-11	4.26e-06	9.83e-01	1.73e-02	0.00e+00	0.00e+00	0.00e+00	0.00e+00	0.00e+00	0.00e+00	7.35e-72
 8.27637e+13	5.41e-24	4.60e-17	4.12e-11	4.53e-06	9.84e-01	1.63e-02	0.00e+00	0.00e+00	0.00e+00	0.00e+00	1.48e-17	3.11e-17	1.45e-71
 8.55147e+13	7.01e-24	5.58e-17	4.70e-11	4.84e-06	9.85e-01	1.53e-02	0.00e+00	0.00e+00	0.00e+00	0.00e+00	1.85e-17	3.73e-17	2.96e-71
 8.85693e+13	9.22e-24	6.86e-17	5.40e-11	5.19e-06	9.86e-01	1.43e-02	0.00e+00	0.00e+00	0.00e+00	0.00e+00	2.28e-17	4.58e-17	6.26e-71
 9.14264e+13	1.19e-23	8.29e-17	6.13e-11	5.53e-06	9.87e-01	1.35e-02	0.00e+00	0.00e+00	0.00e+00	0.00e+00	2.75e-17	5.54e-17	1.26e-70
 9.45482e+13	1.55e-23	1.01e-16	7.00e-11	5.91e-06	9.87e-01	1.26e-02	0.00e+00	0.00e+00	0.00e+00	0.00e+00	3.36e-17	6.77e-17	2.63e-70
 9.82539e+13	2.10e-23	1.27e-16	8.16e-11	6.38e-06	9.88e-01	1.17e-02	0.00e+00	0.00e+00	0.00e+00	0.00e+00	4.22e-17	8.50e-17	6.05e-70
 1.01902e+14	2.78e-23	1.57e-16	9.43e-11	6.86e-06	9.89e-01	1.09e-02	0.00e+00	0.00e+00	0.00e+00	0.00e+00	5.22e-17	1.05e-16	1.31e-69
 1.05224e+14	3.59e-23	1.90e-16	1.07e-10	7.31e-06	9.90e-01	1.02e-02	0.00e+00	0.00e+00	0.00e+00	0.00e+00	6.32e-17	1.27e-16	2.63e-69
 1.08939e+14	4.72e-23	2.34e-16	1.23e-10	7.83e-06	9.90e-01	9.55e-03	0.00e+00	0.00e+00	0.00e+00	0.00e+00	7.78e-17	1.57e-16	5.63e-69
 1.13274e+14	6.38e-23	2.94e-16	1.44e-10	8.48e-06	9.91e-01	8.84e-03	0.00e+00	0.00e+00	0.00e+00	0.00e+00	9.76e-17	1.96e-16	1.28e-68
 1.17632e+14	8.60e-23	3.69e-16	1.67e-10	9.14e-06	9.92e-01	8.21e-03	0.00e+00	0.00e+00	0.00e+00	0.00e+00	1.22e-16	2.46e-16	2.94e-68
 1.21565e+14	1.10e-22	4.45e-16	1.91e-10	9.78e-06	9.92e-01	7.68e-03	0.00e+00	0.00e+00	0.00e+00	0.00e+00	1.48e-16	2.97e-16	5.80e-68
 1.25178e+14	1.40e-22	5.31e-16	2.14e-10	1.04e-05	9.93e-01	7.26e-03	0.00e+00	0.00e+00	0.00e+00	0.00e+00	1.76e-16	3.55e-16	1.11e-67
 1.29323e+14	1.79e-22	6.41e-16	2.44e-10	1.11e-05	9.93e-01	6.79e-03	0.00e+00	0.00e+00	0.00e+00	0.00e+00	2.13e-16	4.28e-16	2.18e-67
 1.34315e+14	2.41e-22	8.03e-16	2.84e-10	1.19e-05	9.94e-01	6.31e-03	0.00e+00	0.00e+00	0.00e+00	0.00e+00	2.67e-16	5.37e-16	5.00e-67
 1.39267e+14	3.17e-22	9.90e-16	3.28e-10	1.29e-05	9.94e-01	5.86e-03	0.00e+00	0.00e+00	0.00e+00	0.00e+00	3.28e-16	6.62e-16	1.06e-66
 1.43684e+14	4.04e-22	1.19e-15	3.72e-10	1.37e-05	9.94e-01	5.51e-03	0.00e+00	0.00e+00	0.00e+00	0.00e+00	3.94e-16	7.94e-16	2.05e-66
 1.48547e+14	5.22e-22	1.44e-15	4.25e-10	1.46e-05	9.95e-01	5.15e-03	0.00e+00	0.00e+00	0.00e+00	0.00e+00	4.79e-16	9.65e-16	4.15e-66
 1.54336e+14	7.03e-22	1.81e-15	4.95e-10	1.58e-05	9.95e-01	4.77e-03	0.00e+00	0.00e+00	0.00e+00	0.00e+00	6.01e-16	1.21e-15	9.49e-66
 1.60074e+14	9.25e-22	2.23e-15	5.74e-10	1.70e-05	9.96e-01	4.43e-03	0.00e+00	0.00e+00	0.00e+00	0.00e+00	7.40e-16	1.49e-15	2.01e-65
 1.65300e+14	1.19e-21	2.70e-15	6.52e-10	1.82e-05	9.96e-01	4.16e-03	0.00e+00	0.00e+00	0.00e+00	0.00e+00	8.96e-16	1.81e-15	4.01e-65
 1.71116e+14	1.54e-21	3.29e-15	7.50e-10	1.95e-05	9.96e-01	3.87e-03	0.00e+00	0.00e+00	0.00e+00	0.00e+00	1.09e-15	2.20e-15	8.09e-65
 1.77907e+14	2.07e-21	4.13e-15	8.77e-10	2.11e-05	9.96e-01	3.58e-03	0.00e+00	0.00e+00	0.00e+00	0.00e+00	1.37e-15	2.76e-15	1.85e-64
 1.84594e+14	2.75e-21	5.13e-15	1.02e-09	2.28e-05	9.97e-01	3.33e-03	0.00e+00	0.00e+00	0.00e+00	0.00e+00	1.70e-15	3.43e-15	4.06e-64
 1.90892e+14	3.55e-21	6.22e-15	1.16e-09	2.44e-05	9.97e-01	3.11e-03	0.00e+00	0.00e+00	0.00e+00	0.00e+00	2.06e-15	4.16e-15	8.15e-64
 1.97901e+14	4.63e-21	7.63e-15	1.34e-09	2.63e-05	9.97e-01	2.89e-03	0.00e+00	0.00e+00	0.00e+00	0.00e+00	2.53e-15	5.10e-15	1.69e-63
 2.05847e+14	6.28e-21	9.63e-15	1.57e-09	2.84e-05	9.97e-01	2.67e-03	0.00e+00	0.00e+00	0.00e+00	0.00e+00	3.19e-15	6.44e-15	3.94e-63
 2.13772e+14	8.25e-21	1.19e-14	1.83e-09	3.07e-05	9.97e-01	2.47e-03	0.00e+00	0.00e+00	0.00e+00	0.00e+00	3.94e-15	7.94e-15	8.32e-63
 2.21149e+14	1.07e-20	1.44e-14	2.10e-09	3.29e-05	9.98e-01	2.31e-03	0.00e+00	0.00e+00	0.00e+00	0.00e+00	4.79e-15	9.66e-15	1.69e-62
 2.29161e+14	1.40e-20	1.78e-14	2.42e-09	3.54e-05	9.98e-01	2.15e-03	0.00e+00	0.00e+00	0.00e+00	0.00e+00	5.90e-15	1.19e-14	3.61e-62
 2.38357e+14	1.86e-20	2.22e-14	2.83e-09	3.83e-05	9.98e-01	1.98e-03	0.00e+00	0.00e+00	0.00e+00	0.00e+00	7.34e-15	1.48e-14	7.88e-62
 2.47291e+14	2.47e-20	2.75e-14	3.28e-09	4.13e-05	9.98e-01	1.84e-03	0.00e+00	0.00e+00	0.00e+00	0.00e+00	9.12e-15	1.84e-14	1.74e-61
 2.55474e+14	3.11e-20	3.29e-14	3.74e-09	4.41e-05	9.98e-01	1.72e-03	0.00e+00	0.00e+00	0.00e+00	0.00e+00	1.09e-14	2.20e-14	3.27e-61
 2.62876e+14	3.88e-20	3.89e-14	4.19e-09	4.67e-05	9.98e-01	1.63e-03	0.00e+00	0.00e+00	0.00e+00	0.00e+00	1.29e-14	2.60e-14	6.05e-61
 2.70845e+14	4.81e-20	4.59e-14	4.73e-09	4.97e-05	9.98e-01	1.53e-03	0.00e+00	0.00e+00	0.00e+00	0.00e+00	1.52e-14	3.07e-14	1.09e-60
 2.79838e+14	6.16e-20	5.55e-14	5.38e-09	5.30e-05	9.99e-01	1.43e-03	0.00e+00	0.00e+00	0.00e+00	0.00e+00	1.84e-14	3.72e-14	2.18e-60
 2.88480e+14	7.65e-20	6.56e-14	6.08e-09	5.64e-05	9.99e-01	1.35e-03	0.00e+00	0.00e+00	0.00e+00	0.00e+00	2.17e-14	4.39e-14	3.95e-60
 2.98031e+14	9.79e-20	7.93e-14	6.93e-09	6.03e-05	9.99e-01	1.26e-03	0.00e+00	0.00e+00	0.00e+00	0.00e+00	2.62e-14	5.31e-14	7.87e-60
 3.08627e+14	1.26e-19	9.60e-14	7.97e-09	6.47e-05	9.99e-01	1.17e-03	0.00e+00	0.00e+00	0.00e+00	0.00e+00	3.18e-14	6.43e-14	1.56e-59
 3.18518e+14	1.59e-19	1.15e-13	9.04e-09	6.90e-05	9.99e-01	1.10e-03	0.00e+00	0.00e+00	0.00e+00	0.00e+00	3.81e-14	7.72e-14	3.03e-59
 3.29311e+14	2.01e-19	1.38e-13	1.03e-08	7.39e-05	9.99e-01	1.03e-03	0.00e+00	0.00e+00	0.00e+00	0.00e+00	4.57e-14	9.26e-14	5.80e-59
 3.41345e+14	2.63e-19	1.70e-13	1.19e-08	7.94e-05	9.99e-01	9.56e-04	0.00e+00	0.00e+00	0.00e+00	0.00e+00	5.63e-14	1.14e-13	1.23e-58
 3.52626e+14	3.30e-19	2.03e-13	1.36e-08	8.49e-05	9.99e-01	8.94e-04	0.00e+00	0.00e+00	0.00e+00	0.00e+00	6.70e-14	1.36e-13	2.30e-58
 3.64928e+14	4.26e-19	2.47e-13	1.56e-08	9.10e-05	9.99e-01	8.34e-04	0.00e+00	0.00e+00	0.00e+00	0.00e+00	8.17e-14	1.66e-13	4.73e-58
 3.78571e+14	5.50e-19	3.01e-13	1.81e-08	9.82e-05	9.99e-01	7.73e-04	0.00e+00	0.00e+00	0.00e+00	0.00e+00	9.95e-14	2.02e-13	9.56e-58
 3.91220e+14	6.98e-19	3.62e-13	2.06e-08	1.05e-04	9.99e-01	7.23e-04	0.00e+00	0.00e+00	0.00e+00	0.00e+00	1.20e-13	2.43e-13	1.86e-57
 4.04927e+14	8.96e-19	4.41e-13	2.36e-08	1.13e-04	9.99e-01	6.74e-04	0.00e+00	0.00e+00	0.00e+00	0.00e+00	1.46e-13	2.95e-13	3.76e-57
 4.20260e+14	1.15e-18	5.37e-13	2.75e-08	1.21e-04	9.99e-01	6.24e-04	0.00e+00	0.00e+00	0.00e+00	0.00e+00	1.77e-13	3.60e-13	7.62e-57
 4.34673e+14	1.48e-18	6.53e-13	3.14e-08	1.30e-04	9.99e-01	5.82e-04	0.00e+00	0.00e+00	0.00e+00	0.00e+00	2.15e-13	4.37e-13	1.54e-56
 4.50346e+14	1.88e-18	7.86e-13	3.62e-08	1.40e-04	9.99e-01	5.41e-04	0.00e+00	0.00e+00	0.00e+00	0.00e+00	2.59e-13	5.27e-13	2.98e-56
 4.67788e+14	2.49e-18	9.78e-13	4.22e-08	1.51e-04	9.99e-01	5.00e-04	0.00e+00	0.00e+00	0.00e+00	0.00e+00	3.22e-13	6.56e-13	6.57e-56
 4.84262e+14	3.15e-18	1.17e-12	4.85e-08	1.63e-04	9.99e-01	4.65e-04	0.00e+00	0.00e+00	0.00e+00	0.00e+00	3.87e-13	7.88e-13	1.26e-55
 5.01997e+14	4.06e-18	1.44e-12	5.60e-08	1.75e-04	9.99e-01	4.32e-04	0.00e+00	0.00e+00	0.00e+00	0.00e+00	4.74e-13	9.64e-13	2.61e-55
 5.22107e+14	5.28e-18	1.77e-12	6.56e-08	1.90e-04	9.99e-01	3.98e-04	0.00e+00	0.00e+00	0.00e+00	0.00e+00	5.82e-13	1.18e-12	5.43e-55
 5.41723e+14	6.85e-18	2.17e-12	7.60e-08	2.05e-04	9.99e-01	3.68e-04	0.00e+00	0.00e+00	0.00e+00	0.00e+00	7.16e-13	1.46e-12	1.14e-54
 5.62123e+14	8.74e-18	2.63e-12	8.83e-08	2.22e-04	9.99e-01	3.40e-04	0.00e+00	0.00e+00	0.00e+00	0.00e+00	8.67e-13	1.77e-12	2.26e-54
 5.84638e+14	1.15e-17	3.28e-12	1.03e-07	2.41e-04	9.99e-01	3.13e-04	0.00e+00	0.00e+00	0.00e+00	0.00e+00	1.08e-12	2.20e-12	4.98e-54
 6.07215e+14	1.47e-17	3.98e-12	1.21e-07	2.61e-04	9.99e-01	2.89e-04	0.00e+00	0.00e+00	0.00e+00	0.00e+00	1.31e-12	2.67e-12	9.90e-54
 6.25919e+14	1.81e-17	4.70e-12	1.36e-07	2.79e-04	9.99e-01	2.71e-04	0.00e+00	0.00e+00	0.00e+00	0.00e+00	1.54e-12	3.15e-12	1.79e-53
 6.40382e+14	2.11e-17	5.31e-12	1.49e-07	2.92e-04	9.99e-01	2.58e-04	0.00e+00	0.00e+00	0.00e+00	0.00e+00	1.74e-12	3.56e-12	2.76e-53
 6.56156e+14	2.49e-17	6.06e-12	1.65e-07	3.08e-04	9.99e-01	2.45e-04	0.00e+00	0.00e+00	0.00e+00	0.00e+00	1.99e-12	4.07e-12	4.44e-53
 6.76661e+14	3.04e-17	7.12e-12	1.87e-07	3.29e-04	9.99e-01	2.29e-04	0.00e+00	0.00e+00	0.00e+00	0.00e+00	2.34e-12	4.78e-12	7.90e-53
 6.98900e+14	3.75e-17	8.44e-12	2.13e-07	3.53e-04	9.99e-01	2.13e-04	0.00e+00	0.00e+00	0.00e+00	0.00e+00	2.77e-12	5.67e-12	1.45e-52
 7.18965e+14	4.53e-17	9.84e-12	2.38e-07	3.75e-04	9.99e-01	2.01e-04	0.00e+00	3.78e-18	1.14e-17	1.90e-17	3.23e-12	6.61e-12	2.51e-52
 7.40622e+14	5.49e-17	1.15e-11	2.69e-07	4.00e-04	9.99e-01	1.88e-04	0.00e+00	4.58e-18	1.38e-17	2.30e-17	3.76e-12	7.70e-12	4.34e-52
 7.67935e+14	6.94e-17	1.39e-11	3.11e-07	4.33e-04	9.99e-01	1.74e-04	0.00e+00	5.80e-18	1.74e-17	2.91e-17	4.55e-12	9.31e-12	8.59e-52
 7.95442e+14	8.73e-17	1.67e-11	3.59e-07	4.68e-04	9.99e-01	1.61e-04	0.00e+00	7.30e-18	2.19e-17	3.66e-17	5.48e-12	1.12e-11	1.68e-51
 8.18698e+14	1.06e-16	1.95e-11	4.04e-07	4.99e-04	9.99e-01	1.51e-04	0.00e+00	8.84e-18	2.65e-17	4.43e-17	6.39e-12	1.31e-11	2.93e-51
 8.43585e+14	1.27e-16	2.27e-11	4.56e-07	5.32e-04	9.99e-01	1.41e-04	0.00e+00	1.06e-17	3.19e-17	5.34e-17	7.46e-12	1.53e-11	5.10e-51
 8.74820e+14	1.61e-16	2.75e-11	5.29e-07	5.77e-04	9.99e-01	1.30e-04	0.00e+00	1.35e-17	4.05e-17	6.77e-17	9.02e-12	1.85e-11	1.02e-50
 9.07077e+14	2.03e-16	3.33e-11	6.12e-07	6.26e-04	9.99e-01	1.20e-04	0.00e+00	1.71e-17	5.12e-17	8.56e-17	1.09e-11	2.24e-11	2.04e-50
 9.35481e+14	2.47e-16	3.91e-11	6.94e-07	6.71e-04	9.99e-01	1.12e-04	0.00e+00	2.08e-17	6.23e-17	1.04e-16	1.28e-11	2.62e-11	3.67e-50
 9.66106e+14	2.99e-16	4.60e-11	7.90e-07	7.21e-04	9.99e-01	1.05e-04	0.00e+00	2.52e-17	7.56e-17	1.26e-16	1.51e-11	3.09e-11	6.66e-50
 1.00310e+15	3.83e-16	5.60e-11	9.21e-07	7.85e-04	9.99e-01	9.61e-05	0.00e+00	3.22e-17	9.68e-17	1.62e-16	1.84e-11	3.76e-11	1.38e-49
 1.03976e+15	4.79e-16	6.74e-11	1.07e-06	8.52e-04	9.99e-01	8.86e-05	0.00e+00	4.04e-17	1.21e-16	2.02e-16	2.21e-11	4.53e-11	2.75e-49
 1.07225e+15	5.83e-16	7.92e-11	1.21e-06	9.12e-04	9.99e-01	8.28e-05	0.00e+00	4.92e-17	1.48e-16	2.47e-16	2.60e-11	5.32e-11	5.02e-49
 1.10793e+15	7.05e-16	9.33e-11	1.38e-06	9.81e-04	9.99e-01	7.70e-05	0.00e+00	5.96e-17	1.79e-16	2.99e-16	3.06e-11	6.27e-11	9.24e-49
 1.15067e+15	9.06e-16	1.14e-10	1.60e-06	1.07e-03	9.99e-01	7.07e-05	0.00e+00	7.67e-17	2.30e-16	3.84e-16	3.74e-11	7.67e-11	1.98e-48
 1.19326e+15	1.14e-15	1.38e-10	1.86e-06	1.16e-03	9.99e-01	6.52e-05	0.00e+00	9.67e-17	2.90e-16	4.85e-16	4.53e-11	9.28e-11	4.07e-48
 1.23210e+15	1.37e-15	1.62e-10	2.11e-06	1.25e-03	9.99e-01	6.07e-05	0.00e+00	1.16e-16	3.49e-16	5.82e-16	5.31e-11	1.09e-10	7.39e-48
 1.27543e+15	1.73e-15	1.95e-10	2.43e-06	1.35e-03	9.99e-01	5.61e-05	0.00e+00	1.47e-16	4.41e-16	7.36e-16	6.39e-11	1.31e-10	1.51e-47
 1.32593e+15	2.21e-15	2.39e-10	2.84e-06	1.47e-03	9.98e-01	5.14e-05	0.00e+00	1.88e-16	5.64e-16	9.42e-16	7.84e-11	1.60e-10	3.31e-47
 1.37564e+15	2.78e-15	2.89e-10	3.29e-06	1.60e-03	9.98e-01	4.73e-05	0.00e+00	2.37e-16	7.10e-16	1.19e-15	9.49e-11	1.94e-10	7.01e-47
 1.42263e+15	3.37e-15	3.42e-10	3.76e-06	1.72e-03	9.98e-01	4.40e-05	0.00e+00	2.88e-16	8.63e-16	1.44e-15	1.12e-10	2.30e-10	1.35e-46
 1.47487e+15	4.34e-15	4.18e-10	4.34e-06	1.87e-03	9.98e-01	4.05e-05	0.00e+00	3.71e-16	1.11e-15	1.86e-15	1.37e-10	2.81e-10	2.99e-46
 1.52427e+15	5.34e-15	4.96e-10	4.96e-06	2.02e-03	9.98e-01	3.77e-05	0.00e+00	4.56e-16	1.37e-15	2.29e-15	1.63e-10	3.33e-10	5.91e-46
 1.56101e+15	6.20e-15	5.63e-10	5.45e-06	2.13e-03	9.98e-01	3.57e-05	0.00e+00	5.30e-16	1.59e-15	2.66e-15	1.85e-10	3.78e-10	9.73e-46
 1.59843e+15	7.21e-15	6.38e-10	5.99e-06	2.24e-03	9.98e-01	3.39e-05	0.00e+00	6.17e-16	1.85e-15	3.09e-15	2.10e-10	4.28e-10	1.60e-45
 1.64708e+15	8.53e-15	7.40e-10	6.75e-06	2.40e-03	9.98e-01	3.17e-05	0.00e+00	7.31e-16	2.19e-15	3.66e-15	2.43e-10	4.97e-10	2.88e-45
 1.70005e+15	1.07e-14	8.86e-10	7.66e-06	2.58e-03	9.97e-01	2.96e-05	0.00e+00	9.16e-16	2.75e-15	4.59e-15	2.91e-10	5.94e-10	5.94e-45
 1.74784e+15	1.27e-14	1.03e-09	8.56e-06	2.74e-03	9.97e-01	2.78e-05	0.00e+00	1.09e-15	3.28e-15	5.47e-15	3.37e-10	6.88e-10	1.06e-44
 1.79918e+15	1.51e-14	1.19e-09	9.60e-06	2.92e-03	9.97e-01	2.61e-05	0.00e+00	1.29e-15	3.89e-15	6.49e-15	3.91e-10	7.96e-10	1.90e-44
 1.86477e+15	1.94e-14	1.46e-09	1.11e-05	3.17e-03	9.97e-01	2.42e-05	0.00e+00	1.67e-15	5.02e-15	8.38e-15	4.79e-10	9.77e-10	4.32e-44
 1.93110e+15	2.43e-14	1.76e-09	1.27e-05	3.43e-03	9.97e-01	2.24e-05	0.00e+00	2.09e-15	6.28e-15	1.05e-14	5.78e-10	1.18e-09	9.14e-44
 1.98638e+15	2.92e-14	2.05e-09	1.42e-05	3.65e-03	9.96e-01	2.11e-05	0.00e+00	2.52e-15	7.57e-15	1.26e-14	6.74e-10	1.37e-09	1.68e-43
 2.04509e+15	3.53e-14	2.40e-09	1.60e-05	3.90e-03	9.96e-01	1.98e-05	0.00e+00	3.05e-15	9.16e-15	1.53e-14	7.90e-10	1.61e-09	3.16e-43
 2.11985e+15	4.46e-14	2.91e-09	1.85e-05	4.22e-03	9.96e-01	1.83e-05	0.00e+00	3.86e-15	1.16e-14	1.93e-14	9.60e-10	1.95e-09	6.86e-43
 2.19881e+15	5.49e-14	3.50e-09	2.13e-05	4.58e-03	9.95e-01	1.70e-05	0.00e+00	4.76e-15	1.43e-14	2.38e-14	1.15e-09	2.35e-09	1.43e-42
 2.26959e+15	6.78e-14	4.18e-09	2.42e-05	4.91e-03	9.95e-01	1.58e-05	0.00e+00	5.88e-15	1.76e-14	2.94e-14	1.38e-09	2.80e-09	2.86e-42
 2.34642e+15	8.64e-14	5.08e-09	2.76e-05	5.29e-03	9.95e-01	1.48e-05	0.00e+00	7.50e-15	2.25e-14	3.76e-14	1.68e-09	3.41e-09	6.22e-42
 2.43766e+15	1.12e-13	6.29e-09	3.22e-05	5.76e-03	9.94e-01	1.36e-05	0.00e+00	9.70e-15	2.91e-14	4.86e-14	2.07e-09	4.21e-09	1.45e-41
 2.52741e+15	1.41e-13	7.66e-09	3.72e-05	6.23e-03	9.94e-01	1.27e-05	0.00e+00	1.22e-14	3.68e-14	6.13e-14	2.53e-09	5.13e-09	3.11e-41
 2.60889e+15	1.74e-13	9.15e-09	4.22e-05	6.69e-03	9.93e-01	1.19e-05	0.00e+00	1.51e-14	4.54e-14	7.58e-14	3.02e-09	6.13e-09	6.20e-41
 2.69982e+15	2.14e-13	1.09e-08	4.83e-05	7.21e-03	9.93e-01	1.11e-05	0.00e+00	1.86e-14	5.60e-14	9.34e-14	3.61e-09	7.32e-09	1.23e-40
 2.80625e+15	2.81e-13	1.37e-08	5.64e-05	7.86e-03	9.92e-01	1.03e-05	0.00e+00	2.45e-14	7.36e-14	1.23e-13	4.54e-09	9.21e-09	3.00e-40
 2.91130e+15	3.60e-13	1.69e-08	6.53e-05	8.51e-03	9.91e-01	9.57e-06	0.00e+00	3.15e-14	9.45e-14	1.58e-13	5.60e-09	1.13e-08	6.64e-40
 3.01038e+15	4.50e-13	2.05e-08	7.46e-05	9.16e-03	9.91e-01	8.97e-06	0.00e+00	3.94e-14	1.18e-13	1.97e-13	6.77e-09	1.37e-08	1.37e-39
 3.12066e+15	5.62e-13	2.48e-08	8.62e-05	9.90e-03	9.90e-01	8.39e-06	0.00e+00	4.93e-14	1.48e-13	2.47e-13	8.19e-09	1.66e-08	2.73e-39
 3.24552e+15	7.50e-13	3.15e-08	1.01e-04	1.08e-02	9.89e-01	7.80e-06	0.00e+00	6.58e-14	1.98e-13	3.30e-13	1.04e-08	2.11e-08	6.86e-39
 3.35009e+15	9.28e-13	3.79e-08	1.15e-04	1.16e-02	9.88e-01	7.37e-06	0.00e+00	8.15e-14	2.45e-13	4.08e-13	1.25e-08	2.53e-08	1.35e-38
 3.42509e+15	1.07e-12	4.30e-08	1.25e-04	1.21e-02	9.88e-01	7.09e-06	0.00e+00	9.44e-14	2.83e-13	4.73e-13	1.42e-08	2.88e-08	2.16e-38
 3.50347e+15	1.25e-12	4.90e-08	1.37e-04	1.28e-02	9.87e-01	6.81e-06	0.00e+00	1.10e-13	3.31e-13	5.52e-13	1.62e-08	3.28e-08	3.51e-38
 3.60538e+15	1.49e-12	5.69e-08	1.54e-04	1.36e-02	9.86e-01	6.48e-06	0.00e+00	1.31e-13	3.93e-13	6.56e-13	1.88e-08	3.80e-08	6.03e-38
 3.71915e+15	1.87e-12	6.91e-08	1.74e-04	1.45e-02	9.85e-01	6.15e-06	0.00e+00	1.65e-13	4.95e-13	8.26e-13	2.29e-08	4.62e-08	1.25e-37
 3.82544e+15	2.26e-12	8.11e-08	1.95e-04	1.54e-02	9.84e-01	5.88e-06	0.00e+00	1.99e-13	5.97e-13	9.95e-13	2.68e-08	5.43e-08	2.22e-37
 3.94071e+15	2.73e-12	9.52e-08	2.20e-04	1.64e-02	9.83e-01	5.61e-06	0.00e+00	2.40e-13	7.21e-13	1.20e-12	3.15e-08	6.37e-08	3.95e-37
 4.07024e+15	3.47e-12	1.17e-07	2.51e-04	1.77e-02	9.82e-01	5.34e-06	0.00e+00	3.06e-13	9.19e-13	1.53e-12	3.87e-08	7.81e-08	8.37e-37
 4.19274e+15	4.21e-12	1.38e-07	2.83e-04	1.88e-02	9.81e-01	5.10e-06	0.00e+00	3.72e-13	1.12e-12	1.86e-12	4.58e-08	9.25e-08	1.50e-36
 4.32642e+15	5.15e-12	1.64e-07	3.21e-04	2.01e-02	9.80e-01	4.87e-06	0.00e+00	4.55e-13	1.37e-12	2.28e-12	5.44e-08	1.10e-07	2.74e-36
 4.47648e+15	6.63e-12	2.04e-07	3.69e-04	2.17e-02	9.78e-01	4.65e-06	0.00e+00	5.87e-13	1.76e-12	2.94e-12	6.76e-08	1.36e-07	5.95e-36
 4.61849e+15	8.18e-12	2.45e-07	4.19e-04	2.32e-02	9.76e-01	4.46e-06	0.00e+00	7.25e-13	2.17e-12	3.63e-12	8.13e-08	1.64e-07	1.13e-35
 4.77375e+15	1.01e-11	2.93e-07	4.79e-04	2.49e-02	9.75e-01	4.27e-06	0.00e+00	8.95e-13	2.69e-12	4.48e-12	9.71e-08	1.96e-07	2.06e-35
 4.94516e+15	1.31e-11	3.68e-07	5.54e-04	2.69e-02	9.73e-01	4.09e-06	0.00e+00	1.16e-12	3.49e-12	5.83e-12	1.22e-07	2.46e-07	4.59e-35
 5.10299e+15	1.62e-11	4.43e-07	6.30e-04	2.88e-02	9.71e-01	3.94e-06	0.00e+00	1.44e-12	4.33e-12	7.22e-12	1.47e-07	2.96e-07	8.64e-35
 5.27358e+15	2.03e-11	5.37e-07	7.21e-04	3.09e-02	9.68e-01	3.80e-06	0.00e+00	1.81e-12	5.42e-12	9.04e-12	1.78e-07	3.59e-07	1.65e-34
 5.46324e+15	2.56e-11	6.53e-07	8.33e-04	3.33e-02	9.66e-01	3.65e-06	0.00e+00	2.28e-12	6.84e-12	1.14e-11	2.17e-07	4.37e-07	3.15e-34
 5.64176e+15	3.27e-11	8.09e-07	9.53e-04	3.58e-02	9.63e-01	3.55e-06	0.00e+00	2.91e-12	8.73e-12	1.46e-11	2.68e-07	5.41e-07	6.53e-34
 5.83792e+15	4.13e-11	9.89e-07	1.10e-03	3.86e-02	9.60e-01	3.43e-06	0.00e+00	3.68e-12	1.10e-11	1.84e-11	3.28e-07	6.61e-07	1.23e-33
 6.05356e+15	5.26e-11	1.21e-06	1.28e-03	4.17e-02	9.57e-01	3.31e-06	0.00e+00	4.69e-12	1.41e-11	2.35e-11	4.02e-07	8.10e-07	2.36e-33
 6.24683e+15	6.55e-11	1.47e-06	1.46e-03	4.47e-02	9.54e-01	3.22e-06	0.00e+00	5.84e-12	1.75e-11	2.92e-11	4.87e-07	9.81e-07	4.40e-33
 6.42184e+15	7.98e-11	1.74e-06	1.64e-03	4.75e-02	9.51e-01	3.15e-06	0.00e+00	7.12e-12	2.14e-11	3.56e-11	5.78e-07	1.16e-06	7.62e-33
 6.62081e+15	1.01e-10	2.13e-06	1.87e-03	5.09e-02	9.47e-01	3.08e-06	0.00e+00	9.00e-12	2.70e-11	4.50e-11	7.07e-07	1.42e-06	1.47e-32
 6.86795e+15	1.30e-10	2.62e-06	2.18e-03	5.52e-02	9.43e-01	3.00e-06	0.00e+00	1.16e-11	3.48e-11	5.80e-11	8.71e-07	1.75e-06	2.80e-32
 7.11612e+15	1.71e-10	3.34e-06	2.55e-03	5.98e-02	9.38e-01	2.94e-06	0.00e+00	1.53e-11	4.59e-11	7.65e-11	1.11e-06	2.23e-06	6.15e-32
 7.30225e+15	2.04e-10	3.92e-06	2.85e-03	6.34e-02	9.34e-01	2.89e-06	0.00e+00	1.83e-11	5.49e-11	9.15e-11	1.30e-06	2.62e-06	9.90e-32
 7.46931e+15	2.42e-10	4.52e-06	3.15e-03	6.68e-02	9.30e-01	2.86e-06	0.00e+00	2.17e-11	6.51e-11	1.09e-10	1.50e-06	3.02e-06	1.54e-31
 7.68650e+15	3.00e-10	5.40e-06	3.57e-03	7.12e-02	9.25e-01	2.81e-06	0.00e+00	2.69e-11	8.06e-11	1.34e-10	1.79e-06	3.61e-06	2.63e-31
 7.91836e+15	3.75e-10	6.55e-06	4.08e-03	7.64e-02	9.20e-01	2.76e-06	0.00e+00	3.37e-11	1.01e-10	1.69e-10	2.18e-06	4.38e-06	4.80e-31
 8.12113e+15	4.52e-10	7.69e-06	4.57e-03	8.09e-02	9.15e-01	2.73e-06	0.00e+00	4.06e-11	1.22e-10	2.03e-10	2.56e-06	5.14e-06	7.66e-31
 8.33656e+15	5.54e-10	9.09e-06	5.15e-03	8.60e-02	9.09e-01	2.69e-06	0.00e+00	4.98e-11	1.49e-10	2.49e-10	3.02e-06	6.07e-06	1.25e-30
 8.61662e+15	7.24e-10	1.14e-05	6.01e-03	9.32e-02	9.01e-01	2.66e-06	0.00e+00	6.52e-11	1.95e-10	3.26e-10	3.78e-06	7.60e-06	2.49e-30
 8.89397e+15	9.17e-10	1.39e-05	6.95e-03	1.00e-01	8.93e-01	2.62e-06	0.00e+00	8.25e-11	2.48e-10	4.13e-10	4.62e-06	9.29e-06	4.30e-30
 9.11275e+15	1.11e-09	1.62e-05	7.79e-03	1.06e-01	8.86e-01	2.59e-06	0.00e+00	9.96e-11	2.99e-10	4.98e-10	5.37e-06	1.08e-05	6.57e-30
 9.34213e+15	1.35e-09	1.91e-05	8.79e-03	1.13e-01	8.78e-01	2.57e-06	0.00e+00	1.22e-10	3.66e-10	6.10e-10	6.36e-06	1.28e-05	1.06e-29
 9.64032e+15	1.80e-09	2.44e-05	1.03e-02	1.23e-01	8.67e-01	2.55e-06	0.00e+00	1.63e-10	4.88e-10	8.14e-10	8.12e-06	1.63e-05	2.23e-29
 9.93601e+15	2.30e-09	2.99e-05	1.19e-02	1.32e-01	8.56e-01	2.52e-06	0.00e+00	2.08e-10	6.23e-10	1.04e-09	9.93e-06	1.99e-05	3.79e-29
 1.01676e+16	2.78e-09	3.48e-05	1.34e-02	1.40e-01	8.47e-01	2.51e-06	0.00e+00	2.52e-10	7.55e-10	1.26e-09	1.16e-05	2.32e-05	5.70e-29
 1.04080e+16	3.42e-09	4.12e-05	1.52e-02	1.49e-01	8.36e-01	2.49e-06	0.00e+00	3.10e-10	9.29e-10	1.55e-09	1.37e-05	2.75e-05	9.12e-29
 1.06737e+16	4.41e-09	5.11e-05	1.74e-02	1.59e-01	8.23e-01	2.48e-06	0.00e+00	4.00e-10	1.20e-09	2.00e-09	1.70e-05	3.41e-05	1.72e-28
 1.09134e+16	5.39e-09	6.04e-05	1.97e-02	1.69e-01	8.11e-01	2.47e-06	0.00e+00	4.89e-10	1.47e-09	2.44e-09	2.01e-05	4.03e-05	2.68e-28
 1.11322e+16	6.54e-09	7.06e-05	2.20e-02	1.78e-01	7.99e-01	2.47e-06	0.00e+00	5.93e-10	1.78e-09	2.97e-09	2.35e-05	4.71e-05	4.12e-28
 1.13829e+16	8.18e-09	8.43e-05	2.50e-02	1.90e-01	7.85e-01	2.46e-06	0.00e+00	7.43e-10	2.23e-09	3.71e-09	2.80e-05	5.62e-05	6.58e-28
 1.16521e+16	1.03e-08	1.02e-04	2.87e-02	2.03e-01	7.68e-01	2.45e-06	0.00e+00	9.38e-10	2.81e-09	4.69e-09	3.40e-05	6.82e-05	1.11e-27
 1.18862e+16	1.28e-08	1.21e-04	3.24e-02	2.15e-01	7.53e-01	2.45e-06	0.00e+00	1.16e-09	3.48e-09	5.81e-09	4.03e-05	8.08e-05	1.74e-27
 1.20962e+16	1.53e-08	1.39e-04	3.62e-02	2.26e-01	7.38e-01	2.45e-06	0.00e+00	1.39e-09	4.18e-09	6.97e-09	4.63e-05	9.28e-05	2.49e-27
 1.23338e+16	1.97e-08	1.71e-04	4.13e-02	2.40e-01	7.18e-01	2.46e-06	0.00e+00	1.80e-09	5.38e-09	8.98e-09	5.70e-05	1.14e-04	4.60e-27
 1.25831e+16	2.42e-08	2.00e-04	4.70e-02	2.54e-01	6.98e-01	2.45e-06	0.00e+00	2.21e-09	6.64e-09	1.11e-08	6.66e-05	1.33e-04	6.61e-27
 1.28033e+16	3.06e-08	2.44e-04	5.32e-02	2.69e-01	6.77e-01	2.48e-06	0.00e+00	2.80e-09	8.39e-09	1.40e-08	8.13e-05	1.63e-04	1.19e-26
 1.30036e+16	3.72e-08	2.85e-04	5.95e-02	2.82e-01	6.58e-01	2.49e-06	0.00e+00	3.41e-09	1.02e-08	1.70e-08	9.51e-05	1.90e-04	1.82e-26
 1.31828e+16	4.46e-08	3.29e-04	6.58e-02	2.95e-01	6.39e-01	2.51e-06	0.00e+00	4.09e-09	1.23e-08	2.04e-08	1.10e-04	2.20e-04	2.69e-26
 1.33491e+16	5.31e-08	3.77e-04	7.24e-02	3.07e-01	6.20e-01	2.52e-06	0.00e+00	4.86e-09	1.46e-08	2.43e-08	1.26e-04	2.52e-04	3.92e-26
 1.35382e+16	6.39e-08	4.30e-04	8.07e-02	3.21e-01	5.98e-01	2.52e-06	0.00e+00	5.85e-09	1.75e-08	2.92e-08	1.43e-04	2.87e-04	5.44e-26
 1.37839e+16	8.45e-08	5.42e-04	9.38e-02	3.41e-01	5.65e-01	2.55e-06	0.00e+00	7.75e-09	2.32e-08	3.87e-08	1.81e-04	3.61e-04	1.07e-25
 1.40192e+16	1.10e-07	6.63e-04	1.08e-01	3.60e-01	5.31e-01	2.59e-06	8.55e-12	1.01e-08	3.02e-08	5.04e-08	2.21e-04	4.42e-04	1.90e-25
 1.41862e+16	1.32e-07	7.56e-04	1.19e-01	3.74e-01	5.06e-01	2.61e-06	0.00e+00	1.21e-08	3.64e-08	6.06e-08	2.52e-04	5.04e-04	2.71e-25
 1.43486e+16	1.60e-07	8.77e-04	1.32e-01	3.88e-01	4.79e-01	2.63e-06	0.00e+00	1.47e-08	4.41e-08	7.35e-08	2.92e-04	5.85e-04	4.18e-25
 1.45293e+16	1.99e-07	1.04e-03	1.49e-01	4.04e-01	4.46e-01	2.64e-06	0.00e+00	1.83e-08	5.49e-08	9.15e-08	3.45e-04	6.91e-04	6.89e-25
 1.46925e+16	2.54e-07	1.26e-03	1.66e-01	4.19e-01	4.14e-01	2.72e-06	0.00e+00	2.34e-08	7.03e-08	1.17e-07	4.21e-04	8.42e-04	1.33e-24
 1.48257e+16	3.03e-07	1.44e-03	1.81e-01	4.30e-01	3.87e-01	2.76e-06	1.37e-11	2.79e-08	8.37e-08	1.39e-07	4.79e-04	9.58e-04	1.98e-24
 1.49613e+16	3.63e-07	1.64e-03	1.98e-01	4.41e-01	3.59e-01	2.77e-06	0.00e+00	3.35e-08	1.00e-07	1.67e-07	5.46e-04	1.09e-03	2.97e-24
 1.51109e+16	4.53e-07	1.93e-03	2.19e-01	4.54e-01	3.25e-01	2.81e-06	0.00e+00	4.19e-08	1.26e-07	2.09e-07	6.44e-04	1.29e-03	5.19e-24
 1.52309e+16	5.35e-07	2.18e-03	2.37e-01	4.62e-01	2.99e-01	2.80e-06	1.86e-11	4.95e-08	1.48e-07	2.47e-07	7.27e-04	1.45e-03	7.75e-24
 1.53190e+16	6.09e-07	2.39e-03	2.51e-01	4.68e-01	2.78e-01	2.82e-06	0.00e+00	5.63e-08	1.69e-07	2.81e-07	7.98e-04	1.60e-03	1.06e-23
