#depth	N	N+	N+2	N+3	N+4	N+5	N+6	N+7
 1.49634e+10	0.00e+00	0.00e+00	9.34e-28	2.71e-18	9.02e-10	9.47e-01	5.29e-02	1.38e-06
 4.54887e+10	0.00e+00	1.04e-37	1.19e-27	3.19e-18	9.80e-10	9.51e-01	4.92e-02	1.19e-06
 7.72350e+10	0.00e+00	0.00e+00	1.52e-27	3.75e-18	1.07e-09	9.55e-01	4.52e-02	1.01e-06
 1.10251e+11	0.00e+00	1.99e-37	1.94e-27	4.42e-18	1.16e-09	9.58e-01	4.18e-02	8.57e-07
 1.41998e+11	0.00e+00	0.00e+00	2.43e-27	5.15e-18	1.25e-09	9.61e-01	3.88e-02	0.00e+00
 1.71573e+11	0.00e+00	3.51e-37	2.97e-27	5.90e-18	1.34e-09	9.64e-01	3.63e-02	0.00e+00
 2.04921e+11	0.00e+00	0.00e+00	3.71e-27	6.84e-18	1.45e-09	9.66e-01	3.37e-02	0.00e+00
 2.43045e+11	0.00e+00	6.52e-37	4.74e-27	8.06e-18	1.58e-09	9.69e-01	3.11e-02	0.00e+00
 2.81207e+11	0.00e+00	0.00e+00	5.99e-27	9.44e-18	1.71e-09	9.71e-01	2.88e-02	0.00e+00
 3.20895e+11	0.00e+00	1.22e-36	7.59e-27	1.11e-17	1.85e-09	9.73e-01	2.66e-02	0.00e+00
 3.63658e+11	3.37e-47	1.69e-36	9.69e-27	1.30e-17	2.01e-09	9.75e-01	2.45e-02	0.00e+00
 4.08131e+11	0.00e+00	0.00e+00	1.24e-26	1.53e-17	2.18e-09	9.77e-01	2.26e-02	0.00e+00
 4.54383e+11	0.00e+00	3.23e-36	1.58e-26	1.81e-17	2.37e-09	9.79e-01	2.08e-02	0.00e+00
 5.02485e+11	1.14e-46	4.48e-36	2.02e-26	2.13e-17	2.58e-09	9.81e-01	1.92e-02	0.00e+00
 5.52511e+11	0.00e+00	0.00e+00	2.59e-26	2.52e-17	2.81e-09	9.82e-01	1.76e-02	0.00e+00
 6.04538e+11	0.00e+00	8.61e-36	3.31e-26	2.97e-17	3.05e-09	9.84e-01	1.62e-02	0.00e+00
 6.58647e+11	3.88e-46	1.20e-35	4.24e-26	3.50e-17	3.32e-09	9.85e-01	1.49e-02	0.00e+00
 7.14919e+11	0.00e+00	0.00e+00	5.43e-26	4.13e-17	3.61e-09	9.86e-01	1.37e-02	0.00e+00
 7.67829e+11	0.00e+00	2.24e-35	6.80e-26	4.80e-17	3.89e-09	9.87e-01	1.27e-02	0.00e+00
 8.15144e+11	1.17e-45	2.90e-35	8.26e-26	5.47e-17	4.16e-09	9.88e-01	1.19e-02	0.00e+00
 8.68258e+11	0.00e+00	0.00e+00	1.02e-25	6.31e-17	4.47e-09	9.89e-01	1.11e-02	0.00e+00
 9.31208e+11	0.00e+00	5.30e-35	1.30e-25	7.43e-17	4.85e-09	9.90e-01	1.02e-02	0.00e+00
 9.94476e+11	3.69e-45	7.25e-35	1.65e-25	8.71e-17	5.26e-09	9.91e-01	9.44e-03	0.00e+00
 1.05385e+12	0.00e+00	0.00e+00	2.04e-25	1.00e-16	5.65e-09	9.91e-01	8.78e-03	0.00e+00
 1.11951e+12	0.00e+00	1.31e-34	2.57e-25	1.17e-16	6.11e-09	9.92e-01	8.12e-03	0.00e+00
 1.19421e+12	1.17e-44	1.83e-34	3.31e-25	1.39e-16	6.66e-09	9.93e-01	7.46e-03	0.00e+00
 1.26877e+12	0.00e+00	2.52e-34	4.23e-25	1.64e-16	7.23e-09	9.93e-01	6.87e-03	0.00e+00
 1.34630e+12	2.61e-44	3.48e-34	5.39e-25	1.93e-16	7.86e-09	9.94e-01	6.32e-03	0.00e+00
 1.43008e+12	0.00e+00	4.88e-34	6.96e-25	2.29e-16	8.57e-09	9.94e-01	5.79e-03	0.00e+00
 1.51721e+12	6.05e-44	6.84e-34	8.99e-25	2.72e-16	9.35e-09	9.95e-01	5.31e-03	0.00e+00
 1.59938e+12	0.00e+00	9.30e-34	1.13e-24	3.18e-16	1.01e-08	9.95e-01	4.91e-03	0.00e+00
 1.67336e+12	1.24e-43	1.22e-33	1.39e-24	3.64e-16	1.08e-08	9.95e-01	4.58e-03	0.00e+00
 1.75668e+12	0.00e+00	1.63e-33	1.74e-24	4.23e-16	1.17e-08	9.96e-01	4.24e-03	0.00e+00
 1.85482e+12	2.71e-43	2.28e-33	2.24e-24	5.02e-16	1.28e-08	9.96e-01	3.89e-03	0.00e+00
 1.95287e+12	0.00e+00	3.15e-33	2.86e-24	5.92e-16	1.39e-08	9.96e-01	3.58e-03	0.00e+00
 2.04522e+12	5.85e-43	4.23e-33	3.58e-24	6.89e-16	1.50e-08	9.97e-01	3.31e-03	0.00e+00
 2.14733e+12	0.00e+00	5.79e-33	4.54e-24	8.10e-16	1.63e-08	9.97e-01	3.05e-03	0.00e+00
 2.26315e+12	1.33e-42	8.17e-33	5.90e-24	9.67e-16	1.78e-08	9.97e-01	2.79e-03	0.00e+00
 2.37769e+12	0.00e+00	1.14e-32	7.58e-24	1.15e-15	1.94e-08	9.97e-01	2.56e-03	0.00e+00
 2.49681e+12	3.01e-42	1.58e-32	9.75e-24	1.36e-15	2.12e-08	9.98e-01	2.34e-03	0.00e+00
 2.62661e+12	0.00e+00	2.23e-32	1.27e-23	1.63e-15	2.32e-08	9.98e-01	2.14e-03	0.00e+00
 2.75766e+12	7.02e-42	3.13e-32	1.64e-23	1.94e-15	2.54e-08	9.98e-01	1.95e-03	0.00e+00
 2.89394e+12	0.00e+00	4.38e-32	2.13e-23	2.31e-15	2.78e-08	9.98e-01	1.79e-03	0.00e+00
 3.03450e+12	1.62e-41	6.13e-32	2.75e-23	2.76e-15	3.05e-08	9.98e-01	1.63e-03	0.00e+00
 3.17255e+12	0.00e+00	8.42e-32	3.51e-23	3.26e-15	3.32e-08	9.99e-01	1.50e-03	0.00e+00
 3.32125e+12	3.60e-41	1.17e-31	4.52e-23	3.88e-15	3.64e-08	9.99e-01	1.37e-03	0.00e+00
 3.48403e+12	0.00e+00	1.66e-31	5.91e-23	4.66e-15	4.00e-08	9.99e-01	1.25e-03	0.00e+00
 3.65332e+12	8.48e-41	2.35e-31	7.73e-23	5.61e-15	4.40e-08	9.99e-01	1.13e-03	0.00e+00
 3.82938e+12	0.00e+00	3.32e-31	1.01e-22	6.75e-15	4.85e-08	9.99e-01	1.03e-03	0.00e+00
 4.01248e+12	1.99e-40	4.69e-31	1.32e-22	8.13e-15	5.34e-08	9.99e-01	9.33e-04	0.00e+00
 4.17806e+12	0.00e+00	6.33e-31	1.67e-22	9.57e-15	5.82e-08	9.99e-01	8.58e-04	0.00e+00
 4.31598e+12	3.87e-40	8.06e-31	2.01e-22	1.09e-14	6.23e-08	9.99e-01	8.01e-04	0.00e+00
 4.46704e+12	0.00e+00	1.04e-30	2.46e-22	1.26e-14	6.71e-08	9.99e-01	7.44e-04	0.00e+00
 4.65844e+12	7.78e-40	1.43e-30	3.14e-22	1.49e-14	7.35e-08	9.99e-01	6.80e-04	0.00e+00
 4.85816e+12	0.00e+00	1.95e-30	4.02e-22	1.77e-14	8.05e-08	9.99e-01	6.21e-04	0.00e+00
 5.02762e+12	1.56e-39	2.52e-30	4.92e-22	2.04e-14	8.69e-08	9.99e-01	5.76e-04	0.00e+00
 5.20183e+12	0.00e+00	3.25e-30	6.00e-22	2.36e-14	9.36e-08	9.99e-01	5.35e-04	0.00e+00
 5.42127e+12	3.09e-39	4.42e-30	7.66e-22	2.80e-14	1.03e-07	1.00e+00	4.88e-04	0.00e+00
 5.64425e+12	0.00e+00	5.97e-30	9.71e-22	3.32e-14	1.12e-07	1.00e+00	4.46e-04	0.00e+00
 5.83539e+12	6.00e-39	7.64e-30	1.18e-21	3.82e-14	1.21e-07	1.00e+00	4.14e-04	0.00e+00
 6.04042e+12	0.00e+00	9.87e-30	1.44e-21	4.41e-14	1.31e-07	1.00e+00	3.83e-04	0.00e+00
 6.29439e+12	1.18e-38	1.34e-29	1.84e-21	5.25e-14	1.44e-07	1.00e+00	3.49e-04	0.00e+00
 6.55488e+12	0.00e+00	1.80e-29	2.33e-21	6.23e-14	1.58e-07	1.00e+00	3.19e-04	0.00e+00
 6.78921e+12	2.30e-38	2.33e-29	2.86e-21	7.22e-14	1.71e-07	1.00e+00	2.94e-04	0.00e+00
 7.04663e+12	0.00e+00	3.05e-29	3.55e-21	8.44e-14	1.86e-07	1.00e+00	2.71e-04	0.00e+00
 7.35093e+12	4.60e-38	4.14e-29	4.54e-21	1.01e-13	2.05e-07	1.00e+00	2.46e-04	0.00e+00
 7.65586e+12	0.00e+00	5.55e-29	5.73e-21	1.20e-13	2.25e-07	1.00e+00	2.24e-04	0.00e+00
 7.94491e+12	8.99e-38	7.24e-29	7.10e-21	1.40e-13	2.45e-07	1.00e+00	2.06e-04	0.00e+00
 8.26456e+12	0.00e+00	9.60e-29	8.90e-21	1.65e-13	2.68e-07	1.00e+00	1.89e-04	0.00e+00
 8.62507e+12	1.82e-37	1.30e-28	1.14e-20	1.97e-13	2.95e-07	1.00e+00	1.71e-04	0.00e+00
 8.98489e+12	0.00e+00	1.74e-28	1.43e-20	2.34e-13	3.24e-07	1.00e+00	1.56e-04	0.00e+00
 9.30278e+12	3.45e-37	2.22e-28	1.75e-20	2.70e-13	3.51e-07	1.00e+00	1.44e-04	0.00e+00
 9.56934e+12	0.00e+00	2.71e-28	2.05e-20	3.04e-13	3.74e-07	1.00e+00	1.35e-04	0.00e+00
 9.85615e+12	5.62e-37	3.34e-28	2.42e-20	3.43e-13	4.00e-07	1.00e+00	1.27e-04	0.00e+00
 1.02290e+13	0.00e+00	4.33e-28	2.99e-20	4.00e-13	4.35e-07	1.00e+00	1.16e-04	0.00e+00
 1.06191e+13	1.05e-36	5.63e-28	3.69e-20	4.67e-13	4.74e-07	1.00e+00	1.07e-04	0.00e+00
 1.09518e+13	0.00e+00	6.98e-28	4.39e-20	5.30e-13	5.08e-07	1.00e+00	9.99e-05	0.00e+00
 1.13046e+13	1.77e-36	8.72e-28	5.25e-20	6.04e-13	5.46e-07	1.00e+00	9.30e-05	0.00e+00
 1.17490e+13	0.00e+00	1.14e-27	6.51e-20	7.08e-13	5.96e-07	1.00e+00	8.53e-05	0.00e+00
 1.22068e+13	3.36e-36	1.49e-27	8.07e-20	8.28e-13	6.50e-07	1.00e+00	7.83e-05	0.00e+00
 1.26091e+13	0.00e+00	1.86e-27	9.67e-20	9.45e-13	6.99e-07	1.00e+00	7.28e-05	0.00e+00
 1.30452e+13	5.84e-36	2.36e-27	1.17e-19	1.09e-12	7.55e-07	1.00e+00	6.75e-05	0.00e+00
 1.35277e+13	0.00e+00	3.03e-27	1.43e-19	1.26e-12	8.19e-07	1.00e+00	6.22e-05	0.00e+00
 1.39740e+13	1.03e-35	3.80e-27	1.72e-19	1.44e-12	8.81e-07	1.00e+00	5.79e-05	0.00e+00
 1.44577e+13	0.00e+00	4.81e-27	2.08e-19	1.65e-12	9.51e-07	1.00e+00	5.37e-05	0.00e+00
 1.49961e+13	1.86e-35	6.19e-27	2.55e-19	1.92e-12	1.03e-06	1.00e+00	4.95e-05	0.00e+00
 1.54990e+13	0.00e+00	7.78e-27	3.06e-19	2.19e-12	1.11e-06	1.00e+00	4.60e-05	0.00e+00
 1.60461e+13	3.26e-35	9.90e-27	3.72e-19	2.52e-12	1.20e-06	1.00e+00	4.26e-05	0.00e+00
 1.66545e+13	0.00e+00	1.28e-26	4.57e-19	2.93e-12	1.31e-06	1.00e+00	3.92e-05	0.00e+00
 1.72231e+13	5.87e-35	1.62e-26	5.52e-19	3.35e-12	1.41e-06	1.00e+00	3.64e-05	0.00e+00
 1.78426e+13	0.00e+00	2.07e-26	6.72e-19	3.87e-12	1.52e-06	1.00e+00	3.37e-05	0.00e+00
 1.85347e+13	1.08e-34	2.69e-26	8.31e-19	4.51e-12	1.66e-06	1.00e+00	3.10e-05	0.00e+00
 1.91865e+13	0.00e+00	3.43e-26	1.01e-18	5.18e-12	1.79e-06	1.00e+00	2.87e-05	0.00e+00
 1.98992e+13	1.97e-34	4.43e-26	1.24e-18	5.99e-12	1.94e-06	1.00e+00	2.65e-05	0.00e+00
 2.06974e+13	2.73e-34	5.82e-26	1.54e-18	7.02e-12	2.11e-06	1.00e+00	2.43e-05	0.00e+00
 2.14538e+13	3.70e-34	7.50e-26	1.89e-18	8.10e-12	2.28e-06	1.00e+00	2.25e-05	0.00e+00
 2.22661e+13	5.08e-34	9.75e-26	2.32e-18	9.40e-12	2.48e-06	1.00e+00	2.07e-05	0.00e+00
 2.31866e+13	7.16e-34	1.30e-25	2.92e-18	1.11e-11	2.71e-06	1.00e+00	1.90e-05	0.00e+00
 2.40955e+13	9.95e-34	1.70e-25	3.62e-18	1.29e-11	2.94e-06	1.00e+00	1.75e-05	0.00e+00
 2.50407e+13	1.39e-33	2.24e-25	4.50e-18	1.50e-11	3.20e-06	1.00e+00	1.61e-05	0.00e+00
 2.60723e+13	1.96e-33	2.99e-25	5.66e-18	1.76e-11	3.49e-06	1.00e+00	1.48e-05	0.00e+00
 2.71451e+13	2.80e-33	4.01e-25	7.12e-18	2.07e-11	3.80e-06	1.00e+00	1.35e-05	0.00e+00
 2.81580e+13	3.85e-33	5.21e-25	8.77e-18	2.39e-11	4.11e-06	1.00e+00	1.25e-05	0.00e+00
 2.90644e+13	5.09e-33	6.55e-25	1.05e-17	2.72e-11	4.40e-06	1.00e+00	1.17e-05	0.00e+00
 2.99129e+13	6.55e-33	8.06e-25	1.24e-17	3.05e-11	4.68e-06	1.00e+00	1.10e-05	0.00e+00
 3.08515e+13	8.62e-33	1.01e-24	1.48e-17	3.44e-11	4.99e-06	1.00e+00	1.03e-05	0.00e+00
 3.19061e+13	1.17e-32	1.29e-24	1.79e-17	3.93e-11	5.36e-06	1.00e+00	9.62e-06	0.00e+00
 3.29116e+13	1.54e-32	1.63e-24	2.14e-17	4.45e-11	5.72e-06	1.00e+00	9.01e-06	0.00e+00
 3.40189e+13	2.07e-32	2.08e-24	2.59e-17	5.07e-11	6.13e-06	1.00e+00	8.41e-06	0.00e+00
 3.52530e+13	2.86e-32	2.70e-24	3.18e-17	5.84e-11	6.61e-06	1.00e+00	7.81e-06	0.00e+00
 3.63931e+13	3.82e-32	3.42e-24	3.82e-17	6.62e-11	7.06e-06	1.00e+00	7.31e-06	0.00e+00
 3.74548e+13	4.97e-32	4.24e-24	4.51e-17	7.42e-11	7.50e-06	1.00e+00	6.89e-06	0.00e+00
 3.86733e+13	6.68e-32	5.39e-24	5.43e-17	8.43e-11	8.01e-06	1.00e+00	6.45e-06	0.00e+00
 4.01641e+13	9.51e-32	7.18e-24	6.76e-17	9.79e-11	8.66e-06	1.00e+00	5.97e-06	0.00e+00
 4.16484e+13	1.32e-31	9.41e-24	8.34e-17	1.13e-10	9.34e-06	1.00e+00	5.53e-06	0.00e+00
 4.29353e+13	1.76e-31	1.19e-23	9.96e-17	1.27e-10	9.93e-06	1.00e+00	5.20e-06	0.00e+00
 4.43264e+13	2.37e-31	1.51e-23	1.20e-16	1.45e-10	1.06e-05	1.00e+00	4.87e-06	0.00e+00
 4.60299e+13	3.40e-31	2.02e-23	1.50e-16	1.68e-10	1.14e-05	1.00e+00	4.52e-06	0.00e+00
 4.77674e+13	4.85e-31	2.69e-23	1.86e-16	1.94e-10	1.23e-05	1.00e+00	4.19e-06	0.00e+00
 4.93456e+13	6.60e-31	3.45e-23	2.25e-16	2.21e-10	1.32e-05	1.00e+00	3.93e-06	0.00e+00
 5.10887e+13	9.21e-31	4.51e-23	2.76e-16	2.53e-10	1.41e-05	1.00e+00	3.66e-06	0.00e+00
 5.31304e+13	1.34e-30	6.11e-23	3.47e-16	2.96e-10	1.53e-05	1.00e+00	3.38e-06	0.00e+00
 5.51425e+13	1.92e-30	8.15e-23	4.32e-16	3.43e-10	1.65e-05	1.00e+00	3.14e-06	0.00e+00
 5.70279e+13	2.66e-30	1.06e-22	5.27e-16	3.91e-10	1.76e-05	1.00e+00	2.94e-06	0.00e+00
 5.91318e+13	3.81e-30	1.41e-22	6.53e-16	4.51e-10	1.89e-05	1.00e+00	2.74e-06	0.00e+00
 6.15270e+13	5.56e-30	1.92e-22	8.25e-16	5.28e-10	2.05e-05	1.00e+00	2.53e-06	0.00e+00
 6.39089e+13	8.14e-30	2.59e-22	1.03e-15	6.14e-10	2.20e-05	1.00e+00	2.35e-06	0.00e+00
 6.63862e+13	1.17e-29	3.48e-22	1.29e-15	7.14e-10	2.38e-05	1.00e+00	2.17e-06	0.00e+00
 6.90715e+13	1.74e-29	4.77e-22	1.64e-15	8.35e-10	2.57e-05	1.00e+00	2.01e-06	0.00e+00
 7.18643e+13	2.58e-29	6.54e-22	2.07e-15	9.76e-10	2.78e-05	1.00e+00	1.86e-06	0.00e+00
 7.47688e+13	3.81e-29	8.94e-22	2.62e-15	1.14e-09	3.00e-05	1.00e+00	1.72e-06	0.00e+00
 7.75864e+13	5.46e-29	1.19e-21	3.27e-15	1.32e-09	3.23e-05	1.00e+00	1.60e-06	0.00e+00
 8.02454e+13	7.64e-29	1.56e-21	3.99e-15	1.51e-09	3.45e-05	1.00e+00	1.50e-06	0.00e+00
 8.27637e+13	1.04e-28	2.00e-21	4.80e-15	1.71e-09	3.67e-05	1.00e+00	1.41e-06	0.00e+00
 8.55147e+13	1.44e-28	2.59e-21	5.83e-15	1.94e-09	3.91e-05	1.00e+00	1.32e-06	0.00e+00
 8.85693e+13	2.02e-28	3.40e-21	7.18e-15	2.23e-09	4.19e-05	1.00e+00	1.23e-06	0.00e+00
 9.14264e+13	2.77e-28	4.38e-21	8.68e-15	2.53e-09	4.46e-05	1.00e+00	1.16e-06	0.00e+00
 9.45482e+13	3.88e-28	5.73e-21	1.06e-14	2.89e-09	4.77e-05	1.00e+00	1.08e-06	0.00e+00
 9.82539e+13	5.67e-28	7.76e-21	1.33e-14	3.37e-09	5.14e-05	1.00e+00	1.00e-06	0.00e+00
 1.01902e+14	8.02e-28	1.03e-20	1.66e-14	3.89e-09	5.53e-05	1.00e+00	9.33e-07	0.00e+00
 1.05224e+14	1.10e-27	1.32e-20	2.00e-14	4.42e-09	5.89e-05	1.00e+00	0.00e+00	0.00e+00
 1.08939e+14	1.56e-27	1.75e-20	2.47e-14	5.07e-09	6.31e-05	1.00e+00	0.00e+00	0.00e+00
 1.13274e+14	2.26e-27	2.36e-20	3.11e-14	5.92e-09	6.82e-05	1.00e+00	0.00e+00	0.00e+00
 1.17632e+14	3.30e-27	3.19e-20	3.89e-14	6.88e-09	7.35e-05	1.00e+00	0.00e+00	0.00e+00
 1.21565e+14	4.48e-27	4.09e-20	4.73e-14	7.84e-09	7.86e-05	1.00e+00	0.00e+00	0.00e+00
 1.25178e+14	6.03e-27	5.19e-20	5.64e-14	8.81e-09	8.32e-05	1.00e+00	0.00e+00	0.00e+00
 1.29323e+14	8.16e-27	6.64e-20	6.84e-14	1.00e-08	8.89e-05	1.00e+00	0.00e+00	0.00e+00
 1.34315e+14	1.19e-26	8.99e-20	8.57e-14	1.17e-08	9.58e-05	1.00e+00	0.00e+00	0.00e+00
 1.39267e+14	1.67e-26	1.18e-19	1.06e-13	1.35e-08	1.03e-04	1.00e+00	0.00e+00	0.00e+00
 1.43684e+14	2.25e-26	1.51e-19	1.28e-13	1.53e-08	1.10e-04	1.00e+00	0.00e+00	0.00e+00
 1.48547e+14	3.10e-26	1.95e-19	1.56e-13	1.74e-08	1.17e-04	1.00e+00	0.00e+00	0.00e+00
 1.54336e+14	4.51e-26	2.64e-19	1.96e-13	2.03e-08	1.27e-04	1.00e+00	0.00e+00	0.00e+00
 1.60074e+14	6.31e-26	3.48e-19	2.43e-13	2.35e-08	1.36e-04	1.00e+00	0.00e+00	0.00e+00
 1.65300e+14	8.66e-26	4.48e-19	2.95e-13	2.67e-08	1.45e-04	1.00e+00	0.00e+00	0.00e+00
 1.71116e+14	1.18e-25	5.80e-19	3.62e-13	3.06e-08	1.56e-04	1.00e+00	0.00e+00	0.00e+00
 1.77907e+14	1.72e-25	7.84e-19	4.57e-13	3.58e-08	1.69e-04	1.00e+00	0.00e+00	0.00e+00
 1.84594e+14	2.46e-25	1.05e-18	5.69e-13	4.14e-08	1.82e-04	1.00e+00	0.00e+00	0.00e+00
 1.90892e+14	3.37e-25	1.35e-18	6.94e-13	4.74e-08	1.95e-04	1.00e+00	0.00e+00	0.00e+00
 1.97901e+14	4.66e-25	1.77e-18	8.60e-13	5.47e-08	2.09e-04	1.00e+00	0.00e+00	0.00e+00
 2.05847e+14	6.86e-25	2.41e-18	1.09e-12	6.40e-08	2.27e-04	1.00e+00	0.00e+00	0.00e+00
 2.13772e+14	9.56e-25	3.18e-18	1.36e-12	7.44e-08	2.45e-04	1.00e+00	0.00e+00	0.00e+00
 2.21149e+14	1.32e-24	4.12e-18	1.66e-12	8.52e-08	2.62e-04	1.00e+00	0.00e+00	0.00e+00
 2.29161e+14	1.86e-24	5.45e-18	2.06e-12	9.82e-08	2.82e-04	1.00e+00	0.00e+00	0.00e+00
 2.38357e+14	2.63e-24	7.27e-18	2.60e-12	1.15e-07	3.05e-04	1.00e+00	0.00e+00	0.00e+00
 2.47291e+14	3.77e-24	9.71e-18	3.23e-12	1.33e-07	3.29e-04	1.00e+00	0.00e+00	0.00e+00
 2.55474e+14	4.99e-24	1.23e-17	3.92e-12	1.52e-07	3.51e-04	1.00e+00	0.00e+00	0.00e+00
 2.62876e+14	6.61e-24	1.54e-17	4.65e-12	1.70e-07	3.72e-04	1.00e+00	0.00e+00	0.00e+00
 2.70845e+14	8.57e-24	1.91e-17	5.55e-12	1.91e-07	3.95e-04	1.00e+00	0.00e+00	0.00e+00
 2.79838e+14	1.18e-23	2.46e-17	6.74e-12	2.18e-07	4.22e-04	1.00e+00	0.00e+00	0.00e+00
 2.88480e+14	1.53e-23	3.07e-17	8.08e-12	2.46e-07	4.49e-04	1.00e+00	0.00e+00	0.00e+00
 2.98031e+14	2.09e-23	3.96e-17	9.81e-12	2.80e-07	4.80e-04	1.00e+00	0.00e+00	0.00e+00
 3.08627e+14	2.83e-23	5.10e-17	1.21e-11	3.22e-07	5.15e-04	9.99e-01	0.00e+00	0.00e+00
 3.18518e+14	3.83e-23	6.51e-17	1.46e-11	3.65e-07	5.49e-04	9.99e-01	0.00e+00	0.00e+00
 3.29311e+14	5.10e-23	8.28e-17	1.77e-11	4.17e-07	5.88e-04	9.99e-01	0.00e+00	0.00e+00
 3.41345e+14	7.18e-23	1.09e-16	2.20e-11	4.82e-07	6.31e-04	9.99e-01	0.00e+00	0.00e+00
 3.52626e+14	9.46e-23	1.38e-16	2.66e-11	5.48e-07	6.75e-04	9.99e-01	0.00e+00	0.00e+00
 3.64928e+14	1.31e-22	1.80e-16	3.27e-11	6.29e-07	7.23e-04	9.99e-01	0.00e+00	0.00e+00
 3.78571e+14	1.78e-22	2.33e-16	4.06e-11	7.28e-07	7.80e-04	9.99e-01	0.00e+00	0.00e+00
 3.91220e+14	2.40e-22	2.98e-16	4.93e-11	8.30e-07	8.34e-04	9.99e-01	0.00e+00	0.00e+00
 4.04927e+14	3.31e-22	3.87e-16	6.05e-11	9.52e-07	8.94e-04	9.99e-01	0.00e+00	0.00e+00
 4.20260e+14	4.50e-22	5.03e-16	7.54e-11	1.10e-06	9.65e-04	9.99e-01	0.00e+00	0.00e+00
 4.34673e+14	6.18e-22	6.51e-16	9.21e-11	1.26e-06	1.03e-03	9.99e-01	0.00e+00	0.00e+00
 4.50346e+14	8.25e-22	8.33e-16	1.13e-10	1.46e-06	1.11e-03	9.99e-01	0.00e+00	0.00e+00
 4.67788e+14	1.18e-21	1.11e-15	1.42e-10	1.69e-06	1.20e-03	9.99e-01	0.00e+00	0.00e+00
 4.84262e+14	1.57e-21	1.42e-15	1.74e-10	1.95e-06	1.29e-03	9.99e-01	0.00e+00	0.00e+00
 5.01997e+14	2.17e-21	1.86e-15	2.16e-10	2.25e-06	1.39e-03	9.99e-01	0.00e+00	0.00e+00
 5.22107e+14	2.98e-21	2.44e-15	2.72e-10	2.63e-06	1.51e-03	9.98e-01	0.00e+00	0.00e+00
 5.41723e+14	4.16e-21	3.21e-15	3.38e-10	3.05e-06	1.63e-03	9.98e-01	0.00e+00	0.00e+00
 5.62123e+14	5.58e-21	4.14e-15	4.20e-10	3.53e-06	1.76e-03	9.98e-01	0.00e+00	0.00e+00
 5.84638e+14	7.92e-21	5.53e-15	5.29e-10	4.13e-06	1.91e-03	9.98e-01	0.00e+00	0.00e+00
 6.07215e+14	1.06e-20	7.15e-15	6.61e-10	4.81e-06	2.07e-03	9.98e-01	0.00e+00	0.00e+00
 6.25919e+14	1.38e-20	8.89e-15	7.90e-10	5.43e-06	2.21e-03	9.98e-01	0.00e+00	0.00e+00
 6.40382e+14	1.66e-20	1.04e-14	9.03e-10	5.95e-06	2.32e-03	9.98e-01	0.00e+00	0.00e+00
 6.56156e+14	2.04e-20	1.24e-14	1.04e-09	6.56e-06	2.44e-03	9.98e-01	0.00e+00	0.00e+00
 6.76661e+14	2.62e-20	1.54e-14	1.25e-09	7.42e-06	2.61e-03	9.97e-01	0.00e+00	0.00e+00
 6.98900e+14	3.40e-20	1.92e-14	1.51e-09	8.45e-06	2.80e-03	9.97e-01	0.00e+00	0.00e+00
 7.18965e+14	4.32e-20	2.36e-14	1.78e-09	9.46e-06	2.97e-03	9.97e-01	0.00e+00	0.00e+00
 7.40622e+14	5.44e-20	2.88e-14	2.12e-09	1.07e-05	3.17e-03	9.97e-01	0.00e+00	0.00e+00
 7.67935e+14	7.28e-20	3.70e-14	2.62e-09	1.23e-05	3.43e-03	9.97e-01	0.00e+00	0.00e+00
 7.95442e+14	9.68e-20	4.72e-14	3.22e-09	1.42e-05	3.70e-03	9.96e-01	0.00e+00	0.00e+00
 8.18698e+14	1.23e-19	5.78e-14	3.81e-09	1.59e-05	3.94e-03	9.96e-01	0.00e+00	0.00e+00
 8.43585e+14	1.55e-19	7.10e-14	4.54e-09	1.79e-05	4.21e-03	9.96e-01	0.00e+00	0.00e+00
 8.74820e+14	2.07e-19	9.12e-14	5.62e-09	2.08e-05	4.56e-03	9.95e-01	0.00e+00	0.00e+00
 9.07077e+14	2.78e-19	1.17e-13	6.95e-09	2.40e-05	4.94e-03	9.95e-01	0.00e+00	0.00e+00
 9.35481e+14	3.54e-19	1.45e-13	8.32e-09	2.71e-05	5.29e-03	9.95e-01	0.00e+00	0.00e+00
 9.66106e+14	4.53e-19	1.80e-13	1.01e-08	3.09e-05	5.68e-03	9.94e-01	0.00e+00	0.00e+00
 1.00310e+15	6.12e-19	2.33e-13	1.25e-08	3.59e-05	6.18e-03	9.94e-01	0.00e+00	0.00e+00
 1.03976e+15	8.11e-19	2.99e-13	1.55e-08	4.14e-05	6.69e-03	9.93e-01	0.00e+00	0.00e+00
 1.07225e+15	1.04e-18	3.70e-13	1.86e-08	4.68e-05	7.16e-03	9.93e-01	0.00e+00	0.00e+00
 1.10793e+15	1.34e-18	4.62e-13	2.25e-08	5.34e-05	7.70e-03	9.92e-01	0.00e+00	0.00e+00
 1.15067e+15	1.82e-18	6.03e-13	2.81e-08	6.21e-05	8.38e-03	9.92e-01	0.00e+00	0.00e+00
 1.19326e+15	2.45e-18	7.78e-13	3.49e-08	7.18e-05	9.09e-03	9.91e-01	0.00e+00	0.00e+00
 1.23210e+15	3.12e-18	9.64e-13	4.21e-08	8.16e-05	9.76e-03	9.90e-01	0.00e+00	0.00e+00
 1.27543e+15	4.17e-18	1.24e-12	5.17e-08	9.37e-05	1.05e-02	9.89e-01	0.00e+00	0.00e+00
 1.32593e+15	5.73e-18	1.63e-12	6.52e-08	1.09e-04	1.15e-02	9.88e-01	0.00e+00	0.00e+00
 1.37564e+15	7.72e-18	2.11e-12	8.11e-08	1.27e-04	1.25e-02	9.87e-01	0.00e+00	0.00e+00
 1.42263e+15	1.00e-17	2.65e-12	9.91e-08	1.45e-04	1.34e-02	9.86e-01	0.00e+00	0.00e+00
 1.47487e+15	1.38e-17	3.47e-12	1.23e-07	1.67e-04	1.46e-02	9.85e-01	0.00e+00	0.00e+00
 1.52427e+15	1.81e-17	4.38e-12	1.50e-07	1.91e-04	1.57e-02	9.84e-01	0.00e+00	0.00e+00
 1.56101e+15	2.21e-17	5.20e-12	1.73e-07	2.10e-04	1.65e-02	9.83e-01	0.00e+00	0.00e+00
 1.59843e+15	2.70e-17	6.17e-12	1.99e-07	2.30e-04	1.74e-02	9.82e-01	0.00e+00	0.00e+00
 1.64708e+15	3.40e-17	7.57e-12	2.38e-07	2.60e-04	1.86e-02	9.81e-01	0.00e+00	0.00e+00
 1.70005e+15	4.54e-17	9.65e-12	2.88e-07	2.95e-04	1.99e-02	9.80e-01	0.00e+00	0.00e+00
 1.74784e+15	5.74e-17	1.18e-11	3.41e-07	3.29e-04	2.12e-02	9.79e-01	0.00e+00	0.00e+00
 1.79918e+15	7.23e-17	1.44e-11	4.05e-07	3.69e-04	2.26e-02	9.77e-01	0.00e+00	0.00e+00
 1.86477e+15	1.01e-16	1.90e-11	5.04e-07	4.26e-04	2.44e-02	9.75e-01	0.00e+00	0.00e+00
 1.93110e+15	1.47e-16	2.46e-11	6.22e-07	4.90e-04	2.64e-02	9.73e-01	0.00e+00	0.00e+00
 1.98638e+15	1.90e-16	3.03e-11	7.38e-07	5.48e-04	2.80e-02	9.71e-01	0.00e+00	0.00e+00
 2.04509e+15	2.46e-16	3.77e-11	8.80e-07	6.15e-04	2.98e-02	9.70e-01	0.00e+00	0.00e+00
 2.11985e+15	3.38e-16	4.92e-11	1.09e-06	7.10e-04	3.23e-02	9.67e-01	0.00e+00	0.00e+00
 2.19881e+15	4.53e-16	6.36e-11	1.37e-06	8.21e-04	3.49e-02	9.64e-01	0.00e+00	0.00e+00
 2.26959e+15	6.05e-16	8.09e-11	1.66e-06	9.31e-04	3.73e-02	9.62e-01	0.00e+00	0.00e+00
 2.34642e+15	8.42e-16	1.05e-10	2.03e-06	1.06e-03	4.01e-02	9.59e-01	0.00e+00	0.00e+00
 2.43766e+15	1.20e-15	1.41e-10	2.56e-06	1.24e-03	4.36e-02	9.55e-01	0.00e+00	0.00e+00
 2.52741e+15	1.66e-15	1.85e-10	3.19e-06	1.43e-03	4.70e-02	9.52e-01	0.00e+00	0.00e+00
 2.60889e+15	2.22e-15	2.36e-10	3.87e-06	1.62e-03	5.03e-02	9.48e-01	0.00e+00	0.00e+00
 2.69982e+15	2.96e-15	3.02e-10	4.76e-06	1.86e-03	5.40e-02	9.44e-01	0.00e+00	0.00e+00
 2.80625e+15	4.36e-15	4.13e-10	6.04e-06	2.16e-03	5.86e-02	9.39e-01	0.00e+00	0.00e+00
 2.91130e+15	6.16e-15	5.48e-10	7.55e-06	2.50e-03	6.32e-02	9.34e-01	0.00e+00	0.00e+00
 3.01038e+15	8.44e-15	7.10e-10	9.25e-06	2.86e-03	6.78e-02	9.29e-01	0.00e+00	0.00e+00
 3.12066e+15	1.15e-14	9.22e-10	1.15e-05	3.29e-03	7.30e-02	9.24e-01	0.00e+00	0.00e+00
 3.24552e+15	1.73e-14	1.28e-09	1.47e-05	3.85e-03	7.92e-02	9.17e-01	0.00e+00	0.00e+00
 3.35009e+15	2.34e-14	1.64e-09	1.78e-05	4.36e-03	8.44e-02	9.11e-01	0.00e+00	0.00e+00
 3.42509e+15	2.89e-14	1.94e-09	2.03e-05	4.75e-03	8.82e-02	9.07e-01	0.00e+00	0.00e+00
 3.50347e+15	3.58e-14	2.32e-09	2.33e-05	5.19e-03	9.23e-02	9.02e-01	0.00e+00	0.00e+00
 3.60538e+15	4.54e-14	2.84e-09	2.77e-05	5.81e-03	9.77e-02	8.97e-01	0.00e+00	0.00e+00
 3.71915e+15	6.33e-14	3.69e-09	3.35e-05	6.56e-03	1.04e-01	8.89e-01	0.00e+00	0.00e+00
 3.82544e+15	8.22e-14	4.58e-09	3.97e-05	7.32e-03	1.10e-01	8.83e-01	0.00e+00	0.00e+00
 3.94071e+15	1.06e-13	5.69e-09	4.75e-05	8.22e-03	1.16e-01	8.75e-01	0.00e+00	0.00e+00
 4.07024e+15	1.51e-13	7.47e-09	5.78e-05	9.32e-03	1.24e-01	8.67e-01	0.00e+00	0.00e+00
 4.19274e+15	1.98e-13	9.38e-09	6.91e-05	1.05e-02	1.31e-01	8.58e-01	0.00e+00	0.00e+00
 4.32642e+15	2.60e-13	1.18e-08	8.34e-05	1.18e-02	1.39e-01	8.49e-01	0.00e+00	0.00e+00
 4.47648e+15	3.76e-13	1.58e-08	1.03e-04	1.35e-02	1.49e-01	8.38e-01	0.00e+00	0.00e+00
 4.61849e+15	5.07e-13	2.01e-08	1.24e-04	1.52e-02	1.57e-01	8.27e-01	0.00e+00	0.00e+00
 4.77375e+15	6.69e-13	2.55e-08	1.51e-04	1.72e-02	1.67e-01	8.16e-01	0.00e+00	0.00e+00
 4.94516e+15	9.82e-13	3.44e-08	1.87e-04	1.97e-02	1.78e-01	8.02e-01	0.00e+00	0.00e+00
 5.10299e+15	1.33e-12	4.40e-08	2.25e-04	2.22e-02	1.89e-01	7.89e-01	0.00e+00	0.00e+00
 5.27358e+15	1.80e-12	5.66e-08	2.74e-04	2.51e-02	2.00e-01	7.75e-01	0.00e+00	0.00e+00
 5.46324e+15	2.45e-12	7.33e-08	3.38e-04	2.87e-02	2.12e-01	7.59e-01	0.00e+00	0.00e+00
 5.64176e+15	3.49e-12	9.66e-08	4.10e-04	3.24e-02	2.24e-01	7.43e-01	0.00e+00	0.00e+00
 5.83792e+15	4.80e-12	1.25e-07	5.02e-04	3.67e-02	2.37e-01	7.26e-01	0.00e+00	0.00e+00
 6.05356e+15	6.57e-12	1.63e-07	6.21e-04	4.19e-02	2.51e-01	7.06e-01	0.00e+00	0.00e+00
 6.24683e+15	8.91e-12	2.09e-07	7.48e-04	4.70e-02	2.64e-01	6.88e-01	0.00e+00	0.00e+00
 6.42184e+15	1.17e-11	2.60e-07	8.81e-04	5.20e-02	2.75e-01	6.72e-01	0.00e+00	0.00e+00
 6.62081e+15	1.62e-11	3.36e-07	1.06e-03	5.81e-02	2.89e-01	6.52e-01	0.00e+00	0.00e+00
 6.86795e+15	2.21e-11	4.38e-07	1.31e-03	6.61e-02	3.04e-01	6.29e-01	0.00e+00	0.00e+00
 7.11612e+15	3.27e-11	5.94e-07	1.62e-03	7.51e-02	3.19e-01	6.04e-01	0.00e+00	0.00e+00
 7.30225e+15	4.17e-11	7.24e-07	1.88e-03	8.22e-02	3.30e-01	5.86e-01	0.00e+00	0.00e+00
 7.46931e+15	5.20e-11	8.65e-07	2.15e-03	8.90e-02	3.40e-01	5.69e-01	0.00e+00	0.00e+00
 7.68650e+15	6.80e-11	1.08e-06	2.54e-03	9.82e-02	3.52e-01	5.47e-01	0.00e+00	0.00e+00
 7.91836e+15	9.16e-11	1.37e-06	3.02e-03	1.09e-01	3.64e-01	5.24e-01	0.00e+00	0.00e+00
 8.12113e+15	1.16e-10	1.66e-06	3.50e-03	1.18e-01	3.74e-01	5.04e-01	0.00e+00	0.00e+00
 8.33656e+15	1.49e-10	2.03e-06	4.07e-03	1.29e-01	3.84e-01	4.83e-01	0.00e+00	0.00e+00
 8.61662e+15	2.10e-10	2.66e-06	4.96e-03	1.44e-01	3.96e-01	4.54e-01	0.00e+00	0.00e+00
 8.89397e+15	2.80e-10	3.37e-06	5.93e-03	1.60e-01	4.07e-01	4.28e-01	0.00e+00	0.00e+00
 9.11275e+15	3.45e-10	4.03e-06	6.82e-03	1.72e-01	4.14e-01	4.07e-01	0.00e+00	0.00e+00
 9.34213e+15	4.40e-10	4.90e-06	7.89e-03	1.86e-01	4.20e-01	3.85e-01	0.00e+00	0.00e+00
 9.64032e+15	6.36e-10	6.50e-06	9.55e-03	2.06e-01	4.28e-01	3.56e-01	0.00e+00	0.00e+00
 9.93601e+15	8.41e-10	8.16e-06	1.13e-02	2.26e-01	4.33e-01	3.30e-01	0.00e+00	0.00e+00
 1.01676e+16	1.03e-09	9.68e-06	1.30e-02	2.41e-01	4.36e-01	3.10e-01	0.00e+00	0.00e+00
 1.04080e+16	1.31e-09	1.17e-05	1.49e-02	2.59e-01	4.37e-01	2.89e-01	0.00e+00	0.00e+00
 1.06737e+16	1.79e-09	1.49e-05	1.74e-02	2.79e-01	4.38e-01	2.66e-01	0.00e+00	0.00e+00
 1.09134e+16	2.25e-09	1.78e-05	1.98e-02	2.97e-01	4.37e-01	2.47e-01	0.00e+00	0.00e+00
 1.11322e+16	2.79e-09	2.11e-05	2.24e-02	3.14e-01	4.34e-01	2.29e-01	0.00e+00	0.00e+00
 1.13829e+16	3.53e-09	2.55e-05	2.56e-02	3.34e-01	4.30e-01	2.10e-01	0.00e+00	0.00e+00
 1.16521e+16	4.57e-09	3.13e-05	2.96e-02	3.55e-01	4.24e-01	1.91e-01	0.00e+00	0.00e+00
 1.18862e+16	5.74e-09	3.73e-05	3.35e-02	3.74e-01	4.18e-01	1.75e-01	0.00e+00	0.00e+00
 1.20962e+16	6.81e-09	4.30e-05	3.74e-02	3.91e-01	4.11e-01	1.61e-01	0.00e+00	0.00e+00
 1.23338e+16	9.16e-09	5.36e-05	4.26e-02	4.11e-01	4.01e-01	1.45e-01	0.00e+00	0.00e+00
 1.25831e+16	1.10e-08	6.24e-05	4.83e-02	4.31e-01	3.90e-01	1.30e-01	0.00e+00	0.00e+00
 1.28033e+16	1.46e-08	7.69e-05	5.45e-02	4.50e-01	3.79e-01	1.17e-01	0.00e+00	0.00e+00
 1.30036e+16	1.79e-08	9.00e-05	6.06e-02	4.66e-01	3.68e-01	1.06e-01	0.00e+00	0.00e+00
 1.31828e+16	2.15e-08	1.04e-04	6.66e-02	4.80e-01	3.57e-01	9.64e-02	0.00e+00	0.00e+00
 1.33491e+16	2.57e-08	1.19e-04	7.28e-02	4.93e-01	3.46e-01	8.80e-02	0.00e+00	0.00e+00
 1.35382e+16	2.99e-08	1.35e-04	8.03e-02	5.08e-01	3.33e-01	7.93e-02	0.00e+00	0.00e+00
 1.37839e+16	4.09e-08	1.70e-04	9.21e-02	5.26e-01	3.14e-01	6.77e-02	0.00e+00	0.00e+00
 1.40192e+16	5.34e-08	2.08e-04	1.05e-01	5.42e-01	2.95e-01	5.80e-02	0.00e+00	0.00e+00
 1.41862e+16	6.27e-08	2.36e-04	1.14e-01	5.53e-01	2.81e-01	5.17e-02	0.00e+00	0.00e+00
 1.43486e+16	7.62e-08	2.74e-04	1.25e-01	5.63e-01	2.66e-01	4.55e-02	0.00e+00	0.00e+00
 1.45293e+16	9.52e-08	3.24e-04	1.39e-01	5.73e-01	2.48e-01	3.91e-02	0.00e+00	0.00e+00
 1.46925e+16	1.28e-07	3.99e-04	1.53e-01	5.81e-01	2.32e-01	3.34e-02	0.00e+00	0.00e+00
 1.48257e+16	1.54e-07	4.56e-04	1.65e-01	5.87e-01	2.18e-01	2.93e-02	0.00e+00	0.00e+00
 1.49613e+16	1.84e-07	5.21e-04	1.79e-01	5.92e-01	2.03e-01	2.54e-02	0.00e+00	0.00e+00
 1.51109e+16	2.34e-07	6.21e-04	1.96e-01	5.96e-01	1.86e-01	2.12e-02	0.00e+00	0.00e+00
 1.52309e+16	2.80e-07	7.07e-04	2.10e-01	5.98e-01	1.73e-01	1.83e-02	0.00e+00	0.00e+00
 1.53190e+16	3.21e-07	7.82e-04	2.22e-01	5.99e-01	1.63e-01	1.63e-02	0.00e+00	0.00e+00
 1.54134e+16	3.55e-07	8.46e-04	2.34e-01	5.99e-01	1.52e-01	1.43e-02	0.00e+00	0.00e+00
 1.55361e+16	4.68e-07	1.02e-03	2.53e-01	5.98e-01	1.37e-01	1.15e-02	0.00e+00	0.00e+00
 1.56332e+16	5.45e-07	1.14e-03	2.67e-01	5.96e-01	1.26e-01	9.85e-03	0.00e+00	0.00e+00
 1.56798e+16	5.91e-07	1.21e-03	2.75e-01	5.95e-01	1.20e-01	9.04e-03	0.00e+00	0.00e+00
 1.57231e+16	6.40e-07	1.28e-03	2.82e-01	5.93e-01	1.15e-01	8.30e-03	0.00e+00	0.00e+00
 1.57793e+16	6.85e-07	1.35e-03	2.91e-01	5.92e-01	1.08e-01	7.45e-03	0.00e+00	0.00e+00
 1.58525e+16	8.11e-07	1.52e-03	3.05e-01	5.88e-01	9.91e-02	6.30e-03	0.00e+00	0.00e+00
 1.59203e+16	9.19e-07	1.66e-03	3.17e-01	5.85e-01	9.13e-02	5.41e-03	0.00e+00	0.00e+00
 1.59686e+16	1.01e-06	1.78e-03	3.25e-01	5.82e-01	8.57e-02	4.81e-03	0.00e+00	0.00e+00
 1.60185e+16	1.12e-06	1.91e-03	3.35e-01	5.79e-01	7.98e-02	4.21e-03	0.00e+00	0.00e+00
 1.60834e+16	1.28e-06	2.10e-03	3.48e-01	5.74e-01	7.24e-02	3.51e-03	0.00e+00	0.00e+00
 1.61475e+16	1.45e-06	2.29e-03	3.60e-01	5.70e-01	6.55e-02	2.92e-03	0.00e+00	0.00e+00
 1.61972e+16	1.59e-06	2.45e-03	3.69e-01	5.65e-01	6.03e-02	2.51e-03	0.00e+00	0.00e+00
 1.62485e+16	1.78e-06	2.65e-03	3.80e-01	5.61e-01	5.49e-02	2.11e-03	0.00e+00	0.00e+00
 1.63050e+16	2.00e-06	2.86e-03	3.91e-01	5.55e-01	4.94e-02	1.74e-03	0.00e+00	0.00e+00
 1.63581e+16	2.21e-06	3.08e-03	4.01e-01	5.50e-01	4.46e-02	1.43e-03	0.00e+00	0.00e+00
 1.64169e+16	2.50e-06	3.35e-03	4.12e-01	5.44e-01	3.94e-02	1.14e-03	0.00e+00	0.00e+00
 1.64800e+16	2.83e-06	3.65e-03	4.24e-01	5.37e-01	3.44e-02	8.89e-04	0.00e+00	0.00e+00
 1.65368e+16	3.17e-06	3.94e-03	4.35e-01	5.30e-01	3.02e-02	7.01e-04	0.00e+00	0.00e+00
 1.65988e+16	3.58e-06	4.29e-03	4.46e-01	5.23e-01	2.60e-02	5.32e-04	0.00e+00	0.00e+00
 1.66678e+16	4.07e-06	4.68e-03	4.58e-01	5.15e-01	2.20e-02	3.91e-04	0.00e+00	0.00e+00
 1.67347e+16	4.61e-06	5.09e-03	4.70e-01	5.06e-01	1.86e-02	2.87e-04	0.00e+00	0.00e+00
 1.68104e+16	5.30e-06	5.59e-03	4.82e-01	4.97e-01	1.53e-02	1.99e-04	0.00e+00	0.00e+00
 1.69089e+16	6.30e-06	6.28e-03	4.98e-01	4.84e-01	1.18e-02	1.23e-04	0.00e+00	0.00e+00
 1.70127e+16	7.50e-06	7.04e-03	5.13e-01	4.71e-01	9.04e-03	7.43e-05	0.00e+00	0.00e+00
 1.71074e+16	8.75e-06	7.80e-03	5.27e-01	4.58e-01	7.07e-03	4.69e-05	0.00e+00	0.00e+00
 1.72144e+16	1.04e-05	8.73e-03	5.41e-01	4.44e-01	5.36e-03	2.77e-05	0.00e+00	0.00e+00
 1.73147e+16	1.21e-05	9.65e-03	5.54e-01	4.32e-01	4.21e-03	1.75e-05	0.00e+00	0.00e+00
 1.73848e+16	1.35e-05	1.04e-02	5.64e-01	4.22e-01	3.56e-03	1.27e-05	0.00e+00	0.00e+00
 1.74547e+16	1.50e-05	1.11e-02	5.73e-01	4.13e-01	3.00e-03	9.12e-06	0.00e+00	0.00e+00
 1.75455e+16	1.73e-05	1.22e-02	5.84e-01	4.01e-01	2.40e-03	5.98e-06	0.00e+00	0.00e+00
 1.76451e+16	2.02e-05	1.35e-02	5.97e-01	3.87e-01	1.90e-03	3.82e-06	0.00e+00	0.00e+00
 1.77347e+16	2.32e-05	1.48e-02	6.09e-01	3.75e-01	1.55e-03	2.58e-06	0.00e+00	0.00e+00
 1.78165e+16	2.65e-05	1.61e-02	6.19e-01	3.63e-01	1.29e-03	1.80e-06	0.00e+00	0.00e+00
 1.79097e+16	3.08e-05	1.78e-02	6.32e-01	3.50e-01	1.04e-03	1.19e-06	0.00e+00	0.00e+00
 1.80132e+16	3.65e-05	1.99e-02	6.45e-01	3.34e-01	8.23e-04	7.62e-07	0.00e+00	0.00e+00
 1.81063e+16	4.28e-05	2.21e-02	6.57e-01	3.20e-01	6.69e-04	0.00e+00	0.00e+00	0.00e+00
 1.81809e+16	4.87e-05	2.40e-02	6.67e-01	3.08e-01	5.67e-04	0.00e+00	0.00e+00	0.00e+00
 1.82441e+16	5.45e-05	2.59e-02	6.75e-01	2.98e-01	4.92e-04	0.00e+00	0.00e+00	0.00e+00
 1.83151e+16	6.19e-05	2.82e-02	6.84e-01	2.87e-01	4.17e-04	0.00e+00	0.00e+00	0.00e+00
 1.83946e+16	7.18e-05	3.11e-02	6.95e-01	2.74e-01	3.47e-04	0.00e+00	0.00e+00	0.00e+00
 1.84673e+16	8.25e-05	3.40e-02	7.04e-01	2.62e-01	2.94e-04	0.00e+00	0.00e+00	0.00e+00
 1.85310e+16	9.33e-05	3.69e-02	7.11e-01	2.51e-01	2.53e-04	0.00e+00	0.00e+00	0.00e+00
 1.86011e+16	1.07e-04	4.05e-02	7.20e-01	2.39e-01	2.14e-04	0.00e+00	0.00e+00	0.00e+00
 1.86766e+16	1.25e-04	4.48e-02	7.28e-01	2.27e-01	1.78e-04	0.00e+00	0.00e+00	0.00e+00
 1.87419e+16	1.44e-04	4.91e-02	7.35e-01	2.15e-01	1.52e-04	0.00e+00	0.00e+00	0.00e+00
 1.87980e+16	1.62e-04	5.32e-02	7.41e-01	2.06e-01	1.32e-04	0.00e+00	0.00e+00	0.00e+00
 1.88595e+16	1.86e-04	5.81e-02	7.47e-01	1.95e-01	1.13e-04	0.00e+00	0.00e+00	0.00e+00
 1.89276e+16	2.16e-04	6.43e-02	7.52e-01	1.83e-01	9.44e-05	0.00e+00	0.00e+00	0.00e+00
 1.89885e+16	2.49e-04	7.06e-02	7.57e-01	1.72e-01	8.02e-05	0.00e+00	0.00e+00	0.00e+00
 1.90406e+16	2.82e-04	7.67e-02	7.60e-01	1.63e-01	6.95e-05	0.00e+00	0.00e+00	0.00e+00
 1.90972e+16	3.24e-04	8.39e-02	7.62e-01	1.53e-01	5.92e-05	0.00e+00	0.00e+00	0.00e+00
 1.91597e+16	3.78e-04	9.30e-02	7.64e-01	1.43e-01	4.93e-05	0.00e+00	0.00e+00	0.00e+00
 1.92152e+16	4.37e-04	1.02e-01	7.64e-01	1.33e-01	4.18e-05	0.00e+00	0.00e+00	0.00e+00
 1.92630e+16	4.95e-04	1.11e-01	7.64e-01	1.25e-01	3.61e-05	0.00e+00	0.00e+00	0.00e+00
 1.93154e+16	5.71e-04	1.22e-01	7.62e-01	1.16e-01	3.04e-05	0.00e+00	0.00e+00	0.00e+00
 1.93730e+16	6.69e-04	1.35e-01	7.58e-01	1.06e-01	2.51e-05	0.00e+00	0.00e+00	0.00e+00
 1.94243e+16	7.75e-04	1.48e-01	7.53e-01	9.78e-02	2.11e-05	0.00e+00	0.00e+00	0.00e+00
 1.94692e+16	8.84e-04	1.61e-01	7.47e-01	9.05e-02	1.79e-05	0.00e+00	0.00e+00	0.00e+00
 1.95188e+16	1.02e-03	1.77e-01	7.39e-01	8.25e-02	1.48e-05	0.00e+00	0.00e+00	0.00e+00
 1.95730e+16	1.21e-03	1.97e-01	7.28e-01	7.41e-02	1.20e-05	0.00e+00	0.00e+00	0.00e+00
 1.96216e+16	1.41e-03	2.17e-01	7.14e-01	6.67e-02	9.81e-06	0.00e+00	0.00e+00	0.00e+00
 1.96651e+16	1.63e-03	2.38e-01	7.01e-01	6.02e-02	8.11e-06	0.00e+00	0.00e+00	0.00e+00
 1.97135e+16	1.92e-03	2.62e-01	6.82e-01	5.33e-02	6.48e-06	0.00e+00	0.00e+00	0.00e+00
 1.97671e+16	2.30e-03	2.94e-01	6.58e-01	4.59e-02	4.97e-06	0.00e+00	0.00e+00	0.00e+00
 1.98158e+16	2.73e-03	3.25e-01	6.32e-01	3.95e-02	3.85e-06	0.00e+00	0.00e+00	0.00e+00
 1.98604e+16	3.21e-03	3.58e-01	6.05e-01	3.40e-02	2.99e-06	0.00e+00	0.00e+00	0.00e+00
 1.99111e+16	3.87e-03	3.98e-01	5.70e-01	2.81e-02	2.19e-06	0.00e+00	0.00e+00	0.00e+00
 1.99653e+16	4.76e-03	4.47e-01	5.26e-01	2.24e-02	1.53e-06	0.00e+00	0.00e+00	0.00e+00
 2.00107e+16	5.69e-03	4.92e-01	4.85e-01	1.80e-02	1.09e-06	0.00e+00	0.00e+00	0.00e+00
 2.00485e+16	6.62e-03	5.32e-01	4.47e-01	1.47e-02	8.02e-07	0.00e+00	0.00e+00	0.00e+00
 2.00829e+16	7.57e-03	5.69e-01	4.11e-01	1.20e-02	0.00e+00	0.00e+00	0.00e+00	0.00e+00
 2.01157e+16	8.67e-03	6.07e-01	3.75e-01	9.71e-03	0.00e+00	0.00e+00	0.00e+00	0.00e+00
 2.01479e+16	9.91e-03	6.44e-01	3.38e-01	7.72e-03	0.00e+00	0.00e+00	0.00e+00	0.00e+00
 2.01788e+16	1.13e-02	6.81e-01	3.02e-01	6.06e-03	0.00e+00	0.00e+00	0.00e+00	0.00e+00
 2.02079e+16	1.28e-02	7.14e-01	2.68e-01	4.72e-03	0.00e+00	0.00e+00	0.00e+00	0.00e+00
 2.02355e+16	1.44e-02	7.46e-01	2.36e-01	3.64e-03	0.00e+00	0.00e+00	0.00e+00	0.00e+00
 2.02621e+16	1.62e-02	7.75e-01	2.06e-01	2.78e-03	0.00e+00	0.00e+00	0.00e+00	0.00e+00
 2.02878e+16	1.81e-02	8.01e-01	1.78e-01	2.09e-03	0.00e+00	0.00e+00	0.00e+00	0.00e+00
 2.03125e+16	2.03e-02	8.25e-01	1.53e-01	1.55e-03	0.00e+00	0.00e+00	0.00e+00	0.00e+00
 2.03361e+16	2.26e-02	8.46e-01	1.30e-01	1.14e-03	0.00e+00	0.00e+00	0.00e+00	0.00e+00
 2.03588e+16	2.51e-02	8.64e-01	1.10e-01	8.36e-04	0.00e+00	0.00e+00	0.00e+00	0.00e+00
 2.03810e+16	2.79e-02	8.79e-01	9.24e-02	6.01e-04	0.00e+00	0.00e+00	0.00e+00	0.00e+00
 2.04030e+16	3.10e-02	8.92e-01	7.64e-02	4.23e-04	0.00e+00	0.00e+00	0.00e+00	0.00e+00
 2.04240e+16	3.44e-02	9.02e-01	6.28e-02	2.95e-04	0.00e+00	0.00e+00	0.00e+00	0.00e+00
 2.04440e+16	3.81e-02	9.10e-01	5.15e-02	2.05e-04	0.00e+00	0.00e+00	0.00e+00	0.00e+00
 2.04635e+16	4.22e-02	9.16e-01	4.18e-02	1.41e-04	0.00e+00	0.00e+00	0.00e+00	0.00e+00
 2.04826e+16	4.67e-02	9.20e-01	3.37e-02	9.54e-05	0.00e+00	0.00e+00	0.00e+00	0.00e+00
 2.05008e+16	5.15e-02	9.21e-01	2.71e-02	6.44e-05	0.00e+00	0.00e+00	0.00e+00	0.00e+00
 2.05178e+16	5.66e-02	9.21e-01	2.18e-02	4.38e-05	0.00e+00	0.00e+00	0.00e+00	0.00e+00
 2.05339e+16	6.20e-02	9.20e-01	1.77e-02	2.99e-05	0.00e+00	0.00e+00	0.00e+00	0.00e+00
 2.05505e+16	6.81e-02	9.18e-01	1.40e-02	1.98e-05	0.00e+00	0.00e+00	0.00e+00	0.00e+00
 2.05669e+16	7.46e-02	9.14e-01	1.11e-02	1.30e-05	0.00e+00	0.00e+00	0.00e+00	0.00e+00
 2.05814e+16	8.14e-02	9.10e-01	8.86e-03	8.72e-06	0.00e+00	0.00e+00	0.00e+00	0.00e+00
 2.05946e+16	8.79e-02	9.05e-01	7.22e-03	6.04e-06	0.00e+00	0.00e+00	0.00e+00	0.00e+00
 2.06065e+16	9.43e-02	9.00e-01	5.95e-03	4.27e-06	0.00e+00	0.00e+00	0.00e+00	0.00e+00
 2.06177e+16	1.01e-01	8.94e-01	4.94e-03	3.06e-06	0.00e+00	0.00e+00	0.00e+00	0.00e+00
 2.06283e+16	1.07e-01	8.89e-01	4.12e-03	2.22e-06	0.00e+00	0.00e+00	0.00e+00	0.00e+00
 2.06380e+16	1.13e-01	8.83e-01	3.47e-03	1.63e-06	0.00e+00	0.00e+00	0.00e+00	0.00e+00
 2.06455e+16	1.18e-01	8.79e-01	3.05e-03	1.30e-06	0.00e+00	0.00e+00	0.00e+00	0.00e+00
 2.06504e+16	1.22e-01	8.76e-01	2.80e-03	1.11e-06	0.00e+00	0.00e+00	0.00e+00	0.00e+00
 2.06550e+16	1.25e-01	8.72e-01	2.57e-03	9.50e-07	0.00e+00	0.00e+00	0.00e+00	0.00e+00
 2.06604e+16	1.29e-01	8.68e-01	2.32e-03	0.00e+00	0.00e+00	0.00e+00	0.00e+00	0.00e+00
 2.06662e+16	1.33e-01	8.64e-01	2.08e-03	0.00e+00	0.00e+00	0.00e+00	0.00e+00	0.00e+00
 2.06716e+16	1.38e-01	8.60e-01	1.88e-03	0.00e+00	0.00e+00	0.00e+00	0.00e+00	0.00e+00
 2.06768e+16	1.42e-01	8.56e-01	1.70e-03	0.00e+00	0.00e+00	0.00e+00	0.00e+00	0.00e+00
 2.06820e+16	1.47e-01	8.52e-01	1.54e-03	0.00e+00	0.00e+00	0.00e+00	0.00e+00	0.00e+00
 2.06871e+16	1.51e-01	8.47e-01	1.39e-03	0.00e+00	0.00e+00	0.00e+00	0.00e+00	0.00e+00
 2.06923e+16	1.56e-01	8.43e-01	1.25e-03	0.00e+00	0.00e+00	0.00e+00	0.00e+00	0.00e+00
 2.06974e+16	1.61e-01	8.38e-01	1.13e-03	0.00e+00	0.00e+00	0.00e+00	0.00e+00	0.00e+00
 2.07023e+16	1.65e-01	8.34e-01	1.02e-03	0.00e+00	0.00e+00	0.00e+00	0.00e+00	0.00e+00
 2.07073e+16	1.70e-01	8.29e-01	9.19e-04	0.00e+00	0.00e+00	0.00e+00	0.00e+00	0.00e+00
 2.07122e+16	1.76e-01	8.24e-01	8.29e-04	0.00e+00	0.00e+00	0.00e+00	0.00e+00	0.00e+00
 2.07171e+16	1.81e-01	8.19e-01	7.47e-04	0.00e+00	0.00e+00	0.00e+00	0.00e+00	0.00e+00
 2.07219e+16	1.86e-01	8.13e-01	6.74e-04	0.00e+00	0.00e+00	0.00e+00	0.00e+00	0.00e+00
 2.07266e+16	1.92e-01	8.07e-01	6.07e-04	0.00e+00	0.00e+00	0.00e+00	0.00e+00	0.00e+00
 2.07314e+16	1.98e-01	8.02e-01	5.46e-04	0.00e+00	0.00e+00	0.00e+00	0.00e+00	0.00e+00
 2.07360e+16	2.04e-01	7.96e-01	4.93e-04	0.00e+00	0.00e+00	0.00e+00	0.00e+00	0.00e+00
 2.07405e+16	2.10e-01	7.90e-01	4.44e-04	0.00e+00	0.00e+00	0.00e+00	0.00e+00	0.00e+00
 2.07451e+16	2.16e-01	7.84e-01	3.99e-04	0.00e+00	0.00e+00	0.00e+00	0.00e+00	0.00e+00
 2.07496e+16	2.23e-01	7.77e-01	3.60e-04	0.00e+00	0.00e+00	0.00e+00	0.00e+00	0.00e+00
 2.07541e+16	2.30e-01	7.69e-01	3.23e-04	0.00e+00	0.00e+00	0.00e+00	0.00e+00	0.00e+00
 2.07585e+16	2.37e-01	7.63e-01	2.90e-04	0.00e+00	0.00e+00	0.00e+00	0.00e+00	0.00e+00
 2.07629e+16	2.45e-01	7.55e-01	2.61e-04	0.00e+00	0.00e+00	0.00e+00	0.00e+00	0.00e+00
 2.07671e+16	2.53e-01	7.47e-01	2.34e-04	0.00e+00	0.00e+00	0.00e+00	0.00e+00	0.00e+00
 2.07714e+16	2.61e-01	7.39e-01	2.10e-04	0.00e+00	0.00e+00	0.00e+00	0.00e+00	0.00e+00
 2.07756e+16	2.69e-01	7.30e-01	1.89e-04	0.00e+00	0.00e+00	0.00e+00	0.00e+00	0.00e+00
 2.07798e+16	2.79e-01	7.21e-01	1.69e-04	0.00e+00	0.00e+00	0.00e+00	0.00e+00	0.00e+00
 2.07839e+16	2.89e-01	7.11e-01	1.51e-04	0.00e+00	0.00e+00	0.00e+00	0.00e+00	0.00e+00
 2.07879e+16	2.98e-01	7.01e-01	1.36e-04	0.00e+00	0.00e+00	0.00e+00	0.00e+00	0.00e+00
 2.07919e+16	3.10e-01	6.89e-01	1.21e-04	0.00e+00	0.00e+00	0.00e+00	0.00e+00	0.00e+00
 2.07957e+16	3.21e-01	6.79e-01	1.09e-04	0.00e+00	0.00e+00	0.00e+00	0.00e+00	0.00e+00
 2.07995e+16	3.32e-01	6.68e-01	9.77e-05	0.00e+00	0.00e+00	0.00e+00	0.00e+00	0.00e+00
 2.08033e+16	3.45e-01	6.55e-01	8.74e-05	0.00e+00	0.00e+00	0.00e+00	0.00e+00	0.00e+00
 2.08070e+16	3.58e-01	6.42e-01	7.82e-05	0.00e+00	0.00e+00	0.00e+00	0.00e+00	0.00e+00
 2.08106e+16	3.70e-01	6.30e-01	7.01e-05	0.00e+00	0.00e+00	0.00e+00	0.00e+00	0.00e+00
 2.08141e+16	3.85e-01	6.15e-01	6.27e-05	0.00e+00	0.00e+00	0.00e+00	0.00e+00	0.00e+00
 2.08176e+16	3.99e-01	6.01e-01	5.60e-05	0.00e+00	0.00e+00	0.00e+00	0.00e+00	0.00e+00
 2.08211e+16	4.15e-01	5.85e-01	5.00e-05	0.00e+00	0.00e+00	0.00e+00	0.00e+00	0.00e+00
 2.08245e+16	4.31e-01	5.69e-01	4.46e-05	0.00e+00	0.00e+00	0.00e+00	0.00e+00	0.00e+00
 2.08278e+16	4.48e-01	5.52e-01	3.97e-05	0.00e+00	0.00e+00	0.00e+00	0.00e+00	0.00e+00
 2.08312e+16	4.65e-01	5.35e-01	3.53e-05	0.00e+00	0.00e+00	0.00e+00	0.00e+00	0.00e+00
 2.08344e+16	4.86e-01	5.14e-01	3.12e-05	0.00e+00	0.00e+00	0.00e+00	0.00e+00	0.00e+00
 2.08376e+16	5.06e-01	4.94e-01	2.77e-05	0.00e+00	0.00e+00	0.00e+00	0.00e+00	0.00e+00
 2.08408e+16	5.25e-01	4.75e-01	2.45e-05	0.00e+00	0.00e+00	0.00e+00	0.00e+00	0.00e+00
 2.08440e+16	5.46e-01	4.54e-01	2.16e-05	0.00e+00	0.00e+00	0.00e+00	0.00e+00	0.00e+00
 2.08472e+16	5.68e-01	4.32e-01	1.90e-05	0.00e+00	0.00e+00	0.00e+00	0.00e+00	0.00e+00
 2.08503e+16	5.90e-01	4.10e-01	1.67e-05	0.00e+00	0.00e+00	0.00e+00	0.00e+00	0.00e+00
 2.08534e+16	6.12e-01	3.88e-01	1.46e-05	0.00e+00	0.00e+00	0.00e+00	0.00e+00	0.00e+00
 2.08565e+16	6.35e-01	3.65e-01	1.27e-05	0.00e+00	0.00e+00	0.00e+00	0.00e+00	0.00e+00
 2.08597e+16	6.57e-01	3.43e-01	1.11e-05	0.00e+00	0.00e+00	0.00e+00	0.00e+00	0.00e+00
 2.08624e+16	6.77e-01	3.22e-01	9.76e-06	0.00e+00	0.00e+00	0.00e+00	0.00e+00	0.00e+00
 2.08645e+16	6.93e-01	3.07e-01	8.84e-06	0.00e+00	0.00e+00	0.00e+00	0.00e+00	0.00e+00
 2.08665e+16	7.08e-01	2.92e-01	8.03e-06	0.00e+00	0.00e+00	0.00e+00	0.00e+00	0.00e+00
 2.08686e+16	7.22e-01	2.78e-01	7.27e-06	0.00e+00	0.00e+00	0.00e+00	0.00e+00	0.00e+00
 2.08708e+16	7.38e-01	2.62e-01	6.51e-06	0.00e+00	0.00e+00	0.00e+00	0.00e+00	0.00e+00
 2.08729e+16	7.52e-01	2.48e-01	5.89e-06	0.00e+00	0.00e+00	0.00e+00	0.00e+00	0.00e+00
 2.08748e+16	7.65e-01	2.35e-01	5.34e-06	0.00e+00	0.00e+00	0.00e+00	0.00e+00	0.00e+00
 2.08768e+16	7.79e-01	2.21e-01	4.82e-06	0.00e+00	0.00e+00	0.00e+00	0.00e+00	0.00e+00
 2.08786e+16	7.91e-01	2.09e-01	4.37e-06	0.00e+00	0.00e+00	0.00e+00	0.00e+00	0.00e+00
 2.08805e+16	8.03e-01	1.97e-01	3.97e-06	0.00e+00	0.00e+00	0.00e+00	0.00e+00	0.00e+00
 2.08823e+16	8.14e-01	1.86e-01	3.61e-06	0.00e+00	0.00e+00	0.00e+00	0.00e+00	0.00e+00
 2.08840e+16	8.25e-01	1.75e-01	3.28e-06	0.00e+00	0.00e+00	0.00e+00	0.00e+00	0.00e+00
 2.08858e+16	8.35e-01	1.65e-01	2.99e-06	0.00e+00	0.00e+00	0.00e+00	0.00e+00	0.00e+00
