#depth	O	O+	O+2	O+3	O+4	O+5	O+6	O+7	O+8	O[1]	O[2]	O[3]
 1.49634e+10	8.90e-46	7.56e-34	2.47e-23	1.36e-14	7.67e-08	9.11e-04	9.99e-01	0.00e+00	0.00e+00	0.00e+00	0.00e+00	0.00e+00
 4.54887e+10	0.00e+00	1.12e-33	3.38e-23	1.72e-14	8.98e-08	9.86e-04	9.99e-01	1.80e-08	0.00e+00	0.00e+00	0.00e+00	0.00e+00
 7.72350e+10	2.27e-45	1.65e-33	4.62e-23	2.18e-14	1.05e-07	1.07e-03	9.99e-01	0.00e+00	0.00e+00	0.00e+00	0.00e+00	0.00e+00
 1.10251e+11	0.00e+00	2.43e-33	6.32e-23	2.76e-14	1.23e-07	1.15e-03	9.99e-01	0.00e+00	0.00e+00	0.00e+00	0.00e+00	0.00e+00
 1.44588e+11	5.77e-45	3.60e-33	8.64e-23	3.49e-14	1.44e-07	1.25e-03	9.99e-01	0.00e+00	0.00e+00	0.00e+00	0.00e+00	0.00e+00
 1.80298e+11	0.00e+00	5.31e-33	1.18e-22	4.41e-14	1.68e-07	1.35e-03	9.99e-01	0.00e+00	0.00e+00	0.00e+00	0.00e+00	0.00e+00
 2.17437e+11	1.47e-44	7.83e-33	1.61e-22	5.59e-14	1.97e-07	1.46e-03	9.99e-01	0.00e+00	0.00e+00	0.00e+00	0.00e+00	0.00e+00
 2.56061e+11	0.00e+00	1.16e-32	2.20e-22	7.07e-14	2.31e-07	1.59e-03	9.98e-01	0.00e+00	0.00e+00	0.00e+00	0.00e+00	0.00e+00
 2.96231e+11	3.72e-44	1.70e-32	3.01e-22	8.94e-14	2.70e-07	1.72e-03	9.98e-01	0.00e+00	0.00e+00	0.00e+00	0.00e+00	0.00e+00
 3.38007e+11	0.00e+00	2.51e-32	4.11e-22	1.13e-13	3.16e-07	1.86e-03	9.98e-01	0.00e+00	0.00e+00	0.00e+00	0.00e+00	0.00e+00
 3.81454e+11	9.43e-44	3.70e-32	5.62e-22	1.43e-13	3.70e-07	2.01e-03	9.98e-01	0.00e+00	0.00e+00	0.00e+00	0.00e+00	0.00e+00
 4.26639e+11	0.00e+00	5.45e-32	7.67e-22	1.81e-13	4.34e-07	2.18e-03	9.98e-01	0.00e+00	0.00e+00	0.00e+00	0.00e+00	0.00e+00
 4.73631e+11	2.38e-43	8.03e-32	1.05e-21	2.29e-13	5.08e-07	2.36e-03	9.98e-01	0.00e+00	0.00e+00	0.00e+00	0.00e+00	0.00e+00
 5.22503e+11	0.00e+00	1.18e-31	1.43e-21	2.90e-13	5.95e-07	2.56e-03	9.97e-01	0.00e+00	0.00e+00	0.00e+00	0.00e+00	0.00e+00
 5.73330e+11	6.01e-43	1.74e-31	1.95e-21	3.66e-13	6.97e-07	2.77e-03	9.97e-01	0.00e+00	0.00e+00	0.00e+00	0.00e+00	0.00e+00
 6.26190e+11	0.00e+00	2.56e-31	2.66e-21	4.64e-13	8.16e-07	3.00e-03	9.97e-01	0.00e+00	0.00e+00	0.00e+00	0.00e+00	0.00e+00
 6.81164e+11	1.51e-42	3.76e-31	3.63e-21	5.86e-13	9.56e-07	3.25e-03	9.97e-01	0.00e+00	0.00e+00	0.00e+00	0.00e+00	0.00e+00
 7.38337e+11	0.00e+00	5.52e-31	4.95e-21	7.42e-13	1.12e-06	3.52e-03	9.96e-01	0.00e+00	0.00e+00	0.00e+00	0.00e+00	0.00e+00
 7.97798e+11	3.78e-42	8.11e-31	6.74e-21	9.38e-13	1.31e-06	3.82e-03	9.96e-01	0.00e+00	0.00e+00	0.00e+00	0.00e+00	0.00e+00
 8.59636e+11	0.00e+00	1.19e-30	9.19e-21	1.19e-12	1.54e-06	4.14e-03	9.96e-01	0.00e+00	0.00e+00	0.00e+00	0.00e+00	0.00e+00
 9.23949e+11	9.44e-42	1.74e-30	1.25e-20	1.50e-12	1.80e-06	4.49e-03	9.96e-01	0.00e+00	0.00e+00	0.00e+00	0.00e+00	0.00e+00
 9.90833e+11	0.00e+00	2.55e-30	1.70e-20	1.90e-12	2.11e-06	4.87e-03	9.95e-01	0.00e+00	0.00e+00	0.00e+00	0.00e+00	0.00e+00
 1.06039e+12	2.34e-41	3.73e-30	2.32e-20	2.40e-12	2.47e-06	5.28e-03	9.95e-01	0.00e+00	0.00e+00	0.00e+00	0.00e+00	0.00e+00
 1.13274e+12	0.00e+00	5.46e-30	3.15e-20	3.03e-12	2.90e-06	5.73e-03	9.94e-01	0.00e+00	0.00e+00	0.00e+00	0.00e+00	0.00e+00
 1.20797e+12	5.79e-41	7.97e-30	4.29e-20	3.84e-12	3.40e-06	6.22e-03	9.94e-01	0.00e+00	0.00e+00	0.00e+00	0.00e+00	0.00e+00
 1.28622e+12	0.00e+00	1.16e-29	5.82e-20	4.85e-12	3.99e-06	6.75e-03	9.93e-01	0.00e+00	0.00e+00	0.00e+00	0.00e+00	0.00e+00
 1.36759e+12	1.42e-40	1.69e-29	7.91e-20	6.13e-12	4.68e-06	7.33e-03	9.93e-01	0.00e+00	0.00e+00	0.00e+00	0.00e+00	0.00e+00
 1.45222e+12	0.00e+00	2.46e-29	1.07e-19	7.75e-12	5.48e-06	7.96e-03	9.92e-01	0.00e+00	0.00e+00	0.00e+00	0.00e+00	0.00e+00
 1.54024e+12	3.45e-40	3.57e-29	1.45e-19	9.79e-12	6.43e-06	8.64e-03	9.91e-01	0.00e+00	0.00e+00	0.00e+00	0.00e+00	0.00e+00
 1.63178e+12	0.00e+00	5.18e-29	1.97e-19	1.24e-11	7.54e-06	9.39e-03	9.91e-01	0.00e+00	0.00e+00	0.00e+00	0.00e+00	0.00e+00
 1.72697e+12	8.31e-40	7.50e-29	2.67e-19	1.56e-11	8.85e-06	1.02e-02	9.90e-01	0.00e+00	0.00e+00	0.00e+00	0.00e+00	0.00e+00
 1.82598e+12	0.00e+00	1.08e-28	3.60e-19	1.97e-11	1.04e-05	1.11e-02	9.89e-01	0.00e+00	0.00e+00	0.00e+00	0.00e+00	0.00e+00
 1.92895e+12	1.98e-39	1.56e-28	4.87e-19	2.49e-11	1.22e-05	1.21e-02	9.88e-01	0.00e+00	0.00e+00	0.00e+00	0.00e+00	0.00e+00
 2.03603e+12	0.00e+00	2.24e-28	6.57e-19	3.15e-11	1.43e-05	1.31e-02	9.87e-01	0.00e+00	0.00e+00	0.00e+00	0.00e+00	0.00e+00
 2.14740e+12	4.65e-39	3.22e-28	8.84e-19	3.97e-11	1.68e-05	1.43e-02	9.86e-01	0.00e+00	0.00e+00	0.00e+00	0.00e+00	0.00e+00
 2.26322e+12	0.00e+00	4.60e-28	1.19e-18	5.01e-11	1.97e-05	1.56e-02	9.84e-01	0.00e+00	0.00e+00	0.00e+00	0.00e+00	0.00e+00
 2.38368e+12	1.08e-38	6.57e-28	1.60e-18	6.32e-11	2.31e-05	1.70e-02	9.83e-01	0.00e+00	0.00e+00	0.00e+00	0.00e+00	0.00e+00
 2.50895e+12	0.00e+00	9.33e-28	2.14e-18	7.97e-11	2.71e-05	1.85e-02	9.81e-01	0.00e+00	0.00e+00	0.00e+00	0.00e+00	0.00e+00
 2.63924e+12	2.44e-38	1.32e-27	2.87e-18	1.00e-10	3.18e-05	2.02e-02	9.80e-01	0.00e+00	0.00e+00	0.00e+00	0.00e+00	0.00e+00
 2.77473e+12	0.00e+00	1.86e-27	3.83e-18	1.27e-10	3.74e-05	2.20e-02	9.78e-01	0.00e+00	0.00e+00	0.00e+00	0.00e+00	0.00e+00
 2.91565e+12	5.40e-38	2.62e-27	5.11e-18	1.59e-10	4.38e-05	2.41e-02	9.76e-01	0.00e+00	0.00e+00	0.00e+00	0.00e+00	0.00e+00
 3.06220e+12	0.00e+00	3.66e-27	6.80e-18	2.01e-10	5.14e-05	2.63e-02	9.74e-01	0.00e+00	0.00e+00	0.00e+00	0.00e+00	0.00e+00
 3.21461e+12	1.17e-37	5.10e-27	9.03e-18	2.52e-10	6.03e-05	2.87e-02	9.71e-01	0.00e+00	0.00e+00	0.00e+00	0.00e+00	0.00e+00
 3.37313e+12	0.00e+00	7.07e-27	1.20e-17	3.17e-10	7.07e-05	3.14e-02	9.69e-01	0.00e+00	0.00e+00	0.00e+00	0.00e+00	0.00e+00
 3.53798e+12	2.44e-37	9.74e-27	1.58e-17	3.98e-10	8.28e-05	3.44e-02	9.66e-01	0.00e+00	0.00e+00	0.00e+00	0.00e+00	0.00e+00
 3.70942e+12	0.00e+00	1.34e-26	2.08e-17	5.00e-10	9.70e-05	3.76e-02	9.62e-01	0.00e+00	0.00e+00	0.00e+00	0.00e+00	0.00e+00
 3.88773e+12	4.96e-37	1.82e-26	2.74e-17	6.27e-10	1.14e-04	4.12e-02	9.59e-01	0.00e+00	0.00e+00	0.00e+00	0.00e+00	0.00e+00
 4.07316e+12	0.00e+00	2.47e-26	3.59e-17	7.87e-10	1.33e-04	4.52e-02	9.55e-01	0.00e+00	0.00e+00	0.00e+00	0.00e+00	0.00e+00
 4.26602e+12	9.72e-37	3.34e-26	4.70e-17	9.86e-10	1.55e-04	4.95e-02	9.50e-01	0.00e+00	0.00e+00	0.00e+00	0.00e+00	0.00e+00
 4.46658e+12	0.00e+00	4.50e-26	6.14e-17	1.23e-09	1.81e-04	5.43e-02	9.46e-01	0.00e+00	0.00e+00	0.00e+00	0.00e+00	0.00e+00
 4.67517e+12	1.85e-36	6.04e-26	8.01e-17	1.55e-09	2.11e-04	5.95e-02	9.40e-01	0.00e+00	0.00e+00	0.00e+00	0.00e+00	0.00e+00
 4.89211e+12	0.00e+00	8.09e-26	1.05e-16	1.93e-09	2.46e-04	6.52e-02	9.35e-01	0.00e+00	0.00e+00	0.00e+00	0.00e+00	0.00e+00
 5.11772e+12	3.45e-36	1.08e-25	1.36e-16	2.42e-09	2.85e-04	7.14e-02	9.28e-01	0.00e+00	0.00e+00	0.00e+00	0.00e+00	0.00e+00
 5.35235e+12	0.00e+00	1.44e-25	1.78e-16	3.03e-09	3.31e-04	7.83e-02	9.21e-01	0.00e+00	0.00e+00	0.00e+00	0.00e+00	0.00e+00
 5.59638e+12	6.35e-36	1.93e-25	2.32e-16	3.78e-09	3.84e-04	8.57e-02	9.14e-01	0.00e+00	0.00e+00	0.00e+00	0.00e+00	0.00e+00
 5.85016e+12	0.00e+00	2.58e-25	3.03e-16	4.73e-09	4.45e-04	9.37e-02	9.06e-01	0.00e+00	0.00e+00	0.00e+00	0.00e+00	0.00e+00
 6.11409e+12	1.17e-35	3.47e-25	3.97e-16	5.91e-09	5.15e-04	1.02e-01	8.97e-01	0.00e+00	0.00e+00	0.00e+00	0.00e+00	0.00e+00
 6.38858e+12	0.00e+00	4.68e-25	5.21e-16	7.39e-09	5.94e-04	1.12e-01	8.88e-01	0.00e+00	0.00e+00	0.00e+00	0.00e+00	0.00e+00
 6.67405e+12	2.17e-35	6.34e-25	6.85e-16	9.23e-09	6.86e-04	1.22e-01	8.77e-01	0.00e+00	0.00e+00	0.00e+00	0.00e+00	0.00e+00
 6.97094e+12	0.00e+00	8.64e-25	9.04e-16	1.15e-08	7.90e-04	1.33e-01	8.66e-01	0.00e+00	0.00e+00	0.00e+00	0.00e+00	0.00e+00
 7.27970e+12	4.11e-35	1.18e-24	1.20e-15	1.44e-08	9.10e-04	1.44e-01	8.55e-01	0.00e+00	0.00e+00	0.00e+00	0.00e+00	0.00e+00
 7.60082e+12	5.73e-35	1.63e-24	1.59e-15	1.80e-08	1.05e-03	1.57e-01	8.42e-01	0.00e+00	0.00e+00	0.00e+00	0.00e+00	0.00e+00
 7.93478e+12	8.03e-35	2.27e-24	2.11e-15	2.24e-08	1.20e-03	1.70e-01	8.29e-01	0.00e+00	0.00e+00	0.00e+00	0.00e+00	0.00e+00
 8.28210e+12	1.14e-34	3.16e-24	2.81e-15	2.80e-08	1.38e-03	1.84e-01	8.15e-01	0.00e+00	0.00e+00	0.00e+00	0.00e+00	0.00e+00
 8.64331e+12	1.62e-34	4.44e-24	3.75e-15	3.49e-08	1.58e-03	1.98e-01	8.00e-01	0.00e+00	0.00e+00	0.00e+00	0.00e+00	0.00e+00
 9.01897e+12	2.32e-34	6.26e-24	5.02e-15	4.34e-08	1.81e-03	2.14e-01	7.84e-01	0.00e+00	0.00e+00	0.00e+00	0.00e+00	0.00e+00
 9.40965e+12	3.35e-34	8.87e-24	6.71e-15	5.41e-08	2.07e-03	2.30e-01	7.68e-01	0.00e+00	0.00e+00	0.00e+00	0.00e+00	0.00e+00
 9.81596e+12	4.88e-34	1.26e-23	9.00e-15	6.72e-08	2.37e-03	2.47e-01	7.51e-01	0.00e+00	0.00e+00	0.00e+00	0.00e+00	0.00e+00
 1.02385e+13	7.15e-34	1.80e-23	1.21e-14	8.35e-08	2.70e-03	2.64e-01	7.33e-01	0.00e+00	0.00e+00	0.00e+00	0.00e+00	0.00e+00
 1.06780e+13	1.05e-33	2.58e-23	1.62e-14	1.04e-07	3.08e-03	2.83e-01	7.14e-01	0.00e+00	0.00e+00	0.00e+00	0.00e+00	0.00e+00
 1.11350e+13	1.56e-33	3.69e-23	2.17e-14	1.28e-07	3.51e-03	3.01e-01	6.95e-01	0.00e+00	0.00e+00	0.00e+00	0.00e+00	0.00e+00
 1.16104e+13	2.32e-33	5.31e-23	2.91e-14	1.59e-07	3.99e-03	3.20e-01	6.76e-01	0.00e+00	0.00e+00	0.00e+00	0.00e+00	0.00e+00
 1.21047e+13	3.46e-33	7.63e-23	3.89e-14	1.96e-07	4.54e-03	3.40e-01	6.55e-01	0.00e+00	0.00e+00	0.00e+00	0.00e+00	0.00e+00
 1.26188e+13	5.18e-33	1.10e-22	5.21e-14	2.42e-07	5.15e-03	3.60e-01	6.35e-01	0.00e+00	0.00e+00	0.00e+00	0.00e+00	0.00e+00
 1.31535e+13	7.79e-33	1.58e-22	6.96e-14	2.99e-07	5.83e-03	3.81e-01	6.13e-01	0.00e+00	0.00e+00	0.00e+00	0.00e+00	0.00e+00
 1.37096e+13	1.17e-32	2.27e-22	9.28e-14	3.67e-07	6.59e-03	4.01e-01	5.92e-01	0.00e+00	0.00e+00	0.00e+00	0.00e+00	0.00e+00
 1.42879e+13	1.77e-32	3.26e-22	1.24e-13	4.51e-07	7.44e-03	4.22e-01	5.70e-01	0.00e+00	0.00e+00	0.00e+00	0.00e+00	0.00e+00
 1.48893e+13	2.68e-32	4.69e-22	1.65e-13	5.52e-07	8.39e-03	4.43e-01	5.48e-01	0.00e+00	0.00e+00	0.00e+00	0.00e+00	0.00e+00
 1.55148e+13	4.05e-32	6.73e-22	2.19e-13	6.75e-07	9.44e-03	4.64e-01	5.26e-01	0.00e+00	0.00e+00	0.00e+00	0.00e+00	0.00e+00
 1.61653e+13	6.13e-32	9.64e-22	2.90e-13	8.25e-07	1.06e-02	4.85e-01	5.04e-01	0.00e+00	0.00e+00	0.00e+00	0.00e+00	0.00e+00
 1.68419e+13	9.28e-32	1.38e-21	3.84e-13	1.00e-06	1.19e-02	5.06e-01	4.82e-01	0.00e+00	0.00e+00	0.00e+00	0.00e+00	0.00e+00
 1.75455e+13	1.41e-31	1.97e-21	5.07e-13	1.22e-06	1.33e-02	5.26e-01	4.60e-01	0.00e+00	0.00e+00	0.00e+00	0.00e+00	0.00e+00
 1.82772e+13	2.13e-31	2.82e-21	6.68e-13	1.48e-06	1.49e-02	5.46e-01	4.39e-01	0.00e+00	0.00e+00	0.00e+00	0.00e+00	0.00e+00
 1.90383e+13	3.23e-31	4.01e-21	8.79e-13	1.80e-06	1.66e-02	5.66e-01	4.17e-01	0.00e+00	0.00e+00	0.00e+00	0.00e+00	0.00e+00
 1.98297e+13	4.89e-31	5.71e-21	1.16e-12	2.17e-06	1.85e-02	5.85e-01	3.96e-01	0.00e+00	0.00e+00	0.00e+00	0.00e+00	0.00e+00
 2.06528e+13	7.40e-31	8.10e-21	1.51e-12	2.62e-06	2.05e-02	6.04e-01	3.76e-01	0.00e+00	0.00e+00	0.00e+00	0.00e+00	0.00e+00
 2.15089e+13	1.12e-30	1.15e-20	1.98e-12	3.16e-06	2.28e-02	6.22e-01	3.55e-01	0.00e+00	0.00e+00	0.00e+00	0.00e+00	0.00e+00
 2.23991e+13	1.69e-30	1.63e-20	2.59e-12	3.80e-06	2.53e-02	6.39e-01	3.36e-01	0.00e+00	0.00e+00	0.00e+00	0.00e+00	0.00e+00
 2.33250e+13	2.55e-30	2.30e-20	3.37e-12	4.57e-06	2.79e-02	6.56e-01	3.16e-01	0.00e+00	0.00e+00	0.00e+00	0.00e+00	0.00e+00
 2.42880e+13	3.85e-30	3.24e-20	4.39e-12	5.47e-06	3.09e-02	6.71e-01	2.98e-01	0.00e+00	0.00e+00	0.00e+00	0.00e+00	0.00e+00
 2.52894e+13	5.81e-30	4.56e-20	5.71e-12	6.55e-06	3.40e-02	6.86e-01	2.80e-01	0.00e+00	0.00e+00	0.00e+00	0.00e+00	0.00e+00
 2.63309e+13	8.75e-30	6.41e-20	7.40e-12	7.82e-06	3.74e-02	7.00e-01	2.63e-01	0.00e+00	0.00e+00	0.00e+00	0.00e+00	0.00e+00
 2.74141e+13	1.32e-29	9.00e-20	9.58e-12	9.32e-06	4.11e-02	7.13e-01	2.46e-01	0.00e+00	0.00e+00	0.00e+00	0.00e+00	0.00e+00
 2.85406e+13	1.98e-29	1.26e-19	1.24e-11	1.11e-05	4.51e-02	7.25e-01	2.30e-01	0.00e+00	0.00e+00	0.00e+00	0.00e+00	0.00e+00
 2.97121e+13	2.97e-29	1.76e-19	1.60e-11	1.32e-05	4.94e-02	7.36e-01	2.15e-01	0.00e+00	0.00e+00	0.00e+00	0.00e+00	0.00e+00
 3.09305e+13	4.45e-29	2.46e-19	2.06e-11	1.57e-05	5.41e-02	7.46e-01	2.00e-01	0.00e+00	0.00e+00	0.00e+00	0.00e+00	0.00e+00
 3.21977e+13	6.67e-29	3.44e-19	2.65e-11	1.86e-05	5.91e-02	7.55e-01	1.86e-01	0.00e+00	0.00e+00	0.00e+00	0.00e+00	0.00e+00
 3.35155e+13	9.99e-29	4.79e-19	3.40e-11	2.20e-05	6.44e-02	7.62e-01	1.73e-01	0.00e+00	0.00e+00	0.00e+00	0.00e+00	0.00e+00
 3.48861e+13	1.49e-28	6.66e-19	4.36e-11	2.59e-05	7.02e-02	7.69e-01	1.61e-01	0.00e+00	0.00e+00	0.00e+00	0.00e+00	0.00e+00
 3.63114e+13	2.23e-28	9.24e-19	5.59e-11	3.06e-05	7.63e-02	7.75e-01	1.49e-01	0.00e+00	0.00e+00	0.00e+00	0.00e+00	0.00e+00
 3.77938e+13	3.33e-28	1.28e-18	7.15e-11	3.61e-05	8.29e-02	7.79e-01	1.38e-01	0.00e+00	0.00e+00	0.00e+00	0.00e+00	0.00e+00
 3.93355e+13	4.96e-28	1.78e-18	9.13e-11	4.24e-05	8.99e-02	7.83e-01	1.28e-01	0.00e+00	0.00e+00	0.00e+00	0.00e+00	0.00e+00
 4.09388e+13	7.39e-28	2.46e-18	1.16e-10	4.99e-05	9.74e-02	7.85e-01	1.18e-01	0.00e+00	0.00e+00	0.00e+00	0.00e+00	0.00e+00
 4.26063e+13	1.10e-27	3.39e-18	1.48e-10	5.85e-05	1.05e-01	7.86e-01	1.09e-01	0.00e+00	0.00e+00	0.00e+00	0.00e+00	0.00e+00
 4.43405e+13	1.63e-27	4.68e-18	1.89e-10	6.86e-05	1.14e-01	7.86e-01	9.99e-02	0.00e+00	0.00e+00	0.00e+00	0.00e+00	0.00e+00
 4.61441e+13	2.42e-27	6.44e-18	2.39e-10	8.03e-05	1.23e-01	7.85e-01	9.19e-02	0.00e+00	0.00e+00	0.00e+00	0.00e+00	0.00e+00
 4.80197e+13	3.59e-27	8.86e-18	3.04e-10	9.38e-05	1.32e-01	7.83e-01	8.44e-02	0.00e+00	0.00e+00	0.00e+00	0.00e+00	0.00e+00
 4.99705e+13	5.32e-27	1.22e-17	3.84e-10	1.09e-04	1.43e-01	7.80e-01	7.74e-02	0.00e+00	0.00e+00	0.00e+00	0.00e+00	0.00e+00
 5.19992e+13	7.86e-27	1.67e-17	4.86e-10	1.28e-04	1.53e-01	7.76e-01	7.09e-02	0.00e+00	0.00e+00	0.00e+00	0.00e+00	0.00e+00
 5.41091e+13	1.16e-26	2.28e-17	6.14e-10	1.48e-04	1.64e-01	7.70e-01	6.49e-02	0.00e+00	0.00e+00	0.00e+00	0.00e+00	0.00e+00
 5.63034e+13	1.71e-26	3.12e-17	7.73e-10	1.73e-04	1.76e-01	7.64e-01	5.93e-02	0.00e+00	0.00e+00	0.00e+00	0.00e+00	0.00e+00
 5.85854e+13	2.52e-26	4.25e-17	9.73e-10	2.00e-04	1.89e-01	7.57e-01	5.41e-02	0.00e+00	0.00e+00	0.00e+00	0.00e+00	0.00e+00
 6.09588e+13	3.71e-26	5.79e-17	1.22e-09	2.32e-04	2.02e-01	7.49e-01	4.93e-02	0.00e+00	0.00e+00	0.00e+00	0.00e+00	0.00e+00
 6.34271e+13	5.45e-26	7.87e-17	1.53e-09	2.69e-04	2.16e-01	7.39e-01	4.49e-02	0.00e+00	0.00e+00	0.00e+00	0.00e+00	0.00e+00
 6.59941e+13	7.98e-26	1.07e-16	1.92e-09	3.10e-04	2.30e-01	7.29e-01	4.08e-02	0.00e+00	0.00e+00	0.00e+00	0.00e+00	0.00e+00
 6.86638e+13	1.17e-25	1.45e-16	2.40e-09	3.58e-04	2.45e-01	7.18e-01	3.70e-02	0.00e+00	0.00e+00	0.00e+00	0.00e+00	0.00e+00
 7.14402e+13	1.71e-25	1.96e-16	3.00e-09	4.12e-04	2.60e-01	7.06e-01	3.36e-02	0.00e+00	0.00e+00	0.00e+00	0.00e+00	0.00e+00
 7.43278e+13	2.49e-25	2.65e-16	3.74e-09	4.74e-04	2.76e-01	6.93e-01	3.04e-02	0.00e+00	0.00e+00	0.00e+00	0.00e+00	0.00e+00
 7.73308e+13	3.63e-25	3.57e-16	4.66e-09	5.44e-04	2.93e-01	6.79e-01	2.75e-02	0.00e+00	0.00e+00	0.00e+00	0.00e+00	0.00e+00
 8.04540e+13	5.29e-25	4.81e-16	5.79e-09	6.24e-04	3.10e-01	6.65e-01	2.48e-02	0.00e+00	0.00e+00	0.00e+00	0.00e+00	0.00e+00
 8.37021e+13	7.68e-25	6.46e-16	7.18e-09	7.15e-04	3.27e-01	6.50e-01	2.23e-02	0.00e+00	0.00e+00	0.00e+00	0.00e+00	0.00e+00
 8.70801e+13	1.11e-24	8.67e-16	8.89e-09	8.17e-04	3.45e-01	6.34e-01	2.01e-02	0.00e+00	0.00e+00	0.00e+00	0.00e+00	0.00e+00
 9.05932e+13	1.61e-24	1.16e-15	1.10e-08	9.32e-04	3.64e-01	6.17e-01	1.81e-02	0.00e+00	0.00e+00	0.00e+00	0.00e+00	0.00e+00
 9.42469e+13	2.33e-24	1.55e-15	1.36e-08	1.06e-03	3.82e-01	6.00e-01	1.62e-02	0.00e+00	0.00e+00	0.00e+00	0.00e+00	0.00e+00
 9.80467e+13	3.36e-24	2.07e-15	1.67e-08	1.21e-03	4.02e-01	5.83e-01	1.45e-02	0.00e+00	0.00e+00	0.00e+00	0.00e+00	0.00e+00
 1.01998e+14	4.85e-24	2.76e-15	2.06e-08	1.37e-03	4.21e-01	5.65e-01	1.30e-02	0.00e+00	0.00e+00	0.00e+00	0.00e+00	0.00e+00
 1.06108e+14	6.97e-24	3.67e-15	2.52e-08	1.55e-03	4.40e-01	5.46e-01	1.16e-02	0.00e+00	0.00e+00	0.00e+00	0.00e+00	0.00e+00
 1.10383e+14	1.00e-23	4.88e-15	3.09e-08	1.76e-03	4.60e-01	5.28e-01	1.03e-02	0.00e+00	0.00e+00	0.00e+00	0.00e+00	0.00e+00
 1.14828e+14	1.43e-23	6.47e-15	3.79e-08	1.98e-03	4.80e-01	5.09e-01	9.17e-03	0.00e+00	0.00e+00	0.00e+00	0.00e+00	0.00e+00
 1.19451e+14	2.05e-23	8.57e-15	4.63e-08	2.24e-03	5.00e-01	4.90e-01	8.14e-03	0.00e+00	0.00e+00	0.00e+00	0.00e+00	0.00e+00
 1.24259e+14	2.93e-23	1.13e-14	5.64e-08	2.52e-03	5.19e-01	4.71e-01	7.22e-03	0.00e+00	0.00e+00	0.00e+00	0.00e+00	0.00e+00
 1.29259e+14	4.19e-23	1.49e-14	6.87e-08	2.83e-03	5.39e-01	4.52e-01	6.38e-03	0.00e+00	0.00e+00	0.00e+00	0.00e+00	0.00e+00
 1.34459e+14	5.96e-23	1.97e-14	8.35e-08	3.18e-03	5.58e-01	4.33e-01	5.64e-03	0.00e+00	0.00e+00	0.00e+00	0.00e+00	0.00e+00
 1.39868e+14	8.48e-23	2.59e-14	1.01e-07	3.56e-03	5.77e-01	4.14e-01	4.98e-03	0.00e+00	0.00e+00	0.00e+00	0.00e+00	0.00e+00
 1.45492e+14	1.20e-22	3.39e-14	1.23e-07	3.98e-03	5.96e-01	3.95e-01	4.38e-03	0.00e+00	0.00e+00	0.00e+00	0.00e+00	0.00e+00
 1.51342e+14	1.71e-22	4.46e-14	1.49e-07	4.45e-03	6.15e-01	3.77e-01	3.85e-03	0.00e+00	0.00e+00	0.00e+00	0.00e+00	0.00e+00
 1.57426e+14	2.42e-22	5.82e-14	1.80e-07	4.96e-03	6.33e-01	3.59e-01	3.38e-03	0.00e+00	0.00e+00	0.00e+00	0.00e+00	0.00e+00
 1.63752e+14	3.42e-22	7.61e-14	2.17e-07	5.52e-03	6.51e-01	3.41e-01	2.96e-03	0.00e+00	0.00e+00	0.00e+00	0.00e+00	0.00e+00
 1.70333e+14	4.82e-22	9.93e-14	2.61e-07	6.14e-03	6.68e-01	3.23e-01	2.59e-03	0.00e+00	0.00e+00	0.00e+00	0.00e+00	0.00e+00
 1.77176e+14	6.80e-22	1.30e-13	3.14e-07	6.82e-03	6.85e-01	3.06e-01	2.27e-03	0.00e+00	0.00e+00	0.00e+00	0.00e+00	0.00e+00
 1.84293e+14	9.55e-22	1.68e-13	3.77e-07	7.55e-03	7.01e-01	2.90e-01	1.98e-03	0.00e+00	0.00e+00	0.00e+00	0.00e+00	0.00e+00
 1.91694e+14	1.34e-21	2.19e-13	4.52e-07	8.36e-03	7.16e-01	2.74e-01	1.72e-03	0.00e+00	0.00e+00	0.00e+00	0.00e+00	0.00e+00
 1.99392e+14	1.89e-21	2.84e-13	5.41e-07	9.24e-03	7.31e-01	2.58e-01	1.50e-03	0.00e+00	0.00e+00	0.00e+00	0.00e+00	0.00e+00
 2.07398e+14	2.65e-21	3.68e-13	6.47e-07	1.02e-02	7.45e-01	2.43e-01	1.30e-03	0.00e+00	0.00e+00	0.00e+00	0.00e+00	0.00e+00
 2.15723e+14	3.69e-21	4.75e-13	7.72e-07	1.12e-02	7.58e-01	2.29e-01	1.13e-03	0.00e+00	0.00e+00	0.00e+00	0.00e+00	0.00e+00
 2.24382e+14	5.17e-21	6.14e-13	9.22e-07	1.24e-02	7.71e-01	2.15e-01	9.81e-04	0.00e+00	0.00e+00	0.00e+00	0.00e+00	0.00e+00
 2.33388e+14	7.21e-21	7.92e-13	1.10e-06	1.36e-02	7.83e-01	2.02e-01	8.49e-04	0.00e+00	0.00e+00	0.00e+00	0.00e+00	0.00e+00
 2.42753e+14	1.01e-20	1.02e-12	1.31e-06	1.50e-02	7.95e-01	1.90e-01	7.34e-04	0.00e+00	0.00e+00	0.00e+00	0.00e+00	0.00e+00
 2.52493e+14	1.40e-20	1.31e-12	1.55e-06	1.64e-02	8.05e-01	1.78e-01	6.35e-04	0.00e+00	0.00e+00	0.00e+00	0.00e+00	0.00e+00
 2.62623e+14	1.95e-20	1.69e-12	1.84e-06	1.80e-02	8.15e-01	1.66e-01	5.47e-04	0.00e+00	0.00e+00	0.00e+00	0.00e+00	0.00e+00
 2.73158e+14	2.70e-20	2.17e-12	2.18e-06	1.97e-02	8.25e-01	1.55e-01	4.72e-04	0.00e+00	0.00e+00	0.00e+00	0.00e+00	0.00e+00
 2.84114e+14	3.75e-20	2.78e-12	2.59e-06	2.15e-02	8.33e-01	1.45e-01	4.07e-04	0.00e+00	0.00e+00	0.00e+00	0.00e+00	0.00e+00
 2.95508e+14	5.20e-20	3.56e-12	3.06e-06	2.35e-02	8.41e-01	1.35e-01	3.50e-04	0.00e+00	0.00e+00	0.00e+00	0.00e+00	0.00e+00
 3.07358e+14	7.20e-20	4.56e-12	3.62e-06	2.57e-02	8.48e-01	1.26e-01	3.01e-04	0.00e+00	0.00e+00	0.00e+00	0.00e+00	0.00e+00
 3.19683e+14	9.95e-20	5.82e-12	4.27e-06	2.80e-02	8.54e-01	1.17e-01	2.59e-04	0.00e+00	0.00e+00	0.00e+00	0.00e+00	0.00e+00
 3.32500e+14	1.38e-19	7.44e-12	5.04e-06	3.05e-02	8.60e-01	1.09e-01	2.22e-04	0.00e+00	0.00e+00	0.00e+00	0.00e+00	0.00e+00
 3.45830e+14	1.90e-19	9.48e-12	5.93e-06	3.32e-02	8.65e-01	1.01e-01	1.90e-04	0.00e+00	0.00e+00	0.00e+00	0.00e+00	0.00e+00
 3.59693e+14	2.62e-19	1.21e-11	6.99e-06	3.62e-02	8.70e-01	9.42e-02	1.63e-04	0.00e+00	0.00e+00	0.00e+00	0.00e+00	0.00e+00
 3.74111e+14	3.60e-19	1.54e-11	8.22e-06	3.93e-02	8.73e-01	8.74e-02	1.40e-04	0.00e+00	0.00e+00	0.00e+00	0.00e+00	0.00e+00
 3.89105e+14	4.96e-19	1.96e-11	9.66e-06	4.27e-02	8.76e-01	8.10e-02	1.19e-04	0.00e+00	0.00e+00	0.00e+00	0.00e+00	0.00e+00
 4.04699e+14	6.81e-19	2.48e-11	1.13e-05	4.63e-02	8.79e-01	7.50e-02	1.02e-04	0.00e+00	0.00e+00	0.00e+00	0.00e+00	0.00e+00
 4.20917e+14	9.37e-19	3.16e-11	1.33e-05	5.02e-02	8.80e-01	6.94e-02	8.73e-05	0.00e+00	0.00e+00	0.00e+00	0.00e+00	0.00e+00
 4.37784e+14	1.28e-18	4.00e-11	1.56e-05	5.44e-02	8.81e-01	6.42e-02	7.45e-05	0.00e+00	0.00e+00	0.00e+00	0.00e+00	0.00e+00
 4.55325e+14	1.76e-18	5.08e-11	1.83e-05	5.89e-02	8.82e-01	5.93e-02	6.35e-05	0.00e+00	0.00e+00	0.00e+00	0.00e+00	0.00e+00
 4.73568e+14	2.41e-18	6.43e-11	2.14e-05	6.37e-02	8.81e-01	5.48e-02	5.42e-05	0.00e+00	0.00e+00	0.00e+00	0.00e+00	0.00e+00
 4.92541e+14	3.31e-18	8.14e-11	2.51e-05	6.89e-02	8.80e-01	5.05e-02	4.61e-05	0.00e+00	0.00e+00	0.00e+00	0.00e+00	0.00e+00
 5.12272e+14	4.52e-18	1.03e-10	2.93e-05	7.44e-02	8.79e-01	4.66e-02	3.92e-05	0.00e+00	0.00e+00	0.00e+00	0.00e+00	0.00e+00
 5.32793e+14	6.19e-18	1.30e-10	3.42e-05	8.04e-02	8.77e-01	4.29e-02	3.33e-05	0.00e+00	0.00e+00	0.00e+00	0.00e+00	0.00e+00
 5.54135e+14	8.43e-18	1.64e-10	3.99e-05	8.67e-02	8.74e-01	3.95e-02	2.83e-05	0.00e+00	0.00e+00	0.00e+00	0.00e+00	0.00e+00
 5.76330e+14	1.15e-17	2.07e-10	4.65e-05	9.34e-02	8.70e-01	3.63e-02	2.40e-05	0.00e+00	0.00e+00	0.00e+00	0.00e+00	0.00e+00
 5.99413e+14	1.57e-17	2.61e-10	5.42e-05	1.01e-01	8.66e-01	3.33e-02	2.04e-05	0.00e+00	0.00e+00	0.00e+00	0.00e+00	0.00e+00
 6.22769e+14	2.12e-17	3.26e-10	6.28e-05	1.08e-01	8.61e-01	3.07e-02	1.73e-05	0.00e+00	0.00e+00	0.00e+00	0.00e+00	0.00e+00
 6.47060e+14	2.88e-17	4.08e-10	7.28e-05	1.16e-01	8.56e-01	2.82e-02	1.47e-05	0.00e+00	0.00e+00	1.62e-17	8.93e-18	3.68e-18
 6.72972e+14	3.89e-17	5.12e-10	8.46e-05	1.25e-01	8.50e-01	2.58e-02	1.25e-05	0.00e+00	0.00e+00	2.17e-17	1.29e-17	4.32e-18
 6.99921e+14	5.28e-17	6.43e-10	9.82e-05	1.34e-01	8.43e-01	2.36e-02	1.05e-05	0.00e+00	0.00e+00	2.94e-17	1.75e-17	5.87e-18
 7.27948e+14	7.17e-17	8.07e-10	1.14e-04	1.43e-01	8.35e-01	2.16e-02	8.89e-06	0.00e+00	0.00e+00	4.00e-17	2.37e-17	7.98e-18
 7.57096e+14	9.72e-17	1.01e-09	1.32e-04	1.54e-01	8.26e-01	1.97e-02	7.49e-06	0.00e+00	0.00e+00	5.42e-17	3.22e-17	1.08e-17
 7.87409e+14	1.32e-16	1.27e-09	1.53e-04	1.64e-01	8.17e-01	1.80e-02	6.30e-06	0.00e+00	0.00e+00	7.34e-17	4.36e-17	1.47e-17
 8.18936e+14	1.78e-16	1.58e-09	1.77e-04	1.76e-01	8.07e-01	1.64e-02	5.30e-06	0.00e+00	0.00e+00	9.94e-17	5.89e-17	1.98e-17
 8.51723e+14	2.41e-16	1.98e-09	2.05e-04	1.88e-01	7.97e-01	1.49e-02	4.45e-06	0.00e+00	0.00e+00	1.34e-16	7.96e-17	2.69e-17
 8.85822e+14	3.26e-16	2.47e-09	2.36e-04	2.01e-01	7.86e-01	1.36e-02	3.73e-06	0.00e+00	0.00e+00	1.82e-16	1.07e-16	3.63e-17
 9.21285e+14	4.40e-16	3.09e-09	2.73e-04	2.14e-01	7.73e-01	1.23e-02	3.12e-06	0.00e+00	0.00e+00	2.45e-16	1.45e-16	4.90e-17
 9.58166e+14	5.93e-16	3.85e-09	3.14e-04	2.28e-01	7.61e-01	1.12e-02	2.61e-06	0.00e+00	0.00e+00	3.31e-16	1.95e-16	6.60e-17
 9.96523e+14	7.98e-16	4.79e-09	3.62e-04	2.42e-01	7.47e-01	1.01e-02	2.18e-06	0.00e+00	0.00e+00	4.46e-16	2.63e-16	8.90e-17
 1.03641e+15	1.07e-15	5.95e-09	4.16e-04	2.58e-01	7.33e-01	9.13e-03	1.82e-06	0.00e+00	0.00e+00	5.99e-16	3.53e-16	1.20e-16
 1.07790e+15	1.44e-15	7.39e-09	4.77e-04	2.73e-01	7.18e-01	8.24e-03	1.51e-06	0.00e+00	0.00e+00	8.06e-16	4.74e-16	1.61e-16
 1.12105e+15	1.94e-15	9.16e-09	5.48e-04	2.90e-01	7.02e-01	7.43e-03	1.25e-06	0.00e+00	0.00e+00	1.08e-15	6.35e-16	2.16e-16
 1.16592e+15	2.59e-15	1.14e-08	6.27e-04	3.07e-01	6.86e-01	6.68e-03	1.04e-06	0.00e+00	0.00e+00	1.45e-15	8.50e-16	2.90e-16
 1.21258e+15	3.47e-15	1.40e-08	7.18e-04	3.24e-01	6.69e-01	6.00e-03	8.60e-07	0.00e+00	0.00e+00	1.94e-15	1.14e-15	3.88e-16
 1.25770e+15	4.55e-15	1.71e-08	8.13e-04	3.41e-01	6.53e-01	5.42e-03	0.00e+00	0.00e+00	0.00e+00	2.55e-15	1.49e-15	5.08e-16
 1.29967e+15	5.79e-15	2.04e-08	9.07e-04	3.56e-01	6.38e-01	4.94e-03	0.00e+00	0.00e+00	0.00e+00	3.25e-15	1.89e-15	6.47e-16
 1.34674e+15	7.53e-15	2.47e-08	1.02e-03	3.74e-01	6.21e-01	4.46e-03	0.00e+00	0.00e+00	0.00e+00	4.22e-15	2.45e-15	8.41e-16
 1.39948e+15	9.97e-15	3.02e-08	1.16e-03	3.92e-01	6.02e-01	3.99e-03	0.00e+00	0.00e+00	0.00e+00	5.59e-15	3.24e-15	1.11e-15
 1.44999e+15	1.29e-14	3.64e-08	1.30e-03	4.10e-01	5.85e-01	3.59e-03	0.00e+00	0.00e+00	0.00e+00	7.25e-15	4.19e-15	1.44e-15
 1.50368e+15	1.68e-14	4.40e-08	1.47e-03	4.29e-01	5.67e-01	3.22e-03	0.00e+00	0.00e+00	0.00e+00	9.44e-15	5.44e-15	1.88e-15
 1.56207e+15	2.21e-14	5.37e-08	1.66e-03	4.48e-01	5.47e-01	2.86e-03	0.00e+00	0.00e+00	0.00e+00	1.24e-14	7.15e-15	2.47e-15
 1.61776e+15	2.85e-14	6.44e-08	1.85e-03	4.66e-01	5.29e-01	2.57e-03	0.00e+00	0.00e+00	0.00e+00	1.60e-14	9.18e-15	3.18e-15
 1.67747e+15	3.69e-14	7.75e-08	2.08e-03	4.85e-01	5.10e-01	2.29e-03	0.00e+00	0.00e+00	0.00e+00	2.08e-14	1.19e-14	4.12e-15
 1.74272e+15	4.84e-14	9.41e-08	2.34e-03	5.05e-01	4.90e-01	2.02e-03	0.00e+00	0.00e+00	0.00e+00	2.73e-14	1.55e-14	5.41e-15
 1.80518e+15	6.22e-14	1.13e-07	2.61e-03	5.24e-01	4.72e-01	1.80e-03	0.00e+00	0.00e+00	0.00e+00	3.51e-14	1.99e-14	6.94e-15
 1.87203e+15	8.05e-14	1.35e-07	2.91e-03	5.43e-01	4.52e-01	1.60e-03	0.00e+00	0.00e+00	0.00e+00	4.55e-14	2.57e-14	8.98e-15
 1.94478e+15	1.05e-13	1.64e-07	3.27e-03	5.63e-01	4.32e-01	1.40e-03	0.00e+00	0.00e+00	0.00e+00	5.96e-14	3.36e-14	1.17e-14
 2.01442e+15	1.35e-13	1.95e-07	3.63e-03	5.82e-01	4.14e-01	1.24e-03	0.00e+00	0.00e+00	0.00e+00	7.65e-14	4.29e-14	1.50e-14
 2.08903e+15	1.74e-13	2.34e-07	4.05e-03	6.00e-01	3.94e-01	1.09e-03	0.00e+00	0.00e+00	0.00e+00	9.89e-14	5.53e-14	1.94e-14
 2.17031e+15	2.28e-13	2.83e-07	4.53e-03	6.20e-01	3.75e-01	9.52e-04	0.00e+00	0.00e+00	0.00e+00	1.29e-13	7.20e-14	2.53e-14
 2.24826e+15	2.91e-13	3.36e-07	5.02e-03	6.38e-01	3.57e-01	8.38e-04	0.00e+00	0.00e+00	0.00e+00	1.66e-13	9.18e-14	3.24e-14
 2.33165e+15	3.76e-13	4.02e-07	5.58e-03	6.56e-01	3.38e-01	7.32e-04	0.00e+00	0.00e+00	0.00e+00	2.14e-13	1.18e-13	4.17e-14
 2.42233e+15	4.89e-13	4.84e-07	6.23e-03	6.74e-01	3.19e-01	6.34e-04	0.00e+00	0.00e+00	0.00e+00	2.79e-13	1.54e-13	5.43e-14
 2.50957e+15	6.26e-13	5.75e-07	6.89e-03	6.91e-01	3.02e-01	5.53e-04	0.00e+00	0.00e+00	0.00e+00	3.57e-13	1.96e-13	6.93e-14
 2.60293e+15	8.06e-13	6.87e-07	7.64e-03	7.07e-01	2.85e-01	4.79e-04	0.00e+00	0.00e+00	0.00e+00	4.61e-13	2.52e-13	8.92e-14
 2.70426e+15	1.05e-12	8.27e-07	8.51e-03	7.24e-01	2.67e-01	4.11e-04	0.00e+00	0.00e+00	0.00e+00	6.02e-13	3.27e-13	1.16e-13
 2.80179e+15	1.34e-12	9.78e-07	9.39e-03	7.39e-01	2.51e-01	3.57e-04	0.00e+00	0.00e+00	0.00e+00	7.67e-13	4.16e-13	1.48e-13
 2.90602e+15	1.72e-12	1.17e-06	1.04e-02	7.54e-01	2.35e-01	3.06e-04	0.00e+00	0.00e+00	0.00e+00	9.90e-13	5.35e-13	1.90e-13
 3.01921e+15	2.25e-12	1.40e-06	1.16e-02	7.69e-01	2.19e-01	2.61e-04	0.00e+00	0.00e+00	0.00e+00	1.29e-12	6.97e-13	2.48e-13
 3.12752e+15	2.86e-12	1.66e-06	1.28e-02	7.82e-01	2.05e-01	2.24e-04	0.00e+00	0.00e+00	0.00e+00	1.65e-12	8.87e-13	3.15e-13
 3.24326e+15	3.68e-12	1.98e-06	1.41e-02	7.95e-01	1.91e-01	1.91e-04	0.00e+00	0.00e+00	0.00e+00	2.12e-12	1.14e-12	4.04e-13
 3.37024e+15	4.82e-12	2.38e-06	1.57e-02	8.08e-01	1.76e-01	1.61e-04	0.00e+00	0.00e+00	0.00e+00	2.77e-12	1.49e-12	5.28e-13
 3.49394e+15	6.18e-12	2.83e-06	1.74e-02	8.19e-01	1.63e-01	1.37e-04	0.00e+00	0.00e+00	0.00e+00	3.56e-12	1.91e-12	6.76e-13
 3.62535e+15	8.01e-12	3.38e-06	1.93e-02	8.30e-01	1.51e-01	1.15e-04	0.00e+00	0.00e+00	0.00e+00	4.61e-12	2.47e-12	8.75e-13
 3.76606e+15	1.04e-11	4.06e-06	2.15e-02	8.40e-01	1.38e-01	9.62e-05	0.00e+00	0.00e+00	0.00e+00	6.02e-12	3.22e-12	1.14e-12
 3.90503e+15	1.35e-11	4.85e-06	2.39e-02	8.49e-01	1.27e-01	8.07e-05	0.00e+00	0.00e+00	0.00e+00	7.78e-12	4.16e-12	1.47e-12
 4.05390e+15	1.76e-11	5.83e-06	2.66e-02	8.57e-01	1.16e-01	6.70e-05	0.00e+00	0.00e+00	0.00e+00	1.02e-11	5.42e-12	1.91e-12
 4.21029e+15	2.31e-11	7.04e-06	2.98e-02	8.65e-01	1.05e-01	5.53e-05	0.00e+00	0.00e+00	0.00e+00	1.33e-11	7.12e-12	2.51e-12
 4.36059e+15	2.98e-11	8.39e-06	3.31e-02	8.71e-01	9.63e-02	4.61e-05	0.00e+00	0.00e+00	0.00e+00	1.72e-11	9.16e-12	3.22e-12
 4.52268e+15	3.90e-11	1.01e-05	3.70e-02	8.76e-01	8.71e-02	3.79e-05	0.00e+00	0.00e+00	0.00e+00	2.25e-11	1.20e-11	4.21e-12
 4.69828e+15	5.17e-11	1.23e-05	4.18e-02	8.80e-01	7.83e-02	3.07e-05	0.00e+00	0.00e+00	0.00e+00	2.99e-11	1.59e-11	5.57e-12
 4.86709e+15	6.75e-11	1.49e-05	4.69e-02	8.83e-01	7.05e-02	2.52e-05	0.00e+00	0.00e+00	0.00e+00	3.90e-11	2.08e-11	7.26e-12
 5.04799e+15	8.96e-11	1.82e-05	5.32e-02	8.84e-01	6.29e-02	2.03e-05	0.00e+00	0.00e+00	0.00e+00	5.18e-11	2.75e-11	9.61e-12
 5.24256e+15	1.21e-10	2.24e-05	6.09e-02	8.83e-01	5.56e-02	1.61e-05	0.00e+00	0.00e+00	0.00e+00	6.98e-11	3.71e-11	1.29e-11
 5.42688e+15	1.60e-10	2.74e-05	6.94e-02	8.81e-01	4.93e-02	1.29e-05	0.00e+00	0.00e+00	0.00e+00	9.24e-11	4.91e-11	1.71e-11
 5.62596e+15	2.17e-10	3.42e-05	8.04e-02	8.77e-01	4.31e-02	1.01e-05	0.00e+00	0.00e+00	0.00e+00	1.26e-10	6.67e-11	2.32e-11
 5.84179e+15	3.02e-10	4.36e-05	9.46e-02	8.68e-01	3.70e-02	7.78e-06	0.00e+00	0.00e+00	0.00e+00	1.75e-10	9.29e-11	3.22e-11
 6.03830e+15	4.10e-10	5.47e-05	1.11e-01	8.57e-01	3.20e-02	6.06e-06	0.00e+00	0.00e+00	0.00e+00	2.37e-10	1.26e-10	4.36e-11
 6.21275e+15	5.40e-10	6.74e-05	1.28e-01	8.44e-01	2.78e-02	4.81e-06	0.00e+00	0.00e+00	0.00e+00	3.13e-10	1.66e-10	5.74e-11
 6.37873e+15	7.11e-10	8.31e-05	1.49e-01	8.27e-01	2.41e-02	3.81e-06	0.00e+00	0.00e+00	0.00e+00	4.12e-10	2.19e-10	7.54e-11
 6.54225e+15	9.41e-10	1.03e-04	1.74e-01	8.05e-01	2.06e-02	2.98e-06	0.00e+00	0.00e+00	0.00e+00	5.45e-10	2.89e-10	9.98e-11
 6.69835e+15	1.25e-09	1.29e-04	2.05e-01	7.77e-01	1.74e-02	2.31e-06	0.00e+00	0.00e+00	0.00e+00	7.22e-10	3.83e-10	1.32e-10
 6.84072e+15	1.63e-09	1.60e-04	2.42e-01	7.43e-01	1.46e-02	1.79e-06	0.00e+00	0.00e+00	0.00e+00	9.47e-10	5.03e-10	1.73e-10
 6.96811e+15	2.12e-09	1.97e-04	2.84e-01	7.04e-01	1.21e-02	1.37e-06	0.00e+00	0.00e+00	0.00e+00	1.23e-09	6.52e-10	2.24e-10
 7.08265e+15	2.71e-09	2.42e-04	3.32e-01	6.58e-01	9.95e-03	1.05e-06	0.00e+00	0.00e+00	0.00e+00	1.57e-09	8.35e-10	2.87e-10
 7.18646e+15	3.45e-09	2.95e-04	3.86e-01	6.05e-01	7.99e-03	7.84e-07	0.00e+00	0.00e+00	0.00e+00	2.00e-09	1.06e-09	3.65e-10
 7.26827e+15	4.20e-09	3.47e-04	4.40e-01	5.54e-01	6.48e-03	0.00e+00	0.00e+00	0.00e+00	0.00e+00	2.44e-09	1.29e-09	4.45e-10
 7.32481e+15	4.84e-09	3.91e-04	4.83e-01	5.11e-01	5.45e-03	0.00e+00	0.00e+00	0.00e+00	0.00e+00	2.81e-09	1.49e-09	5.13e-10
 7.38032e+15	5.61e-09	4.43e-04	5.31e-01	4.64e-01	4.46e-03	0.00e+00	0.00e+00	0.00e+00	0.00e+00	3.25e-09	1.73e-09	5.94e-10
 7.44113e+15	6.59e-09	5.06e-04	5.89e-01	4.07e-01	3.45e-03	0.00e+00	0.00e+00	0.00e+00	0.00e+00	3.82e-09	2.03e-09	6.99e-10
 7.49433e+15	7.57e-09	5.69e-04	6.44e-01	3.52e-01	2.64e-03	0.00e+00	0.00e+00	0.00e+00	0.00e+00	4.39e-09	2.33e-09	8.03e-10
 7.53906e+15	8.50e-09	6.26e-04	6.94e-01	3.04e-01	2.02e-03	0.00e+00	0.00e+00	0.00e+00	0.00e+00	4.93e-09	2.62e-09	9.02e-10
 7.58728e+15	9.59e-09	6.91e-04	7.47e-01	2.51e-01	1.44e-03	0.00e+00	0.00e+00	0.00e+00	0.00e+00	5.57e-09	2.96e-09	1.02e-09
 7.64094e+15	1.08e-08	7.64e-04	8.03e-01	1.95e-01	9.41e-04	0.00e+00	0.00e+00	0.00e+00	0.00e+00	6.30e-09	3.34e-09	1.15e-09
 7.69213e+15	1.20e-08	8.29e-04	8.51e-01	1.47e-01	5.89e-04	0.00e+00	0.00e+00	0.00e+00	0.00e+00	6.99e-09	3.71e-09	1.28e-09
 7.74912e+15	1.33e-08	8.96e-04	8.95e-01	1.04e-01	3.27e-04	0.00e+00	0.00e+00	0.00e+00	0.00e+00	7.74e-09	4.11e-09	1.42e-09
 7.82321e+15	1.48e-08	9.66e-04	9.34e-01	6.46e-02	1.46e-04	0.00e+00	0.00e+00	0.00e+00	0.00e+00	8.62e-09	4.58e-09	1.58e-09
 7.91765e+15	1.64e-08	1.03e-03	9.62e-01	3.67e-02	5.30e-05	0.00e+00	0.00e+00	0.00e+00	0.00e+00	9.54e-09	5.07e-09	1.75e-09
 8.03855e+15	1.81e-08	1.09e-03	9.78e-01	2.09e-02	1.69e-05	0.00e+00	0.00e+00	0.00e+00	0.00e+00	1.05e-08	5.58e-09	1.92e-09
 8.19572e+15	2.00e-08	1.15e-03	9.85e-01	1.37e-02	5.29e-06	0.00e+00	0.00e+00	0.00e+00	0.00e+00	1.16e-08	6.17e-09	2.13e-09
 8.40003e+15	2.25e-08	1.21e-03	9.88e-01	1.06e-02	1.65e-06	0.00e+00	0.00e+00	0.00e+00	0.00e+00	1.31e-08	6.94e-09	2.39e-09
 8.66564e+15	2.60e-08	1.29e-03	9.90e-01	9.11e-03	4.78e-07	0.00e+00	0.00e+00	0.00e+00	0.00e+00	1.51e-08	8.02e-09	2.76e-09
 8.99210e+15	3.07e-08	1.40e-03	9.90e-01	8.16e-03	0.00e+00	0.00e+00	0.00e+00	0.00e+00	0.00e+00	1.79e-08	9.49e-09	3.27e-09
 9.35182e+15	3.68e-08	1.52e-03	9.91e-01	7.34e-03	0.00e+00	0.00e+00	0.00e+00	0.00e+00	0.00e+00	2.14e-08	1.14e-08	3.91e-09
 9.71752e+15	4.39e-08	1.65e-03	9.92e-01	6.68e-03	0.00e+00	0.00e+00	0.00e+00	0.00e+00	0.00e+00	2.55e-08	1.36e-08	4.67e-09
 1.00978e+16	5.26e-08	1.79e-03	9.92e-01	6.05e-03	0.00e+00	0.00e+00	0.00e+00	0.00e+00	0.00e+00	3.06e-08	1.62e-08	5.59e-09
 1.05018e+16	6.33e-08	1.94e-03	9.93e-01	5.48e-03	0.00e+00	0.00e+00	0.00e+00	0.00e+00	0.00e+00	3.68e-08	1.96e-08	6.73e-09
 1.09219e+16	7.65e-08	2.12e-03	9.93e-01	4.95e-03	0.00e+00	0.00e+00	0.00e+00	0.00e+00	0.00e+00	4.45e-08	2.36e-08	8.12e-09
 1.13588e+16	9.26e-08	2.30e-03	9.93e-01	4.47e-03	0.00e+00	0.00e+00	0.00e+00	0.00e+00	0.00e+00	5.39e-08	2.86e-08	9.83e-09
 1.18132e+16	1.12e-07	2.51e-03	9.93e-01	4.02e-03	0.00e+00	0.00e+00	0.00e+00	0.00e+00	0.00e+00	6.54e-08	3.47e-08	1.19e-08
 1.22373e+16	1.34e-07	2.72e-03	9.94e-01	3.65e-03	0.00e+00	0.00e+00	0.00e+00	0.00e+00	0.00e+00	7.80e-08	4.14e-08	1.42e-08
 1.26100e+16	1.56e-07	2.91e-03	9.94e-01	3.35e-03	0.00e+00	0.00e+00	0.00e+00	0.00e+00	0.00e+00	9.09e-08	4.83e-08	1.66e-08
 1.30245e+16	1.85e-07	3.13e-03	9.94e-01	3.07e-03	0.00e+00	0.00e+00	0.00e+00	0.00e+00	0.00e+00	1.08e-07	5.71e-08	1.96e-08
 1.35240e+16	2.26e-07	3.41e-03	9.94e-01	2.76e-03	0.00e+00	0.00e+00	0.00e+00	0.00e+00	0.00e+00	1.31e-07	6.97e-08	2.39e-08
 1.40218e+16	2.74e-07	3.71e-03	9.94e-01	2.49e-03	0.00e+00	0.00e+00	0.00e+00	0.00e+00	0.00e+00	1.59e-07	8.47e-08	2.91e-08
 1.44684e+16	3.26e-07	4.00e-03	9.94e-01	2.26e-03	0.00e+00	0.00e+00	0.00e+00	0.00e+00	0.00e+00	1.89e-07	1.01e-07	3.45e-08
 1.49607e+16	3.94e-07	4.34e-03	9.94e-01	2.05e-03	0.00e+00	0.00e+00	0.00e+00	0.00e+00	0.00e+00	2.29e-07	1.22e-07	4.18e-08
 1.55170e+16	4.87e-07	4.74e-03	9.93e-01	1.84e-03	0.00e+00	0.00e+00	0.00e+00	0.00e+00	0.00e+00	2.84e-07	1.51e-07	5.17e-08
 1.60476e+16	5.96e-07	5.16e-03	9.93e-01	1.66e-03	0.00e+00	0.00e+00	0.00e+00	0.00e+00	0.00e+00	3.47e-07	1.84e-07	6.32e-08
 1.65511e+16	7.23e-07	5.58e-03	9.93e-01	1.50e-03	0.00e+00	0.00e+00	0.00e+00	0.00e+00	0.00e+00	4.20e-07	2.24e-07	7.66e-08
 1.71287e+16	9.07e-07	6.11e-03	9.93e-01	1.35e-03	0.00e+00	0.00e+00	0.00e+00	0.00e+00	0.00e+00	5.27e-07	2.81e-07	9.61e-08
 1.77626e+16	1.16e-06	6.74e-03	9.92e-01	1.20e-03	0.00e+00	0.00e+00	0.00e+00	0.00e+00	0.00e+00	6.75e-07	3.59e-07	1.23e-07
 1.83448e+16	1.46e-06	7.38e-03	9.92e-01	1.08e-03	0.00e+00	0.00e+00	0.00e+00	0.00e+00	0.00e+00	8.51e-07	4.54e-07	1.55e-07
 1.88931e+16	1.83e-06	8.04e-03	9.91e-01	9.80e-04	0.00e+00	0.00e+00	0.00e+00	0.00e+00	0.00e+00	1.07e-06	5.69e-07	1.94e-07
 1.95227e+16	2.41e-06	8.90e-03	9.90e-01	8.76e-04	0.00e+00	0.00e+00	0.00e+00	0.00e+00	0.00e+00	1.40e-06	7.46e-07	2.55e-07
 2.02078e+16	3.26e-06	9.95e-03	9.89e-01	7.76e-04	0.00e+00	0.00e+00	0.00e+00	0.00e+00	0.00e+00	1.89e-06	1.01e-06	3.45e-07
 2.08187e+16	4.36e-06	1.10e-02	9.88e-01	6.97e-04	0.00e+00	0.00e+00	0.00e+00	0.00e+00	0.00e+00	2.53e-06	1.35e-06	4.61e-07
 2.13712e+16	5.77e-06	1.22e-02	9.87e-01	6.32e-04	0.00e+00	0.00e+00	0.00e+00	0.00e+00	0.00e+00	3.35e-06	1.79e-06	6.10e-07
 2.19065e+16	7.74e-06	1.35e-02	9.86e-01	5.73e-04	0.00e+00	0.00e+00	0.00e+00	0.00e+00	0.00e+00	4.49e-06	2.40e-06	8.18e-07
 2.24158e+16	1.05e-05	1.50e-02	9.84e-01	5.20e-04	0.00e+00	0.00e+00	0.00e+00	0.00e+00	0.00e+00	6.08e-06	3.25e-06	1.11e-06
 2.28784e+16	1.41e-05	1.67e-02	9.83e-01	4.73e-04	0.00e+00	0.00e+00	0.00e+00	0.00e+00	0.00e+00	8.20e-06	4.38e-06	1.49e-06
 2.32914e+16	1.89e-05	1.86e-02	9.81e-01	4.32e-04	0.00e+00	0.00e+00	0.00e+00	0.00e+00	0.00e+00	1.10e-05	5.86e-06	2.00e-06
 2.36669e+16	2.54e-05	2.07e-02	9.79e-01	3.93e-04	0.00e+00	0.00e+00	0.00e+00	0.00e+00	0.00e+00	1.48e-05	7.87e-06	2.68e-06
 2.40123e+16	3.42e-05	2.31e-02	9.77e-01	3.60e-04	0.00e+00	0.00e+00	0.00e+00	0.00e+00	0.00e+00	1.98e-05	1.06e-05	3.60e-06
 2.43294e+16	4.61e-05	2.59e-02	9.74e-01	3.27e-04	0.00e+00	0.00e+00	0.00e+00	0.00e+00	0.00e+00	2.68e-05	1.43e-05	4.86e-06
 2.45491e+16	5.76e-05	2.82e-02	9.71e-01	3.05e-04	0.00e+00	0.00e+00	0.00e+00	0.00e+00	0.00e+00	3.35e-05	1.78e-05	6.07e-06
 2.46594e+16	6.50e-05	2.96e-02	9.70e-01	2.92e-04	0.00e+00	0.00e+00	0.00e+00	0.00e+00	0.00e+00	3.78e-05	2.01e-05	6.84e-06
 2.47572e+16	7.28e-05	3.10e-02	9.69e-01	2.83e-04	0.00e+00	0.00e+00	0.00e+00	0.00e+00	0.00e+00	4.23e-05	2.25e-05	7.67e-06
 2.48844e+16	8.50e-05	3.30e-02	9.67e-01	2.67e-04	0.00e+00	0.00e+00	0.00e+00	0.00e+00	0.00e+00	4.94e-05	2.63e-05	8.94e-06
 2.50194e+16	1.00e-04	3.53e-02	9.64e-01	2.53e-04	0.00e+00	0.00e+00	0.00e+00	0.00e+00	0.00e+00	5.84e-05	3.11e-05	1.06e-05
 2.51324e+16	1.16e-04	3.76e-02	9.62e-01	2.40e-04	0.00e+00	0.00e+00	0.00e+00	0.00e+00	0.00e+00	6.77e-05	3.60e-05	1.23e-05
 2.52286e+16	1.33e-04	3.98e-02	9.60e-01	2.29e-04	0.00e+00	0.00e+00	0.00e+00	0.00e+00	0.00e+00	7.73e-05	4.11e-05	1.40e-05
 2.53346e+16	1.56e-04	4.26e-02	9.57e-01	2.15e-04	0.00e+00	0.00e+00	0.00e+00	0.00e+00	0.00e+00	9.05e-05	4.81e-05	1.64e-05
 2.54458e+16	1.84e-04	4.58e-02	9.54e-01	2.03e-04	0.00e+00	0.00e+00	0.00e+00	0.00e+00	0.00e+00	1.07e-04	5.69e-05	1.93e-05
 2.55376e+16	2.13e-04	4.89e-02	9.51e-01	1.91e-04	0.00e+00	0.00e+00	0.00e+00	0.00e+00	0.00e+00	1.24e-04	6.59e-05	2.24e-05
 2.56157e+16	2.43e-04	5.18e-02	9.48e-01	1.82e-04	0.00e+00	0.00e+00	0.00e+00	0.00e+00	0.00e+00	1.41e-04	7.51e-05	2.55e-05
 2.57022e+16	2.84e-04	5.56e-02	9.44e-01	1.71e-04	0.00e+00	0.00e+00	0.00e+00	0.00e+00	0.00e+00	1.65e-04	8.78e-05	2.98e-05
 2.57932e+16	3.36e-04	6.00e-02	9.39e-01	1.60e-04	0.00e+00	0.00e+00	0.00e+00	0.00e+00	0.00e+00	1.95e-04	1.04e-04	3.52e-05
 2.58695e+16	3.89e-04	6.42e-02	9.35e-01	1.50e-04	0.00e+00	0.00e+00	0.00e+00	0.00e+00	0.00e+00	2.26e-04	1.20e-04	4.08e-05
 2.59352e+16	4.44e-04	6.84e-02	9.31e-01	1.42e-04	0.00e+00	0.00e+00	0.00e+00	0.00e+00	0.00e+00	2.58e-04	1.37e-04	4.66e-05
 2.60075e+16	5.21e-04	7.37e-02	9.26e-01	1.32e-04	0.00e+00	0.00e+00	0.00e+00	0.00e+00	0.00e+00	3.03e-04	1.61e-04	5.46e-05
 2.60839e+16	6.17e-04	7.98e-02	9.19e-01	1.23e-04	0.00e+00	0.00e+00	0.00e+00	0.00e+00	0.00e+00	3.59e-04	1.91e-04	6.47e-05
 2.61484e+16	7.18e-04	8.58e-02	9.13e-01	1.15e-04	0.00e+00	0.00e+00	0.00e+00	0.00e+00	0.00e+00	4.17e-04	2.22e-04	7.52e-05
 2.62039e+16	8.23e-04	9.17e-02	9.07e-01	1.07e-04	0.00e+00	0.00e+00	0.00e+00	0.00e+00	0.00e+00	4.79e-04	2.54e-04	8.62e-05
 2.62649e+16	9.66e-04	9.91e-02	9.00e-01	9.95e-05	0.00e+00	0.00e+00	0.00e+00	0.00e+00	0.00e+00	5.62e-04	2.98e-04	1.01e-04
 2.63299e+16	1.15e-03	1.08e-01	8.91e-01	9.14e-05	0.00e+00	0.00e+00	0.00e+00	0.00e+00	0.00e+00	6.69e-04	3.55e-04	1.20e-04
 2.63849e+16	1.34e-03	1.17e-01	8.82e-01	8.41e-05	0.00e+00	0.00e+00	0.00e+00	0.00e+00	0.00e+00	7.81e-04	4.15e-04	1.41e-04
 2.64322e+16	1.55e-03	1.25e-01	8.74e-01	7.86e-05	0.00e+00	0.00e+00	0.00e+00	0.00e+00	0.00e+00	8.99e-04	4.77e-04	1.62e-04
 2.64848e+16	1.83e-03	1.36e-01	8.63e-01	7.17e-05	0.00e+00	0.00e+00	0.00e+00	0.00e+00	0.00e+00	1.06e-03	5.63e-04	1.91e-04
 2.65408e+16	2.19e-03	1.48e-01	8.49e-01	6.50e-05	0.00e+00	0.00e+00	0.00e+00	0.00e+00	0.00e+00	1.27e-03	6.75e-04	2.29e-04
 2.65883e+16	2.58e-03	1.61e-01	8.37e-01	5.90e-05	0.00e+00	0.00e+00	0.00e+00	0.00e+00	0.00e+00	1.50e-03	7.94e-04	2.69e-04
 2.66299e+16	2.99e-03	1.73e-01	8.24e-01	5.43e-05	0.00e+00	0.00e+00	0.00e+00	0.00e+00	0.00e+00	1.74e-03	9.21e-04	3.12e-04
 2.66764e+16	3.57e-03	1.89e-01	8.07e-01	4.86e-05	0.00e+00	0.00e+00	0.00e+00	0.00e+00	0.00e+00	2.07e-03	1.10e-03	3.73e-04
 2.67261e+16	4.33e-03	2.08e-01	7.88e-01	4.30e-05	0.00e+00	0.00e+00	0.00e+00	0.00e+00	0.00e+00	2.52e-03	1.33e-03	4.52e-04
 2.67689e+16	5.16e-03	2.27e-01	7.68e-01	3.82e-05	0.00e+00	0.00e+00	0.00e+00	0.00e+00	0.00e+00	3.00e-03	1.59e-03	5.39e-04
 2.68069e+16	6.08e-03	2.46e-01	7.48e-01	3.42e-05	0.00e+00	0.00e+00	0.00e+00	0.00e+00	0.00e+00	3.54e-03	1.87e-03	6.34e-04
 2.68497e+16	7.39e-03	2.70e-01	7.22e-01	2.96e-05	0.00e+00	0.00e+00	0.00e+00	0.00e+00	0.00e+00	4.30e-03	2.28e-03	7.71e-04
 2.68960e+16	9.20e-03	3.00e-01	6.91e-01	2.50e-05	0.00e+00	0.00e+00	0.00e+00	0.00e+00	0.00e+00	5.35e-03	2.83e-03	9.59e-04
 2.69362e+16	1.12e-02	3.29e-01	6.59e-01	2.13e-05	0.00e+00	0.00e+00	0.00e+00	0.00e+00	0.00e+00	6.53e-03	3.45e-03	1.17e-03
 2.69707e+16	1.34e-02	3.58e-01	6.29e-01	1.82e-05	0.00e+00	0.00e+00	0.00e+00	0.00e+00	0.00e+00	7.82e-03	4.13e-03	1.40e-03
 2.70085e+16	1.65e-02	3.93e-01	5.91e-01	1.49e-05	0.00e+00	0.00e+00	0.00e+00	0.00e+00	0.00e+00	9.63e-03	5.09e-03	1.72e-03
 2.70483e+16	2.07e-02	4.33e-01	5.46e-01	1.19e-05	0.00e+00	0.00e+00	0.00e+00	0.00e+00	0.00e+00	1.21e-02	6.37e-03	2.16e-03
 2.70814e+16	2.52e-02	4.70e-01	5.05e-01	9.56e-06	0.00e+00	0.00e+00	0.00e+00	0.00e+00	0.00e+00	1.47e-02	7.75e-03	2.62e-03
 2.71095e+16	3.00e-02	5.03e-01	4.67e-01	7.81e-06	0.00e+00	0.00e+00	0.00e+00	0.00e+00	0.00e+00	1.75e-02	9.22e-03	3.12e-03
 2.71405e+16	3.67e-02	5.43e-01	4.20e-01	6.01e-06	0.00e+00	0.00e+00	0.00e+00	0.00e+00	0.00e+00	2.14e-02	1.13e-02	3.82e-03
