#depth	C	C+	C+2	C+3	C+4	C+5	C+6	C[1]	C[2]	C[3]	C+[1]	C+[2]	CO
 1.49634e+10	0.00e+00	0.00e+00	2.55e-27	1.39e-17	2.78e-07	1.23e-02	9.88e-01	0.00e+00	0.00e+00	0.00e+00	0.00e+00	0.00e+00	0.00e+00
 4.54887e+10	0.00e+00	2.58e-37	3.48e-27	1.76e-17	3.25e-07	1.34e-02	9.87e-01	0.00e+00	0.00e+00	0.00e+00	0.00e+00	0.00e+00	0.00e+00
 7.72350e+10	0.00e+00	0.00e+00	4.79e-27	2.23e-17	3.81e-07	1.45e-02	9.86e-01	0.00e+00	0.00e+00	0.00e+00	0.00e+00	0.00e+00	3.55e-239
 1.10251e+11	0.00e+00	5.73e-37	6.60e-27	2.84e-17	4.48e-07	1.56e-02	9.84e-01	0.00e+00	0.00e+00	0.00e+00	0.00e+00	0.00e+00	5.36e-215
 1.41824e+11	0.00e+00	0.00e+00	8.85e-27	3.54e-17	5.19e-07	1.68e-02	9.83e-01	0.00e+00	0.00e+00	0.00e+00	0.00e+00	0.00e+00	2.27e-209
 1.70919e+11	0.00e+00	1.15e-36	1.15e-26	4.31e-17	5.93e-07	1.80e-02	9.82e-01	0.00e+00	0.00e+00	0.00e+00	0.00e+00	0.00e+00	0.00e+00
 2.03934e+11	0.00e+00	0.00e+00	1.54e-26	5.37e-17	6.87e-07	1.93e-02	9.81e-01	0.00e+00	0.00e+00	0.00e+00	0.00e+00	0.00e+00	8.46e-208
 2.41114e+11	0.00e+00	2.44e-36	2.11e-26	6.79e-17	8.04e-07	2.08e-02	9.79e-01	0.00e+00	0.00e+00	0.00e+00	0.00e+00	0.00e+00	6.99e-213
 2.76616e+11	3.94e-47	3.50e-36	2.81e-26	8.43e-17	9.29e-07	2.23e-02	9.78e-01	0.00e+00	0.00e+00	0.00e+00	0.00e+00	0.00e+00	5.47e-144
 3.14434e+11	0.00e+00	0.00e+00	3.80e-26	1.06e-16	1.08e-06	2.40e-02	9.76e-01	0.00e+00	0.00e+00	0.00e+00	0.00e+00	0.00e+00	1.27e-189
 3.56062e+11	0.00e+00	7.55e-36	5.21e-26	1.34e-16	1.27e-06	2.60e-02	9.74e-01	0.00e+00	0.00e+00	0.00e+00	0.00e+00	0.00e+00	1.08e-163
 3.96044e+11	1.54e-46	1.09e-35	6.99e-26	1.67e-16	1.47e-06	2.79e-02	9.72e-01	0.00e+00	0.00e+00	0.00e+00	0.00e+00	0.00e+00	1.30e-209
 4.38500e+11	0.00e+00	0.00e+00	9.48e-26	2.10e-16	1.71e-06	3.00e-02	9.70e-01	0.00e+00	0.00e+00	0.00e+00	0.00e+00	0.00e+00	3.82e-208
 4.85967e+11	0.00e+00	2.39e-35	1.31e-25	2.68e-16	2.02e-06	3.24e-02	9.68e-01	0.00e+00	0.00e+00	0.00e+00	0.00e+00	0.00e+00	0.00e+00
 5.32797e+11	6.27e-46	3.52e-35	1.79e-25	3.38e-16	2.36e-06	3.50e-02	9.65e-01	0.00e+00	0.00e+00	0.00e+00	0.00e+00	0.00e+00	5.08e-141
 5.81501e+11	0.00e+00	0.00e+00	2.45e-25	4.28e-16	2.77e-06	3.77e-02	9.62e-01	0.00e+00	0.00e+00	0.00e+00	0.00e+00	0.00e+00	9.58e-211
 6.34688e+11	0.00e+00	7.83e-35	3.40e-25	5.48e-16	3.26e-06	4.07e-02	9.59e-01	0.00e+00	0.00e+00	0.00e+00	0.00e+00	0.00e+00	2.71e-160
 6.88400e+11	2.65e-45	1.17e-34	4.69e-25	6.97e-16	3.83e-06	4.40e-02	9.56e-01	0.00e+00	0.00e+00	0.00e+00	0.00e+00	0.00e+00	1.12e-208
 7.44262e+11	0.00e+00	1.75e-34	6.47e-25	8.88e-16	4.51e-06	4.74e-02	9.53e-01	0.00e+00	0.00e+00	0.00e+00	0.00e+00	0.00e+00	3.94e-159
 8.03959e+11	7.06e-45	2.65e-34	9.03e-25	1.14e-15	5.33e-06	5.13e-02	9.49e-01	0.00e+00	0.00e+00	0.00e+00	0.00e+00	0.00e+00	7.90e-207
 8.66044e+11	0.00e+00	4.01e-34	1.26e-24	1.46e-15	6.30e-06	5.54e-02	9.45e-01	0.00e+00	0.00e+00	0.00e+00	0.00e+00	0.00e+00	6.25e-158
 9.24808e+11	1.83e-44	5.86e-34	1.71e-24	1.84e-15	7.34e-06	5.95e-02	9.40e-01	0.00e+00	0.00e+00	0.00e+00	0.00e+00	0.00e+00	7.39e-205
 9.78277e+11	0.00e+00	8.19e-34	2.23e-24	2.25e-15	8.41e-06	6.33e-02	9.37e-01	0.00e+00	0.00e+00	0.00e+00	0.00e+00	0.00e+00	6.73e-157
 1.03890e+12	4.29e-44	1.19e-33	3.01e-24	2.81e-15	9.77e-06	6.78e-02	9.32e-01	0.00e+00	0.00e+00	0.00e+00	0.00e+00	0.00e+00	0.00e+00
 1.10959e+12	0.00e+00	1.80e-33	4.21e-24	3.61e-15	1.16e-05	7.33e-02	9.27e-01	0.00e+00	0.00e+00	0.00e+00	0.00e+00	0.00e+00	9.18e-156
 1.18021e+12	1.14e-43	2.69e-33	5.80e-24	4.58e-15	1.36e-05	7.89e-02	9.21e-01	0.00e+00	0.00e+00	0.00e+00	0.00e+00	0.00e+00	0.00e+00
 1.24248e+12	0.00e+00	3.79e-33	7.62e-24	5.62e-15	1.55e-05	8.39e-02	9.16e-01	0.00e+00	0.00e+00	0.00e+00	0.00e+00	0.00e+00	1.08e-154
 1.29831e+12	2.47e-43	5.12e-33	9.70e-24	6.74e-15	1.75e-05	8.86e-02	9.11e-01	0.00e+00	0.00e+00	0.00e+00	0.00e+00	0.00e+00	0.00e+00
 1.36213e+12	0.00e+00	7.16e-33	1.27e-23	8.24e-15	2.01e-05	9.41e-02	9.06e-01	0.00e+00	0.00e+00	0.00e+00	0.00e+00	0.00e+00	8.76e-154
 1.44113e+12	5.99e-43	1.07e-32	1.75e-23	1.05e-14	2.36e-05	1.01e-01	8.99e-01	0.00e+00	0.00e+00	0.00e+00	0.00e+00	0.00e+00	0.00e+00
 1.52086e+12	0.00e+00	1.58e-32	2.39e-23	1.32e-14	2.75e-05	1.08e-01	8.92e-01	0.00e+00	0.00e+00	0.00e+00	0.00e+00	0.00e+00	1.20e-152
 1.58960e+12	1.41e-42	2.18e-32	3.10e-23	1.60e-14	3.13e-05	1.15e-01	8.85e-01	0.00e+00	0.00e+00	0.00e+00	0.00e+00	0.00e+00	0.00e+00
 1.66307e+12	0.00e+00	3.07e-32	4.07e-23	1.97e-14	3.59e-05	1.22e-01	8.78e-01	0.00e+00	0.00e+00	0.00e+00	0.00e+00	0.00e+00	1.07e-151
 1.75365e+12	3.47e-42	4.60e-32	5.63e-23	2.50e-14	4.21e-05	1.31e-01	8.69e-01	0.00e+00	0.00e+00	0.00e+00	0.00e+00	0.00e+00	0.00e+00
 1.84587e+12	0.00e+00	6.85e-32	7.74e-23	3.17e-14	4.93e-05	1.40e-01	8.60e-01	0.00e+00	0.00e+00	0.00e+00	0.00e+00	0.00e+00	1.52e-150
 1.92781e+12	8.44e-42	9.65e-32	1.02e-22	3.89e-14	5.64e-05	1.49e-01	8.51e-01	0.00e+00	0.00e+00	0.00e+00	0.00e+00	0.00e+00	0.00e+00
 2.01701e+12	0.00e+00	1.39e-31	1.36e-22	4.83e-14	6.52e-05	1.58e-01	8.42e-01	0.00e+00	0.00e+00	0.00e+00	0.00e+00	0.00e+00	1.55e-149
 2.12374e+12	2.17e-41	2.11e-31	1.91e-22	6.19e-14	7.68e-05	1.69e-01	8.30e-01	0.00e+00	0.00e+00	0.00e+00	0.00e+00	0.00e+00	0.00e+00
 2.23047e+12	0.00e+00	3.16e-31	2.63e-22	7.87e-14	9.00e-05	1.81e-01	8.19e-01	0.00e+00	0.00e+00	0.00e+00	0.00e+00	0.00e+00	2.35e-148
 2.32830e+12	5.43e-41	4.53e-31	3.51e-22	9.73e-14	1.03e-04	1.92e-01	8.08e-01	0.00e+00	0.00e+00	0.00e+00	0.00e+00	0.00e+00	0.00e+00
 2.43735e+12	0.00e+00	6.68e-31	4.78e-22	1.23e-13	1.20e-04	2.05e-01	7.95e-01	0.00e+00	0.00e+00	0.00e+00	0.00e+00	0.00e+00	2.75e-147
 2.55541e+12	1.41e-40	1.00e-30	6.60e-22	1.55e-13	1.41e-04	2.18e-01	7.82e-01	0.00e+00	0.00e+00	0.00e+00	0.00e+00	0.00e+00	5.05e-220
 2.66201e+12	0.00e+00	1.42e-30	8.76e-22	1.92e-13	1.61e-04	2.31e-01	7.69e-01	0.00e+00	0.00e+00	0.00e+00	0.00e+00	0.00e+00	3.35e-146
 2.77739e+12	3.39e-40	2.07e-30	1.18e-21	2.38e-13	1.86e-04	2.45e-01	7.55e-01	0.00e+00	0.00e+00	0.00e+00	0.00e+00	0.00e+00	5.09e-194
 2.90611e+12	0.00e+00	3.08e-30	1.62e-21	3.01e-13	2.17e-04	2.60e-01	7.40e-01	0.00e+00	0.00e+00	0.00e+00	0.00e+00	0.00e+00	4.24e-145
 3.02776e+12	8.52e-40	4.43e-30	2.16e-21	3.73e-13	2.49e-04	2.74e-01	7.25e-01	0.00e+00	0.00e+00	0.00e+00	0.00e+00	0.00e+00	0.00e+00
 3.16150e+12	0.00e+00	6.52e-30	2.95e-21	4.68e-13	2.88e-04	2.91e-01	7.09e-01	0.00e+00	0.00e+00	0.00e+00	0.00e+00	0.00e+00	5.06e-144
 3.30871e+12	2.23e-39	9.83e-30	4.08e-21	5.94e-13	3.37e-04	3.08e-01	6.91e-01	0.00e+00	0.00e+00	0.00e+00	0.00e+00	0.00e+00	0.00e+00
 3.44116e+12	0.00e+00	1.40e-29	5.42e-21	7.32e-13	3.85e-04	3.24e-01	6.75e-01	0.00e+00	0.00e+00	0.00e+00	0.00e+00	0.00e+00	6.41e-143
 3.55571e+12	4.93e-39	1.89e-29	6.88e-21	8.71e-13	4.30e-04	3.38e-01	6.61e-01	0.00e+00	0.00e+00	0.00e+00	0.00e+00	0.00e+00	0.00e+00
 3.67925e+12	0.00e+00	2.59e-29	8.83e-21	1.05e-12	4.83e-04	3.53e-01	6.46e-01	0.00e+00	0.00e+00	0.00e+00	0.00e+00	0.00e+00	4.87e-142
 3.83903e+12	1.16e-38	3.83e-29	1.20e-20	1.31e-12	5.58e-04	3.72e-01	6.27e-01	0.00e+00	0.00e+00	0.00e+00	0.00e+00	0.00e+00	2.40e-202
 4.00505e+12	0.00e+00	5.66e-29	1.64e-20	1.64e-12	6.44e-04	3.91e-01	6.08e-01	0.00e+00	0.00e+00	0.00e+00	0.00e+00	0.00e+00	6.55e-141
 4.14649e+12	2.75e-38	7.81e-29	2.12e-20	1.98e-12	7.23e-04	4.08e-01	5.91e-01	0.00e+00	0.00e+00	0.00e+00	0.00e+00	0.00e+00	0.00e+00
 4.29682e+12	0.00e+00	1.09e-28	2.76e-20	2.39e-12	8.15e-04	4.25e-01	5.74e-01	0.00e+00	0.00e+00	0.00e+00	0.00e+00	0.00e+00	5.76e-140
 4.48439e+12	6.67e-38	1.62e-28	3.78e-20	3.01e-12	9.41e-04	4.46e-01	5.53e-01	0.00e+00	0.00e+00	0.00e+00	0.00e+00	0.00e+00	0.00e+00
 4.67889e+12	0.00e+00	2.41e-28	5.18e-20	3.78e-12	1.08e-03	4.67e-01	5.32e-01	0.00e+00	0.00e+00	0.00e+00	0.00e+00	0.00e+00	8.23e-139
 4.85522e+12	1.65e-37	3.40e-28	6.81e-20	4.60e-12	1.22e-03	4.86e-01	5.13e-01	0.00e+00	0.00e+00	0.00e+00	0.00e+00	0.00e+00	1.58e-213
 5.04937e+12	0.00e+00	4.91e-28	9.11e-20	5.67e-12	1.39e-03	5.06e-01	4.93e-01	0.00e+00	0.00e+00	0.00e+00	0.00e+00	0.00e+00	9.00e-138
 5.27726e+12	4.26e-37	7.44e-28	1.26e-19	7.18e-12	1.61e-03	5.28e-01	4.70e-01	0.00e+00	0.00e+00	0.00e+00	0.00e+00	0.00e+00	2.26e-226
 5.50475e+12	0.00e+00	1.11e-27	1.73e-19	8.98e-12	1.84e-03	5.50e-01	4.48e-01	0.00e+00	0.00e+00	0.00e+00	0.00e+00	0.00e+00	1.38e-136
 5.72215e+12	1.08e-36	1.59e-27	2.30e-19	1.10e-11	2.08e-03	5.70e-01	4.28e-01	0.00e+00	0.00e+00	0.00e+00	0.00e+00	0.00e+00	0.00e+00
 5.96176e+12	0.00e+00	2.34e-27	3.12e-19	1.37e-11	2.37e-03	5.91e-01	4.07e-01	0.00e+00	0.00e+00	0.00e+00	0.00e+00	0.00e+00	1.74e-135
 6.23015e+12	2.86e-36	3.54e-27	4.33e-19	1.73e-11	2.72e-03	6.13e-01	3.84e-01	0.00e+00	0.00e+00	0.00e+00	0.00e+00	0.00e+00	4.04e-224
 6.48105e+12	0.00e+00	5.13e-27	5.80e-19	2.13e-11	3.08e-03	6.33e-01	3.64e-01	0.00e+00	0.00e+00	0.00e+00	0.00e+00	0.00e+00	2.49e-134
 6.70321e+12	6.61e-36	7.04e-27	7.44e-19	2.54e-11	3.41e-03	6.49e-01	3.48e-01	0.00e+00	0.00e+00	0.00e+00	0.00e+00	0.00e+00	5.06e-99
 6.95183e+12	0.00e+00	9.91e-27	9.73e-19	3.07e-11	3.81e-03	6.66e-01	3.30e-01	0.00e+00	0.00e+00	0.00e+00	0.00e+00	0.00e+00	0.00e+00
 7.24917e+12	1.62e-35	1.47e-26	1.33e-18	3.82e-11	4.32e-03	6.86e-01	3.10e-01	0.00e+00	0.00e+00	0.00e+00	0.00e+00	0.00e+00	1.90e-115
 7.54925e+12	0.00e+00	2.15e-26	1.79e-18	4.72e-11	4.88e-03	7.04e-01	2.91e-01	0.00e+00	0.00e+00	0.00e+00	0.00e+00	0.00e+00	3.80e-99
 7.82980e+12	3.93e-35	3.02e-26	2.34e-18	5.70e-11	5.44e-03	7.20e-01	2.74e-01	0.00e+00	0.00e+00	0.00e+00	0.00e+00	0.00e+00	0.00e+00
 8.14139e+12	0.00e+00	4.36e-26	3.12e-18	6.97e-11	6.10e-03	7.37e-01	2.57e-01	0.00e+00	0.00e+00	0.00e+00	0.00e+00	0.00e+00	3.68e-131
 8.49697e+12	1.00e-34	6.50e-26	4.28e-18	8.70e-11	6.90e-03	7.54e-01	2.39e-01	0.00e+00	0.00e+00	0.00e+00	0.00e+00	0.00e+00	1.72e-96
 8.80407e+12	1.51e-34	9.07e-26	5.56e-18	1.04e-10	7.65e-03	7.68e-01	2.25e-01	0.00e+00	0.00e+00	0.00e+00	0.00e+00	0.00e+00	0.00e+00
 9.03813e+12	2.03e-34	1.16e-25	6.74e-18	1.20e-10	8.24e-03	7.77e-01	2.14e-01	0.00e+00	0.00e+00	0.00e+00	0.00e+00	0.00e+00	1.12e-112
 9.28710e+12	2.77e-34	1.49e-25	8.22e-18	1.37e-10	8.90e-03	7.87e-01	2.04e-01	0.00e+00	0.00e+00	0.00e+00	0.00e+00	0.00e+00	1.51e-95
 9.61074e+12	4.09e-34	2.05e-25	1.06e-17	1.64e-10	9.80e-03	7.99e-01	1.92e-01	0.00e+00	0.00e+00	0.00e+00	0.00e+00	0.00e+00	6.65e-112
 9.96194e+12	6.16e-34	2.87e-25	1.38e-17	1.97e-10	1.08e-02	8.10e-01	1.79e-01	0.00e+00	0.00e+00	0.00e+00	0.00e+00	0.00e+00	8.34e-95
 1.02778e+13	8.78e-34	3.84e-25	1.73e-17	2.31e-10	1.18e-02	8.20e-01	1.68e-01	0.00e+00	0.00e+00	0.00e+00	0.00e+00	0.00e+00	4.65e-111
 1.06174e+13	1.27e-33	5.19e-25	2.20e-17	2.73e-10	1.29e-02	8.29e-01	1.58e-01	0.00e+00	0.00e+00	0.00e+00	0.00e+00	0.00e+00	3.90e-94
 1.10405e+13	1.97e-33	7.45e-25	2.93e-17	3.33e-10	1.44e-02	8.40e-01	1.46e-01	0.00e+00	0.00e+00	0.00e+00	0.00e+00	0.00e+00	3.67e-110
 1.14630e+13	3.02e-33	1.06e-24	3.86e-17	4.04e-10	1.60e-02	8.49e-01	1.35e-01	0.00e+00	0.00e+00	0.00e+00	0.00e+00	0.00e+00	2.47e-93
 1.18211e+13	4.27e-33	1.40e-24	4.84e-17	4.72e-10	1.73e-02	8.56e-01	1.27e-01	0.00e+00	0.00e+00	0.00e+00	0.00e+00	0.00e+00	2.63e-109
 1.22048e+13	6.10e-33	1.88e-24	6.10e-17	5.54e-10	1.89e-02	8.63e-01	1.18e-01	0.00e+00	0.00e+00	0.00e+00	0.00e+00	0.00e+00	1.10e-92
 1.26850e+13	9.39e-33	2.68e-24	8.09e-17	6.74e-10	2.09e-02	8.70e-01	1.09e-01	0.00e+00	0.00e+00	0.00e+00	0.00e+00	0.00e+00	1.99e-108
 1.31824e+13	1.44e-32	3.81e-24	1.07e-16	8.20e-10	2.32e-02	8.77e-01	1.00e-01	0.00e+00	0.00e+00	0.00e+00	0.00e+00	0.00e+00	6.75e-92
 1.36279e+13	2.08e-32	5.16e-24	1.36e-16	9.70e-10	2.53e-02	8.82e-01	9.29e-02	0.00e+00	0.00e+00	0.00e+00	0.00e+00	0.00e+00	1.53e-107
 1.41145e+13	3.05e-32	7.07e-24	1.75e-16	1.15e-09	2.77e-02	8.86e-01	8.59e-02	0.00e+00	0.00e+00	0.00e+00	0.00e+00	0.00e+00	3.30e-91
 1.46432e+13	4.56e-32	9.86e-24	2.29e-16	1.39e-09	3.05e-02	8.91e-01	7.90e-02	0.00e+00	0.00e+00	0.00e+00	0.00e+00	0.00e+00	1.16e-106
 1.51204e+13	6.46e-32	1.31e-23	2.88e-16	1.63e-09	3.31e-02	8.94e-01	7.34e-02	0.00e+00	0.00e+00	0.00e+00	0.00e+00	0.00e+00	1.61e-90
 1.56346e+13	9.24e-32	1.76e-23	3.64e-16	1.92e-09	3.59e-02	8.96e-01	6.80e-02	0.00e+00	0.00e+00	0.00e+00	0.00e+00	0.00e+00	7.27e-106
 1.62587e+13	1.40e-31	2.49e-23	4.81e-16	2.33e-09	3.96e-02	8.98e-01	6.20e-02	0.00e+00	0.00e+00	0.00e+00	0.00e+00	0.00e+00	8.31e-90
 1.68780e+13	2.09e-31	3.46e-23	6.25e-16	2.80e-09	4.35e-02	9.00e-01	5.68e-02	0.00e+00	0.00e+00	0.00e+00	0.00e+00	0.00e+00	6.07e-105
 1.74030e+13	2.88e-31	4.51e-23	7.74e-16	3.24e-09	4.69e-02	9.00e-01	5.29e-02	0.00e+00	0.00e+00	0.00e+00	0.00e+00	0.00e+00	3.80e-89
 1.79531e+13	3.97e-31	5.89e-23	9.57e-16	3.76e-09	5.05e-02	9.00e-01	4.92e-02	0.00e+00	0.00e+00	0.00e+00	0.00e+00	0.00e+00	3.30e-104
 1.85499e+13	5.57e-31	7.79e-23	1.20e-15	4.39e-09	5.46e-02	9.00e-01	4.55e-02	0.00e+00	0.00e+00	0.00e+00	0.00e+00	0.00e+00	1.56e-88
 1.90853e+13	7.46e-31	9.92e-23	1.45e-15	5.02e-09	5.83e-02	8.99e-01	4.25e-02	0.00e+00	0.00e+00	0.00e+00	0.00e+00	0.00e+00	1.75e-103
 1.96594e+13	1.01e-30	1.27e-22	1.77e-15	5.76e-09	6.24e-02	8.98e-01	3.97e-02	0.00e+00	0.00e+00	0.00e+00	0.00e+00	0.00e+00	5.62e-88
 2.03985e+13	1.47e-30	1.73e-22	2.27e-15	6.83e-09	6.79e-02	8.96e-01	3.63e-02	0.00e+00	0.00e+00	0.00e+00	0.00e+00	0.00e+00	1.06e-102
 2.11552e+13	2.11e-30	2.34e-22	2.89e-15	8.08e-09	7.37e-02	8.93e-01	3.33e-02	0.00e+00	0.00e+00	0.00e+00	0.00e+00	0.00e+00	2.79e-87
 2.17888e+13	2.84e-30	2.99e-22	3.51e-15	9.23e-09	7.87e-02	8.90e-01	3.10e-02	0.00e+00	0.00e+00	0.00e+00	0.00e+00	0.00e+00	6.26e-102
 2.24597e+13	3.83e-30	3.82e-22	4.27e-15	1.06e-08	8.40e-02	8.87e-01	2.89e-02	0.00e+00	0.00e+00	0.00e+00	0.00e+00	0.00e+00	1.03e-86
 2.33106e+13	5.53e-30	5.17e-22	5.43e-15	1.24e-08	9.10e-02	8.83e-01	2.64e-02	0.00e+00	0.00e+00	0.00e+00	0.00e+00	0.00e+00	3.82e-101
 2.42095e+13	8.02e-30	7.02e-22	6.92e-15	1.47e-08	9.87e-02	8.77e-01	2.41e-02	0.00e+00	0.00e+00	0.00e+00	0.00e+00	0.00e+00	5.26e-86
 2.50257e+13	1.11e-29	9.15e-22	8.53e-15	1.70e-08	1.06e-01	8.72e-01	2.22e-02	0.00e+00	0.00e+00	0.00e+00	0.00e+00	0.00e+00	2.55e-100
 2.59203e+13	1.56e-29	1.21e-21	1.06e-14	1.97e-08	1.13e-01	8.66e-01	2.04e-02	0.00e+00	0.00e+00	0.00e+00	0.00e+00	0.00e+00	2.33e-85
 2.69063e+13	2.23e-29	1.63e-21	1.34e-14	2.31e-08	1.22e-01	8.59e-01	1.87e-02	0.00e+00	0.00e+00	0.00e+00	0.00e+00	0.00e+00	1.75e-99
 2.78165e+13	3.08e-29	2.11e-21	1.65e-14	2.66e-08	1.31e-01	8.52e-01	1.72e-02	0.00e+00	0.00e+00	0.00e+00	0.00e+00	0.00e+00	1.08e-84
 2.88051e+13	4.30e-29	2.78e-21	2.04e-14	3.07e-08	1.40e-01	8.44e-01	1.58e-02	0.00e+00	0.00e+00	0.00e+00	0.00e+00	0.00e+00	1.08e-98
 2.99165e+13	6.17e-29	3.73e-21	2.57e-14	3.59e-08	1.50e-01	8.35e-01	1.44e-02	0.00e+00	0.00e+00	0.00e+00	0.00e+00	0.00e+00	5.27e-84
 3.09740e+13	8.58e-29	4.88e-21	3.18e-14	4.14e-08	1.61e-01	8.26e-01	1.32e-02	0.00e+00	0.00e+00	0.00e+00	0.00e+00	0.00e+00	7.39e-98
 3.21234e+13	1.21e-28	6.46e-21	3.94e-14	4.78e-08	1.72e-01	8.16e-01	1.20e-02	0.00e+00	0.00e+00	0.00e+00	0.00e+00	0.00e+00	2.50e-83
 3.33071e+13	1.70e-28	8.54e-21	4.91e-14	5.54e-08	1.84e-01	8.05e-01	1.10e-02	0.00e+00	0.00e+00	0.00e+00	0.00e+00	0.00e+00	5.07e-97
 3.42421e+13	2.21e-28	1.06e-20	5.78e-14	6.18e-08	1.93e-01	7.97e-01	1.02e-02	0.00e+00	0.00e+00	0.00e+00	0.00e+00	0.00e+00	9.93e-83
 3.51527e+13	2.82e-28	1.29e-20	6.74e-14	6.85e-08	2.02e-01	7.88e-01	9.56e-03	0.00e+00	0.00e+00	0.00e+00	0.00e+00	0.00e+00	2.12e-96
 3.63365e+13	3.84e-28	1.66e-20	8.18e-14	7.79e-08	2.14e-01	7.77e-01	8.79e-03	0.00e+00	0.00e+00	0.00e+00	0.00e+00	0.00e+00	3.64e-82
 3.75811e+13	5.26e-28	2.13e-20	9.97e-14	8.89e-08	2.27e-01	7.65e-01	8.04e-03	0.00e+00	0.00e+00	0.00e+00	0.00e+00	0.00e+00	1.24e-95
 3.86436e+13	6.81e-28	2.63e-20	1.17e-13	9.89e-08	2.37e-01	7.55e-01	7.47e-03	0.00e+00	0.00e+00	0.00e+00	0.00e+00	0.00e+00	1.38e-81
 3.97635e+13	8.86e-28	3.26e-20	1.38e-13	1.10e-07	2.49e-01	7.44e-01	6.92e-03	0.00e+00	0.00e+00	0.00e+00	0.00e+00	0.00e+00	5.49e-95
 4.12194e+13	1.23e-27	4.26e-20	1.70e-13	1.26e-07	2.64e-01	7.30e-01	6.29e-03	0.00e+00	0.00e+00	0.00e+00	0.00e+00	0.00e+00	5.61e-81
 4.27330e+13	1.71e-27	5.56e-20	2.09e-13	1.45e-07	2.79e-01	7.15e-01	5.69e-03	0.00e+00	0.00e+00	0.00e+00	0.00e+00	0.00e+00	3.66e-94
 4.40051e+13	2.24e-27	6.91e-20	2.46e-13	1.61e-07	2.92e-01	7.02e-01	5.25e-03	0.00e+00	0.00e+00	0.00e+00	0.00e+00	0.00e+00	2.29e-80
 4.53421e+13	2.94e-27	8.60e-20	2.91e-13	1.80e-07	3.06e-01	6.89e-01	4.84e-03	0.00e+00	0.00e+00	0.00e+00	0.00e+00	0.00e+00	1.74e-93
 4.70347e+13	4.10e-27	1.12e-19	3.57e-13	2.05e-07	3.23e-01	6.73e-01	4.37e-03	0.00e+00	0.00e+00	0.00e+00	0.00e+00	0.00e+00	9.71e-80
 4.87752e+13	5.68e-27	1.46e-19	4.38e-13	2.35e-07	3.41e-01	6.55e-01	3.93e-03	0.00e+00	0.00e+00	0.00e+00	0.00e+00	0.00e+00	1.18e-92
 5.02683e+13	7.44e-27	1.82e-19	5.17e-13	2.61e-07	3.55e-01	6.41e-01	3.60e-03	0.00e+00	0.00e+00	0.00e+00	0.00e+00	0.00e+00	4.02e-79
 5.18543e+13	9.82e-27	2.27e-19	6.12e-13	2.91e-07	3.71e-01	6.26e-01	3.29e-03	0.00e+00	0.00e+00	0.00e+00	0.00e+00	0.00e+00	5.86e-92
 5.38207e+13	1.37e-26	2.97e-19	7.49e-13	3.31e-07	3.90e-01	6.07e-01	2.95e-03	0.00e+00	0.00e+00	0.00e+00	0.00e+00	0.00e+00	1.75e-78
 5.58152e+13	1.88e-26	3.84e-19	9.13e-13	3.76e-07	4.09e-01	5.89e-01	2.64e-03	0.00e+00	0.00e+00	0.00e+00	0.00e+00	0.00e+00	4.00e-91
 5.75555e+13	2.47e-26	4.77e-19	1.08e-12	4.18e-07	4.25e-01	5.73e-01	2.41e-03	0.00e+00	0.00e+00	0.00e+00	0.00e+00	0.00e+00	7.27e-78
 5.94317e+13	3.27e-26	5.98e-19	1.28e-12	4.65e-07	4.42e-01	5.56e-01	2.18e-03	0.00e+00	0.00e+00	0.00e+00	0.00e+00	0.00e+00	2.05e-90
 6.17170e+13	4.54e-26	7.78e-19	1.56e-12	5.27e-07	4.62e-01	5.36e-01	1.94e-03	0.00e+00	0.00e+00	0.00e+00	0.00e+00	0.00e+00	3.24e-77
 6.40225e+13	6.21e-26	1.00e-18	1.89e-12	5.96e-07	4.82e-01	5.16e-01	1.73e-03	0.00e+00	0.00e+00	0.00e+00	0.00e+00	0.00e+00	1.40e-89
 6.60780e+13	8.17e-26	1.25e-18	2.22e-12	6.59e-07	4.99e-01	5.00e-01	1.56e-03	0.00e+00	0.00e+00	0.00e+00	0.00e+00	0.00e+00	1.36e-76
 6.83203e+13	1.09e-25	1.56e-18	2.64e-12	7.33e-07	5.16e-01	4.82e-01	1.41e-03	0.00e+00	0.00e+00	0.00e+00	0.00e+00	0.00e+00	7.59e-89
 7.09944e+13	1.51e-25	2.03e-18	3.20e-12	8.27e-07	5.37e-01	4.62e-01	1.24e-03	0.00e+00	0.00e+00	0.00e+00	0.00e+00	0.00e+00	6.30e-76
 7.36847e+13	2.06e-25	2.61e-18	3.87e-12	9.30e-07	5.57e-01	4.42e-01	1.10e-03	0.00e+00	0.00e+00	0.00e+00	0.00e+00	0.00e+00	1.36e-75
 7.61823e+13	2.74e-25	3.27e-18	4.57e-12	1.03e-06	5.74e-01	4.25e-01	9.82e-04	0.00e+00	0.00e+00	0.00e+00	0.00e+00	0.00e+00	2.77e-75
 7.89591e+13	3.70e-25	4.15e-18	5.45e-12	1.15e-06	5.93e-01	4.07e-01	8.72e-04	0.00e+00	0.00e+00	0.00e+00	0.00e+00	0.00e+00	5.94e-75
 8.21474e+13	5.16e-25	5.40e-18	6.62e-12	1.29e-06	6.13e-01	3.87e-01	7.63e-04	0.00e+00	0.00e+00	0.00e+00	0.00e+00	0.00e+00	1.38e-74
 8.52474e+13	7.01e-25	6.88e-18	7.93e-12	1.44e-06	6.31e-01	3.68e-01	6.71e-04	0.00e+00	0.00e+00	0.00e+00	0.00e+00	0.00e+00	2.98e-74
 8.79916e+13	9.12e-25	8.47e-18	9.23e-12	1.57e-06	6.47e-01	3.53e-01	6.02e-04	0.00e+00	0.00e+00	0.00e+00	0.00e+00	0.00e+00	5.85e-74
 9.03412e+13	1.13e-24	1.01e-17	1.05e-11	1.69e-06	6.59e-01	3.40e-01	5.49e-04	0.00e+00	0.00e+00	0.00e+00	0.00e+00	0.00e+00	1.02e-73
 9.28254e+13	1.42e-24	1.20e-17	1.19e-11	1.83e-06	6.72e-01	3.28e-01	5.00e-04	0.00e+00	0.00e+00	0.00e+00	0.00e+00	0.00e+00	1.82e-73
 9.60549e+13	1.89e-24	1.50e-17	1.40e-11	2.01e-06	6.87e-01	3.12e-01	4.44e-04	0.00e+00	0.00e+00	0.00e+00	0.00e+00	0.00e+00	3.82e-73
 9.93837e+13	2.49e-24	1.86e-17	1.64e-11	2.20e-06	7.03e-01	2.97e-01	3.93e-04	0.00e+00	0.00e+00	0.00e+00	0.00e+00	0.00e+00	7.76e-73
 1.02134e+14	3.12e-24	2.22e-17	1.86e-11	2.37e-06	7.14e-01	2.85e-01	3.57e-04	0.00e+00	0.00e+00	0.00e+00	0.00e+00	0.00e+00	1.39e-72
 1.05003e+14	3.91e-24	2.65e-17	2.11e-11	2.55e-06	7.26e-01	2.74e-01	3.24e-04	0.00e+00	0.00e+00	0.00e+00	0.00e+00	0.00e+00	2.53e-72
 1.08732e+14	5.22e-24	3.32e-17	2.47e-11	2.79e-06	7.40e-01	2.60e-01	2.86e-04	0.00e+00	0.00e+00	0.00e+00	0.00e+00	0.00e+00	5.40e-72
 1.12681e+14	6.95e-24	4.14e-17	2.91e-11	3.07e-06	7.54e-01	2.46e-01	2.51e-04	0.00e+00	0.00e+00	0.00e+00	0.00e+00	0.00e+00	1.13e-71
 1.16093e+14	8.89e-24	5.01e-17	3.33e-11	3.30e-06	7.65e-01	2.35e-01	2.26e-04	0.00e+00	0.00e+00	0.00e+00	1.61e-17	3.40e-17	2.17e-71
 1.19705e+14	1.14e-23	6.08e-17	3.81e-11	3.56e-06	7.76e-01	2.24e-01	2.02e-04	0.00e+00	0.00e+00	0.00e+00	2.02e-17	4.06e-17	4.22e-71
 1.24196e+14	1.55e-23	7.69e-17	4.49e-11	3.90e-06	7.88e-01	2.11e-01	1.77e-04	0.00e+00	0.00e+00	0.00e+00	2.55e-17	5.14e-17	9.47e-71
 1.28804e+14	2.07e-23	9.63e-17	5.28e-11	4.27e-06	8.01e-01	1.99e-01	1.55e-04	0.00e+00	0.00e+00	0.00e+00	3.19e-17	6.43e-17	2.04e-70
 1.32859e+14	2.67e-23	1.17e-16	6.04e-11	4.60e-06	8.10e-01	1.89e-01	1.38e-04	0.00e+00	0.00e+00	0.00e+00	3.88e-17	7.81e-17	4.01e-70
 1.37225e+14	3.48e-23	1.43e-16	6.95e-11	4.96e-06	8.20e-01	1.80e-01	1.23e-04	0.00e+00	0.00e+00	0.00e+00	4.75e-17	9.56e-17	8.14e-70
 1.42501e+14	4.74e-23	1.82e-16	8.18e-11	5.42e-06	8.31e-01	1.69e-01	1.07e-04	0.00e+00	0.00e+00	0.00e+00	6.02e-17	1.21e-16	1.87e-69
 1.47829e+14	6.34e-23	2.27e-16	9.59e-11	5.91e-06	8.41e-01	1.59e-01	9.37e-05	0.00e+00	0.00e+00	0.00e+00	7.53e-17	1.52e-16	4.09e-69
 1.52676e+14	8.28e-23	2.78e-16	1.10e-10	6.35e-06	8.49e-01	1.50e-01	8.34e-05	0.00e+00	0.00e+00	0.00e+00	9.23e-17	1.86e-16	8.44e-69
 1.58029e+14	1.09e-22	3.44e-16	1.27e-10	6.87e-06	8.58e-01	1.42e-01	7.34e-05	0.00e+00	0.00e+00	0.00e+00	1.14e-16	2.30e-16	1.79e-68
 1.64290e+14	1.50e-22	4.37e-16	1.50e-10	7.50e-06	8.67e-01	1.33e-01	6.36e-05	0.00e+00	0.00e+00	0.00e+00	1.45e-16	2.92e-16	4.17e-68
 1.70484e+14	2.02e-22	5.49e-16	1.76e-10	8.15e-06	8.75e-01	1.24e-01	5.54e-05	0.00e+00	0.00e+00	0.00e+00	1.82e-16	3.67e-16	9.39e-68
 1.76348e+14	2.64e-22	6.73e-16	2.02e-10	8.78e-06	8.83e-01	1.17e-01	4.89e-05	0.00e+00	0.00e+00	0.00e+00	2.23e-16	4.50e-16	1.94e-67
 1.82855e+14	3.54e-22	8.40e-16	2.35e-10	9.50e-06	8.90e-01	1.10e-01	4.27e-05	0.00e+00	0.00e+00	0.00e+00	2.79e-16	5.61e-16	4.31e-67
 1.90200e+14	4.87e-22	1.07e-15	2.77e-10	1.03e-05	8.97e-01	1.03e-01	3.69e-05	0.00e+00	0.00e+00	0.00e+00	3.55e-16	7.17e-16	1.04e-66
 1.97609e+14	6.58e-22	1.35e-15	3.25e-10	1.12e-05	9.04e-01	9.60e-02	3.20e-05	0.00e+00	0.00e+00	0.00e+00	4.47e-16	9.01e-16	2.34e-66
 2.05315e+14	8.96e-22	1.70e-15	3.81e-10	1.22e-05	9.10e-01	8.97e-02	2.77e-05	0.00e+00	0.00e+00	0.00e+00	5.64e-16	1.14e-15	5.44e-66
 2.12242e+14	1.17e-21	2.09e-15	4.37e-10	1.31e-05	9.15e-01	8.46e-02	2.45e-05	0.00e+00	0.00e+00	0.00e+00	6.92e-16	1.40e-15	1.14e-65
 2.17575e+14	1.42e-21	2.41e-15	4.85e-10	1.38e-05	9.19e-01	8.08e-02	2.22e-05	0.00e+00	0.00e+00	0.00e+00	8.00e-16	1.61e-15	1.91e-65
 2.23202e+14	1.74e-21	2.82e-15	5.38e-10	1.46e-05	9.23e-01	7.72e-02	2.02e-05	0.00e+00	0.00e+00	0.00e+00	9.33e-16	1.88e-15	3.34e-65
 2.30516e+14	2.25e-21	3.42e-15	6.15e-10	1.56e-05	9.27e-01	7.28e-02	1.79e-05	0.00e+00	0.00e+00	0.00e+00	1.13e-15	2.29e-15	6.76e-65
 2.38446e+14	2.94e-21	4.20e-15	7.07e-10	1.67e-05	9.32e-01	6.84e-02	1.57e-05	0.00e+00	0.00e+00	0.00e+00	1.39e-15	2.81e-15	1.41e-64
 2.45598e+14	3.72e-21	5.03e-15	7.97e-10	1.78e-05	9.35e-01	6.48e-02	1.41e-05	0.00e+00	0.00e+00	0.00e+00	1.66e-15	3.36e-15	2.71e-64
 2.53317e+14	4.72e-21	6.03e-15	9.06e-10	1.90e-05	9.39e-01	6.12e-02	1.25e-05	0.00e+00	0.00e+00	0.00e+00	2.00e-15	4.03e-15	5.20e-64
 2.62849e+14	6.36e-21	7.55e-15	1.05e-09	2.05e-05	9.43e-01	5.72e-02	1.09e-05	0.00e+00	0.00e+00	0.00e+00	2.50e-15	5.05e-15	1.19e-63
 2.72471e+14	8.36e-21	9.31e-15	1.22e-09	2.21e-05	9.47e-01	5.34e-02	9.44e-06	0.00e+00	0.00e+00	0.00e+00	3.08e-15	6.23e-15	2.50e-63
 2.80895e+14	1.06e-20	1.11e-14	1.38e-09	2.36e-05	9.50e-01	5.05e-02	8.40e-06	0.00e+00	0.00e+00	0.00e+00	3.69e-15	7.46e-15	4.82e-63
 2.90025e+14	1.36e-20	1.35e-14	1.57e-09	2.52e-05	9.52e-01	4.75e-02	7.43e-06	0.00e+00	0.00e+00	0.00e+00	4.48e-15	9.05e-15	9.73e-63
 3.01105e+14	1.82e-20	1.69e-14	1.83e-09	2.72e-05	9.56e-01	4.43e-02	6.42e-06	0.00e+00	0.00e+00	0.00e+00	5.58e-15	1.13e-14	2.16e-62
 3.12047e+14	2.38e-20	2.07e-14	2.12e-09	2.93e-05	9.59e-01	4.13e-02	5.58e-06	0.00e+00	0.00e+00	0.00e+00	6.84e-15	1.38e-14	4.48e-62
 3.21573e+14	3.01e-20	2.48e-14	2.40e-09	3.12e-05	9.61e-01	3.90e-02	4.97e-06	0.00e+00	0.00e+00	0.00e+00	8.21e-15	1.66e-14	8.70e-62
 3.31929e+14	3.80e-20	2.97e-14	2.73e-09	3.33e-05	9.63e-01	3.67e-02	4.38e-06	0.00e+00	0.00e+00	0.00e+00	9.81e-15	1.99e-14	1.64e-61
 3.44553e+14	5.10e-20	3.72e-14	3.17e-09	3.60e-05	9.66e-01	3.42e-02	3.79e-06	0.00e+00	0.00e+00	0.00e+00	1.23e-14	2.49e-14	3.73e-61
 3.57217e+14	6.65e-20	4.55e-14	3.68e-09	3.88e-05	9.68e-01	3.18e-02	3.28e-06	0.00e+00	0.00e+00	0.00e+00	1.50e-14	3.05e-14	7.69e-61
 3.68447e+14	8.42e-20	5.47e-14	4.17e-09	4.13e-05	9.70e-01	3.00e-02	2.90e-06	0.00e+00	0.00e+00	0.00e+00	1.81e-14	3.66e-14	1.49e-60
 3.80722e+14	1.07e-19	6.56e-14	4.76e-09	4.43e-05	9.72e-01	2.81e-02	2.54e-06	0.00e+00	0.00e+00	0.00e+00	2.17e-14	4.40e-14	2.86e-60
 3.95429e+14	1.42e-19	8.18e-14	5.56e-09	4.79e-05	9.74e-01	2.61e-02	2.19e-06	0.00e+00	0.00e+00	0.00e+00	2.70e-14	5.48e-14	6.31e-60
 4.10024e+14	1.86e-19	1.01e-13	6.44e-09	5.16e-05	9.76e-01	2.42e-02	1.89e-06	0.00e+00	0.00e+00	0.00e+00	3.32e-14	6.75e-14	1.33e-59
 4.23213e+14	2.36e-19	1.21e-13	7.31e-09	5.51e-05	9.77e-01	2.28e-02	1.67e-06	0.00e+00	0.00e+00	0.00e+00	4.00e-14	8.12e-14	2.59e-59
 4.37844e+14	3.01e-19	1.46e-13	8.40e-09	5.92e-05	9.79e-01	2.13e-02	1.45e-06	0.00e+00	0.00e+00	0.00e+00	4.82e-14	9.80e-14	5.04e-59
 4.55052e+14	4.01e-19	1.83e-13	9.81e-09	6.40e-05	9.80e-01	1.97e-02	1.24e-06	0.00e+00	0.00e+00	0.00e+00	6.04e-14	1.23e-13	1.14e-58
 4.72071e+14	5.18e-19	2.24e-13	1.14e-08	6.92e-05	9.82e-01	1.83e-02	1.07e-06	0.00e+00	0.00e+00	0.00e+00	7.37e-14	1.50e-13	2.31e-58
 4.87885e+14	6.64e-19	2.71e-13	1.30e-08	7.40e-05	9.83e-01	1.71e-02	9.37e-07	0.00e+00	0.00e+00	0.00e+00	8.94e-14	1.82e-13	4.63e-58
 5.05544e+14	8.53e-19	3.29e-13	1.51e-08	7.98e-05	9.84e-01	1.59e-02	0.00e+00	0.00e+00	0.00e+00	0.00e+00	1.08e-13	2.21e-13	9.21e-58
 5.24210e+14	1.11e-18	4.04e-13	1.74e-08	8.60e-05	9.85e-01	1.48e-02	0.00e+00	0.00e+00	0.00e+00	0.00e+00	1.33e-13	2.71e-13	1.92e-57
 5.40660e+14	1.39e-18	4.82e-13	1.97e-08	9.17e-05	9.86e-01	1.39e-02	0.00e+00	0.00e+00	0.00e+00	0.00e+00	1.59e-13	3.23e-13	3.60e-57
 5.58398e+14	1.75e-18	5.77e-13	2.25e-08	9.81e-05	9.87e-01	1.30e-02	0.00e+00	0.00e+00	0.00e+00	0.00e+00	1.90e-13	3.87e-13	6.88e-57
 5.79806e+14	2.26e-18	7.07e-13	2.62e-08	1.06e-04	9.88e-01	1.21e-02	0.00e+00	0.00e+00	0.00e+00	0.00e+00	2.33e-13	4.75e-13	1.42e-56
 5.99147e+14	2.88e-18	8.55e-13	2.99e-08	1.14e-04	9.89e-01	1.13e-02	0.00e+00	0.00e+00	0.00e+00	0.00e+00	2.81e-13	5.74e-13	2.80e-56
 6.13731e+14	3.41e-18	9.75e-13	3.30e-08	1.19e-04	9.89e-01	1.07e-02	0.00e+00	0.00e+00	0.00e+00	0.00e+00	3.20e-13	6.55e-13	4.48e-56
 6.28973e+14	4.05e-18	1.12e-12	3.64e-08	1.26e-04	9.90e-01	1.02e-02	0.00e+00	0.00e+00	0.00e+00	0.00e+00	3.67e-13	7.50e-13	7.28e-56
 6.48788e+14	5.01e-18	1.32e-12	4.13e-08	1.34e-04	9.90e-01	9.57e-03	0.00e+00	0.00e+00	0.00e+00	0.00e+00	4.34e-13	8.87e-13	1.33e-55
 6.70302e+14	6.35e-18	1.59e-12	4.71e-08	1.43e-04	9.91e-01	8.95e-03	0.00e+00	0.00e+00	0.00e+00	0.00e+00	5.22e-13	1.07e-12	2.60e-55
 6.89803e+14	7.72e-18	1.85e-12	5.29e-08	1.52e-04	9.91e-01	8.43e-03	0.00e+00	0.00e+00	0.00e+00	0.00e+00	6.08e-13	1.25e-12	4.48e-55
 7.10929e+14	9.59e-18	2.20e-12	5.98e-08	1.62e-04	9.92e-01	7.93e-03	0.00e+00	0.00e+00	0.00e+00	0.00e+00	7.22e-13	1.48e-12	8.33e-55
 7.37342e+14	1.24e-17	2.69e-12	6.93e-08	1.75e-04	9.92e-01	7.35e-03	0.00e+00	0.00e+00	0.00e+00	0.00e+00	8.81e-13	1.81e-12	1.70e-54
 7.63781e+14	1.59e-17	3.27e-12	7.99e-08	1.88e-04	9.93e-01	6.83e-03	0.00e+00	0.00e+00	0.00e+00	0.00e+00	1.07e-12	2.20e-12	3.45e-54
 7.86362e+14	1.94e-17	3.83e-12	8.99e-08	2.00e-04	9.93e-01	6.43e-03	0.00e+00	0.00e+00	0.00e+00	0.00e+00	1.26e-12	2.58e-12	6.14e-54
 8.10774e+14	2.40e-17	4.54e-12	1.02e-07	2.13e-04	9.94e-01	6.04e-03	0.00e+00	0.00e+00	0.00e+00	0.00e+00	1.49e-12	3.05e-12	1.13e-53
 8.41078e+14	3.10e-17	5.54e-12	1.18e-07	2.30e-04	9.94e-01	5.59e-03	0.00e+00	0.00e+00	0.00e+00	0.00e+00	1.81e-12	3.73e-12	2.31e-53
 8.72113e+14	3.98e-17	6.78e-12	1.36e-07	2.48e-04	9.95e-01	5.19e-03	0.00e+00	0.00e+00	0.00e+00	0.00e+00	2.22e-12	4.56e-12	4.80e-53
 8.99753e+14	4.95e-17	8.02e-12	1.55e-07	2.65e-04	9.95e-01	4.86e-03	0.00e+00	4.09e-18	1.23e-17	2.05e-17	2.62e-12	5.40e-12	8.82e-53
 9.29912e+14	6.23e-17	9.64e-12	1.77e-07	2.84e-04	9.95e-01	4.54e-03	0.00e+00	5.15e-18	1.55e-17	2.58e-17	3.15e-12	6.49e-12	1.72e-52
 9.65912e+14	8.13e-17	1.19e-11	2.06e-07	3.08e-04	9.96e-01	4.19e-03	0.00e+00	6.73e-18	2.02e-17	3.38e-17	3.88e-12	7.98e-12	3.65e-52
 1.00145e+15	1.04e-16	1.44e-11	2.39e-07	3.32e-04	9.96e-01	3.88e-03	0.00e+00	8.58e-18	2.58e-17	4.31e-17	4.72e-12	9.73e-12	7.48e-52
 1.03367e+15	1.30e-16	1.72e-11	2.72e-07	3.55e-04	9.96e-01	3.63e-03	0.00e+00	1.08e-17	3.23e-17	5.40e-17	5.61e-12	1.16e-11	1.41e-51
 1.06961e+15	1.63e-16	2.07e-11	3.12e-07	3.81e-04	9.96e-01	3.38e-03	0.00e+00	1.35e-17	4.06e-17	6.79e-17	6.76e-12	1.39e-11	2.77e-51
 1.11174e+15	2.15e-16	2.56e-11	3.65e-07	4.14e-04	9.96e-01	3.11e-03	0.00e+00	1.78e-17	5.35e-17	8.95e-17	8.37e-12	1.73e-11	6.03e-51
 1.15324e+15	2.73e-16	3.12e-11	4.23e-07	4.47e-04	9.97e-01	2.88e-03	0.00e+00	2.27e-17	6.80e-17	1.14e-16	1.02e-11	2.10e-11	1.23e-50
 1.19226e+15	3.46e-16	3.75e-11	4.85e-07	4.80e-04	9.97e-01	2.68e-03	0.00e+00	2.87e-17	8.63e-17	1.44e-16	1.22e-11	2.53e-11	2.40e-50
 1.22619e+15	4.21e-16	4.38e-11	5.44e-07	5.10e-04	9.97e-01	2.52e-03	0.00e+00	3.49e-17	1.05e-16	1.75e-16	1.43e-11	2.95e-11	4.23e-50
 1.25428e+15	4.91e-16	4.95e-11	5.96e-07	5.35e-04	9.97e-01	2.40e-03	0.00e+00	4.08e-17	1.22e-16	2.05e-16	1.62e-11	3.34e-11	6.64e-50
 1.28534e+15	5.75e-16	5.64e-11	6.58e-07	5.64e-04	9.97e-01	2.28e-03	0.00e+00	4.77e-17	1.43e-16	2.40e-16	1.84e-11	3.80e-11	1.06e-49
 1.32571e+15	7.16e-16	6.69e-11	7.47e-07	6.03e-04	9.97e-01	2.13e-03	0.00e+00	5.95e-17	1.79e-16	2.98e-16	2.18e-11	4.51e-11	1.99e-49
 1.36807e+15	8.88e-16	7.95e-11	8.49e-07	6.46e-04	9.97e-01	1.99e-03	0.00e+00	7.38e-17	2.22e-16	3.70e-16	2.59e-11	5.36e-11	3.73e-49
 1.40424e+15	1.04e-15	9.11e-11	9.44e-07	6.83e-04	9.97e-01	1.88e-03	0.00e+00	8.68e-17	2.61e-16	4.36e-16	2.97e-11	6.14e-11	6.13e-49
 1.44248e+15	1.27e-15	1.06e-10	1.05e-06	7.25e-04	9.98e-01	1.77e-03	0.00e+00	1.05e-16	3.16e-16	5.29e-16	3.45e-11	7.13e-11	1.06e-48
 1.49220e+15	1.59e-15	1.27e-10	1.21e-06	7.81e-04	9.98e-01	1.65e-03	0.00e+00	1.33e-16	3.98e-16	6.65e-16	4.15e-11	8.57e-11	2.09e-48
 1.54345e+15	1.98e-15	1.52e-10	1.39e-06	8.42e-04	9.98e-01	1.53e-03	0.00e+00	1.65e-16	4.97e-16	8.30e-16	4.96e-11	1.03e-10	4.02e-48
 1.58596e+15	2.38e-15	1.76e-10	1.55e-06	8.93e-04	9.98e-01	1.44e-03	0.00e+00	1.99e-16	5.97e-16	9.97e-16	5.75e-11	1.19e-10	6.92e-48
 1.63049e+15	2.82e-15	2.03e-10	1.73e-06	9.49e-04	9.98e-01	1.35e-03	0.00e+00	2.35e-16	7.06e-16	1.18e-15	6.63e-11	1.37e-10	1.16e-47
 1.68837e+15	3.60e-15	2.47e-10	2.00e-06	1.03e-03	9.98e-01	1.25e-03	0.00e+00	3.01e-16	9.04e-16	1.51e-15	8.04e-11	1.66e-10	2.38e-47
 1.74922e+15	4.53e-15	2.98e-10	2.31e-06	1.11e-03	9.98e-01	1.15e-03	0.00e+00	3.79e-16	1.14e-15	1.90e-15	9.71e-11	2.01e-10	4.74e-47
 1.80164e+15	5.50e-15	3.49e-10	2.61e-06	1.19e-03	9.98e-01	1.08e-03	0.00e+00	4.60e-16	1.38e-15	2.31e-15	1.14e-10	2.35e-10	8.55e-47
 1.85752e+15	6.56e-15	4.07e-10	2.95e-06	1.27e-03	9.98e-01	1.01e-03	0.00e+00	5.50e-16	1.65e-15	2.76e-15	1.33e-10	2.74e-10	1.50e-46
 1.92690e+15	8.50e-15	4.99e-10	3.43e-06	1.38e-03	9.98e-01	9.26e-04	0.00e+00	7.13e-16	2.14e-15	3.58e-15	1.63e-10	3.36e-10	3.22e-46
 1.99782e+15	1.07e-14	6.04e-10	3.97e-06	1.50e-03	9.98e-01	8.52e-04	0.00e+00	8.99e-16	2.70e-15	4.51e-15	1.97e-10	4.07e-10	6.55e-46
 2.06046e+15	1.28e-14	7.05e-10	4.50e-06	1.60e-03	9.98e-01	7.95e-04	0.00e+00	1.07e-15	3.22e-15	5.38e-15	2.30e-10	4.75e-10	1.16e-45
 2.12836e+15	1.61e-14	8.46e-10	5.14e-06	1.73e-03	9.98e-01	7.37e-04	0.00e+00	1.35e-15	4.06e-15	6.79e-15	2.76e-10	5.70e-10	2.30e-45
 2.21008e+15	2.02e-14	1.03e-09	5.99e-06	1.88e-03	9.97e-01	6.76e-04	0.00e+00	1.70e-15	5.12e-15	8.55e-15	3.36e-10	6.93e-10	4.79e-45
 2.29144e+15	2.56e-14	1.25e-09	6.94e-06	2.05e-03	9.97e-01	6.22e-04	0.00e+00	2.16e-15	6.49e-15	1.08e-14	4.09e-10	8.42e-10	9.96e-45
 2.36464e+15	3.09e-14	1.47e-09	7.88e-06	2.20e-03	9.97e-01	5.78e-04	0.00e+00	2.61e-15	7.83e-15	1.31e-14	4.80e-10	9.89e-10	1.83e-44
 2.44557e+15	3.81e-14	1.75e-09	9.02e-06	2.38e-03	9.97e-01	5.34e-04	0.00e+00	3.22e-15	9.67e-15	1.62e-14	5.74e-10	1.18e-09	3.56e-44
 2.54116e+15	4.87e-14	2.15e-09	1.05e-05	2.59e-03	9.97e-01	4.89e-04	0.00e+00	4.12e-15	1.24e-14	2.07e-14	7.05e-10	1.45e-09	7.73e-44
 2.62217e+15	5.93e-14	2.54e-09	1.20e-05	2.78e-03	9.97e-01	4.55e-04	0.00e+00	5.03e-15	1.51e-14	2.52e-14	8.33e-10	1.71e-09	1.46e-43
 2.67797e+15	6.82e-14	2.86e-09	1.30e-05	2.92e-03	9.97e-01	4.33e-04	0.00e+00	5.79e-15	1.74e-14	2.90e-14	9.35e-10	1.92e-09	2.26e-43
 2.73460e+15	7.77e-14	3.19e-09	1.42e-05	3.06e-03	9.97e-01	4.12e-04	0.00e+00	6.60e-15	1.98e-14	3.31e-14	1.04e-09	2.15e-09	3.45e-43
 2.80821e+15	8.94e-14	3.63e-09	1.58e-05	3.25e-03	9.96e-01	3.88e-04	0.00e+00	7.60e-15	2.28e-14	3.81e-14	1.19e-09	2.44e-09	5.61e-43
 2.89076e+15	1.10e-13	4.29e-09	1.77e-05	3.48e-03	9.96e-01	3.62e-04	0.00e+00	9.33e-15	2.80e-14	4.68e-14	1.40e-09	2.88e-09	1.08e-42
 2.96828e+15	1.26e-13	4.87e-09	1.97e-05	3.69e-03	9.96e-01	3.41e-04	0.00e+00	1.08e-14	3.23e-14	5.40e-14	1.60e-09	3.28e-09	1.78e-42
 3.05242e+15	1.53e-13	5.72e-09	2.20e-05	3.94e-03	9.96e-01	3.19e-04	0.00e+00	1.31e-14	3.92e-14	6.55e-14	1.88e-09	3.84e-09	3.36e-42
 3.14578e+15	1.80e-13	6.63e-09	2.49e-05	4.22e-03	9.95e-01	2.98e-04	0.00e+00	1.54e-14	4.62e-14	7.72e-14	2.18e-09	4.46e-09	6.07e-42
 3.23322e+15	2.19e-13	7.79e-09	2.78e-05	4.49e-03	9.95e-01	2.79e-04	0.00e+00	1.87e-14	5.63e-14	9.39e-14	2.56e-09	5.23e-09	1.15e-41
 3.32895e+15	2.56e-13	8.98e-09	3.12e-05	4.80e-03	9.95e-01	2.61e-04	0.00e+00	2.19e-14	6.57e-14	1.10e-13	2.95e-09	6.03e-09	1.99e-41
 3.43612e+15	3.18e-13	1.08e-08	3.54e-05	5.16e-03	9.95e-01	2.42e-04	0.00e+00	2.73e-14	8.19e-14	1.37e-13	3.55e-09	7.25e-09	4.15e-41
 3.53692e+15	3.71e-13	1.24e-08	3.98e-05	5.50e-03	9.94e-01	2.26e-04	0.00e+00	3.19e-14	9.56e-14	1.60e-13	4.09e-09	8.35e-09	7.17e-41
 3.64668e+15	4.52e-13	1.48e-08	4.50e-05	5.91e-03	9.94e-01	2.10e-04	0.00e+00	3.89e-14	1.17e-13	1.95e-13	4.86e-09	9.94e-09	1.43e-40
 3.76993e+15	5.53e-13	1.77e-08	5.14e-05	6.37e-03	9.93e-01	1.94e-04	0.00e+00	4.76e-14	1.43e-13	2.39e-13	5.82e-09	1.19e-08	2.88e-40
 3.88764e+15	6.61e-13	2.07e-08	5.81e-05	6.82e-03	9.93e-01	1.81e-04	0.00e+00	5.69e-14	1.71e-13	2.85e-13	6.82e-09	1.39e-08	5.17e-40
 4.01759e+15	8.26e-13	2.52e-08	6.63e-05	7.36e-03	9.92e-01	1.68e-04	0.00e+00	7.13e-14	2.14e-13	3.57e-13	8.29e-09	1.69e-08	1.11e-39
 4.16343e+15	1.03e-12	3.06e-08	7.65e-05	7.97e-03	9.92e-01	1.54e-04	0.00e+00	8.85e-14	2.66e-13	4.44e-13	1.01e-08	2.05e-08	2.36e-39
 4.30190e+15	1.22e-12	3.60e-08	8.71e-05	8.58e-03	9.91e-01	1.43e-04	0.00e+00	1.06e-13	3.17e-13	5.29e-13	1.18e-08	2.41e-08	4.37e-39
 4.45388e+15	1.54e-12	4.43e-08	1.00e-04	9.29e-03	9.90e-01	1.31e-04	0.00e+00	1.34e-13	4.01e-13	6.69e-13	1.46e-08	2.97e-08	9.92e-39
 4.62194e+15	1.89e-12	5.33e-08	1.16e-04	1.01e-02	9.90e-01	1.21e-04	0.00e+00	1.63e-13	4.90e-13	8.19e-13	1.76e-08	3.57e-08	1.98e-38
 4.77829e+15	2.35e-12	6.55e-08	1.33e-04	1.09e-02	9.89e-01	1.11e-04	0.00e+00	2.04e-13	6.14e-13	1.02e-12	2.16e-08	4.39e-08	4.39e-38
 4.94894e+15	2.86e-12	7.81e-08	1.53e-04	1.18e-02	9.88e-01	1.03e-04	0.00e+00	2.49e-13	7.46e-13	1.25e-12	2.57e-08	5.23e-08	8.45e-38
 5.14039e+15	3.65e-12	9.83e-08	1.78e-04	1.28e-02	9.87e-01	9.38e-05	0.00e+00	3.18e-13	9.55e-13	1.59e-12	3.24e-08	6.59e-08	2.05e-37
 5.29468e+15	4.33e-12	1.16e-07	2.01e-04	1.37e-02	9.86e-01	8.76e-05	0.00e+00	3.77e-13	1.13e-12	1.89e-12	3.83e-08	7.77e-08	3.74e-37
 5.40368e+15	4.92e-12	1.30e-07	2.18e-04	1.43e-02	9.85e-01	8.35e-05	0.00e+00	4.29e-13	1.29e-12	2.15e-12	4.30e-08	8.73e-08	5.74e-37
 5.51802e+15	5.61e-12	1.47e-07	2.38e-04	1.50e-02	9.85e-01	7.94e-05	0.00e+00	4.89e-13	1.47e-12	2.45e-12	4.84e-08	9.83e-08	8.91e-37
 5.66666e+15	6.52e-12	1.68e-07	2.64e-04	1.59e-02	9.84e-01	7.47e-05	0.00e+00	5.70e-13	1.71e-12	2.85e-12	5.54e-08	1.12e-07	1.45e-36
 5.83337e+15	7.91e-12	2.01e-07	2.98e-04	1.71e-02	9.83e-01	6.96e-05	0.00e+00	6.92e-13	2.08e-12	3.46e-12	6.64e-08	1.35e-07	2.86e-36
 5.98913e+15	9.27e-12	2.33e-07	3.31e-04	1.81e-02	9.82e-01	6.55e-05	0.00e+00	8.11e-13	2.43e-12	4.06e-12	7.71e-08	1.56e-07	4.90e-36
 6.15719e+15	1.09e-11	2.70e-07	3.71e-04	1.92e-02	9.80e-01	6.15e-05	0.00e+00	9.59e-13	2.88e-12	4.80e-12	8.91e-08	1.80e-07	8.10e-36
 6.34606e+15	1.33e-11	3.25e-07	4.20e-04	2.06e-02	9.79e-01	5.72e-05	0.00e+00	1.17e-12	3.50e-12	5.85e-12	1.08e-07	2.18e-07	1.62e-35
 6.52280e+15	1.57e-11	3.80e-07	4.70e-04	2.19e-02	9.78e-01	5.36e-05	0.00e+00	1.38e-12	4.14e-12	6.90e-12	1.26e-07	2.54e-07	2.78e-35
 6.71337e+15	1.88e-11	4.43e-07	5.28e-04	2.33e-02	9.76e-01	5.01e-05	0.00e+00	1.65e-12	4.96e-12	8.27e-12	1.47e-07	2.97e-07	4.73e-35
 6.92721e+15	2.32e-11	5.42e-07	6.02e-04	2.51e-02	9.74e-01	4.65e-05	0.00e+00	2.04e-12	6.13e-12	1.02e-11	1.79e-07	3.62e-07	9.67e-35
 7.12781e+15	2.76e-11	6.36e-07	6.77e-04	2.67e-02	9.73e-01	4.35e-05	0.00e+00	2.43e-12	7.28e-12	1.22e-11	2.10e-07	4.25e-07	1.67e-34
 7.34511e+15	3.34e-11	7.49e-07	7.67e-04	2.85e-02	9.71e-01	4.06e-05	0.00e+00	2.95e-12	8.84e-12	1.47e-11	2.48e-07	5.01e-07	2.90e-34
 7.58843e+15	4.19e-11	9.25e-07	8.80e-04	3.08e-02	9.68e-01	3.76e-05	0.00e+00	3.70e-12	1.11e-11	1.85e-11	3.06e-07	6.19e-07	6.13e-34
 7.81687e+15	5.06e-11	1.10e-06	9.96e-04	3.29e-02	9.66e-01	3.51e-05	0.00e+00	4.47e-12	1.34e-11	2.24e-11	3.64e-07	7.35e-07	1.08e-33
 8.06509e+15	6.22e-11	1.32e-06	1.14e-03	3.53e-02	9.64e-01	3.26e-05	0.00e+00	5.49e-12	1.65e-11	2.75e-11	4.37e-07	8.82e-07	1.99e-33
 8.33615e+15	7.72e-11	1.58e-06	1.31e-03	3.80e-02	9.61e-01	3.02e-05	0.00e+00	6.82e-12	2.05e-11	3.42e-11	5.24e-07	1.06e-06	3.59e-33
 8.58676e+15	9.37e-11	1.89e-06	1.48e-03	4.06e-02	9.58e-01	2.82e-05	0.00e+00	8.30e-12	2.49e-11	4.15e-11	6.27e-07	1.26e-06	6.42e-33
 8.86242e+15	1.19e-10	2.34e-06	1.70e-03	4.38e-02	9.54e-01	2.62e-05	0.00e+00	1.05e-11	3.15e-11	5.26e-11	7.77e-07	1.57e-06	1.33e-32
 9.15948e+15	1.47e-10	2.84e-06	1.96e-03	4.72e-02	9.51e-01	2.43e-05	0.00e+00	1.30e-11	3.91e-11	6.52e-11	9.42e-07	1.90e-06	2.40e-32
 9.42598e+15	1.79e-10	3.35e-06	2.22e-03	5.04e-02	9.47e-01	2.28e-05	0.00e+00	1.59e-11	4.77e-11	7.95e-11	1.11e-06	2.24e-06	3.98e-32
 9.71404e+15	2.20e-10	4.02e-06	2.54e-03	5.41e-02	9.43e-01	2.12e-05	0.00e+00	1.96e-11	5.87e-11	9.79e-11	1.33e-06	2.69e-06	7.08e-32
 1.00291e+16	2.80e-10	5.02e-06	2.93e-03	5.84e-02	9.39e-01	1.97e-05	0.00e+00	2.49e-11	7.47e-11	1.25e-10	1.67e-06	3.36e-06	1.46e-31
 1.02800e+16	3.32e-10	5.85e-06	3.27e-03	6.19e-02	9.35e-01	1.86e-05	0.00e+00	2.95e-11	8.86e-11	1.48e-10	1.94e-06	3.91e-06	2.28e-31
 1.05066e+16	3.89e-10	6.72e-06	3.62e-03	6.52e-02	9.31e-01	1.77e-05	0.00e+00	3.46e-11	1.04e-10	1.73e-10	2.23e-06	4.49e-06	3.47e-31
 1.08012e+16	4.77e-10	7.99e-06	4.11e-03	6.97e-02	9.26e-01	1.67e-05	0.00e+00	4.25e-11	1.28e-10	2.13e-10	2.65e-06	5.34e-06	5.80e-31
 1.11010e+16	5.82e-10	9.57e-06	4.67e-03	7.46e-02	9.21e-01	1.57e-05	0.00e+00	5.20e-11	1.56e-10	2.60e-10	3.17e-06	6.39e-06	9.94e-31
 1.13507e+16	6.88e-10	1.11e-05	5.18e-03	7.87e-02	9.16e-01	1.49e-05	0.00e+00	6.14e-11	1.84e-10	3.07e-10	3.67e-06	7.39e-06	1.51e-30
 1.16184e+16	8.26e-10	1.29e-05	5.80e-03	8.34e-02	9.11e-01	1.42e-05	0.00e+00	7.38e-11	2.21e-10	3.69e-10	4.27e-06	8.60e-06	2.34e-30
 1.19190e+16	1.01e-09	1.51e-05	6.55e-03	8.88e-02	9.05e-01	1.34e-05	0.00e+00	9.00e-11	2.70e-10	4.50e-10	5.00e-06	1.01e-05	3.62e-30
 1.22173e+16	1.23e-09	1.82e-05	7.42e-03	9.49e-02	8.98e-01	1.27e-05	0.00e+00	1.10e-10	3.31e-10	5.52e-10	6.04e-06	1.22e-05	6.41e-30
 1.24975e+16	1.47e-09	2.11e-05	8.31e-03	1.00e-01	8.91e-01	1.21e-05	0.00e+00	1.32e-10	3.95e-10	6.59e-10	7.01e-06	1.41e-05	9.54e-30
 1.27992e+16	1.79e-09	2.47e-05	9.39e-03	1.07e-01	8.84e-01	1.15e-05	0.00e+00	1.61e-10	4.82e-10	8.04e-10	8.19e-06	1.65e-05	1.46e-29
 1.31385e+16	2.26e-09	3.05e-05	1.08e-02	1.15e-01	8.74e-01	1.08e-05	0.00e+00	2.03e-10	6.08e-10	1.01e-09	1.01e-05	2.04e-05	2.75e-29
 1.34448e+16	2.73e-09	3.57e-05	1.22e-02	1.22e-01	8.65e-01	1.03e-05	0.00e+00	2.45e-10	7.36e-10	1.23e-09	1.19e-05	2.39e-05	4.12e-29
 1.37143e+16	3.25e-09	4.09e-05	1.36e-02	1.29e-01	8.57e-01	9.93e-06	0.00e+00	2.92e-10	8.77e-10	1.46e-09	1.36e-05	2.73e-05	5.92e-29
 1.40181e+16	3.96e-09	4.83e-05	1.54e-02	1.37e-01	8.47e-01	9.48e-06	0.00e+00	3.56e-10	1.07e-09	1.78e-09	1.61e-05	3.22e-05	9.25e-29
 1.43541e+16	5.03e-09	5.99e-05	1.77e-02	1.48e-01	8.35e-01	9.01e-06	0.00e+00	4.53e-10	1.36e-09	2.27e-09	1.99e-05	4.00e-05	1.75e-28
 1.46579e+16	6.12e-09	7.02e-05	2.00e-02	1.57e-01	8.23e-01	8.65e-06	0.00e+00	5.52e-10	1.66e-09	2.76e-09	2.34e-05	4.69e-05	2.61e-28
 1.49261e+16	7.31e-09	8.06e-05	2.24e-02	1.66e-01	8.12e-01	8.36e-06	0.00e+00	6.59e-10	1.98e-09	3.30e-09	2.68e-05	5.38e-05	3.71e-28
