#depth	N	N+	N+2	N+3	N+4	N+5	N+6	N+7
 1.49634e+10	0.00e+00	0.00e+00	2.37e-30	3.33e-20	8.48e-11	7.29e-01	2.71e-01	3.92e-05
 4.54887e+10	0.00e+00	4.16e-41	3.07e-30	3.98e-20	9.38e-11	7.44e-01	2.55e-01	3.41e-05
 7.72350e+10	0.00e+00	0.00e+00	3.97e-30	4.76e-20	1.04e-10	7.60e-01	2.40e-01	2.97e-05
 1.10251e+11	0.00e+00	8.11e-41	5.12e-30	5.68e-20	1.14e-10	7.74e-01	2.26e-01	2.57e-05
 1.44588e+11	0.00e+00	0.00e+00	6.60e-30	6.76e-20	1.26e-10	7.88e-01	2.11e-01	2.23e-05
 1.76618e+11	0.00e+00	1.52e-40	8.28e-30	7.91e-20	1.37e-10	8.01e-01	1.99e-01	1.96e-05
 2.04810e+11	0.00e+00	0.00e+00	1.00e-29	9.03e-20	1.47e-10	8.10e-01	1.90e-01	1.75e-05
 2.36244e+11	0.00e+00	2.58e-40	1.24e-29	1.04e-19	1.59e-10	8.21e-01	1.79e-01	1.55e-05
 2.74054e+11	0.00e+00	0.00e+00	1.57e-29	1.23e-19	1.74e-10	8.32e-01	1.68e-01	1.35e-05
 3.12090e+11	0.00e+00	4.80e-40	1.98e-29	1.44e-19	1.90e-10	8.43e-01	1.57e-01	1.18e-05
 3.46994e+11	0.00e+00	0.00e+00	2.44e-29	1.66e-19	2.05e-10	8.51e-01	1.49e-01	1.04e-05
 3.85889e+11	0.00e+00	8.42e-40	3.04e-29	1.93e-19	2.22e-10	8.60e-01	1.40e-01	9.10e-06
 4.30995e+11	0.00e+00	0.00e+00	3.89e-29	2.28e-19	2.43e-10	8.70e-01	1.30e-01	7.84e-06
 4.75129e+11	0.00e+00	1.58e-39	4.90e-29	2.67e-19	2.64e-10	8.79e-01	1.21e-01	6.80e-06
 5.16868e+11	0.00e+00	0.00e+00	6.05e-29	3.08e-19	2.85e-10	8.86e-01	1.14e-01	5.97e-06
 5.63309e+11	0.00e+00	2.81e-39	7.59e-29	3.60e-19	3.09e-10	8.93e-01	1.07e-01	5.19e-06
 6.15768e+11	0.00e+00	0.00e+00	9.69e-29	4.25e-19	3.37e-10	9.01e-01	9.90e-02	4.46e-06
 6.68401e+11	0.00e+00	5.32e-39	1.23e-28	4.98e-19	3.67e-10	9.08e-01	9.21e-02	3.84e-06
 7.23140e+11	0.00e+00	0.00e+00	1.55e-28	5.85e-19	3.98e-10	9.14e-01	8.56e-02	3.31e-06
 7.81992e+11	0.00e+00	1.00e-38	1.98e-28	6.90e-19	4.34e-10	9.21e-01	7.94e-02	2.83e-06
 8.43198e+11	0.00e+00	0.00e+00	2.53e-28	8.13e-19	4.73e-10	9.26e-01	7.35e-02	2.43e-06
 9.06853e+11	0.00e+00	1.91e-38	3.23e-28	9.59e-19	5.15e-10	9.32e-01	6.81e-02	2.08e-06
 9.73054e+11	0.00e+00	0.00e+00	4.12e-28	1.13e-18	5.61e-10	9.37e-01	6.30e-02	1.77e-06
 1.04190e+12	0.00e+00	3.64e-38	5.25e-28	1.33e-18	6.10e-10	9.42e-01	5.83e-02	1.52e-06
 1.11351e+12	0.00e+00	0.00e+00	6.69e-28	1.57e-18	6.63e-10	9.46e-01	5.40e-02	1.30e-06
 1.18797e+12	0.00e+00	6.92e-38	8.53e-28	1.85e-18	7.22e-10	9.50e-01	4.99e-02	1.11e-06
 1.26542e+12	0.00e+00	0.00e+00	1.09e-27	2.17e-18	7.84e-10	9.54e-01	4.61e-02	9.45e-07
 1.34596e+12	0.00e+00	1.32e-37	1.38e-27	2.56e-18	8.53e-10	9.57e-01	4.26e-02	0.00e+00
 1.42973e+12	0.00e+00	0.00e+00	1.76e-27	3.01e-18	9.27e-10	9.61e-01	3.94e-02	0.00e+00
 1.51134e+12	0.00e+00	2.46e-37	2.21e-27	3.51e-18	1.00e-09	9.63e-01	3.66e-02	0.00e+00
 1.58876e+12	0.00e+00	0.00e+00	2.73e-27	4.03e-18	1.08e-09	9.66e-01	3.42e-02	0.00e+00
 1.67478e+12	0.00e+00	4.36e-37	3.41e-27	4.69e-18	1.16e-09	9.68e-01	3.18e-02	0.00e+00
 1.76870e+12	0.00e+00	0.00e+00	4.31e-27	5.49e-18	1.26e-09	9.71e-01	2.94e-02	0.00e+00
 1.85898e+12	0.00e+00	7.95e-37	5.36e-27	6.35e-18	1.36e-09	9.73e-01	2.73e-02	0.00e+00
 1.95586e+12	0.00e+00	0.00e+00	6.72e-27	7.39e-18	1.46e-09	9.75e-01	2.54e-02	0.00e+00
 2.06402e+12	0.00e+00	1.48e-36	8.57e-27	8.70e-18	1.59e-09	9.77e-01	2.34e-02	0.00e+00
 2.17283e+12	3.85e-47	2.02e-36	1.08e-26	1.02e-17	1.72e-09	9.78e-01	2.17e-02	0.00e+00
 2.28601e+12	0.00e+00	0.00e+00	1.37e-26	1.19e-17	1.87e-09	9.80e-01	2.00e-02	0.00e+00
 2.40737e+12	0.00e+00	3.83e-36	1.75e-26	1.41e-17	2.03e-09	9.82e-01	1.85e-02	0.00e+00
 2.53359e+12	1.28e-46	5.29e-36	2.24e-26	1.66e-17	2.20e-09	9.83e-01	1.70e-02	0.00e+00
 2.66486e+12	0.00e+00	0.00e+00	2.86e-26	1.95e-17	2.39e-09	9.84e-01	1.57e-02	0.00e+00
 2.80139e+12	0.00e+00	1.01e-35	3.65e-26	2.30e-17	2.60e-09	9.86e-01	1.45e-02	0.00e+00
 2.94337e+12	4.32e-46	1.40e-35	4.66e-26	2.72e-17	2.83e-09	9.87e-01	1.33e-02	0.00e+00
 3.09103e+12	0.00e+00	0.00e+00	5.96e-26	3.20e-17	3.07e-09	9.88e-01	1.23e-02	0.00e+00
 3.24460e+12	0.00e+00	2.70e-35	7.63e-26	3.78e-17	3.34e-09	9.89e-01	1.13e-02	0.00e+00
 3.40431e+12	1.47e-45	3.74e-35	9.77e-26	4.46e-17	3.63e-09	9.90e-01	1.04e-02	0.00e+00
 3.55481e+12	0.00e+00	0.00e+00	1.22e-25	5.19e-17	3.92e-09	9.90e-01	9.66e-03	0.00e+00
 3.68991e+12	0.00e+00	6.53e-35	1.49e-25	5.92e-17	4.19e-09	9.91e-01	9.05e-03	0.00e+00
 3.84175e+12	4.18e-45	8.67e-35	1.84e-25	6.84e-17	4.50e-09	9.92e-01	8.43e-03	0.00e+00
 4.02108e+12	0.00e+00	0.00e+00	2.35e-25	8.05e-17	4.89e-09	9.92e-01	7.77e-03	0.00e+00
 4.20026e+12	0.00e+00	1.63e-34	2.97e-25	9.44e-17	5.30e-09	9.93e-01	7.18e-03	0.00e+00
 4.36918e+12	1.31e-44	2.17e-34	3.68e-25	1.09e-16	5.69e-09	9.93e-01	6.68e-03	0.00e+00
 4.55643e+12	0.00e+00	0.00e+00	4.63e-25	1.27e-16	6.16e-09	9.94e-01	6.18e-03	0.00e+00
 4.76862e+12	0.00e+00	4.11e-34	5.96e-25	1.51e-16	6.71e-09	9.94e-01	5.68e-03	0.00e+00
 4.98093e+12	4.35e-44	5.67e-34	7.60e-25	1.78e-16	7.29e-09	9.95e-01	5.23e-03	0.00e+00
 5.20173e+12	0.00e+00	0.00e+00	9.70e-25	2.10e-16	7.93e-09	9.95e-01	4.82e-03	0.00e+00
 5.43972e+12	0.00e+00	1.10e-33	1.25e-24	2.49e-16	8.65e-09	9.96e-01	4.42e-03	0.00e+00
 5.66268e+12	1.44e-43	1.48e-33	1.57e-24	2.91e-16	9.35e-09	9.96e-01	4.09e-03	0.00e+00
 5.86118e+12	0.00e+00	1.93e-33	1.92e-24	3.33e-16	1.00e-08	9.96e-01	3.83e-03	0.00e+00
 6.08400e+12	2.85e-43	2.57e-33	2.39e-24	3.86e-16	1.08e-08	9.96e-01	3.55e-03	0.00e+00
 6.34910e+12	0.00e+00	3.57e-33	3.06e-24	4.58e-16	1.18e-08	9.97e-01	3.26e-03	0.00e+00
 6.61477e+12	6.39e-43	4.90e-33	3.90e-24	5.40e-16	1.28e-08	9.97e-01	3.01e-03	0.00e+00
 6.86216e+12	0.00e+00	6.53e-33	4.85e-24	6.26e-16	1.38e-08	9.97e-01	2.79e-03	0.00e+00
 7.13767e+12	1.34e-42	8.88e-33	6.13e-24	7.33e-16	1.49e-08	9.97e-01	2.58e-03	0.00e+00
 7.45311e+12	0.00e+00	1.25e-32	7.97e-24	8.78e-16	1.64e-08	9.98e-01	2.36e-03	0.00e+00
 7.76114e+12	3.06e-42	1.73e-32	1.02e-23	1.04e-15	1.78e-08	9.98e-01	2.17e-03	0.00e+00
 8.08149e+12	0.00e+00	2.39e-32	1.30e-23	1.23e-15	1.94e-08	9.98e-01	1.99e-03	0.00e+00
 8.43468e+12	6.99e-42	3.37e-32	1.69e-23	1.47e-15	2.13e-08	9.98e-01	1.82e-03	0.00e+00
 8.78823e+12	0.00e+00	4.69e-32	2.18e-23	1.75e-15	2.33e-08	9.98e-01	1.67e-03	0.00e+00
 9.15593e+12	1.59e-41	6.54e-32	2.82e-23	2.09e-15	2.55e-08	9.98e-01	1.53e-03	0.00e+00
 9.55209e+12	0.00e+00	9.22e-32	3.67e-23	2.50e-15	2.80e-08	9.99e-01	1.39e-03	0.00e+00
 9.94464e+12	3.66e-41	1.28e-31	4.72e-23	2.98e-15	3.06e-08	9.99e-01	1.27e-03	0.00e+00
 1.03529e+13	0.00e+00	1.78e-31	6.08e-23	3.55e-15	3.35e-08	9.99e-01	1.17e-03	0.00e+00
 1.07969e+13	8.41e-41	2.51e-31	7.92e-23	4.27e-15	3.68e-08	9.99e-01	1.06e-03	0.00e+00
 1.12587e+13	0.00e+00	3.54e-31	1.03e-22	5.14e-15	4.05e-08	9.99e-01	9.66e-04	0.00e+00
 1.17390e+13	1.96e-40	4.98e-31	1.35e-22	6.19e-15	4.46e-08	9.99e-01	8.79e-04	0.00e+00
 1.22385e+13	0.00e+00	7.01e-31	1.76e-22	7.46e-15	4.91e-08	9.99e-01	8.00e-04	0.00e+00
 1.27580e+13	4.54e-40	9.86e-31	2.29e-22	8.98e-15	5.41e-08	9.99e-01	7.27e-04	0.00e+00
 1.32283e+13	0.00e+00	1.33e-30	2.88e-22	1.06e-14	5.89e-08	9.99e-01	6.69e-04	0.00e+00
 1.36211e+13	8.77e-40	1.68e-30	3.47e-22	1.21e-14	6.32e-08	9.99e-01	6.25e-04	0.00e+00
 1.40518e+13	0.00e+00	2.17e-30	4.23e-22	1.39e-14	6.80e-08	9.99e-01	5.82e-04	0.00e+00
 1.45961e+13	1.75e-39	2.95e-30	5.39e-22	1.65e-14	7.44e-08	9.99e-01	5.32e-04	0.00e+00
 1.51634e+13	0.00e+00	4.02e-30	6.86e-22	1.96e-14	8.15e-08	1.00e+00	4.87e-04	0.00e+00
 1.56473e+13	3.48e-39	5.18e-30	8.37e-22	2.26e-14	8.79e-08	1.00e+00	4.52e-04	0.00e+00
 1.61475e+13	0.00e+00	6.67e-30	1.02e-21	2.60e-14	9.48e-08	1.00e+00	4.20e-04	0.00e+00
 1.67738e+13	6.87e-39	9.03e-30	1.30e-21	3.09e-14	1.04e-07	1.00e+00	3.84e-04	0.00e+00
 1.74098e+13	0.00e+00	1.21e-29	1.64e-21	3.66e-14	1.14e-07	1.00e+00	3.52e-04	0.00e+00
 1.79611e+13	1.33e-38	1.55e-29	1.99e-21	4.21e-14	1.23e-07	1.00e+00	3.27e-04	0.00e+00
 1.85565e+13	0.00e+00	2.01e-29	2.44e-21	4.88e-14	1.32e-07	1.00e+00	3.03e-04	0.00e+00
 1.92859e+13	2.62e-38	2.71e-29	3.10e-21	5.80e-14	1.45e-07	1.00e+00	2.76e-04	0.00e+00
 2.00310e+13	0.00e+00	3.64e-29	3.91e-21	6.87e-14	1.59e-07	1.00e+00	2.53e-04	0.00e+00
 2.07116e+13	5.13e-38	4.71e-29	4.80e-21	7.97e-14	1.72e-07	1.00e+00	2.34e-04	0.00e+00
 2.14666e+13	0.00e+00	6.21e-29	5.97e-21	9.34e-14	1.88e-07	1.00e+00	2.15e-04	0.00e+00
 2.23462e+13	1.04e-37	8.44e-29	7.62e-21	1.12e-13	2.07e-07	1.00e+00	1.96e-04	0.00e+00
 2.32177e+13	0.00e+00	1.13e-28	9.60e-21	1.32e-13	2.26e-07	1.00e+00	1.79e-04	0.00e+00
 2.40501e+13	2.04e-37	1.47e-28	1.19e-20	1.54e-13	2.46e-07	1.00e+00	1.65e-04	0.00e+00
 2.49681e+13	0.00e+00	1.96e-28	1.49e-20	1.81e-13	2.68e-07	1.00e+00	1.51e-04	0.00e+00
 2.59967e+13	4.15e-37	2.65e-28	1.89e-20	2.16e-13	2.95e-07	1.00e+00	1.38e-04	0.00e+00
 2.70304e+13	0.00e+00	3.55e-28	2.38e-20	2.55e-13	3.23e-07	1.00e+00	1.26e-04	0.00e+00
 2.79552e+13	8.02e-37	4.56e-28	2.91e-20	2.95e-13	3.49e-07	1.00e+00	1.17e-04	0.00e+00
 2.87372e+13	0.00e+00	5.60e-28	3.42e-20	3.32e-13	3.72e-07	1.00e+00	1.10e-04	0.00e+00
 2.95799e+13	1.34e-36	6.95e-28	4.06e-20	3.76e-13	3.98e-07	1.00e+00	1.03e-04	0.00e+00
 3.06724e+13	0.00e+00	9.10e-28	5.03e-20	4.38e-13	4.32e-07	1.00e+00	9.46e-05	0.00e+00
 3.18138e+13	2.58e-36	1.19e-27	6.23e-20	5.12e-13	4.70e-07	1.00e+00	8.71e-05	0.00e+00
 3.27913e+13	0.00e+00	1.49e-27	7.44e-20	5.82e-13	5.04e-07	1.00e+00	8.14e-05	0.00e+00
 3.38314e+13	4.48e-36	1.88e-27	8.93e-20	6.64e-13	5.41e-07	1.00e+00	7.59e-05	0.00e+00
 3.51226e+13	0.00e+00	2.48e-27	1.11e-19	7.77e-13	5.89e-07	1.00e+00	6.98e-05	0.00e+00
 3.64494e+13	8.75e-36	3.27e-27	1.38e-19	9.08e-13	6.40e-07	1.00e+00	6.43e-05	0.00e+00
 3.76429e+13	0.00e+00	4.14e-27	1.67e-19	1.04e-12	6.88e-07	1.00e+00	5.98e-05	0.00e+00
 3.89539e+13	1.59e-35	5.34e-27	2.03e-19	1.20e-12	7.43e-07	1.00e+00	5.55e-05	0.00e+00
 4.03868e+13	0.00e+00	6.97e-27	2.51e-19	1.39e-12	8.06e-07	1.00e+00	5.12e-05	0.00e+00
 4.16902e+13	2.92e-35	8.81e-27	3.02e-19	1.59e-12	8.65e-07	1.00e+00	4.77e-05	0.00e+00
 4.30963e+13	0.00e+00	1.13e-26	3.66e-19	1.83e-12	9.32e-07	1.00e+00	4.44e-05	0.00e+00
 4.46731e+13	5.44e-35	1.47e-26	4.51e-19	2.12e-12	1.01e-06	1.00e+00	4.10e-05	0.00e+00
 4.61661e+13	0.00e+00	1.87e-26	5.45e-19	2.43e-12	1.09e-06	1.00e+00	3.81e-05	0.00e+00
 4.78013e+13	1.00e-34	2.42e-26	6.67e-19	2.80e-12	1.17e-06	1.00e+00	3.54e-05	0.00e+00
 4.96122e+13	0.00e+00	3.18e-26	8.28e-19	3.27e-12	1.27e-06	1.00e+00	3.26e-05	0.00e+00
 5.12963e+13	1.89e-34	4.07e-26	1.00e-18	3.75e-12	1.37e-06	1.00e+00	3.03e-05	0.00e+00
 5.31303e+13	0.00e+00	5.29e-26	1.23e-18	4.33e-12	1.48e-06	1.00e+00	2.81e-05	0.00e+00
 5.51846e+13	3.65e-34	7.00e-26	1.53e-18	5.06e-12	1.61e-06	1.00e+00	2.59e-05	0.00e+00
 5.71298e+13	0.00e+00	9.05e-26	1.88e-18	5.83e-12	1.73e-06	1.00e+00	2.40e-05	0.00e+00
 5.92336e+13	6.94e-34	1.18e-25	2.31e-18	6.76e-12	1.88e-06	1.00e+00	2.22e-05	0.00e+00
 6.15774e+13	9.86e-34	1.58e-25	2.90e-18	7.92e-12	2.04e-06	1.00e+00	2.04e-05	0.00e+00
 6.38319e+13	1.37e-33	2.06e-25	3.57e-18	9.17e-12	2.21e-06	1.00e+00	1.89e-05	0.00e+00
 6.62320e+13	1.92e-33	2.72e-25	4.43e-18	1.07e-11	2.39e-06	1.00e+00	1.75e-05	0.00e+00
 6.89112e+13	2.76e-33	3.66e-25	5.57e-18	1.25e-11	2.60e-06	1.00e+00	1.61e-05	0.00e+00
 7.15989e+13	3.93e-33	4.88e-25	6.97e-18	1.46e-11	2.82e-06	1.00e+00	1.48e-05	0.00e+00
 7.43941e+13	5.60e-33	6.51e-25	8.71e-18	1.71e-11	3.06e-06	1.00e+00	1.36e-05	0.00e+00
 7.73998e+13	8.08e-33	8.78e-25	1.10e-17	2.00e-11	3.33e-06	1.00e+00	1.26e-05	0.00e+00
 8.05257e+13	1.17e-32	1.18e-24	1.38e-17	2.35e-11	3.62e-06	1.00e+00	1.16e-05	0.00e+00
 8.35053e+13	1.64e-32	1.56e-24	1.71e-17	2.72e-11	3.91e-06	1.00e+00	1.07e-05	0.00e+00
 8.62278e+13	2.22e-32	1.99e-24	2.06e-17	3.10e-11	4.18e-06	1.00e+00	1.00e-05	0.00e+00
 8.87933e+13	2.92e-32	2.49e-24	2.45e-17	3.49e-11	4.45e-06	1.00e+00	9.42e-06	0.00e+00
 9.16198e+13	3.93e-32	3.17e-24	2.94e-17	3.96e-11	4.75e-06	1.00e+00	8.83e-06	0.00e+00
 9.47862e+13	5.43e-32	4.11e-24	3.60e-17	4.54e-11	5.10e-06	1.00e+00	8.23e-06	0.00e+00
 9.77889e+13	7.31e-32	5.23e-24	4.32e-17	5.14e-11	5.44e-06	1.00e+00	7.72e-06	0.00e+00
 1.01087e+14	1.00e-31	6.76e-24	5.25e-17	5.87e-11	5.82e-06	1.00e+00	7.21e-06	0.00e+00
 1.04780e+14	1.41e-31	8.92e-24	6.49e-17	6.78e-11	6.27e-06	1.00e+00	6.70e-06	0.00e+00
 1.08206e+14	1.93e-31	1.15e-23	7.85e-17	7.71e-11	6.69e-06	1.00e+00	6.27e-06	0.00e+00
 1.11395e+14	2.56e-31	1.44e-23	9.32e-17	8.66e-11	7.10e-06	1.00e+00	5.91e-06	0.00e+00
 1.15055e+14	3.50e-31	1.85e-23	1.13e-16	9.86e-11	7.58e-06	1.00e+00	5.54e-06	0.00e+00
 1.19482e+14	5.04e-31	2.48e-23	1.41e-16	1.15e-10	8.19e-06	1.00e+00	5.13e-06	0.00e+00
 1.23848e+14	7.16e-31	3.29e-23	1.74e-16	1.32e-10	8.81e-06	1.00e+00	4.77e-06	0.00e+00
 1.27691e+14	9.66e-31	4.18e-23	2.09e-16	1.50e-10	9.37e-06	1.00e+00	4.48e-06	0.00e+00
 1.31906e+14	1.33e-30	5.40e-23	2.54e-16	1.70e-10	1.00e-05	1.00e+00	4.20e-06	0.00e+00
 1.36989e+14	1.92e-30	7.27e-23	3.18e-16	1.98e-10	1.08e-05	1.00e+00	3.89e-06	0.00e+00
 1.42081e+14	2.76e-30	9.70e-23	3.95e-16	2.29e-10	1.16e-05	1.00e+00	3.62e-06	0.00e+00
 1.46703e+14	3.78e-30	1.25e-22	4.77e-16	2.60e-10	1.24e-05	1.00e+00	3.39e-06	0.00e+00
 1.51835e+14	5.31e-30	1.64e-22	5.86e-16	2.98e-10	1.33e-05	1.00e+00	3.17e-06	0.00e+00
 1.57846e+14	7.80e-30	2.23e-22	7.38e-16	3.48e-10	1.43e-05	1.00e+00	2.93e-06	0.00e+00
 1.63770e+14	1.12e-29	2.99e-22	9.20e-16	4.03e-10	1.54e-05	1.00e+00	2.72e-06	0.00e+00
 1.69329e+14	1.56e-29	3.90e-22	1.12e-15	4.61e-10	1.65e-05	1.00e+00	2.55e-06	0.00e+00
 1.75532e+14	2.24e-29	5.19e-22	1.39e-15	5.32e-10	1.77e-05	1.00e+00	2.37e-06	0.00e+00
 1.82583e+14	3.31e-29	7.09e-22	1.76e-15	6.22e-10	1.92e-05	1.00e+00	2.19e-06	0.00e+00
 1.89604e+14	4.81e-29	9.58e-22	2.20e-15	7.23e-10	2.07e-05	1.00e+00	2.03e-06	0.00e+00
 1.96905e+14	7.00e-29	1.29e-21	2.76e-15	8.40e-10	2.23e-05	1.00e+00	1.88e-06	0.00e+00
 2.04812e+14	1.04e-28	1.77e-21	3.49e-15	9.83e-10	2.41e-05	1.00e+00	1.74e-06	0.00e+00
 2.13034e+14	1.53e-28	2.42e-21	4.42e-15	1.15e-09	2.61e-05	1.00e+00	1.61e-06	0.00e+00
 2.20990e+14	2.20e-28	3.24e-21	5.50e-15	1.33e-09	2.81e-05	1.00e+00	1.50e-06	0.00e+00
 2.28462e+14	3.06e-28	4.21e-21	6.71e-15	1.52e-09	3.00e-05	1.00e+00	1.40e-06	0.00e+00
 2.36828e+14	4.37e-28	5.61e-21	8.32e-15	1.76e-09	3.23e-05	1.00e+00	1.30e-06	0.00e+00
 2.45279e+14	6.18e-28	7.40e-21	1.02e-14	2.02e-09	3.46e-05	1.00e+00	1.21e-06	0.00e+00
 2.52307e+14	8.17e-28	9.26e-21	1.21e-14	2.26e-09	3.66e-05	1.00e+00	1.15e-06	0.00e+00
 2.59749e+14	1.09e-27	1.17e-20	1.44e-14	2.54e-09	3.88e-05	1.00e+00	1.08e-06	0.00e+00
 2.69250e+14	1.55e-27	1.55e-20	1.79e-14	2.93e-09	4.18e-05	1.00e+00	1.01e-06	0.00e+00
 2.79199e+14	2.22e-27	2.06e-20	2.22e-14	3.39e-09	4.49e-05	1.00e+00	9.35e-07	0.00e+00
 2.87999e+14	3.01e-27	2.64e-20	2.67e-14	3.84e-09	4.78e-05	1.00e+00	0.00e+00	0.00e+00
 2.97533e+14	4.14e-27	3.41e-20	3.24e-14	4.37e-09	5.11e-05	1.00e+00	0.00e+00	0.00e+00
 3.08995e+14	5.99e-27	4.58e-20	4.06e-14	5.09e-09	5.52e-05	1.00e+00	0.00e+00	0.00e+00
 3.20598e+14	8.59e-27	6.13e-20	5.06e-14	5.90e-09	5.95e-05	1.00e+00	0.00e+00	0.00e+00
 3.31455e+14	1.19e-26	7.96e-20	6.16e-14	6.74e-09	6.37e-05	1.00e+00	0.00e+00	0.00e+00
 3.43533e+14	1.69e-26	1.05e-19	7.62e-14	7.78e-09	6.85e-05	1.00e+00	0.00e+00	0.00e+00
 3.56347e+14	2.41e-26	1.40e-19	9.48e-14	9.01e-09	7.38e-05	1.00e+00	0.00e+00	0.00e+00
 3.67734e+14	3.27e-26	1.80e-19	1.14e-13	1.02e-08	7.87e-05	1.00e+00	0.00e+00	0.00e+00
 3.79979e+14	4.49e-26	2.32e-19	1.39e-13	1.17e-08	8.42e-05	1.00e+00	0.00e+00	0.00e+00
 3.94653e+14	6.47e-26	3.12e-19	1.74e-13	1.36e-08	9.10e-05	1.00e+00	0.00e+00	0.00e+00
 4.09092e+14	9.16e-26	4.12e-19	2.15e-13	1.57e-08	9.80e-05	1.00e+00	0.00e+00	0.00e+00
 4.21942e+14	1.24e-25	5.25e-19	2.58e-13	1.78e-08	1.04e-04	1.00e+00	0.00e+00	0.00e+00
 4.36120e+14	1.70e-25	6.79e-19	3.14e-13	2.03e-08	1.12e-04	1.00e+00	0.00e+00	0.00e+00
 4.53032e+14	2.45e-25	9.12e-19	3.94e-13	2.36e-08	1.21e-04	1.00e+00	0.00e+00	0.00e+00
 4.69820e+14	3.48e-25	1.21e-18	4.88e-13	2.74e-08	1.30e-04	1.00e+00	0.00e+00	0.00e+00
 4.85148e+14	4.74e-25	1.55e-18	5.91e-13	3.11e-08	1.39e-04	1.00e+00	0.00e+00	0.00e+00
 5.02255e+14	6.61e-25	2.03e-18	7.25e-13	3.58e-08	1.50e-04	1.00e+00	0.00e+00	0.00e+00
 5.22177e+14	9.61e-25	2.75e-18	9.13e-13	4.19e-08	1.62e-04	1.00e+00	0.00e+00	0.00e+00
 5.41749e+14	1.37e-24	3.66e-18	1.14e-12	4.85e-08	1.75e-04	1.00e+00	0.00e+00	0.00e+00
 5.60223e+14	1.89e-24	4.75e-18	1.38e-12	5.55e-08	1.88e-04	1.00e+00	0.00e+00	0.00e+00
 5.80780e+14	2.67e-24	6.28e-18	1.71e-12	6.42e-08	2.02e-04	1.00e+00	0.00e+00	0.00e+00
 6.04041e+14	3.90e-24	8.52e-18	2.16e-12	7.52e-08	2.19e-04	1.00e+00	0.00e+00	0.00e+00
 6.27320e+14	5.62e-24	1.14e-17	2.71e-12	8.75e-08	2.37e-04	1.00e+00	0.00e+00	0.00e+00
 6.49149e+14	7.81e-24	1.49e-17	3.31e-12	1.00e-07	2.54e-04	1.00e+00	0.00e+00	0.00e+00
 6.72764e+14	1.10e-23	1.97e-17	4.10e-12	1.16e-07	2.73e-04	1.00e+00	0.00e+00	0.00e+00
 6.99165e+14	1.60e-23	2.66e-17	5.15e-12	1.35e-07	2.96e-04	1.00e+00	0.00e+00	0.00e+00
 7.23868e+14	2.24e-23	3.49e-17	6.33e-12	1.55e-07	3.18e-04	1.00e+00	0.00e+00	0.00e+00
 7.46775e+14	3.03e-23	4.45e-17	7.61e-12	1.76e-07	3.39e-04	1.00e+00	0.00e+00	0.00e+00
 7.68828e+14	4.01e-23	5.59e-17	9.04e-12	1.98e-07	3.60e-04	1.00e+00	0.00e+00	0.00e+00
 7.93330e+14	5.44e-23	7.14e-17	1.09e-11	2.25e-07	3.83e-04	1.00e+00	0.00e+00	0.00e+00
 8.20449e+14	7.54e-23	9.29e-17	1.33e-11	2.57e-07	4.11e-04	1.00e+00	0.00e+00	0.00e+00
 8.45722e+14	1.01e-22	1.18e-16	1.59e-11	2.90e-07	4.37e-04	1.00e+00	0.00e+00	0.00e+00
 8.73327e+14	1.38e-22	1.52e-16	1.93e-11	3.30e-07	4.67e-04	1.00e+00	0.00e+00	0.00e+00
 9.04391e+14	1.94e-22	1.99e-16	2.37e-11	3.80e-07	5.01e-04	9.99e-01	0.00e+00	0.00e+00
 9.33970e+14	2.66e-22	2.57e-16	2.87e-11	4.32e-07	5.35e-04	9.99e-01	0.00e+00	0.00e+00
 9.66438e+14	3.71e-22	3.35e-16	3.52e-11	4.95e-07	5.74e-04	9.99e-01	0.00e+00	0.00e+00
 1.00222e+15	5.29e-22	4.46e-16	4.37e-11	5.73e-07	6.18e-04	9.99e-01	0.00e+00	0.00e+00
 1.03512e+15	7.25e-22	5.74e-16	5.29e-11	6.52e-07	6.60e-04	9.99e-01	0.00e+00	0.00e+00
 1.07071e+15	1.01e-21	7.49e-16	6.47e-11	7.47e-07	7.07e-04	9.99e-01	0.00e+00	0.00e+00
 1.11055e+15	1.44e-21	9.97e-16	8.04e-11	8.64e-07	7.62e-04	9.99e-01	0.00e+00	0.00e+00
 1.14806e+15	1.99e-21	1.29e-15	9.79e-11	9.87e-07	8.15e-04	9.99e-01	0.00e+00	0.00e+00
 1.18898e+15	2.78e-21	1.70e-15	1.20e-10	1.14e-06	8.76e-04	9.99e-01	0.00e+00	0.00e+00
 1.23444e+15	4.01e-21	2.28e-15	1.51e-10	1.32e-06	9.46e-04	9.99e-01	0.00e+00	0.00e+00
 1.27684e+15	5.55e-21	2.96e-15	1.84e-10	1.51e-06	1.01e-03	9.99e-01	0.00e+00	0.00e+00
 1.32287e+15	7.82e-21	3.91e-15	2.27e-10	1.74e-06	1.09e-03	9.99e-01	0.00e+00	0.00e+00
 1.37438e+15	1.13e-20	5.25e-15	2.84e-10	2.03e-06	1.18e-03	9.99e-01	0.00e+00	0.00e+00
 1.42329e+15	1.58e-20	6.88e-15	3.49e-10	2.34e-06	1.27e-03	9.99e-01	0.00e+00	0.00e+00
 1.47559e+15	2.22e-20	9.09e-15	4.32e-10	2.70e-06	1.37e-03	9.99e-01	0.00e+00	0.00e+00
 1.53465e+15	3.22e-20	1.23e-14	5.45e-10	3.16e-06	1.48e-03	9.99e-01	0.00e+00	0.00e+00
 1.59283e+15	4.58e-20	1.64e-14	6.78e-10	3.67e-06	1.60e-03	9.98e-01	0.00e+00	0.00e+00
 1.65335e+15	6.50e-20	2.17e-14	8.45e-10	4.26e-06	1.73e-03	9.98e-01	0.00e+00	0.00e+00
 1.71776e+15	9.28e-20	2.90e-14	1.06e-09	4.97e-06	1.88e-03	9.98e-01	0.00e+00	0.00e+00
 1.78078e+15	1.29e-19	3.81e-14	1.31e-09	5.75e-06	2.03e-03	9.98e-01	0.00e+00	0.00e+00
 1.83500e+15	1.71e-19	4.79e-14	1.56e-09	6.49e-06	2.16e-03	9.98e-01	0.00e+00	0.00e+00
 1.87972e+15	2.13e-19	5.73e-14	1.79e-09	7.15e-06	2.27e-03	9.98e-01	0.00e+00	0.00e+00
 1.92929e+15	2.70e-19	6.95e-14	2.08e-09	7.94e-06	2.41e-03	9.98e-01	0.00e+00	0.00e+00
 1.99373e+15	3.64e-19	8.89e-14	2.52e-09	9.06e-06	2.58e-03	9.97e-01	0.00e+00	0.00e+00
 2.06214e+15	4.93e-19	1.14e-13	3.07e-09	1.04e-05	2.78e-03	9.97e-01	0.00e+00	0.00e+00
 2.12186e+15	6.37e-19	1.41e-13	3.63e-09	1.16e-05	2.96e-03	9.97e-01	0.00e+00	0.00e+00
 2.18566e+15	8.28e-19	1.75e-13	4.30e-09	1.31e-05	3.15e-03	9.97e-01	0.00e+00	0.00e+00
 2.26617e+15	1.14e-18	2.28e-13	5.31e-09	1.52e-05	3.41e-03	9.97e-01	0.00e+00	0.00e+00
 2.34853e+15	1.56e-18	2.96e-13	6.52e-09	1.75e-05	3.69e-03	9.96e-01	0.00e+00	0.00e+00
 2.41997e+15	2.02e-18	3.67e-13	7.76e-09	1.98e-05	3.94e-03	9.96e-01	0.00e+00	0.00e+00
 2.49711e+15	2.64e-18	4.59e-13	9.29e-09	2.24e-05	4.23e-03	9.96e-01	0.00e+00	0.00e+00
 2.59155e+15	3.64e-18	6.00e-13	1.15e-08	2.61e-05	4.59e-03	9.95e-01	0.00e+00	0.00e+00
 2.68694e+15	4.96e-18	7.77e-13	1.42e-08	3.01e-05	4.98e-03	9.95e-01	0.00e+00	0.00e+00
 2.77193e+15	6.45e-18	9.69e-13	1.70e-08	3.42e-05	5.34e-03	9.95e-01	0.00e+00	0.00e+00
 2.86490e+15	8.52e-18	1.23e-12	2.05e-08	3.90e-05	5.75e-03	9.94e-01	0.00e+00	0.00e+00
 2.97581e+15	1.17e-17	1.60e-12	2.55e-08	4.54e-05	6.27e-03	9.94e-01	0.00e+00	0.00e+00
 3.08542e+15	1.58e-17	2.07e-12	3.14e-08	5.25e-05	6.81e-03	9.93e-01	0.00e+00	0.00e+00
 3.18454e+15	2.06e-17	2.58e-12	3.77e-08	5.96e-05	7.31e-03	9.93e-01	0.00e+00	0.00e+00
 3.29466e+15	2.73e-17	3.28e-12	4.58e-08	6.84e-05	7.90e-03	9.92e-01	0.00e+00	0.00e+00
 3.42406e+15	3.76e-17	4.30e-12	5.72e-08	7.98e-05	8.62e-03	9.91e-01	0.00e+00	0.00e+00
 3.55157e+15	5.08e-17	5.56e-12	7.07e-08	9.24e-05	9.37e-03	9.91e-01	0.00e+00	0.00e+00
 3.67022e+15	6.67e-17	7.00e-12	8.55e-08	1.05e-04	1.01e-02	9.90e-01	0.00e+00	0.00e+00
 3.80310e+15	8.94e-17	8.99e-12	1.05e-07	1.21e-04	1.10e-02	9.89e-01	0.00e+00	0.00e+00
 3.95525e+15	1.24e-16	1.19e-11	1.32e-07	1.42e-04	1.20e-02	9.88e-01	0.00e+00	0.00e+00
 4.10530e+15	1.99e-16	1.54e-11	1.64e-07	1.65e-04	1.30e-02	9.87e-01	0.00e+00	0.00e+00
 4.26135e+15	2.74e-16	2.01e-11	2.04e-07	1.92e-04	1.42e-02	9.86e-01	0.00e+00	0.00e+00
 4.40323e+15	3.61e-16	2.53e-11	2.47e-07	2.18e-04	1.53e-02	9.84e-01	0.00e+00	0.00e+00
 4.50905e+15	4.41e-16	3.00e-11	2.84e-07	2.40e-04	1.61e-02	9.84e-01	0.00e+00	0.00e+00
 4.61833e+15	5.33e-16	3.56e-11	3.27e-07	2.64e-04	1.70e-02	9.83e-01	0.00e+00	0.00e+00
 4.76040e+15	6.89e-16	4.41e-11	3.91e-07	2.98e-04	1.82e-02	9.81e-01	0.00e+00	0.00e+00
 4.91493e+15	9.04e-16	5.55e-11	4.72e-07	3.39e-04	1.96e-02	9.80e-01	0.00e+00	0.00e+00
 5.05495e+15	1.15e-15	6.79e-11	5.57e-07	3.79e-04	2.09e-02	9.79e-01	0.00e+00	0.00e+00
 5.20628e+15	1.48e-15	8.39e-11	6.64e-07	4.26e-04	2.23e-02	9.77e-01	0.00e+00	0.00e+00
 5.39766e+15	2.01e-15	1.09e-10	8.23e-07	4.93e-04	2.42e-02	9.75e-01	0.00e+00	0.00e+00
 5.59041e+15	2.72e-15	1.41e-10	1.01e-06	5.67e-04	2.62e-02	9.73e-01	0.00e+00	0.00e+00
 5.75273e+15	3.47e-15	1.73e-10	1.20e-06	6.35e-04	2.80e-02	9.71e-01	0.00e+00	0.00e+00
 5.92621e+15	4.50e-15	2.15e-10	1.44e-06	7.16e-04	2.99e-02	9.69e-01	0.00e+00	0.00e+00
 6.14476e+15	6.17e-15	2.81e-10	1.79e-06	8.27e-04	3.24e-02	9.67e-01	0.00e+00	0.00e+00
 6.37413e+15	8.48e-15	3.68e-10	2.23e-06	9.58e-04	3.52e-02	9.64e-01	0.00e+00	0.00e+00
 6.58134e+15	1.12e-14	4.65e-10	2.70e-06	1.09e-03	3.78e-02	9.61e-01	0.00e+00	0.00e+00
 6.80751e+15	1.51e-14	5.97e-10	3.30e-06	1.25e-03	4.07e-02	9.58e-01	0.00e+00	0.00e+00
 7.07406e+15	2.12e-14	7.97e-10	4.17e-06	1.45e-03	4.43e-02	9.54e-01	0.00e+00	0.00e+00
 7.33472e+15	2.92e-14	1.04e-09	5.19e-06	1.68e-03	4.80e-02	9.50e-01	0.00e+00	0.00e+00
 7.57297e+15	3.87e-14	1.32e-09	6.30e-06	1.91e-03	5.14e-02	9.47e-01	0.00e+00	0.00e+00
 7.84050e+15	5.28e-14	1.72e-09	7.77e-06	2.19e-03	5.55e-02	9.42e-01	0.00e+00	0.00e+00
 8.15155e+15	7.48e-14	2.31e-09	9.85e-06	2.56e-03	6.04e-02	9.37e-01	0.00e+00	0.00e+00
 8.45797e+15	1.04e-13	3.05e-09	1.23e-05	2.97e-03	6.54e-02	9.32e-01	0.00e+00	0.00e+00
 8.74883e+15	1.41e-13	3.95e-09	1.51e-05	3.40e-03	7.04e-02	9.26e-01	0.00e+00	0.00e+00
 9.00246e+15	1.83e-13	4.91e-09	1.80e-05	3.81e-03	7.49e-02	9.21e-01	0.00e+00	0.00e+00
 9.21206e+15	2.25e-13	5.85e-09	2.08e-05	4.18e-03	7.87e-02	9.17e-01	0.00e+00	0.00e+00
 9.44265e+15	2.81e-13	7.06e-09	2.41e-05	4.61e-03	8.29e-02	9.12e-01	0.00e+00	0.00e+00
 9.74242e+15	3.73e-13	8.96e-09	2.92e-05	5.22e-03	8.86e-02	9.06e-01	0.00e+00	0.00e+00
 1.00590e+16	4.99e-13	1.14e-08	3.55e-05	5.93e-03	9.47e-02	8.99e-01	0.00e+00	0.00e+00
 1.03315e+16	6.37e-13	1.41e-08	4.18e-05	6.60e-03	1.00e-01	8.93e-01	0.00e+00	0.00e+00
 1.06199e+16	8.19e-13	1.74e-08	4.94e-05	7.36e-03	1.06e-01	8.87e-01	0.00e+00	0.00e+00
 1.09948e+16	1.13e-12	2.27e-08	6.11e-05	8.45e-03	1.14e-01	8.77e-01	0.00e+00	0.00e+00
 1.13800e+16	1.54e-12	2.95e-08	7.53e-05	9.68e-03	1.22e-01	8.68e-01	0.00e+00	0.00e+00
 1.16994e+16	1.97e-12	3.65e-08	8.90e-05	1.08e-02	1.29e-01	8.60e-01	0.00e+00	0.00e+00
 1.20352e+16	2.56e-12	4.54e-08	1.06e-04	1.21e-02	1.37e-01	8.51e-01	0.00e+00	0.00e+00
 1.24696e+16	3.54e-12	5.95e-08	1.31e-04	1.39e-02	1.47e-01	8.39e-01	0.00e+00	0.00e+00
 1.29277e+16	4.90e-12	7.84e-08	1.63e-04	1.60e-02	1.58e-01	8.26e-01	0.00e+00	0.00e+00
 1.33269e+16	6.47e-12	9.90e-08	1.96e-04	1.80e-02	1.67e-01	8.14e-01	0.00e+00	0.00e+00
 1.37535e+16	8.66e-12	1.26e-07	2.37e-04	2.03e-02	1.78e-01	8.02e-01	0.00e+00	0.00e+00
 1.42745e+16	1.22e-11	1.68e-07	2.97e-04	2.35e-02	1.91e-01	7.85e-01	0.00e+00	0.00e+00
 1.47897e+16	1.68e-11	2.21e-07	3.67e-04	2.69e-02	2.04e-01	7.69e-01	0.00e+00	0.00e+00
 1.52402e+16	2.22e-11	2.78e-07	4.39e-04	3.01e-02	2.15e-01	7.54e-01	0.00e+00	0.00e+00
 1.57351e+16	2.98e-11	3.55e-07	5.31e-04	3.40e-02	2.28e-01	7.38e-01	0.00e+00	0.00e+00
 1.63352e+16	4.21e-11	4.74e-07	6.65e-04	3.92e-02	2.43e-01	7.17e-01	0.00e+00	0.00e+00
 1.69104e+16	5.73e-11	6.15e-07	8.14e-04	4.45e-02	2.58e-01	6.97e-01	0.00e+00	0.00e+00
 1.73924e+16	7.40e-11	7.61e-07	9.61e-04	4.94e-02	2.70e-01	6.80e-01	0.00e+00	0.00e+00
 1.78259e+16	9.23e-11	9.17e-07	1.11e-03	5.40e-02	2.81e-01	6.64e-01	0.00e+00	0.00e+00
 1.83008e+16	1.18e-10	1.12e-06	1.29e-03	5.94e-02	2.93e-01	6.47e-01	0.00e+00	0.00e+00
 1.88250e+16	1.52e-10	1.38e-06	1.52e-03	6.57e-02	3.05e-01	6.27e-01	0.00e+00	0.00e+00
 1.93162e+16	1.91e-10	1.68e-06	1.77e-03	7.20e-02	3.17e-01	6.09e-01	0.00e+00	0.00e+00
 1.98575e+16	2.46e-10	2.07e-06	2.08e-03	7.94e-02	3.30e-01	5.89e-01	0.00e+00	0.00e+00
 2.04480e+16	3.19e-10	2.57e-06	2.45e-03	8.79e-02	3.43e-01	5.67e-01	0.00e+00	0.00e+00
 2.09939e+16	4.04e-10	3.12e-06	2.85e-03	9.61e-02	3.54e-01	5.47e-01	0.00e+00	0.00e+00
 2.15950e+16	5.22e-10	3.86e-06	3.34e-03	1.06e-01	3.67e-01	5.24e-01	0.00e+00	0.00e+00
 2.22562e+16	6.80e-10	4.81e-06	3.96e-03	1.17e-01	3.79e-01	5.00e-01	0.00e+00	0.00e+00
 2.28771e+16	8.67e-10	5.87e-06	4.61e-03	1.28e-01	3.90e-01	4.77e-01	0.00e+00	0.00e+00
 2.35660e+16	1.13e-09	7.32e-06	5.45e-03	1.41e-01	4.02e-01	4.52e-01	0.00e+00	0.00e+00
 2.43085e+16	1.48e-09	9.13e-06	6.45e-03	1.55e-01	4.12e-01	4.26e-01	0.00e+00	0.00e+00
 2.49721e+16	1.87e-09	1.11e-05	7.46e-03	1.69e-01	4.21e-01	4.03e-01	0.00e+00	0.00e+00
 2.56862e+16	2.41e-09	1.36e-05	8.71e-03	1.84e-01	4.29e-01	3.79e-01	0.00e+00	0.00e+00
 2.64764e+16	3.13e-09	1.68e-05	1.02e-02	2.01e-01	4.36e-01	3.53e-01	0.00e+00	0.00e+00
 2.72081e+16	3.96e-09	2.04e-05	1.18e-02	2.17e-01	4.41e-01	3.30e-01	0.00e+00	0.00e+00
 2.80017e+16	5.14e-09	2.51e-05	1.39e-02	2.36e-01	4.45e-01	3.05e-01	0.00e+00	0.00e+00
 2.88180e+16	6.53e-09	3.05e-05	1.61e-02	2.55e-01	4.48e-01	2.81e-01	0.00e+00	0.00e+00
 2.94988e+16	7.96e-09	3.59e-05	1.81e-02	2.71e-01	4.48e-01	2.63e-01	0.00e+00	0.00e+00
 3.02186e+16	9.92e-09	4.27e-05	2.07e-02	2.89e-01	4.48e-01	2.43e-01	0.00e+00	0.00e+00
 3.10216e+16	1.25e-08	5.15e-05	2.37e-02	3.09e-01	4.46e-01	2.22e-01	0.00e+00	0.00e+00
 3.17572e+16	1.52e-08	6.04e-05	2.68e-02	3.27e-01	4.42e-01	2.04e-01	0.00e+00	0.00e+00
 3.24278e+16	1.83e-08	7.00e-05	2.98e-02	3.43e-01	4.38e-01	1.89e-01	0.00e+00	0.00e+00
 3.31894e+16	2.27e-08	8.29e-05	3.38e-02	3.63e-01	4.31e-01	1.72e-01	0.00e+00	0.00e+00
 3.40166e+16	2.83e-08	9.89e-05	3.85e-02	3.83e-01	4.23e-01	1.55e-01	0.00e+00	0.00e+00
 3.47553e+16	3.41e-08	1.15e-04	4.30e-02	4.01e-01	4.15e-01	1.41e-01	0.00e+00	0.00e+00
 3.54233e+16	4.07e-08	1.32e-04	4.76e-02	4.17e-01	4.06e-01	1.29e-01	0.00e+00	0.00e+00
 3.61733e+16	5.00e-08	1.55e-04	5.34e-02	4.36e-01	3.95e-01	1.16e-01	0.00e+00	0.00e+00
 3.69936e+16	6.20e-08	1.83e-04	6.03e-02	4.55e-01	3.82e-01	1.03e-01	0.00e+00	0.00e+00
 3.77320e+16	7.49e-08	2.12e-04	6.71e-02	4.71e-01	3.69e-01	9.20e-02	0.00e+00	0.00e+00
 3.84076e+16	8.94e-08	2.44e-04	7.41e-02	4.86e-01	3.57e-01	8.27e-02	0.00e+00	0.00e+00
 3.90739e+16	1.06e-07	2.79e-04	8.16e-02	5.00e-01	3.44e-01	7.43e-02	0.00e+00	0.00e+00
 3.98391e+16	1.32e-07	3.31e-04	9.16e-02	5.16e-01	3.27e-01	6.47e-02	0.00e+00	0.00e+00
 4.06377e+16	1.63e-07	3.89e-04	1.03e-01	5.31e-01	3.10e-01	5.62e-02	0.00e+00	0.00e+00
 4.13119e+16	1.94e-07	4.44e-04	1.13e-01	5.42e-01	2.95e-01	4.96e-02	0.00e+00	0.00e+00
 4.20203e+16	2.39e-07	5.21e-04	1.26e-01	5.53e-01	2.78e-01	4.29e-02	0.00e+00	0.00e+00
 4.27677e+16	2.97e-07	6.15e-04	1.40e-01	5.64e-01	2.59e-01	3.65e-02	0.00e+00	0.00e+00
 4.33786e+16	3.53e-07	7.02e-04	1.53e-01	5.70e-01	2.44e-01	3.18e-02	0.00e+00	0.00e+00
 4.38851e+16	4.11e-07	7.88e-04	1.65e-01	5.75e-01	2.31e-01	2.82e-02	0.00e+00	0.00e+00
 4.44426e+16	4.71e-07	8.78e-04	1.79e-01	5.79e-01	2.16e-01	2.46e-02	0.00e+00	0.00e+00
 4.51673e+16	5.89e-07	1.04e-03	2.00e-01	5.83e-01	1.96e-01	2.01e-02	0.00e+00	0.00e+00
 4.58522e+16	7.33e-07	1.23e-03	2.22e-01	5.83e-01	1.77e-01	1.64e-02	0.00e+00	0.00e+00
 4.62667e+16	8.87e-07	1.41e-03	2.38e-01	5.82e-01	1.65e-01	1.42e-02	0.00e+00	0.00e+00
 4.64970e+16	9.57e-07	1.49e-03	2.46e-01	5.80e-01	1.59e-01	1.32e-02	0.00e+00	0.00e+00
 4.67066e+16	1.03e-06	1.58e-03	2.54e-01	5.79e-01	1.53e-01	1.22e-02	0.00e+00	0.00e+00
 4.69792e+16	1.11e-06	1.67e-03	2.65e-01	5.77e-01	1.45e-01	1.11e-02	0.00e+00	0.00e+00
 4.73336e+16	1.27e-06	1.84e-03	2.80e-01	5.74e-01	1.35e-01	9.64e-03	0.00e+00	0.00e+00
 4.77079e+16	1.46e-06	2.04e-03	2.97e-01	5.69e-01	1.24e-01	8.26e-03	0.00e+00	0.00e+00
 4.80187e+16	1.72e-06	2.29e-03	3.12e-01	5.64e-01	1.15e-01	7.11e-03	0.00e+00	0.00e+00
 4.82560e+16	1.83e-06	2.41e-03	3.23e-01	5.60e-01	1.08e-01	6.42e-03	0.00e+00	0.00e+00
 4.84872e+16	2.08e-06	2.63e-03	3.36e-01	5.54e-01	1.01e-01	5.65e-03	0.00e+00	0.00e+00
 4.87403e+16	2.24e-06	2.79e-03	3.48e-01	5.49e-01	9.47e-02	5.00e-03	0.00e+00	0.00e+00
 4.90217e+16	2.54e-06	3.05e-03	3.64e-01	5.42e-01	8.68e-02	4.26e-03	0.00e+00	0.00e+00
 4.93216e+16	2.90e-06	3.36e-03	3.80e-01	5.34e-01	7.87e-02	3.57e-03	0.00e+00	0.00e+00
 4.95783e+16	3.37e-06	3.73e-03	3.96e-01	5.26e-01	7.17e-02	2.99e-03	0.00e+00	0.00e+00
 4.97841e+16	3.71e-06	3.99e-03	4.08e-01	5.19e-01	6.64e-02	2.61e-03	0.00e+00	0.00e+00
 4.99910e+16	4.00e-06	4.23e-03	4.20e-01	5.13e-01	6.13e-02	2.26e-03	0.00e+00	0.00e+00
 5.02600e+16	4.70e-06	4.73e-03	4.37e-01	5.02e-01	5.45e-02	1.82e-03	0.00e+00	0.00e+00
 5.05248e+16	5.34e-06	5.18e-03	4.53e-01	4.92e-01	4.85e-02	1.48e-03	0.00e+00	0.00e+00
 5.07373e+16	5.96e-06	5.59e-03	4.66e-01	4.83e-01	4.38e-02	1.23e-03	0.00e+00	0.00e+00
 5.09666e+16	6.75e-06	6.10e-03	4.80e-01	4.73e-01	3.89e-02	9.92e-04	0.00e+00	0.00e+00
 5.12221e+16	7.71e-06	6.70e-03	4.96e-01	4.62e-01	3.40e-02	7.77e-04	0.00e+00	0.00e+00
 5.14625e+16	8.75e-06	7.32e-03	5.11e-01	4.52e-01	2.97e-02	6.09e-04	0.00e+00	0.00e+00
 5.16902e+16	9.87e-06	7.97e-03	5.24e-01	4.41e-01	2.60e-02	4.79e-04	0.00e+00	0.00e+00
 5.19509e+16	1.14e-05	8.82e-03	5.40e-01	4.29e-01	2.20e-02	3.55e-04	0.00e+00	0.00e+00
 5.22363e+16	1.33e-05	9.79e-03	5.56e-01	4.16e-01	1.83e-02	2.55e-04	0.00e+00	0.00e+00
 5.25047e+16	1.54e-05	1.08e-02	5.71e-01	4.03e-01	1.53e-02	1.85e-04	0.00e+00	0.00e+00
 5.27216e+16	1.72e-05	1.17e-02	5.82e-01	3.93e-01	1.33e-02	1.43e-04	0.00e+00	0.00e+00
 5.28878e+16	1.88e-05	1.24e-02	5.90e-01	3.85e-01	1.18e-02	1.16e-04	0.00e+00	0.00e+00
 5.30711e+16	2.07e-05	1.33e-02	6.00e-01	3.76e-01	1.03e-02	9.09e-05	0.00e+00	0.00e+00
 5.33095e+16	2.35e-05	1.45e-02	6.12e-01	3.65e-01	8.68e-03	6.62e-05	0.00e+00	0.00e+00
 5.35611e+16	2.69e-05	1.58e-02	6.24e-01	3.53e-01	7.24e-03	4.76e-05	0.00e+00	0.00e+00
 5.37800e+16	3.01e-05	1.71e-02	6.34e-01	3.43e-01	6.18e-03	3.58e-05	0.00e+00	0.00e+00
 5.40145e+16	3.40e-05	1.86e-02	6.44e-01	3.32e-01	5.18e-03	2.60e-05	0.00e+00	0.00e+00
 5.43194e+16	3.98e-05	2.07e-02	6.57e-01	3.18e-01	4.12e-03	1.71e-05	0.00e+00	0.00e+00
 5.46199e+16	4.67e-05	2.30e-02	6.70e-01	3.04e-01	3.31e-03	1.15e-05	0.00e+00	0.00e+00
 5.48460e+16	5.25e-05	2.49e-02	6.79e-01	2.94e-01	2.81e-03	8.57e-06	0.00e+00	0.00e+00
 5.50712e+16	5.91e-05	2.69e-02	6.87e-01	2.83e-01	2.37e-03	6.28e-06	0.00e+00	0.00e+00
 5.53640e+16	6.89e-05	2.98e-02	6.98e-01	2.70e-01	1.90e-03	4.21e-06	0.00e+00	0.00e+00
 5.56604e+16	8.08e-05	3.32e-02	7.09e-01	2.56e-01	1.53e-03	2.84e-06	0.00e+00	0.00e+00
 5.58923e+16	9.16e-05	3.60e-02	7.17e-01	2.46e-01	1.29e-03	2.10e-06	0.00e+00	0.00e+00
 5.61248e+16	1.04e-04	3.91e-02	7.24e-01	2.35e-01	1.08e-03	1.52e-06	0.00e+00	0.00e+00
 5.64270e+16	1.23e-04	4.37e-02	7.34e-01	2.21e-01	8.60e-04	1.01e-06	0.00e+00	0.00e+00
 5.67224e+16	1.45e-04	4.89e-02	7.42e-01	2.08e-01	6.90e-04	6.80e-07	0.00e+00	0.00e+00
 5.69386e+16	1.65e-04	5.31e-02	7.48e-01	1.98e-01	5.86e-04	0.00e+00	0.00e+00	0.00e+00
 5.71491e+16	1.86e-04	5.76e-02	7.53e-01	1.89e-01	4.97e-04	0.00e+00	0.00e+00	0.00e+00
 5.74227e+16	2.19e-04	6.41e-02	7.59e-01	1.76e-01	4.00e-04	0.00e+00	0.00e+00	0.00e+00
 5.76955e+16	2.60e-04	7.16e-02	7.64e-01	1.64e-01	3.22e-04	0.00e+00	0.00e+00	0.00e+00
 5.79014e+16	2.96e-04	7.81e-02	7.67e-01	1.55e-01	2.73e-04	0.00e+00	0.00e+00	0.00e+00
 5.81034e+16	3.37e-04	8.49e-02	7.69e-01	1.46e-01	2.30e-04	0.00e+00	0.00e+00	0.00e+00
 5.83660e+16	4.01e-04	9.50e-02	7.70e-01	1.34e-01	1.84e-04	0.00e+00	0.00e+00	0.00e+00
 5.86254e+16	4.78e-04	1.07e-01	7.70e-01	1.23e-01	1.47e-04	0.00e+00	0.00e+00	0.00e+00
 5.88159e+16	5.48e-04	1.16e-01	7.68e-01	1.15e-01	1.24e-04	0.00e+00	0.00e+00	0.00e+00
 5.89743e+16	6.14e-04	1.25e-01	7.66e-01	1.08e-01	1.07e-04	0.00e+00	0.00e+00	0.00e+00
 5.91556e+16	7.00e-04	1.36e-01	7.63e-01	1.00e-01	9.00e-05	0.00e+00	0.00e+00	0.00e+00
 5.93913e+16	8.33e-04	1.52e-01	7.56e-01	9.07e-02	7.13e-05	0.00e+00	0.00e+00	0.00e+00
 5.96279e+16	1.00e-03	1.71e-01	7.47e-01	8.13e-02	5.61e-05	0.00e+00	0.00e+00	0.00e+00
 5.98080e+16	1.16e-03	1.87e-01	7.37e-01	7.42e-02	4.63e-05	0.00e+00	0.00e+00	0.00e+00
 5.99605e+16	1.31e-03	2.02e-01	7.28e-01	6.84e-02	3.91e-05	0.00e+00	0.00e+00	0.00e+00
 6.01345e+16	1.51e-03	2.21e-01	7.16e-01	6.19e-02	3.19e-05	0.00e+00	0.00e+00	0.00e+00
 6.03607e+16	1.82e-03	2.48e-01	6.96e-01	5.38e-02	2.43e-05	0.00e+00	0.00e+00	0.00e+00
 6.05897e+16	2.23e-03	2.81e-01	6.71e-01	4.60e-02	1.81e-05	0.00e+00	0.00e+00	0.00e+00
 6.07685e+16	2.64e-03	3.10e-01	6.47e-01	4.01e-02	1.41e-05	0.00e+00	0.00e+00	0.00e+00
 6.09471e+16	3.10e-03	3.41e-01	6.21e-01	3.46e-02	1.09e-05	0.00e+00	0.00e+00	0.00e+00
 6.11793e+16	3.85e-03	3.86e-01	5.82e-01	2.80e-02	7.53e-06	0.00e+00	0.00e+00	0.00e+00
 6.14105e+16	4.85e-03	4.38e-01	5.35e-01	2.19e-02	5.03e-06	0.00e+00	0.00e+00	0.00e+00
 6.15802e+16	5.79e-03	4.81e-01	4.96e-01	1.78e-02	3.63e-06	0.00e+00	0.00e+00	0.00e+00
 6.17145e+16	6.65e-03	5.16e-01	4.62e-01	1.49e-02	2.75e-06	0.00e+00	0.00e+00	0.00e+00
 6.18629e+16	7.75e-03	5.56e-01	4.24e-01	1.21e-02	1.97e-06	0.00e+00	0.00e+00	0.00e+00
 6.20231e+16	9.19e-03	6.03e-01	3.79e-01	9.30e-03	1.34e-06	0.00e+00	0.00e+00	0.00e+00
 6.21581e+16	1.07e-02	6.43e-01	3.39e-01	7.27e-03	9.31e-07	0.00e+00	0.00e+00	0.00e+00
 6.22680e+16	1.20e-02	6.76e-01	3.06e-01	5.85e-03	0.00e+00	0.00e+00	0.00e+00	0.00e+00
 6.23854e+16	1.37e-02	7.10e-01	2.72e-01	4.55e-03	0.00e+00	0.00e+00	0.00e+00	0.00e+00
 6.25148e+16	1.58e-02	7.47e-01	2.34e-01	3.35e-03	0.00e+00	0.00e+00	0.00e+00	0.00e+00
 6.26284e+16	1.81e-02	7.78e-01	2.01e-01	2.48e-03	0.00e+00	0.00e+00	0.00e+00	0.00e+00
 6.27221e+16	2.02e-02	8.03e-01	1.75e-01	1.90e-03	0.00e+00	0.00e+00	0.00e+00	0.00e+00
 6.28214e+16	2.27e-02	8.26e-01	1.50e-01	1.40e-03	0.00e+00	0.00e+00	0.00e+00	0.00e+00
 6.29300e+16	2.59e-02	8.49e-01	1.24e-01	9.74e-04	0.00e+00	0.00e+00	0.00e+00	0.00e+00
 6.30247e+16	2.91e-02	8.68e-01	1.03e-01	6.87e-04	0.00e+00	0.00e+00	0.00e+00	0.00e+00
 6.31032e+16	3.22e-02	8.81e-01	8.68e-02	5.05e-04	0.00e+00	0.00e+00	0.00e+00	0.00e+00
 6.31870e+16	3.59e-02	8.92e-01	7.19e-02	3.57e-04	0.00e+00	0.00e+00	0.00e+00	0.00e+00
 6.32796e+16	4.07e-02	9.02e-01	5.74e-02	2.37e-04	0.00e+00	0.00e+00	0.00e+00	0.00e+00
 6.33624e+16	4.56e-02	9.08e-01	4.59e-02	1.59e-04	0.00e+00	0.00e+00	0.00e+00	0.00e+00
 6.34323e+16	5.04e-02	9.12e-01	3.77e-02	1.11e-04	0.00e+00	0.00e+00	0.00e+00	0.00e+00
 6.35071e+16	5.61e-02	9.14e-01	3.02e-02	7.44e-05	0.00e+00	0.00e+00	0.00e+00	0.00e+00
 6.35873e+16	6.32e-02	9.13e-01	2.34e-02	4.73e-05	0.00e+00	0.00e+00	0.00e+00	0.00e+00
 6.36565e+16	7.05e-02	9.11e-01	1.84e-02	3.10e-05	0.00e+00	0.00e+00	0.00e+00	0.00e+00
 6.37148e+16	7.73e-02	9.08e-01	1.50e-02	2.15e-05	0.00e+00	0.00e+00	0.00e+00	0.00e+00
 6.37703e+16	8.45e-02	9.03e-01	1.22e-02	1.49e-05	0.00e+00	0.00e+00	0.00e+00	0.00e+00
 6.38255e+16	9.25e-02	8.98e-01	9.84e-03	1.02e-05	0.00e+00	0.00e+00	0.00e+00	0.00e+00
 6.38776e+16	1.01e-01	8.91e-01	7.97e-03	7.04e-06	0.00e+00	0.00e+00	0.00e+00	0.00e+00
 6.39277e+16	1.09e-01	8.84e-01	6.48e-03	4.88e-06	0.00e+00	0.00e+00	0.00e+00	0.00e+00
 6.39734e+16	1.18e-01	8.77e-01	5.32e-03	3.45e-06	0.00e+00	0.00e+00	0.00e+00	0.00e+00
 6.40140e+16	1.26e-01	8.69e-01	4.44e-03	2.51e-06	0.00e+00	0.00e+00	0.00e+00	0.00e+00
 6.40515e+16	1.35e-01	8.62e-01	3.75e-03	1.86e-06	0.00e+00	0.00e+00	0.00e+00	0.00e+00
 6.40798e+16	1.41e-01	8.56e-01	3.29e-03	1.49e-06	0.00e+00	0.00e+00	0.00e+00	0.00e+00
 6.40984e+16	1.45e-01	8.52e-01	3.02e-03	1.28e-06	0.00e+00	0.00e+00	0.00e+00	0.00e+00
 6.41164e+16	1.50e-01	8.47e-01	2.77e-03	1.10e-06	0.00e+00	0.00e+00	0.00e+00	0.00e+00
 6.41377e+16	1.55e-01	8.42e-01	2.50e-03	9.15e-07	0.00e+00	0.00e+00	0.00e+00	0.00e+00
 6.41605e+16	1.62e-01	8.36e-01	2.24e-03	0.00e+00	0.00e+00	0.00e+00	0.00e+00	0.00e+00
 6.41818e+16	1.68e-01	8.30e-01	2.01e-03	0.00e+00	0.00e+00	0.00e+00	0.00e+00	0.00e+00
 6.42019e+16	1.73e-01	8.25e-01	1.82e-03	0.00e+00	0.00e+00	0.00e+00	0.00e+00	0.00e+00
 6.42220e+16	1.79e-01	8.19e-01	1.64e-03	0.00e+00	0.00e+00	0.00e+00	0.00e+00	0.00e+00
 6.42422e+16	1.86e-01	8.13e-01	1.48e-03	0.00e+00	0.00e+00	0.00e+00	0.00e+00	0.00e+00
 6.42623e+16	1.92e-01	8.07e-01	1.33e-03	0.00e+00	0.00e+00	0.00e+00	0.00e+00	0.00e+00
 6.42820e+16	1.99e-01	8.00e-01	1.20e-03	0.00e+00	0.00e+00	0.00e+00	0.00e+00	0.00e+00
 6.43015e+16	2.06e-01	7.93e-01	1.08e-03	0.00e+00	0.00e+00	0.00e+00	0.00e+00	0.00e+00
 6.43211e+16	2.13e-01	7.86e-01	9.76e-04	0.00e+00	0.00e+00	0.00e+00	0.00e+00	0.00e+00
 6.43402e+16	2.20e-01	7.79e-01	8.79e-04	0.00e+00	0.00e+00	0.00e+00	0.00e+00	0.00e+00
 6.43590e+16	2.27e-01	7.72e-01	7.93e-04	0.00e+00	0.00e+00	0.00e+00	0.00e+00	0.00e+00
 6.43780e+16	2.35e-01	7.64e-01	7.12e-04	0.00e+00	0.00e+00	0.00e+00	0.00e+00	0.00e+00
 6.43968e+16	2.43e-01	7.56e-01	6.41e-04	0.00e+00	0.00e+00	0.00e+00	0.00e+00	0.00e+00
 6.44153e+16	2.52e-01	7.47e-01	5.76e-04	0.00e+00	0.00e+00	0.00e+00	0.00e+00	0.00e+00
 6.44339e+16	2.60e-01	7.39e-01	5.17e-04	0.00e+00	0.00e+00	0.00e+00	0.00e+00	0.00e+00
 6.44521e+16	2.69e-01	7.30e-01	4.64e-04	0.00e+00	0.00e+00	0.00e+00	0.00e+00	0.00e+00
 6.44701e+16	2.78e-01	7.21e-01	4.17e-04	0.00e+00	0.00e+00	0.00e+00	0.00e+00	0.00e+00
 6.44881e+16	2.88e-01	7.12e-01	3.74e-04	0.00e+00	0.00e+00	0.00e+00	0.00e+00	0.00e+00
 6.45062e+16	2.98e-01	7.02e-01	3.35e-04	0.00e+00	0.00e+00	0.00e+00	0.00e+00	0.00e+00
 6.45240e+16	3.08e-01	6.91e-01	3.00e-04	0.00e+00	0.00e+00	0.00e+00	0.00e+00	0.00e+00
 6.45416e+16	3.20e-01	6.80e-01	2.68e-04	0.00e+00	0.00e+00	0.00e+00	0.00e+00	0.00e+00
 6.45591e+16	3.31e-01	6.69e-01	2.40e-04	0.00e+00	0.00e+00	0.00e+00	0.00e+00	0.00e+00
 6.45767e+16	3.43e-01	6.57e-01	2.14e-04	0.00e+00	0.00e+00	0.00e+00	0.00e+00	0.00e+00
 6.45943e+16	3.56e-01	6.43e-01	1.90e-04	0.00e+00	0.00e+00	0.00e+00	0.00e+00	0.00e+00
 6.46117e+16	3.69e-01	6.31e-01	1.70e-04	0.00e+00	0.00e+00	0.00e+00	0.00e+00	0.00e+00
 6.46287e+16	3.83e-01	6.17e-01	1.51e-04	0.00e+00	0.00e+00	0.00e+00	0.00e+00	0.00e+00
 6.46456e+16	3.98e-01	6.02e-01	1.34e-04	0.00e+00	0.00e+00	0.00e+00	0.00e+00	0.00e+00
 6.46621e+16	4.13e-01	5.87e-01	1.19e-04	0.00e+00	0.00e+00	0.00e+00	0.00e+00	0.00e+00
 6.46784e+16	4.27e-01	5.73e-01	1.06e-04	0.00e+00	0.00e+00	0.00e+00	0.00e+00	0.00e+00
 6.46947e+16	4.44e-01	5.56e-01	9.43e-05	0.00e+00	0.00e+00	0.00e+00	0.00e+00	0.00e+00
 6.47110e+16	4.61e-01	5.39e-01	8.35e-05	0.00e+00	0.00e+00	0.00e+00	0.00e+00	0.00e+00
 6.47270e+16	4.79e-01	5.21e-01	7.39e-05	0.00e+00	0.00e+00	0.00e+00	0.00e+00	0.00e+00
 6.47428e+16	4.97e-01	5.03e-01	6.54e-05	0.00e+00	0.00e+00	0.00e+00	0.00e+00	0.00e+00
 6.47585e+16	5.16e-01	4.84e-01	5.77e-05	0.00e+00	0.00e+00	0.00e+00	0.00e+00	0.00e+00
 6.47742e+16	5.38e-01	4.62e-01	5.06e-05	0.00e+00	0.00e+00	0.00e+00	0.00e+00	0.00e+00
 6.47897e+16	5.58e-01	4.42e-01	4.45e-05	0.00e+00	0.00e+00	0.00e+00	0.00e+00	0.00e+00
 6.48050e+16	5.80e-01	4.20e-01	3.90e-05	0.00e+00	0.00e+00	0.00e+00	0.00e+00	0.00e+00
 6.48204e+16	6.01e-01	3.99e-01	3.40e-05	0.00e+00	0.00e+00	0.00e+00	0.00e+00	0.00e+00
 6.48360e+16	6.24e-01	3.76e-01	2.96e-05	0.00e+00	0.00e+00	0.00e+00	0.00e+00	0.00e+00
 6.48515e+16	6.47e-01	3.53e-01	2.57e-05	0.00e+00	0.00e+00	0.00e+00	0.00e+00	0.00e+00
 6.48670e+16	6.70e-01	3.30e-01	2.22e-05	0.00e+00	0.00e+00	0.00e+00	0.00e+00	0.00e+00
 6.48825e+16	6.93e-01	3.07e-01	1.91e-05	0.00e+00	0.00e+00	0.00e+00	0.00e+00	0.00e+00
