#depth	He	He+	He+2
 1.49634e+10	3.53e-23	4.61e-12	1.00e+00
 4.54887e+10	3.91e-23	4.99e-12	1.00e+00
 7.72350e+10	4.33e-23	5.40e-12	1.00e+00
 1.10251e+11	4.80e-23	5.85e-12	1.00e+00
 1.41723e+11	5.28e-23	6.29e-12	1.00e+00
 1.70551e+11	5.74e-23	6.71e-12	1.00e+00
 2.03181e+11	6.29e-23	7.21e-12	1.00e+00
 2.41020e+11	6.98e-23	7.81e-12	1.00e+00
 2.78281e+11	7.72e-23	8.42e-12	1.00e+00
 3.13891e+11	8.46e-23	9.03e-12	1.00e+00
 3.53232e+11	9.34e-23	9.73e-12	1.00e+00
 3.97288e+11	1.04e-22	1.05e-11	1.00e+00
 4.41785e+11	1.16e-22	1.14e-11	1.00e+00
 4.85292e+11	1.28e-22	1.23e-11	1.00e+00
 5.31861e+11	1.42e-22	1.33e-11	1.00e+00
 5.83062e+11	1.60e-22	1.44e-11	1.00e+00
 6.34678e+11	1.78e-22	1.56e-11	1.00e+00
 6.88359e+11	1.99e-22	1.69e-11	1.00e+00
 7.45821e+11	2.24e-22	1.83e-11	1.00e+00
 8.05580e+11	2.52e-22	1.99e-11	1.00e+00
 8.67730e+11	2.84e-22	2.16e-11	1.00e+00
 9.32366e+11	3.20e-22	2.35e-11	1.00e+00
 9.99588e+11	3.62e-22	2.55e-11	1.00e+00
 1.06950e+12	4.09e-22	2.77e-11	1.00e+00
 1.14220e+12	4.63e-22	3.01e-11	1.00e+00
 1.21782e+12	5.26e-22	3.28e-11	1.00e+00
 1.29646e+12	5.97e-22	3.57e-11	1.00e+00
 1.37824e+12	6.78e-22	3.89e-11	1.00e+00
 1.46330e+12	7.71e-22	4.23e-11	1.00e+00
 1.54631e+12	8.72e-22	4.59e-11	1.00e+00
 1.62525e+12	9.77e-22	4.94e-11	1.00e+00
 1.71280e+12	1.10e-21	5.35e-11	1.00e+00
 1.81123e+12	1.26e-21	5.84e-11	1.00e+00
 1.90967e+12	1.43e-21	6.35e-11	1.00e+00
 2.01205e+12	1.63e-21	6.91e-11	1.00e+00
 2.12246e+12	1.86e-21	7.55e-11	1.00e+00
 2.23729e+12	2.14e-21	8.24e-11	1.00e+00
 2.35670e+12	2.45e-21	9.01e-11	1.00e+00
 2.48090e+12	2.80e-21	9.86e-11	1.00e+00
 2.61006e+12	3.22e-21	1.08e-10	1.00e+00
 2.74439e+12	3.69e-21	1.18e-10	1.00e+00
 2.88409e+12	4.23e-21	1.29e-10	1.00e+00
 3.01317e+12	4.79e-21	1.40e-10	1.00e+00
 3.12499e+12	5.30e-21	1.50e-10	1.00e+00
 3.24910e+12	5.91e-21	1.62e-10	1.00e+00
 3.40059e+12	6.73e-21	1.77e-10	1.00e+00
 3.55492e+12	7.65e-21	1.93e-10	1.00e+00
 3.69562e+12	8.55e-21	2.08e-10	1.00e+00
 3.85137e+12	9.63e-21	2.26e-10	1.00e+00
 4.03315e+12	1.10e-20	2.48e-10	1.00e+00
 4.21215e+12	1.25e-20	2.71e-10	1.00e+00
 4.38113e+12	1.40e-20	2.94e-10	1.00e+00
 4.56913e+12	1.59e-20	3.21e-10	1.00e+00
 4.78182e+12	1.81e-20	3.54e-10	1.00e+00
 4.99563e+12	2.07e-20	3.88e-10	1.00e+00
 5.21800e+12	2.36e-20	4.27e-10	1.00e+00
 5.45664e+12	2.70e-20	4.70e-10	1.00e+00
 5.70484e+12	3.08e-20	5.19e-10	1.00e+00
 5.96296e+12	3.51e-20	5.72e-10	1.00e+00
 6.23140e+12	4.00e-20	6.31e-10	1.00e+00
 6.51058e+12	4.55e-20	6.97e-10	1.00e+00
 6.80093e+12	5.18e-20	7.70e-10	1.00e+00
 7.10290e+12	5.90e-20	8.50e-10	1.00e+00
 7.41694e+12	6.71e-20	9.39e-10	1.00e+00
 7.74355e+12	7.64e-20	1.04e-09	1.00e+00
 8.08321e+12	8.71e-20	1.15e-09	1.00e+00
 8.41839e+12	9.88e-20	1.26e-09	1.00e+00
 8.76697e+12	1.12e-19	1.39e-09	1.00e+00
 9.14758e+12	1.29e-19	1.54e-09	1.00e+00
 9.51796e+12	1.47e-19	1.69e-09	1.00e+00
 9.85991e+12	1.65e-19	1.84e-09	1.00e+00
 1.02408e+13	1.88e-19	2.01e-09	1.00e+00
 1.06802e+13	2.18e-19	2.23e-09	1.00e+00
 1.11081e+13	2.52e-19	2.45e-09	1.00e+00
 1.15138e+13	2.88e-19	2.67e-09	1.00e+00
 1.19649e+13	3.34e-19	2.93e-09	1.00e+00
 1.24734e+13	3.94e-19	3.24e-09	1.00e+00
 1.29816e+13	4.63e-19	3.57e-09	1.00e+00
 1.34252e+13	5.32e-19	3.87e-09	1.00e+00
 1.38052e+13	5.98e-19	4.14e-09	1.00e+00
 1.42313e+13	6.79e-19	4.45e-09	1.00e+00
 1.47765e+13	7.98e-19	4.87e-09	1.00e+00
 1.53425e+13	9.41e-19	5.33e-09	1.00e+00
 1.58306e+13	1.08e-18	5.74e-09	1.00e+00
 1.63518e+13	1.24e-18	6.19e-09	1.00e+00
 1.69942e+13	1.47e-18	6.78e-09	1.00e+00
 1.76485e+13	1.74e-18	7.41e-09	1.00e+00
 1.82354e+13	2.01e-18	7.99e-09	1.00e+00
 1.88807e+13	2.35e-18	8.65e-09	1.00e+00
 1.96454e+13	2.80e-18	9.47e-09	1.00e+00
 2.04153e+13	3.31e-18	1.03e-08	1.00e+00
 2.11500e+13	3.87e-18	1.12e-08	1.00e+00
 2.19599e+13	4.56e-18	1.22e-08	1.00e+00
 2.28682e+13	5.44e-18	1.33e-08	1.00e+00
 2.38129e+13	6.48e-18	1.45e-08	1.00e+00
 2.47953e+13	7.71e-18	1.59e-08	1.00e+00
 2.57819e+13	9.08e-18	1.73e-08	1.00e+00
 2.68080e+13	1.07e-17	1.88e-08	1.00e+00
 2.79102e+13	1.27e-17	2.05e-08	1.00e+00
 2.90566e+13	1.51e-17	2.23e-08	1.00e+00
 3.02488e+13	1.78e-17	2.42e-08	1.00e+00
 3.14886e+13	2.11e-17	2.64e-08	1.00e+00
 3.27781e+13	2.49e-17	2.87e-08	1.00e+00
 3.40800e+13	2.92e-17	3.11e-08	1.00e+00
 3.53033e+13	3.38e-17	3.34e-08	1.00e+00
 3.66149e+13	3.92e-17	3.60e-08	1.00e+00
 3.81094e+13	4.62e-17	3.91e-08	1.00e+00
 3.95844e+13	5.39e-17	4.23e-08	1.00e+00
 4.11185e+13	6.30e-17	4.57e-08	1.00e+00
 4.27931e+13	7.41e-17	4.96e-08	1.00e+00
 4.45348e+13	8.71e-17	5.38e-08	1.00e+00
 4.63461e+13	1.02e-16	5.83e-08	1.00e+00
 4.82299e+13	1.20e-16	6.33e-08	1.00e+00
 5.01890e+13	1.41e-16	6.86e-08	1.00e+00
 5.22265e+13	1.66e-16	7.44e-08	1.00e+00
 5.43455e+13	1.95e-16	8.06e-08	1.00e+00
 5.63357e+13	2.26e-16	8.67e-08	1.00e+00
 5.81103e+13	2.56e-16	9.24e-08	1.00e+00
 6.00987e+13	2.93e-16	9.89e-08	1.00e+00
 6.24621e+13	3.43e-16	1.07e-07	1.00e+00
 6.48200e+13	3.97e-16	1.15e-07	1.00e+00
 6.70068e+13	4.54e-16	1.23e-07	1.00e+00
 6.94517e+13	5.25e-16	1.33e-07	1.00e+00
 7.22597e+13	6.15e-16	1.44e-07	1.00e+00
 7.50066e+13	7.15e-16	1.55e-07	1.00e+00
 7.76316e+13	8.22e-16	1.66e-07	1.00e+00
 8.05350e+13	9.50e-16	1.79e-07	1.00e+00
 8.37863e+13	1.12e-15	1.94e-07	1.00e+00
 8.70650e+13	1.30e-15	2.09e-07	1.00e+00
 9.04749e+13	1.52e-15	2.26e-07	1.00e+00
 9.41239e+13	1.77e-15	2.45e-07	1.00e+00
 9.79188e+13	2.08e-15	2.65e-07	1.00e+00
 1.01865e+14	2.43e-15	2.87e-07	1.00e+00
 1.05970e+14	2.84e-15	3.10e-07	1.00e+00
 1.10239e+14	3.32e-15	3.36e-07	1.00e+00
 1.14429e+14	3.85e-15	3.62e-07	1.00e+00
 1.18451e+14	4.41e-15	3.88e-07	1.00e+00
 1.22884e+14	5.11e-15	4.18e-07	1.00e+00
 1.27829e+14	5.96e-15	4.51e-07	1.00e+00
 1.32828e+14	6.95e-15	4.88e-07	1.00e+00
 1.38027e+14	8.07e-15	5.26e-07	1.00e+00
 1.43578e+14	9.44e-15	5.70e-07	1.00e+00
 1.48801e+14	1.08e-14	6.12e-07	1.00e+00
 1.53509e+14	1.23e-14	6.52e-07	1.00e+00
 1.58833e+14	1.40e-14	6.97e-07	1.00e+00
 1.65095e+14	1.63e-14	7.54e-07	1.00e+00
 1.71381e+14	1.89e-14	8.12e-07	1.00e+00
 1.77437e+14	2.17e-14	8.71e-07	1.00e+00
 1.83309e+14	2.46e-14	9.29e-07	1.00e+00
 1.89869e+14	2.82e-14	9.98e-07	1.00e+00
 1.97079e+14	3.28e-14	1.08e-06	1.00e+00
 2.03694e+14	3.72e-14	1.15e-06	1.00e+00
 2.10855e+14	4.27e-14	1.23e-06	1.00e+00
 2.18876e+14	4.95e-14	1.33e-06	1.00e+00
 2.26468e+14	5.65e-14	1.43e-06	1.00e+00
 2.34703e+14	6.50e-14	1.53e-06	1.00e+00
 2.43852e+14	7.58e-14	1.66e-06	1.00e+00
 2.52527e+14	8.69e-14	1.78e-06	1.00e+00
 2.61818e+14	1.00e-13	1.92e-06	1.00e+00
 2.72112e+14	1.17e-13	2.08e-06	1.00e+00
 2.82124e+14	1.35e-13	2.24e-06	1.00e+00
 2.92746e+14	1.56e-13	2.42e-06	1.00e+00
 3.04486e+14	1.83e-13	2.63e-06	1.00e+00
 3.16284e+14	2.14e-13	2.85e-06	1.00e+00
 3.28555e+14	2.49e-13	3.09e-06	1.00e+00
 3.41727e+14	2.92e-13	3.36e-06	1.00e+00
 3.55426e+14	3.41e-13	3.65e-06	1.00e+00
 3.69673e+14	4.01e-13	3.97e-06	1.00e+00
 3.84490e+14	4.69e-13	4.33e-06	1.00e+00
 3.98822e+14	5.45e-13	4.68e-06	1.00e+00
 4.12334e+14	6.24e-13	5.04e-06	1.00e+00
 4.25097e+14	7.06e-13	5.39e-06	1.00e+00
 4.38962e+14	8.06e-13	5.78e-06	1.00e+00
 4.54421e+14	9.29e-13	6.25e-06	1.00e+00
 4.68910e+14	1.06e-12	6.69e-06	1.00e+00
 4.84703e+14	1.21e-12	7.20e-06	1.00e+00
 5.02478e+14	1.40e-12	7.80e-06	1.00e+00
 5.19423e+14	1.60e-12	8.39e-06	1.00e+00
 5.38047e+14	1.85e-12	9.08e-06	1.00e+00
 5.58053e+14	2.14e-12	9.84e-06	1.00e+00
 5.75812e+14	2.43e-12	1.06e-05	1.00e+00
 5.94854e+14	2.77e-12	1.14e-05	1.00e+00
 6.17745e+14	3.23e-12	1.24e-05	1.00e+00
 6.40143e+14	3.73e-12	1.34e-05	1.00e+00
 6.59843e+14	4.21e-12	1.43e-05	1.00e+00
 6.81532e+14	4.79e-12	1.54e-05	1.00e+00
 7.07683e+14	5.56e-12	1.67e-05	1.00e+00
 7.33764e+14	6.42e-12	1.81e-05	1.00e+00
 7.57343e+14	7.29e-12	1.95e-05	1.00e+00
 7.83535e+14	8.33e-12	2.10e-05	1.00e+00
 8.14320e+14	9.70e-12	2.29e-05	1.00e+00
 8.44536e+14	1.12e-11	2.48e-05	1.00e+00
 8.72677e+14	1.27e-11	2.67e-05	1.00e+00
 9.04331e+14	1.46e-11	2.89e-05	1.00e+00
 9.40534e+14	1.71e-11	3.16e-05	1.00e+00
 9.76148e+14	1.97e-11	3.43e-05	1.00e+00
 1.01319e+15	2.28e-11	3.73e-05	1.00e+00
 1.05374e+15	2.65e-11	4.06e-05	1.00e+00
 1.09592e+15	3.09e-11	4.44e-05	1.00e+00
 1.13979e+15	3.58e-11	4.84e-05	1.00e+00
 1.18541e+15	4.19e-11	5.29e-05	1.00e+00
 1.23286e+15	4.85e-11	5.77e-05	1.00e+00
 1.27454e+15	5.52e-11	6.21e-05	1.00e+00
 1.30742e+15	6.11e-11	6.58e-05	1.00e+00
 1.34282e+15	6.77e-11	6.98e-05	1.00e+00
 1.38884e+15	7.65e-11	7.51e-05	1.00e+00
 1.43877e+15	8.82e-11	8.13e-05	1.00e+00
 1.48372e+15	9.91e-11	8.70e-05	1.00e+00
 1.53211e+15	1.11e-10	9.33e-05	1.00e+00
 1.59066e+15	1.29e-10	1.01e-04	1.00e+00
 1.64856e+15	1.48e-10	1.10e-04	1.00e+00
 1.69954e+15	1.66e-10	1.17e-04	1.00e+00
 1.75541e+15	1.88e-10	1.26e-04	1.00e+00
 1.82275e+15	2.16e-10	1.37e-04	1.00e+00
 1.88990e+15	2.48e-10	1.48e-04	1.00e+00
 1.95047e+15	2.77e-10	1.58e-04	1.00e+00
 2.01758e+15	3.14e-10	1.70e-04	1.00e+00
 2.09664e+15	3.67e-10	1.86e-04	1.00e+00
 2.17452e+15	4.20e-10	2.01e-04	1.00e+00
 2.24678e+15	4.75e-10	2.15e-04	1.00e+00
 2.32794e+15	5.43e-10	2.33e-04	1.00e+00
 2.42108e+15	6.20e-10	2.53e-04	1.00e+00
 2.51298e+15	7.23e-10	2.74e-04	1.00e+00
 2.60172e+15	8.22e-10	2.95e-04	1.00e+00
 2.69900e+15	9.41e-10	3.19e-04	1.00e+00
 2.80699e+15	1.08e-09	3.47e-04	1.00e+00
 2.91930e+15	1.27e-09	3.78e-04	1.00e+00
 3.03610e+15	1.47e-09	4.11e-04	1.00e+00
 3.15757e+15	1.70e-09	4.47e-04	1.00e+00
 3.28391e+15	1.98e-09	4.85e-04	1.00e+00
 3.39497e+15	2.24e-09	5.21e-04	9.99e-01
 3.48306e+15	2.47e-09	5.50e-04	9.99e-01
 3.57836e+15	2.73e-09	5.82e-04	9.99e-01
 3.70225e+15	3.07e-09	6.25e-04	9.99e-01
 3.83631e+15	3.56e-09	6.75e-04	9.99e-01
 3.95649e+15	3.99e-09	7.20e-04	9.99e-01
 4.08561e+15	4.47e-09	7.70e-04	9.99e-01
 4.24179e+15	5.16e-09	8.34e-04	9.99e-01
 4.39542e+15	6.01e-09	9.01e-04	9.99e-01
 4.52937e+15	6.75e-09	9.59e-04	9.99e-01
 4.67545e+15	7.64e-09	1.03e-03	9.99e-01
 4.85319e+15	8.80e-09	1.11e-03	9.99e-01
 5.03121e+15	1.02e-08	1.20e-03	9.99e-01
 5.18986e+15	1.15e-08	1.28e-03	9.99e-01
 5.36424e+15	1.31e-08	1.37e-03	9.99e-01
 5.57207e+15	1.50e-08	1.49e-03	9.99e-01
 5.77826e+15	1.76e-08	1.61e-03	9.98e-01
 5.96565e+15	2.00e-08	1.73e-03	9.98e-01
 6.17374e+15	2.29e-08	1.86e-03	9.98e-01
 6.40743e+15	2.63e-08	2.02e-03	9.98e-01
 6.63442e+15	3.09e-08	2.18e-03	9.98e-01
 6.85129e+15	3.52e-08	2.34e-03	9.98e-01
 7.09497e+15	4.05e-08	2.53e-03	9.97e-01
 7.36169e+15	4.66e-08	2.74e-03	9.97e-01
 7.60616e+15	5.44e-08	2.96e-03	9.97e-01
 7.83653e+15	6.15e-08	3.16e-03	9.97e-01
 8.10080e+15	7.00e-08	3.42e-03	9.97e-01
 8.39629e+15	8.33e-08	3.72e-03	9.96e-01
 8.64216e+15	9.42e-08	3.98e-03	9.96e-01
 8.83793e+15	1.04e-07	4.20e-03	9.96e-01
 9.05880e+15	1.16e-07	4.46e-03	9.96e-01
 9.34592e+15	1.31e-07	4.81e-03	9.95e-01
 9.66884e+15	1.57e-07	5.25e-03	9.95e-01
 9.94874e+15	1.77e-07	5.64e-03	9.94e-01
 1.01829e+16	1.96e-07	6.00e-03	9.94e-01
 1.04471e+16	2.22e-07	6.43e-03	9.94e-01
 1.07907e+16	2.66e-07	7.06e-03	9.93e-01
 1.11405e+16	3.11e-07	7.72e-03	9.92e-01
 1.14195e+16	3.53e-07	8.30e-03	9.92e-01
 1.17031e+16	4.04e-07	8.96e-03	9.91e-01
 1.20222e+16	4.64e-07	9.75e-03	9.90e-01
 1.23239e+16	5.37e-07	1.06e-02	9.89e-01
 1.26018e+16	6.08e-07	1.14e-02	9.89e-01
 1.29126e+16	7.14e-07	1.25e-02	9.87e-01
 1.32444e+16	8.37e-07	1.38e-02	9.86e-01
 1.35333e+16	9.58e-07	1.51e-02	9.85e-01
 1.37969e+16	1.08e-06	1.64e-02	9.84e-01
 1.40984e+16	1.31e-06	1.82e-02	9.82e-01
 1.44148e+16	1.55e-06	2.02e-02	9.80e-01
 1.46831e+16	1.79e-06	2.23e-02	9.78e-01
 1.49258e+16	2.04e-06	2.44e-02	9.76e-01
 1.51572e+16	2.41e-06	2.69e-02	9.73e-01
 1.53471e+16	2.71e-06	2.91e-02	9.71e-01
 1.55286e+16	3.08e-06	3.16e-02	9.68e-01
 1.57646e+16	3.55e-06	3.53e-02	9.65e-01
 1.60260e+16	4.41e-06	4.04e-02	9.60e-01
 1.62536e+16	5.30e-06	4.58e-02	9.54e-01
 1.64343e+16	6.24e-06	5.10e-02	9.49e-01
 1.65875e+16	7.19e-06	5.63e-02	9.44e-01
 1.67532e+16	8.30e-06	6.32e-02	9.37e-01
 1.69685e+16	1.07e-05	7.45e-02	9.25e-01
 1.71734e+16	1.36e-05	8.84e-02	9.12e-01
 1.73150e+16	1.63e-05	1.01e-01	8.99e-01
 1.74296e+16	1.91e-05	1.13e-01	8.87e-01
 1.75584e+16	2.32e-05	1.31e-01	8.69e-01
 1.76967e+16	2.89e-05	1.54e-01	8.46e-01
 1.78135e+16	3.54e-05	1.79e-01	8.21e-01
 1.79096e+16	4.23e-05	2.05e-01	7.95e-01
 1.79842e+16	4.88e-05	2.29e-01	7.71e-01
 1.80404e+16	5.47e-05	2.49e-01	7.51e-01
 1.81004e+16	6.17e-05	2.75e-01	7.25e-01
 1.81784e+16	7.38e-05	3.13e-01	6.87e-01
 1.82497e+16	8.60e-05	3.52e-01	6.48e-01
 1.82992e+16	9.57e-05	3.83e-01	6.17e-01
 1.83504e+16	1.08e-04	4.19e-01	5.81e-01
 1.84064e+16	1.23e-04	4.60e-01	5.39e-01
 1.84687e+16	1.41e-04	5.10e-01	4.90e-01
 1.85358e+16	1.62e-04	5.65e-01	4.35e-01
 1.85955e+16	1.82e-04	6.15e-01	3.84e-01
 1.86597e+16	2.05e-04	6.69e-01	3.31e-01
 1.87432e+16	2.35e-04	7.33e-01	2.66e-01
 1.88313e+16	2.64e-04	7.91e-01	2.09e-01
 1.89125e+16	2.89e-04	8.36e-01	1.64e-01
 1.90055e+16	3.15e-04	8.76e-01	1.24e-01
 1.91264e+16	3.43e-04	9.14e-01	8.57e-02
 1.92835e+16	3.72e-04	9.45e-01	5.43e-02
 1.94878e+16	4.02e-04	9.68e-01	3.13e-02
 1.97534e+16	4.32e-04	9.83e-01	1.65e-02
 2.00986e+16	4.67e-04	9.92e-01	7.94e-03
 2.04793e+16	5.06e-04	9.96e-01	3.99e-03
 2.08218e+16	5.42e-04	9.97e-01	2.32e-03
 2.11204e+16	5.78e-04	9.98e-01	1.52e-03
 2.14030e+16	6.16e-04	9.98e-01	1.04e-03
 2.17270e+16	6.65e-04	9.99e-01	6.90e-04
 2.20612e+16	7.25e-04	9.99e-01	4.72e-04
 2.23223e+16	7.80e-04	9.99e-01	3.59e-04
 2.24856e+16	8.19e-04	9.99e-01	3.08e-04
 2.25805e+16	8.44e-04	9.99e-01	2.80e-04
 2.26765e+16	8.71e-04	9.99e-01	2.53e-04
 2.28014e+16	9.10e-04	9.99e-01	2.23e-04
 2.29419e+16	9.56e-04	9.99e-01	1.95e-04
 2.30700e+16	1.00e-03	9.99e-01	1.73e-04
 2.31802e+16	1.05e-03	9.99e-01	1.56e-04
 2.32996e+16	1.10e-03	9.99e-01	1.39e-04
 2.34160e+16	1.16e-03	9.99e-01	1.26e-04
 2.35006e+16	1.20e-03	9.99e-01	1.17e-04
 2.35715e+16	1.24e-03	9.99e-01	1.10e-04
 2.36529e+16	1.29e-03	9.99e-01	1.02e-04
 2.37436e+16	1.35e-03	9.99e-01	9.45e-05
 2.38267e+16	1.41e-03	9.98e-01	8.82e-05
 2.38992e+16	1.47e-03	9.98e-01	8.29e-05
 2.39778e+16	1.54e-03	9.98e-01	7.74e-05
 2.40624e+16	1.62e-03	9.98e-01	7.22e-05
 2.41350e+16	1.69e-03	9.98e-01	6.81e-05
 2.41971e+16	1.76e-03	9.98e-01	6.47e-05
 2.42654e+16	1.85e-03	9.98e-01	6.11e-05
 2.43400e+16	1.95e-03	9.98e-01	5.76e-05
 2.44055e+16	2.04e-03	9.98e-01	5.46e-05
 2.44621e+16	2.13e-03	9.98e-01	5.22e-05
 2.45245e+16	2.24e-03	9.98e-01	4.96e-05
 2.45919e+16	2.37e-03	9.98e-01	4.70e-05
 2.46507e+16	2.50e-03	9.97e-01	4.49e-05
 2.47019e+16	2.61e-03	9.97e-01	4.32e-05
 2.47588e+16	2.76e-03	9.97e-01	4.13e-05
 2.48204e+16	2.93e-03	9.97e-01	3.94e-05
 2.48741e+16	3.10e-03	9.97e-01	3.78e-05
 2.49212e+16	3.26e-03	9.97e-01	3.64e-05
 2.49736e+16	3.46e-03	9.97e-01	3.49e-05
 2.50309e+16	3.70e-03	9.96e-01	3.35e-05
 2.50818e+16	3.95e-03	9.96e-01	3.22e-05
 2.51272e+16	4.19e-03	9.96e-01	3.12e-05
 2.51781e+16	4.49e-03	9.95e-01	3.00e-05
 2.52339e+16	4.87e-03	9.95e-01	2.87e-05
 2.52845e+16	5.28e-03	9.95e-01	2.77e-05
 2.53313e+16	5.70e-03	9.94e-01	2.67e-05
 2.53847e+16	6.27e-03	9.94e-01	2.57e-05
 2.54406e+16	6.96e-03	9.93e-01	2.47e-05
 2.54860e+16	7.65e-03	9.92e-01	2.39e-05
 2.55238e+16	8.32e-03	9.92e-01	2.33e-05
 2.55591e+16	9.02e-03	9.91e-01	2.28e-05
 2.55932e+16	9.83e-03	9.90e-01	2.22e-05
 2.56260e+16	1.07e-02	9.89e-01	2.17e-05
 2.56570e+16	1.17e-02	9.88e-01	2.13e-05
 2.56862e+16	1.28e-02	9.87e-01	2.09e-05
 2.57143e+16	1.40e-02	9.86e-01	2.06e-05
 2.57413e+16	1.53e-02	9.85e-01	2.02e-05
 2.57673e+16	1.69e-02	9.83e-01	2.00e-05
 2.57921e+16	1.86e-02	9.81e-01	1.97e-05
 2.58159e+16	2.04e-02	9.80e-01	1.96e-05
 2.58391e+16	2.25e-02	9.77e-01	1.94e-05
 2.58619e+16	2.50e-02	9.75e-01	1.93e-05
 2.58837e+16	2.78e-02	9.72e-01	1.92e-05
 2.59045e+16	3.09e-02	9.69e-01	1.91e-05
 2.59246e+16	3.45e-02	9.66e-01	1.91e-05
 2.59440e+16	3.85e-02	9.61e-01	1.92e-05
 2.59624e+16	4.30e-02	9.57e-01	1.93e-05
 2.59797e+16	4.79e-02	9.52e-01	1.95e-05
 2.59961e+16	5.33e-02	9.47e-01	1.97e-05
 2.60122e+16	5.96e-02	9.40e-01	2.00e-05
 2.60277e+16	6.67e-02	9.33e-01	2.02e-05
 2.60422e+16	7.42e-02	9.26e-01	2.06e-05
 2.60558e+16	8.24e-02	9.18e-01	2.10e-05
 2.60688e+16	9.13e-02	9.09e-01	2.14e-05
 2.60808e+16	1.01e-01	8.99e-01	2.18e-05
 2.60915e+16	1.10e-01	8.90e-01	2.23e-05
 2.61012e+16	1.19e-01	8.81e-01	2.28e-05
 2.61085e+16	1.27e-01	8.73e-01	2.31e-05
 2.61134e+16	1.32e-01	8.68e-01	2.33e-05
 2.61181e+16	1.38e-01	8.62e-01	2.36e-05
 2.61235e+16	1.45e-01	8.55e-01	2.38e-05
 2.61293e+16	1.53e-01	8.47e-01	2.41e-05
 2.61348e+16	1.60e-01	8.40e-01	2.44e-05
 2.61400e+16	1.68e-01	8.32e-01	2.48e-05
 2.61452e+16	1.77e-01	8.23e-01	2.51e-05
 2.61504e+16	1.85e-01	8.15e-01	2.54e-05
 2.61555e+16	1.94e-01	8.06e-01	2.57e-05
 2.61606e+16	2.03e-01	7.97e-01	2.61e-05
 2.61656e+16	2.13e-01	7.87e-01	2.64e-05
 2.61706e+16	2.24e-01	7.76e-01	2.67e-05
 2.61755e+16	2.34e-01	7.66e-01	2.70e-05
 2.61802e+16	2.45e-01	7.55e-01	2.73e-05
 2.61850e+16	2.56e-01	7.44e-01	2.76e-05
 2.61898e+16	2.68e-01	7.32e-01	2.79e-05
 2.61944e+16	2.80e-01	7.20e-01	2.82e-05
 2.61990e+16	2.92e-01	7.08e-01	2.86e-05
 2.62036e+16	3.05e-01	6.95e-01	2.88e-05
 2.62081e+16	3.18e-01	6.82e-01	2.91e-05
 2.62125e+16	3.32e-01	6.68e-01	2.93e-05
 2.62168e+16	3.45e-01	6.55e-01	2.96e-05
 2.62212e+16	3.59e-01	6.41e-01	2.99e-05
 2.62255e+16	3.74e-01	6.26e-01	3.00e-05
 2.62296e+16	3.88e-01	6.12e-01	3.03e-05
 2.62337e+16	4.03e-01	5.97e-01	3.04e-05
 2.62378e+16	4.17e-01	5.83e-01	3.06e-05
 2.62419e+16	4.32e-01	5.68e-01	3.08e-05
 2.62459e+16	4.47e-01	5.53e-01	3.09e-05
 2.62498e+16	4.63e-01	5.37e-01	3.10e-05
 2.62536e+16	4.78e-01	5.22e-01	3.11e-05
 2.62574e+16	4.92e-01	5.07e-01	3.12e-05
 2.62610e+16	5.07e-01	4.93e-01	3.13e-05
 2.62645e+16	5.21e-01	4.79e-01	3.13e-05
 2.62681e+16	5.36e-01	4.64e-01	3.13e-05
 2.62715e+16	5.50e-01	4.50e-01	3.13e-05
 2.62749e+16	5.64e-01	4.36e-01	3.12e-05
 2.62782e+16	5.78e-01	4.22e-01	3.12e-05
 2.62814e+16	5.91e-01	4.09e-01	3.11e-05
 2.62846e+16	6.04e-01	3.96e-01	3.10e-05
 2.62876e+16	6.17e-01	3.83e-01	3.09e-05
 2.62907e+16	6.29e-01	3.71e-01	3.07e-05
 2.62936e+16	6.42e-01	3.58e-01	3.06e-05
 2.62966e+16	6.53e-01	3.47e-01	3.05e-05
 2.62994e+16	6.65e-01	3.35e-01	3.03e-05
 2.63022e+16	6.76e-01	3.24e-01	3.01e-05
 2.63050e+16	6.87e-01	3.13e-01	2.99e-05
 2.63077e+16	6.97e-01	3.03e-01	2.97e-05
 2.63104e+16	7.07e-01	2.93e-01	2.95e-05
 2.63130e+16	7.17e-01	2.83e-01	2.92e-05
 2.63156e+16	7.27e-01	2.73e-01	2.90e-05
 2.63181e+16	7.36e-01	2.64e-01	2.87e-05
 2.63206e+16	7.45e-01	2.55e-01	2.85e-05
 2.63231e+16	7.54e-01	2.46e-01	2.82e-05
 2.63252e+16	7.61e-01	2.39e-01	2.79e-05
 2.63269e+16	7.67e-01	2.33e-01	2.77e-05
 2.63284e+16	7.72e-01	2.28e-01	2.75e-05
 2.63301e+16	7.78e-01	2.22e-01	2.72e-05
 2.63318e+16	7.84e-01	2.16e-01	2.70e-05
 2.63333e+16	7.89e-01	2.11e-01	2.68e-05
 2.63348e+16	7.94e-01	2.06e-01	2.65e-05
 2.63364e+16	7.99e-01	2.01e-01	2.63e-05
 2.63379e+16	8.03e-01	1.97e-01	2.61e-05
 2.63393e+16	8.08e-01	1.92e-01	2.59e-05
 2.63407e+16	8.12e-01	1.88e-01	2.56e-05
 2.63421e+16	8.16e-01	1.84e-01	2.54e-05
 2.63435e+16	8.20e-01	1.80e-01	2.52e-05
 2.63449e+16	8.24e-01	1.76e-01	2.50e-05
 2.63462e+16	8.28e-01	1.72e-01	2.47e-05
 2.63476e+16	8.32e-01	1.68e-01	2.45e-05
 2.63490e+16	8.36e-01	1.64e-01	2.43e-05
 2.63504e+16	8.40e-01	1.60e-01	2.40e-05
 2.63519e+16	8.44e-01	1.56e-01	2.38e-05
 2.63534e+16	8.48e-01	1.52e-01	2.35e-05
 2.63549e+16	8.52e-01	1.48e-01	2.32e-05
 2.63567e+16	8.56e-01	1.44e-01	2.29e-05
 2.63586e+16	8.61e-01	1.39e-01	2.26e-05
 2.63607e+16	8.66e-01	1.34e-01	2.22e-05
 2.63627e+16	8.71e-01	1.29e-01	2.18e-05
 2.63646e+16	8.75e-01	1.25e-01	2.15e-05
 2.63665e+16	8.79e-01	1.21e-01	2.11e-05
 2.63683e+16	8.84e-01	1.16e-01	2.07e-05
 2.63701e+16	8.87e-01	1.13e-01	2.03e-05
 2.63718e+16	8.91e-01	1.09e-01	1.99e-05
 2.63734e+16	8.94e-01	1.06e-01	1.95e-05
 2.63749e+16	8.97e-01	1.03e-01	1.91e-05
 2.63762e+16	9.00e-01	1.00e-01	1.88e-05
 2.63774e+16	9.02e-01	9.75e-02	1.85e-05
 2.63785e+16	9.05e-01	9.54e-02	1.82e-05
 2.63795e+16	9.07e-01	9.34e-02	1.79e-05
 2.63804e+16	9.08e-01	9.16e-02	1.77e-05
 2.63812e+16	9.10e-01	8.99e-02	1.74e-05
 2.63820e+16	9.11e-01	8.85e-02	1.72e-05
 2.63828e+16	9.13e-01	8.69e-02	1.70e-05
 2.63837e+16	9.15e-01	8.53e-02	1.68e-05
 2.63845e+16	9.16e-01	8.38e-02	1.65e-05
 2.63852e+16	9.18e-01	8.24e-02	1.63e-05
 2.63859e+16	9.19e-01	8.11e-02	1.61e-05
 2.63866e+16	9.20e-01	7.97e-02	1.59e-05
 2.63874e+16	9.22e-01	7.83e-02	1.57e-05
 2.63881e+16	9.23e-01	7.70e-02	1.54e-05
 2.63888e+16	9.24e-01	7.59e-02	1.53e-05
 2.63894e+16	9.25e-01	7.48e-02	1.50e-05
 2.63900e+16	9.26e-01	7.36e-02	1.48e-05
 2.63907e+16	9.28e-01	7.23e-02	1.46e-05
 2.63914e+16	9.29e-01	7.13e-02	1.44e-05
 2.63920e+16	9.30e-01	7.02e-02	1.42e-05
 2.63925e+16	9.31e-01	6.93e-02	1.40e-05
 2.63930e+16	9.32e-01	6.84e-02	1.39e-05
 2.63935e+16	9.33e-01	6.75e-02	1.37e-05
 2.63942e+16	9.34e-01	6.62e-02	1.35e-05
 2.63949e+16	9.35e-01	6.50e-02	1.33e-05
 2.63956e+16	9.36e-01	6.38e-02	1.30e-05
 2.63962e+16	9.37e-01	6.28e-02	1.28e-05
 2.63968e+16	9.38e-01	6.19e-02	1.26e-05
 2.63973e+16	9.39e-01	6.11e-02	1.25e-05
 2.63978e+16	9.40e-01	6.03e-02	1.23e-05
 2.63982e+16	9.40e-01	5.95e-02	1.21e-05
 2.63986e+16	9.41e-01	5.89e-02	1.20e-05
 2.63990e+16	9.42e-01	5.82e-02	1.19e-05
 2.63995e+16	9.43e-01	5.73e-02	1.17e-05
 2.64001e+16	9.44e-01	5.63e-02	1.15e-05
 2.64007e+16	9.44e-01	5.55e-02	1.13e-05
 2.64012e+16	9.45e-01	5.47e-02	1.12e-05
 2.64016e+16	9.46e-01	5.40e-02	1.10e-05
 2.64020e+16	9.47e-01	5.34e-02	1.09e-05
 2.64025e+16	9.47e-01	5.26e-02	1.07e-05
 2.64029e+16	9.48e-01	5.19e-02	1.06e-05
 2.64034e+16	9.49e-01	5.13e-02	1.05e-05
 2.64038e+16	9.49e-01	5.06e-02	1.03e-05
 2.64044e+16	9.50e-01	4.98e-02	1.01e-05
 2.64048e+16	9.51e-01	4.91e-02	1.00e-05
 2.64053e+16	9.52e-01	4.85e-02	9.88e-06
 2.64056e+16	9.52e-01	4.79e-02	9.75e-06
 2.64061e+16	9.53e-01	4.73e-02	9.65e-06
 2.64066e+16	9.53e-01	4.65e-02	9.48e-06
 2.64072e+16	9.54e-01	4.57e-02	9.33e-06
 2.64078e+16	9.55e-01	4.51e-02	9.20e-06
 2.64083e+16	9.56e-01	4.44e-02	9.08e-06
 2.64087e+16	9.56e-01	4.38e-02	8.95e-06
 2.64091e+16	9.57e-01	4.33e-02	8.85e-06
 2.64096e+16	9.57e-01	4.28e-02	8.75e-06
 2.64102e+16	9.58e-01	4.20e-02	8.60e-06
 2.64108e+16	9.59e-01	4.13e-02	8.44e-06
 2.64114e+16	9.59e-01	4.06e-02	8.33e-06
 2.64119e+16	9.60e-01	4.00e-02	8.21e-06
 2.64124e+16	9.61e-01	3.94e-02	8.08e-06
 2.64128e+16	9.61e-01	3.90e-02	7.99e-06
 2.64133e+16	9.62e-01	3.84e-02	7.90e-06
 2.64139e+16	9.62e-01	3.77e-02	7.75e-06
 2.64146e+16	9.63e-01	3.70e-02	7.63e-06
 2.64152e+16	9.64e-01	3.64e-02	7.51e-06
 2.64157e+16	9.64e-01	3.59e-02	7.40e-06
 2.64162e+16	9.65e-01	3.53e-02	7.29e-06
 2.64167e+16	9.65e-01	3.49e-02	7.20e-06
 2.64172e+16	9.66e-01	3.44e-02	7.11e-06
 2.64178e+16	9.66e-01	3.37e-02	6.98e-06
 2.64185e+16	9.67e-01	3.31e-02	6.87e-06
 2.64192e+16	9.67e-01	3.25e-02	6.76e-06
 2.64197e+16	9.68e-01	3.20e-02	6.66e-06
 2.64203e+16	9.68e-01	3.15e-02	6.56e-06
 2.64208e+16	9.69e-01	3.10e-02	6.47e-06
 2.64215e+16	9.69e-01	3.05e-02	6.38e-06
 2.64220e+16	9.70e-01	3.00e-02	6.28e-06
 2.64226e+16	9.70e-01	2.96e-02	6.20e-06
 2.64231e+16	9.71e-01	2.91e-02	6.12e-06
 2.64239e+16	9.71e-01	2.85e-02	6.00e-06
 2.64247e+16	9.72e-01	2.79e-02	5.89e-06
 2.64254e+16	9.73e-01	2.74e-02	5.80e-06
 2.64260e+16	9.73e-01	2.69e-02	5.70e-06
 2.64266e+16	9.74e-01	2.65e-02	5.62e-06
 2.64273e+16	9.74e-01	2.60e-02	5.53e-06
 2.64280e+16	9.74e-01	2.55e-02	5.45e-06
 2.64287e+16	9.75e-01	2.51e-02	5.36e-06
 2.64294e+16	9.75e-01	2.46e-02	5.27e-06
 2.64301e+16	9.76e-01	2.41e-02	5.19e-06
 2.64308e+16	9.76e-01	2.37e-02	5.11e-06
 2.64315e+16	9.77e-01	2.33e-02	5.04e-06
 2.64322e+16	9.77e-01	2.29e-02	4.95e-06
 2.64329e+16	9.78e-01	2.24e-02	4.88e-06
 2.64336e+16	9.78e-01	2.21e-02	4.81e-06
 2.64343e+16	9.78e-01	2.16e-02	4.72e-06
 2.64351e+16	9.79e-01	2.12e-02	4.64e-06
 2.64359e+16	9.79e-01	2.08e-02	4.58e-06
 2.64367e+16	9.80e-01	2.04e-02	4.49e-06
 2.64375e+16	9.80e-01	1.99e-02	4.41e-06
 2.64383e+16	9.80e-01	1.95e-02	4.34e-06
 2.64392e+16	9.81e-01	1.91e-02	4.26e-06
 2.64401e+16	9.81e-01	1.87e-02	4.18e-06
 2.64410e+16	9.82e-01	1.83e-02	4.11e-06
 2.64418e+16	9.82e-01	1.79e-02	4.05e-06
 2.64426e+16	9.82e-01	1.76e-02	3.97e-06
 2.64435e+16	9.83e-01	1.72e-02	3.90e-06
 2.64444e+16	9.83e-01	1.68e-02	3.84e-06
 2.64453e+16	9.84e-01	1.64e-02	3.77e-06
 2.64463e+16	9.84e-01	1.61e-02	3.70e-06
 2.64472e+16	9.84e-01	1.57e-02	3.63e-06
 2.64481e+16	9.85e-01	1.53e-02	3.56e-06
 2.64492e+16	9.85e-01	1.50e-02	3.49e-06
 2.64502e+16	9.85e-01	1.46e-02	3.43e-06
 2.64512e+16	9.86e-01	1.43e-02	3.35e-06
 2.64524e+16	9.86e-01	1.39e-02	3.29e-06
 2.64534e+16	9.86e-01	1.36e-02	3.22e-06
 2.64545e+16	9.87e-01	1.32e-02	3.15e-06
 2.64558e+16	9.87e-01	1.28e-02	3.08e-06
 2.64569e+16	9.87e-01	1.25e-02	3.02e-06
 2.64581e+16	9.88e-01	1.22e-02	2.95e-06
 2.64594e+16	9.88e-01	1.18e-02	2.88e-06
 2.64606e+16	9.88e-01	1.15e-02	2.82e-06
 2.64620e+16	9.89e-01	1.11e-02	2.75e-06
 2.64634e+16	9.89e-01	1.08e-02	2.68e-06
 2.64649e+16	9.90e-01	1.04e-02	2.61e-06
 2.64669e+16	9.90e-01	1.00e-02	2.52e-06
 2.64689e+16	9.90e-01	9.58e-03	2.44e-06
 2.64709e+16	9.91e-01	9.18e-03	2.35e-06
 2.64730e+16	9.91e-01	8.80e-03	2.27e-06
 2.64751e+16	9.92e-01	8.42e-03	2.19e-06
 2.64773e+16	9.92e-01	8.05e-03	2.11e-06
 2.64796e+16	9.92e-01	7.69e-03	2.03e-06
 2.64819e+16	9.93e-01	7.34e-03	1.95e-06
 2.64844e+16	9.93e-01	7.00e-03	1.88e-06
 2.64869e+16	9.93e-01	6.66e-03	1.80e-06
 2.64896e+16	9.94e-01	6.34e-03	1.72e-06
 2.64924e+16	9.94e-01	6.03e-03	1.65e-06
 2.64953e+16	9.94e-01	5.73e-03	1.58e-06
 2.64983e+16	9.95e-01	5.44e-03	1.51e-06
 2.65014e+16	9.95e-01	5.16e-03	1.44e-06
 2.65048e+16	9.95e-01	4.89e-03	1.37e-06
 2.65083e+16	9.95e-01	4.63e-03	1.31e-06
 2.65120e+16	9.96e-01	4.39e-03	1.24e-06
 2.65159e+16	9.96e-01	4.15e-03	1.18e-06
 2.65202e+16	9.96e-01	3.93e-03	1.12e-06
 2.65247e+16	9.96e-01	3.71e-03	1.06e-06
 2.65296e+16	9.96e-01	3.51e-03	1.01e-06
 2.65350e+16	9.97e-01	3.32e-03	9.56e-07
 2.65410e+16	9.97e-01	3.14e-03	9.05e-07
 2.65476e+16	9.97e-01	2.97e-03	8.57e-07
 2.65552e+16	9.97e-01	2.82e-03	8.11e-07
 2.65641e+16	9.97e-01	2.67e-03	7.68e-07
 2.65739e+16	9.97e-01	2.55e-03	7.31e-07
 2.65839e+16	9.98e-01	2.45e-03	7.01e-07
 2.65938e+16	9.98e-01	2.37e-03	6.77e-07
 2.66038e+16	9.98e-01	2.31e-03	6.56e-07
 2.66138e+16	9.98e-01	2.27e-03	6.40e-07
 2.66252e+16	9.98e-01	2.22e-03	6.23e-07
 2.66401e+16	9.98e-01	2.16e-03	6.02e-07
 2.66595e+16	9.98e-01	2.11e-03	5.84e-07
 2.66847e+16	9.98e-01	2.06e-03	5.62e-07
 2.67174e+16	9.98e-01	2.00e-03	5.37e-07
 2.67600e+16	9.98e-01	1.93e-03	5.06e-07
 2.68153e+16	9.98e-01	1.85e-03	4.70e-07
 2.68872e+16	9.98e-01	1.76e-03	4.29e-07
 2.69713e+16	9.98e-01	1.67e-03	3.87e-07
 2.70591e+16	9.98e-01	1.58e-03	3.49e-07
 2.71497e+16	9.99e-01	1.50e-03	3.13e-07
 2.72450e+16	9.99e-01	1.41e-03	2.80e-07
 2.73466e+16	9.99e-01	1.33e-03	2.49e-07
 2.74526e+16	9.99e-01	1.26e-03	2.20e-07
 2.75604e+16	9.99e-01	1.18e-03	1.95e-07
 2.76721e+16	9.99e-01	1.12e-03	1.72e-07
 2.77892e+16	9.99e-01	1.05e-03	1.51e-07
 2.79113e+16	9.99e-01	9.84e-04	1.32e-07
 2.80367e+16	9.99e-01	9.24e-04	1.16e-07
 2.81666e+16	9.99e-01	8.65e-04	1.00e-07
 2.83041e+16	9.99e-01	8.08e-04	8.67e-08
 2.84484e+16	9.99e-01	7.53e-04	7.45e-08
 2.85991e+16	9.99e-01	7.01e-04	6.36e-08
 2.87562e+16	9.99e-01	6.51e-04	5.41e-08
 2.89202e+16	9.99e-01	6.02e-04	4.57e-08
 2.90945e+16	9.99e-01	5.56e-04	3.83e-08
 2.92765e+16	9.99e-01	5.11e-04	3.19e-08
 2.94681e+16	1.00e+00	4.69e-04	2.63e-08
 2.96710e+16	1.00e+00	4.27e-04	2.14e-08
 2.98871e+16	1.00e+00	3.87e-04	1.73e-08
 3.01160e+16	1.00e+00	3.46e-04	1.37e-08
 3.03787e+16	1.00e+00	3.07e-04	1.05e-08
 3.06557e+16	1.00e+00	2.70e-04	8.03e-09
 3.09297e+16	1.00e+00	2.36e-04	6.07e-09
 3.12491e+16	1.00e+00	2.00e-04	4.35e-09
 3.16440e+16	1.00e+00	1.64e-04	2.92e-09
 3.20602e+16	1.00e+00	1.34e-04	1.94e-09
 3.24859e+16	1.00e+00	1.08e-04	1.27e-09
 3.30121e+16	1.00e+00	8.31e-05	7.50e-10
 3.36591e+16	1.00e+00	6.06e-05	4.02e-10
 3.43618e+16	1.00e+00	4.36e-05	2.10e-10
 3.50680e+16	1.00e+00	3.16e-05	1.11e-10
 3.58141e+16	1.00e+00	2.26e-05	5.76e-11
 3.66121e+16	1.00e+00	1.60e-05	2.92e-11
 3.74259e+16	1.00e+00	1.14e-05	1.49e-11
 3.82560e+16	1.00e+00	8.14e-06	7.67e-12
 3.91185e+16	1.00e+00	5.78e-06	3.91e-12
 4.00142e+16	1.00e+00	4.09e-06	1.98e-12
 4.09232e+16	1.00e+00	2.91e-06	1.01e-12
 4.18795e+16	1.00e+00	2.03e-06	5.06e-13
 4.28982e+16	1.00e+00	1.41e-06	2.47e-13
 4.39475e+16	1.00e+00	9.74e-07	1.21e-13
 4.50340e+16	1.00e+00	6.72e-07	5.86e-14
 4.61587e+16	1.00e+00	4.58e-07	2.80e-14
 4.73231e+16	1.00e+00	3.13e-07	1.34e-14
 4.85105e+16	1.00e+00	2.12e-07	6.38e-15
 4.97039e+16	1.00e+00	1.45e-07	3.10e-15
 5.09032e+16	1.00e+00	1.01e-07	1.53e-15
 5.21714e+16	1.00e+00	6.84e-08	7.27e-16
 5.34634e+16	1.00e+00	4.73e-08	3.56e-16
 5.47964e+16	1.00e+00	3.23e-08	1.70e-16
 5.62224e+16	1.00e+00	2.18e-08	7.94e-17
 5.76917e+16	1.00e+00	1.47e-08	3.69e-17
 5.92201e+16	1.00e+00	9.86e-09	1.70e-17
 6.07786e+16	1.00e+00	6.65e-09	7.87e-18
 6.23447e+16	1.00e+00	4.54e-09	3.72e-18
 6.39108e+16	1.00e+00	3.12e-09	1.79e-18
 6.54768e+16	1.00e+00	2.17e-09	8.72e-19
 6.70428e+16	1.00e+00	1.52e-09	4.32e-19
 6.86088e+16	1.00e+00	1.07e-09	2.18e-19
 7.01752e+16	1.00e+00	7.63e-10	1.11e-19
 7.17416e+16	1.00e+00	5.48e-10	5.78e-20
 7.33079e+16	1.00e+00	3.96e-10	3.04e-20
 7.48745e+16	1.00e+00	2.88e-10	1.62e-20
 7.64410e+16	1.00e+00	2.11e-10	8.76e-21
 7.80075e+16	1.00e+00	1.56e-10	0.00e+00
 7.95739e+16	1.00e+00	1.16e-10	0.00e+00
 8.11402e+16	1.00e+00	8.65e-11	0.00e+00
 8.27063e+16	1.00e+00	6.50e-11	0.00e+00
 8.42727e+16	1.00e+00	4.91e-11	0.00e+00
 8.60739e+16	1.00e+00	3.55e-11	0.00e+00
 8.81408e+16	1.00e+00	2.49e-11	0.00e+00
 9.02382e+16	1.00e+00	1.76e-11	0.00e+00
 9.23356e+16	1.00e+00	1.25e-11	0.00e+00
 9.45844e+16	1.00e+00	8.69e-12	0.00e+00
 9.70196e+16	1.00e+00	5.96e-12	0.00e+00
 9.94900e+16	1.00e+00	4.11e-12	0.00e+00
 1.01960e+17	1.00e+00	2.87e-12	0.00e+00
 1.04431e+17	1.00e+00	2.02e-12	0.00e+00
 1.07007e+17	1.00e+00	1.41e-12	0.00e+00
 1.09716e+17	1.00e+00	9.77e-13	0.00e+00
 1.12490e+17	1.00e+00	6.80e-13	0.00e+00
 1.15319e+17	1.00e+00	4.76e-13	0.00e+00
 1.18587e+17	1.00e+00	3.18e-13	0.00e+00
 1.22478e+17	1.00e+00	2.03e-13	0.00e+00
 1.26551e+17	1.00e+00	1.31e-13	0.00e+00
 1.30600e+17	1.00e+00	8.88e-14	0.00e+00
 1.34674e+17	1.00e+00	6.29e-14	0.00e+00
 1.38843e+17	1.00e+00	4.66e-14	0.00e+00
 1.43105e+17	1.00e+00	3.63e-14	0.00e+00
 1.47415e+17	1.00e+00	2.97e-14	0.00e+00
 1.51755e+17	1.00e+00	2.57e-14	0.00e+00
 1.56116e+17	1.00e+00	2.30e-14	0.00e+00
 1.60475e+17	1.00e+00	2.13e-14	0.00e+00
 1.64821e+17	1.00e+00	2.02e-14	0.00e+00
 1.69120e+17	1.00e+00	1.94e-14	0.00e+00
 1.73344e+17	1.00e+00	1.90e-14	0.00e+00
 1.77483e+17	1.00e+00	1.87e-14	0.00e+00
 1.81524e+17	1.00e+00	1.85e-14	0.00e+00
 1.85443e+17	1.00e+00	1.84e-14	0.00e+00
 1.89227e+17	1.00e+00	1.84e-14	0.00e+00
 1.92865e+17	1.00e+00	1.84e-14	0.00e+00
 1.96345e+17	1.00e+00	1.85e-14	0.00e+00
 1.99670e+17	1.00e+00	1.86e-14	0.00e+00
 2.02838e+17	1.00e+00	1.87e-14	0.00e+00
 2.05846e+17	1.00e+00	1.88e-14	0.00e+00
 2.08694e+17	1.00e+00	1.89e-14	0.00e+00
 2.11391e+17	1.00e+00	1.90e-14	0.00e+00
 2.13943e+17	1.00e+00	1.92e-14	0.00e+00
 2.16356e+17	1.00e+00	1.93e-14	0.00e+00
 2.18635e+17	1.00e+00	1.94e-14	0.00e+00
 2.20788e+17	1.00e+00	1.95e-14	0.00e+00
 2.22820e+17	1.00e+00	1.97e-14	0.00e+00
 2.24740e+17	1.00e+00	1.98e-14	0.00e+00
 2.26553e+17	1.00e+00	1.99e-14	0.00e+00
 2.28267e+17	1.00e+00	1.99e-14	0.00e+00
 2.29888e+17	1.00e+00	2.00e-14	0.00e+00
 2.31419e+17	1.00e+00	2.01e-14	0.00e+00
 2.32868e+17	1.00e+00	2.02e-14	0.00e+00
 2.34238e+17	1.00e+00	2.03e-14	0.00e+00
 2.35536e+17	1.00e+00	2.03e-14	0.00e+00
 2.36765e+17	1.00e+00	2.04e-14	0.00e+00
 2.37928e+17	1.00e+00	2.04e-14	0.00e+00
 2.39031e+17	1.00e+00	2.05e-14	0.00e+00
 2.40077e+17	1.00e+00	2.05e-14	0.00e+00
 2.41069e+17	1.00e+00	2.06e-14	0.00e+00
 2.42011e+17	1.00e+00	2.06e-14	0.00e+00
 2.42905e+17	1.00e+00	2.07e-14	0.00e+00
 2.43754e+17	1.00e+00	2.07e-14	0.00e+00
 2.44561e+17	1.00e+00	2.07e-14	0.00e+00
 2.45329e+17	1.00e+00	2.07e-14	0.00e+00
 2.46059e+17	1.00e+00	2.08e-14	0.00e+00
 2.46755e+17	1.00e+00	2.08e-14	0.00e+00
 2.47417e+17	1.00e+00	2.08e-14	0.00e+00
 2.48049e+17	1.00e+00	2.08e-14	0.00e+00
 2.48651e+17	1.00e+00	2.09e-14	0.00e+00
 2.49226e+17	1.00e+00	2.09e-14	0.00e+00
 2.49776e+17	1.00e+00	2.09e-14	0.00e+00
 2.50301e+17	1.00e+00	2.09e-14	0.00e+00
 2.50804e+17	1.00e+00	2.09e-14	0.00e+00
 2.51286e+17	1.00e+00	2.09e-14	0.00e+00
 2.51749e+17	1.00e+00	2.09e-14	0.00e+00
 2.52194e+17	1.00e+00	2.10e-14	0.00e+00
 2.52621e+17	1.00e+00	2.10e-14	0.00e+00
 2.53033e+17	1.00e+00	2.10e-14	0.00e+00
 2.53431e+17	1.00e+00	2.10e-14	0.00e+00
 2.53815e+17	1.00e+00	2.10e-14	0.00e+00
 2.54187e+17	1.00e+00	2.10e-14	0.00e+00
 2.54549e+17	1.00e+00	2.10e-14	0.00e+00
 2.54901e+17	1.00e+00	2.10e-14	0.00e+00
 2.55245e+17	1.00e+00	2.10e-14	0.00e+00
 2.55582e+17	1.00e+00	2.10e-14	0.00e+00
 2.55913e+17	1.00e+00	2.10e-14	0.00e+00
 2.56240e+17	1.00e+00	2.10e-14	0.00e+00
 2.56564e+17	1.00e+00	2.10e-14	0.00e+00
 2.56887e+17	1.00e+00	2.10e-14	0.00e+00
 2.57210e+17	1.00e+00	2.10e-14	0.00e+00
 2.57535e+17	1.00e+00	2.10e-14	0.00e+00
 2.57866e+17	1.00e+00	2.10e-14	0.00e+00
 2.58204e+17	1.00e+00	2.10e-14	0.00e+00
 2.58553e+17	1.00e+00	2.10e-14	0.00e+00
 2.58917e+17	1.00e+00	2.10e-14	0.00e+00
 2.59301e+17	1.00e+00	2.09e-14	0.00e+00
 2.59712e+17	1.00e+00	2.09e-14	0.00e+00
 2.60159e+17	1.00e+00	2.09e-14	0.00e+00
 2.60653e+17	1.00e+00	2.08e-14	0.00e+00
 2.61210e+17	1.00e+00	2.08e-14	0.00e+00
 2.61853e+17	1.00e+00	2.07e-14	0.00e+00
 2.62615e+17	1.00e+00	2.06e-14	0.00e+00
 2.63548e+17	1.00e+00	2.04e-14	0.00e+00
 2.64729e+17	1.00e+00	2.02e-14	0.00e+00
 2.66255e+17	1.00e+00	1.98e-14	0.00e+00
 2.68240e+17	1.00e+00	1.92e-14	0.00e+00
 2.70820e+17	1.00e+00	1.83e-14	0.00e+00
 2.74174e+17	1.00e+00	1.71e-14	0.00e+00
 2.78534e+17	1.00e+00	1.54e-14	0.00e+00
 2.84202e+17	1.00e+00	1.34e-14	0.00e+00
 2.91571e+17	1.00e+00	1.11e-14	0.00e+00
 3.01150e+17	1.00e+00	8.51e-15	0.00e+00
 3.12695e+17	1.00e+00	5.94e-15	0.00e+00
 3.25203e+17	1.00e+00	4.57e-15	0.00e+00
 3.38211e+17	1.00e+00	3.97e-15	0.00e+00
 3.51740e+17	1.00e+00	3.46e-15	0.00e+00
 3.65810e+17	1.00e+00	2.99e-15	0.00e+00
 3.80442e+17	1.00e+00	2.55e-15	0.00e+00
 3.94815e+17	1.00e+00	2.14e-15	0.00e+00
 4.07772e+17	1.00e+00	2.19e-15	0.00e+00
 4.19236e+17	1.00e+00	2.44e-15	0.00e+00
 4.29810e+17	1.00e+00	2.57e-15	0.00e+00
 4.39956e+17	1.00e+00	2.49e-15	0.00e+00
 4.49602e+17	1.00e+00	2.32e-15	0.00e+00
 4.58368e+17	1.00e+00	2.21e-15	0.00e+00
 4.66067e+17	1.00e+00	2.18e-15	0.00e+00
 4.72831e+17	1.00e+00	2.16e-15	0.00e+00
 4.78695e+17	1.00e+00	2.09e-15	0.00e+00
 4.83205e+17	1.00e+00	2.04e-15	0.00e+00
 4.86088e+17	1.00e+00	2.10e-15	0.00e+00
 4.87781e+17	1.00e+00	2.17e-15	0.00e+00
 4.88798e+17	1.00e+00	2.21e-15	0.00e+00
 4.89408e+17	1.00e+00	2.24e-15	0.00e+00
 4.89808e+17	1.00e+00	2.25e-15	0.00e+00
 4.90163e+17	1.00e+00	2.26e-15	0.00e+00
 4.90553e+17	1.00e+00	2.27e-15	0.00e+00
 4.90966e+17	1.00e+00	2.27e-15	0.00e+00
 4.91348e+17	1.00e+00	2.28e-15	0.00e+00
 4.91669e+17	1.00e+00	2.28e-15	0.00e+00
 4.91929e+17	1.00e+00	2.28e-15	0.00e+00
 4.92187e+17	1.00e+00	2.28e-15	0.00e+00
 4.92479e+17	1.00e+00	2.27e-15	0.00e+00
 4.92769e+17	1.00e+00	2.27e-15	0.00e+00
 4.93024e+17	1.00e+00	2.26e-15	0.00e+00
 4.93248e+17	1.00e+00	2.26e-15	0.00e+00
 4.93460e+17	1.00e+00	2.25e-15	0.00e+00
 4.93667e+17	1.00e+00	2.25e-15	0.00e+00
 4.93871e+17	1.00e+00	2.24e-15	0.00e+00
 4.94064e+17	1.00e+00	2.24e-15	0.00e+00
 4.94245e+17	1.00e+00	2.23e-15	0.00e+00
 4.94417e+17	1.00e+00	2.22e-15	0.00e+00
 4.94585e+17	1.00e+00	2.22e-15	0.00e+00
 4.94752e+17	1.00e+00	2.21e-15	0.00e+00
 4.94914e+17	1.00e+00	2.21e-15	0.00e+00
 4.95069e+17	1.00e+00	2.20e-15	0.00e+00
 4.95218e+17	1.00e+00	2.19e-15	0.00e+00
 4.95365e+17	1.00e+00	2.19e-15	0.00e+00
 4.95508e+17	1.00e+00	2.18e-15	0.00e+00
 4.95648e+17	1.00e+00	2.17e-15	0.00e+00
 4.95786e+17	1.00e+00	2.17e-15	0.00e+00
 4.95924e+17	1.00e+00	2.16e-15	0.00e+00
 4.96061e+17	1.00e+00	2.15e-15	0.00e+00
 4.96194e+17	1.00e+00	2.14e-15	0.00e+00
 4.96327e+17	1.00e+00	2.14e-15	0.00e+00
 4.96460e+17	1.00e+00	2.13e-15	0.00e+00
 4.96594e+17	1.00e+00	2.12e-15	0.00e+00
 4.96728e+17	1.00e+00	2.11e-15	0.00e+00
 4.96858e+17	1.00e+00	2.10e-15	0.00e+00
 4.96989e+17	1.00e+00	2.10e-15	0.00e+00
 4.97127e+17	1.00e+00	2.09e-15	0.00e+00
 4.97268e+17	1.00e+00	2.08e-15	0.00e+00
 4.97411e+17	1.00e+00	2.07e-15	0.00e+00
 4.97553e+17	1.00e+00	2.06e-15	0.00e+00
 4.97694e+17	1.00e+00	2.05e-15	0.00e+00
 4.97837e+17	1.00e+00	2.04e-15	0.00e+00
 4.97980e+17	1.00e+00	2.03e-15	0.00e+00
 4.98138e+17	1.00e+00	2.01e-15	0.00e+00
 4.98312e+17	1.00e+00	2.00e-15	0.00e+00
 4.98479e+17	1.00e+00	1.99e-15	0.00e+00
 4.98630e+17	1.00e+00	1.97e-15	0.00e+00
 4.98785e+17	1.00e+00	1.96e-15	0.00e+00
 4.98963e+17	1.00e+00	1.95e-15	0.00e+00
 4.99147e+17	1.00e+00	1.93e-15	0.00e+00
 4.99317e+17	1.00e+00	1.92e-15	0.00e+00
 4.99490e+17	1.00e+00	1.90e-15	0.00e+00
 4.99686e+17	1.00e+00	1.89e-15	0.00e+00
 4.99893e+17	1.00e+00	1.87e-15	0.00e+00
 5.00086e+17	1.00e+00	1.85e-15	0.00e+00
 5.00274e+17	1.00e+00	1.84e-15	0.00e+00
 5.00476e+17	1.00e+00	1.82e-15	0.00e+00
 5.00695e+17	1.00e+00	1.80e-15	0.00e+00
 5.00928e+17	1.00e+00	1.78e-15	0.00e+00
 5.01157e+17	1.00e+00	1.76e-15	0.00e+00
 5.01381e+17	1.00e+00	1.74e-15	0.00e+00
 5.01609e+17	1.00e+00	1.72e-15	0.00e+00
 5.01847e+17	1.00e+00	1.70e-15	0.00e+00
 5.02098e+17	1.00e+00	1.67e-15	0.00e+00
 5.02348e+17	1.00e+00	1.65e-15	0.00e+00
 5.02616e+17	1.00e+00	1.63e-15	0.00e+00
 5.02902e+17	1.00e+00	1.60e-15	0.00e+00
 5.03178e+17	1.00e+00	1.57e-15	0.00e+00
 5.03443e+17	1.00e+00	1.55e-15	0.00e+00
 5.03729e+17	1.00e+00	1.52e-15	0.00e+00
 5.04038e+17	1.00e+00	1.50e-15	0.00e+00
 5.04355e+17	1.00e+00	1.46e-15	0.00e+00
 5.04669e+17	1.00e+00	1.43e-15	0.00e+00
 5.04977e+17	1.00e+00	1.41e-15	0.00e+00
 5.05306e+17	1.00e+00	1.38e-15	0.00e+00
 5.05653e+17	1.00e+00	1.35e-15	0.00e+00
 5.06000e+17	1.00e+00	1.31e-15	0.00e+00
 5.06348e+17	1.00e+00	1.28e-15	0.00e+00
 5.06702e+17	1.00e+00	1.25e-15	0.00e+00
 5.07062e+17	1.00e+00	1.22e-15	0.00e+00
 5.07440e+17	1.00e+00	1.19e-15	0.00e+00
 5.07837e+17	1.00e+00	1.15e-15	0.00e+00
 5.08239e+17	1.00e+00	1.12e-15	0.00e+00
 5.08640e+17	1.00e+00	1.08e-15	0.00e+00
 5.09047e+17	1.00e+00	1.05e-15	0.00e+00
 5.09465e+17	1.00e+00	1.01e-15	0.00e+00
 5.09897e+17	1.00e+00	9.77e-16	0.00e+00
 5.10340e+17	1.00e+00	9.41e-16	0.00e+00
 5.10793e+17	1.00e+00	9.05e-16	0.00e+00
 5.11248e+17	1.00e+00	8.70e-16	0.00e+00
 5.11713e+17	1.00e+00	8.35e-16	0.00e+00
 5.12195e+17	1.00e+00	7.98e-16	0.00e+00
 5.12681e+17	1.00e+00	7.63e-16	0.00e+00
 5.13173e+17	1.00e+00	7.28e-16	0.00e+00
 5.13680e+17	1.00e+00	6.93e-16	0.00e+00
 5.14194e+17	1.00e+00	6.60e-16	0.00e+00
 5.14740e+17	1.00e+00	6.25e-16	0.00e+00
 5.15310e+17	1.00e+00	5.90e-16	0.00e+00
 5.15872e+17	1.00e+00	5.54e-16	0.00e+00
 5.16426e+17	1.00e+00	5.23e-16	0.00e+00
 5.17012e+17	1.00e+00	4.93e-16	0.00e+00
 5.17662e+17	1.00e+00	4.59e-16	0.00e+00
 5.18313e+17	1.00e+00	4.25e-16	0.00e+00
 5.18945e+17	1.00e+00	3.95e-16	0.00e+00
 5.19572e+17	1.00e+00	3.66e-16	0.00e+00
 5.20168e+17	1.00e+00	3.40e-16	0.00e+00
 5.20702e+17	1.00e+00	3.17e-16	0.00e+00
 5.21181e+17	1.00e+00	2.98e-16	0.00e+00
 5.21629e+17	1.00e+00	2.82e-16	0.00e+00
 5.22062e+17	1.00e+00	2.67e-16	0.00e+00
 5.22481e+17	1.00e+00	2.52e-16	0.00e+00
 5.22880e+17	1.00e+00	2.39e-16	0.00e+00
 5.23256e+17	1.00e+00	2.27e-16	0.00e+00
 5.23615e+17	1.00e+00	2.16e-16	0.00e+00
 5.23960e+17	1.00e+00	2.06e-16	0.00e+00
 5.24293e+17	1.00e+00	1.97e-16	0.00e+00
 5.24615e+17	1.00e+00	1.88e-16	0.00e+00
 5.24924e+17	1.00e+00	1.80e-16	0.00e+00
 5.25221e+17	1.00e+00	1.72e-16	0.00e+00
 5.25507e+17	1.00e+00	1.65e-16	0.00e+00
 5.25784e+17	1.00e+00	1.58e-16	0.00e+00
 5.26051e+17	1.00e+00	1.52e-16	0.00e+00
 5.26309e+17	1.00e+00	1.46e-16	0.00e+00
 5.26559e+17	1.00e+00	1.40e-16	0.00e+00
 5.26801e+17	1.00e+00	1.34e-16	0.00e+00
 5.27035e+17	1.00e+00	1.29e-16	0.00e+00
 5.27260e+17	1.00e+00	1.24e-16	0.00e+00
 5.27478e+17	1.00e+00	1.20e-16	0.00e+00
 5.27690e+17	1.00e+00	1.16e-16	0.00e+00
 5.27897e+17	1.00e+00	1.12e-16	0.00e+00
 5.28100e+17	1.00e+00	1.08e-16	0.00e+00
 5.28298e+17	1.00e+00	1.04e-16	0.00e+00
 5.28492e+17	1.00e+00	1.00e-16	0.00e+00
 5.28680e+17	1.00e+00	9.71e-17	0.00e+00
 5.28864e+17	1.00e+00	9.39e-17	0.00e+00
 5.29044e+17	1.00e+00	9.09e-17	0.00e+00
 5.29249e+17	1.00e+00	8.79e-17	0.00e+00
 5.29516e+17	1.00e+00	8.43e-17	0.00e+00
 5.29863e+17	1.00e+00	7.95e-17	0.00e+00
 5.30315e+17	1.00e+00	7.40e-17	0.00e+00
 5.30901e+17	1.00e+00	6.69e-17	0.00e+00
 5.31664e+17	1.00e+00	5.89e-17	0.00e+00
 5.32548e+17	1.00e+00	4.96e-17	0.00e+00
 5.33357e+17	1.00e+00	4.15e-17	0.00e+00
 5.33983e+17	1.00e+00	3.59e-17	0.00e+00
 5.34497e+17	1.00e+00	3.22e-17	0.00e+00
 5.35012e+17	1.00e+00	2.91e-17	0.00e+00
 5.35582e+17	1.00e+00	2.61e-17	0.00e+00
