#depth	O	O+	O+2	O+3	O+4	O+5	O+6	O+7	O+8	O[1]	O[2]	O[3]
 1.49634e+10	0.00e+00	7.62e-30	2.02e-19	4.82e-11	5.12e-05	3.67e-02	9.63e-01	0.00e+00	0.00e+00	0.00e+00	0.00e+00	0.00e+00
 4.54887e+10	1.08e-41	1.12e-29	2.75e-19	6.07e-11	5.98e-05	3.96e-02	9.60e-01	3.61e-08	0.00e+00	0.00e+00	0.00e+00	0.00e+00
 7.72350e+10	0.00e+00	1.64e-29	3.74e-19	7.66e-11	6.98e-05	4.27e-02	9.57e-01	0.00e+00	0.00e+00	0.00e+00	0.00e+00	0.00e+00
 1.10251e+11	2.72e-41	2.42e-29	5.10e-19	9.65e-11	8.14e-05	4.61e-02	9.54e-01	0.00e+00	0.00e+00	0.00e+00	0.00e+00	0.00e+00
 1.44588e+11	0.00e+00	3.53e-29	6.92e-19	1.22e-10	9.49e-05	4.97e-02	9.50e-01	0.00e+00	0.00e+00	0.00e+00	0.00e+00	0.00e+00
 1.80298e+11	6.75e-41	5.16e-29	9.39e-19	1.53e-10	1.11e-04	5.37e-02	9.46e-01	0.00e+00	0.00e+00	0.00e+00	0.00e+00	0.00e+00
 2.17437e+11	0.00e+00	7.55e-29	1.27e-18	1.93e-10	1.29e-04	5.79e-02	9.42e-01	0.00e+00	0.00e+00	0.00e+00	0.00e+00	0.00e+00
 2.56061e+11	1.67e-40	1.10e-28	1.73e-18	2.43e-10	1.50e-04	6.24e-02	9.37e-01	0.00e+00	0.00e+00	0.00e+00	0.00e+00	0.00e+00
 2.96231e+11	0.00e+00	1.60e-28	2.34e-18	3.05e-10	1.75e-04	6.74e-02	9.32e-01	0.00e+00	0.00e+00	0.00e+00	0.00e+00	0.00e+00
 3.38007e+11	4.09e-40	2.33e-28	3.17e-18	3.84e-10	2.04e-04	7.26e-02	9.27e-01	0.00e+00	0.00e+00	0.00e+00	0.00e+00	0.00e+00
 3.81454e+11	0.00e+00	3.38e-28	4.28e-18	4.82e-10	2.38e-04	7.83e-02	9.21e-01	0.00e+00	0.00e+00	0.00e+00	0.00e+00	0.00e+00
 4.26639e+11	9.92e-40	4.90e-28	5.77e-18	6.06e-10	2.76e-04	8.45e-02	9.15e-01	0.00e+00	0.00e+00	0.00e+00	0.00e+00	0.00e+00
 4.73631e+11	0.00e+00	7.07e-28	7.77e-18	7.60e-10	3.22e-04	9.11e-02	9.09e-01	0.00e+00	0.00e+00	0.00e+00	0.00e+00	0.00e+00
 5.22503e+11	2.37e-39	1.02e-27	1.05e-17	9.53e-10	3.74e-04	9.82e-02	9.01e-01	0.00e+00	0.00e+00	0.00e+00	0.00e+00	0.00e+00
 5.73330e+11	0.00e+00	1.46e-27	1.40e-17	1.19e-09	4.35e-04	1.06e-01	8.94e-01	0.00e+00	0.00e+00	0.00e+00	0.00e+00	0.00e+00
 6.26190e+11	5.55e-39	2.09e-27	1.88e-17	1.49e-09	5.05e-04	1.14e-01	8.85e-01	0.00e+00	0.00e+00	0.00e+00	0.00e+00	0.00e+00
 6.81164e+11	0.00e+00	2.95e-27	2.50e-17	1.87e-09	5.86e-04	1.23e-01	8.77e-01	0.00e+00	0.00e+00	0.00e+00	0.00e+00	0.00e+00
 7.38337e+11	1.27e-38	4.20e-27	3.34e-17	2.33e-09	6.80e-04	1.32e-01	8.67e-01	0.00e+00	0.00e+00	0.00e+00	0.00e+00	0.00e+00
 7.97798e+11	0.00e+00	5.92e-27	4.43e-17	2.91e-09	7.88e-04	1.43e-01	8.57e-01	0.00e+00	0.00e+00	0.00e+00	0.00e+00	0.00e+00
 8.59636e+11	2.83e-38	8.32e-27	5.88e-17	3.63e-09	9.13e-04	1.54e-01	8.46e-01	0.00e+00	0.00e+00	0.00e+00	0.00e+00	0.00e+00
 9.23949e+11	0.00e+00	1.16e-26	7.76e-17	4.51e-09	1.06e-03	1.65e-01	8.34e-01	0.00e+00	0.00e+00	0.00e+00	0.00e+00	0.00e+00
 9.90833e+11	6.13e-38	1.61e-26	1.02e-16	5.61e-09	1.22e-03	1.78e-01	8.21e-01	0.00e+00	0.00e+00	0.00e+00	0.00e+00	0.00e+00
 1.06039e+12	0.00e+00	2.22e-26	1.34e-16	6.95e-09	1.41e-03	1.91e-01	8.07e-01	0.00e+00	0.00e+00	0.00e+00	0.00e+00	0.00e+00
 1.13274e+12	1.28e-37	3.04e-26	1.75e-16	8.61e-09	1.62e-03	2.06e-01	7.93e-01	0.00e+00	0.00e+00	0.00e+00	0.00e+00	0.00e+00
 1.20797e+12	0.00e+00	4.14e-26	2.28e-16	1.06e-08	1.87e-03	2.21e-01	7.77e-01	0.00e+00	0.00e+00	0.00e+00	0.00e+00	0.00e+00
 1.28622e+12	2.56e-37	5.60e-26	2.96e-16	1.31e-08	2.14e-03	2.37e-01	7.60e-01	0.00e+00	0.00e+00	0.00e+00	0.00e+00	0.00e+00
 1.36759e+12	0.00e+00	7.53e-26	3.83e-16	1.62e-08	2.45e-03	2.55e-01	7.43e-01	0.00e+00	0.00e+00	0.00e+00	0.00e+00	0.00e+00
 1.45222e+12	4.96e-37	1.01e-25	4.93e-16	1.98e-08	2.80e-03	2.73e-01	7.24e-01	0.00e+00	0.00e+00	0.00e+00	0.00e+00	0.00e+00
 1.54024e+12	0.00e+00	1.34e-25	6.34e-16	2.43e-08	3.20e-03	2.92e-01	7.05e-01	0.00e+00	0.00e+00	0.00e+00	0.00e+00	0.00e+00
 1.63178e+12	9.26e-37	1.77e-25	8.12e-16	2.98e-08	3.64e-03	3.12e-01	6.84e-01	0.00e+00	0.00e+00	0.00e+00	0.00e+00	0.00e+00
 1.72697e+12	0.00e+00	2.33e-25	1.04e-15	3.63e-08	4.12e-03	3.33e-01	6.63e-01	0.00e+00	0.00e+00	0.00e+00	0.00e+00	0.00e+00
 1.82598e+12	1.69e-36	3.07e-25	1.32e-15	4.43e-08	4.66e-03	3.54e-01	6.41e-01	0.00e+00	0.00e+00	0.00e+00	0.00e+00	0.00e+00
 1.92895e+12	0.00e+00	4.03e-25	1.69e-15	5.39e-08	5.26e-03	3.76e-01	6.19e-01	0.00e+00	0.00e+00	0.00e+00	0.00e+00	0.00e+00
 2.03603e+12	3.03e-36	5.29e-25	2.15e-15	6.54e-08	5.92e-03	3.99e-01	5.95e-01	0.00e+00	0.00e+00	0.00e+00	0.00e+00	0.00e+00
 2.14740e+12	0.00e+00	6.95e-25	2.74e-15	7.92e-08	6.64e-03	4.22e-01	5.72e-01	0.00e+00	0.00e+00	0.00e+00	0.00e+00	0.00e+00
 2.26322e+12	5.42e-36	9.14e-25	3.49e-15	9.59e-08	7.43e-03	4.45e-01	5.48e-01	0.00e+00	0.00e+00	0.00e+00	0.00e+00	0.00e+00
 2.38368e+12	0.00e+00	1.20e-24	4.44e-15	1.16e-07	8.29e-03	4.68e-01	5.24e-01	0.00e+00	0.00e+00	0.00e+00	0.00e+00	0.00e+00
 2.50895e+12	9.74e-36	1.59e-24	5.66e-15	1.40e-07	9.23e-03	4.91e-01	4.99e-01	0.00e+00	0.00e+00	0.00e+00	0.00e+00	0.00e+00
 2.63924e+12	0.00e+00	2.10e-24	7.21e-15	1.68e-07	1.03e-02	5.15e-01	4.75e-01	0.00e+00	0.00e+00	0.00e+00	0.00e+00	0.00e+00
 2.77473e+12	1.77e-35	2.80e-24	9.21e-15	2.02e-07	1.14e-02	5.37e-01	4.51e-01	0.00e+00	0.00e+00	0.00e+00	0.00e+00	0.00e+00
 2.91565e+12	0.00e+00	3.73e-24	1.18e-14	2.42e-07	1.26e-02	5.60e-01	4.28e-01	0.00e+00	0.00e+00	0.00e+00	0.00e+00	0.00e+00
 3.06220e+12	3.28e-35	4.99e-24	1.50e-14	2.91e-07	1.39e-02	5.82e-01	4.04e-01	0.00e+00	0.00e+00	0.00e+00	0.00e+00	0.00e+00
 3.21461e+12	4.49e-35	6.71e-24	1.92e-14	3.48e-07	1.53e-02	6.03e-01	3.82e-01	0.00e+00	0.00e+00	0.00e+00	0.00e+00	0.00e+00
 3.37313e+12	6.19e-35	9.04e-24	2.46e-14	4.16e-07	1.68e-02	6.24e-01	3.59e-01	0.00e+00	0.00e+00	0.00e+00	0.00e+00	0.00e+00
 3.53798e+12	8.56e-35	1.22e-23	3.15e-14	4.96e-07	1.85e-02	6.44e-01	3.38e-01	0.00e+00	0.00e+00	0.00e+00	0.00e+00	0.00e+00
 3.70942e+12	1.19e-34	1.66e-23	4.04e-14	5.91e-07	2.03e-02	6.63e-01	3.17e-01	0.00e+00	0.00e+00	0.00e+00	0.00e+00	0.00e+00
 3.88773e+12	1.66e-34	2.25e-23	5.17e-14	7.04e-07	2.22e-02	6.81e-01	2.97e-01	0.00e+00	0.00e+00	0.00e+00	0.00e+00	0.00e+00
 4.07316e+12	2.33e-34	3.07e-23	6.63e-14	8.37e-07	2.43e-02	6.98e-01	2.78e-01	0.00e+00	0.00e+00	0.00e+00	0.00e+00	0.00e+00
 4.26602e+12	3.28e-34	4.20e-23	8.50e-14	9.94e-07	2.65e-02	7.14e-01	2.60e-01	0.00e+00	0.00e+00	0.00e+00	0.00e+00	0.00e+00
 4.46658e+12	4.64e-34	5.75e-23	1.09e-13	1.18e-06	2.89e-02	7.29e-01	2.42e-01	0.00e+00	0.00e+00	0.00e+00	0.00e+00	0.00e+00
 4.67517e+12	6.59e-34	7.88e-23	1.40e-13	1.40e-06	3.15e-02	7.43e-01	2.25e-01	0.00e+00	0.00e+00	0.00e+00	0.00e+00	0.00e+00
 4.89211e+12	9.39e-34	1.08e-22	1.79e-13	1.65e-06	3.43e-02	7.56e-01	2.10e-01	0.00e+00	0.00e+00	0.00e+00	0.00e+00	0.00e+00
 5.11772e+12	1.34e-33	1.49e-22	2.29e-13	1.96e-06	3.73e-02	7.68e-01	1.95e-01	0.00e+00	0.00e+00	0.00e+00	0.00e+00	0.00e+00
 5.35235e+12	1.92e-33	2.05e-22	2.94e-13	2.31e-06	4.05e-02	7.79e-01	1.80e-01	0.00e+00	0.00e+00	0.00e+00	0.00e+00	0.00e+00
 5.59638e+12	2.76e-33	2.82e-22	3.76e-13	2.73e-06	4.39e-02	7.89e-01	1.67e-01	0.00e+00	0.00e+00	0.00e+00	0.00e+00	0.00e+00
 5.85016e+12	3.98e-33	3.89e-22	4.81e-13	3.22e-06	4.76e-02	7.98e-01	1.55e-01	0.00e+00	0.00e+00	0.00e+00	0.00e+00	0.00e+00
 6.11409e+12	5.75e-33	5.37e-22	6.15e-13	3.79e-06	5.16e-02	8.06e-01	1.43e-01	0.00e+00	0.00e+00	0.00e+00	0.00e+00	0.00e+00
 6.38858e+12	8.33e-33	7.40e-22	7.87e-13	4.46e-06	5.58e-02	8.12e-01	1.32e-01	0.00e+00	0.00e+00	0.00e+00	0.00e+00	0.00e+00
 6.67405e+12	1.21e-32	1.02e-21	1.01e-12	5.24e-06	6.04e-02	8.18e-01	1.22e-01	0.00e+00	0.00e+00	0.00e+00	0.00e+00	0.00e+00
 6.97094e+12	1.75e-32	1.41e-21	1.28e-12	6.16e-06	6.52e-02	8.23e-01	1.12e-01	0.00e+00	0.00e+00	0.00e+00	0.00e+00	0.00e+00
 7.27970e+12	2.55e-32	1.95e-21	1.64e-12	7.23e-06	7.04e-02	8.27e-01	1.03e-01	0.00e+00	0.00e+00	0.00e+00	0.00e+00	0.00e+00
 7.60082e+12	3.72e-32	2.69e-21	2.09e-12	8.49e-06	7.59e-02	8.29e-01	9.47e-02	0.00e+00	0.00e+00	0.00e+00	0.00e+00	0.00e+00
 7.93478e+12	5.44e-32	3.71e-21	2.66e-12	9.95e-06	8.18e-02	8.31e-01	8.70e-02	0.00e+00	0.00e+00	0.00e+00	0.00e+00	0.00e+00
 8.28210e+12	7.94e-32	5.11e-21	3.39e-12	1.16e-05	8.81e-02	8.32e-01	7.98e-02	0.00e+00	0.00e+00	0.00e+00	0.00e+00	0.00e+00
 8.64331e+12	1.16e-31	7.05e-21	4.31e-12	1.36e-05	9.49e-02	8.32e-01	7.31e-02	0.00e+00	0.00e+00	0.00e+00	0.00e+00	0.00e+00
 9.01897e+12	1.70e-31	9.72e-21	5.48e-12	1.59e-05	1.02e-01	8.31e-01	6.70e-02	0.00e+00	0.00e+00	0.00e+00	0.00e+00	0.00e+00
 9.40965e+12	2.49e-31	1.34e-20	6.97e-12	1.86e-05	1.10e-01	8.29e-01	6.13e-02	0.00e+00	0.00e+00	0.00e+00	0.00e+00	0.00e+00
 9.81596e+12	3.66e-31	1.84e-20	8.85e-12	2.17e-05	1.18e-01	8.26e-01	5.60e-02	0.00e+00	0.00e+00	0.00e+00	0.00e+00	0.00e+00
 1.02385e+13	5.37e-31	2.54e-20	1.12e-11	2.53e-05	1.26e-01	8.23e-01	5.11e-02	0.00e+00	0.00e+00	0.00e+00	0.00e+00	0.00e+00
 1.06780e+13	7.89e-31	3.49e-20	1.42e-11	2.95e-05	1.35e-01	8.18e-01	4.67e-02	0.00e+00	0.00e+00	0.00e+00	0.00e+00	0.00e+00
 1.11350e+13	1.16e-30	4.80e-20	1.80e-11	3.43e-05	1.45e-01	8.13e-01	4.25e-02	0.00e+00	0.00e+00	0.00e+00	0.00e+00	0.00e+00
 1.16104e+13	1.70e-30	6.59e-20	2.28e-11	3.99e-05	1.55e-01	8.06e-01	3.87e-02	0.00e+00	0.00e+00	0.00e+00	0.00e+00	0.00e+00
 1.21047e+13	2.50e-30	9.04e-20	2.88e-11	4.64e-05	1.66e-01	7.99e-01	3.52e-02	0.00e+00	0.00e+00	0.00e+00	0.00e+00	0.00e+00
 1.26188e+13	3.67e-30	1.24e-19	3.63e-11	5.38e-05	1.77e-01	7.91e-01	3.20e-02	0.00e+00	0.00e+00	0.00e+00	0.00e+00	0.00e+00
 1.31535e+13	5.39e-30	1.69e-19	4.58e-11	6.24e-05	1.89e-01	7.82e-01	2.91e-02	0.00e+00	0.00e+00	0.00e+00	0.00e+00	0.00e+00
 1.37096e+13	7.92e-30	2.32e-19	5.76e-11	7.23e-05	2.01e-01	7.72e-01	2.64e-02	0.00e+00	0.00e+00	0.00e+00	0.00e+00	0.00e+00
 1.42879e+13	1.16e-29	3.16e-19	7.25e-11	8.36e-05	2.14e-01	7.62e-01	2.39e-02	0.00e+00	0.00e+00	0.00e+00	0.00e+00	0.00e+00
 1.48893e+13	1.70e-29	4.32e-19	9.10e-11	9.66e-05	2.28e-01	7.50e-01	2.16e-02	0.00e+00	0.00e+00	0.00e+00	0.00e+00	0.00e+00
 1.55148e+13	2.50e-29	5.88e-19	1.14e-10	1.11e-04	2.42e-01	7.38e-01	1.95e-02	0.00e+00	0.00e+00	0.00e+00	0.00e+00	0.00e+00
 1.61653e+13	3.66e-29	8.00e-19	1.43e-10	1.28e-04	2.57e-01	7.25e-01	1.76e-02	0.00e+00	0.00e+00	0.00e+00	0.00e+00	0.00e+00
 1.68419e+13	5.35e-29	1.09e-18	1.79e-10	1.48e-04	2.72e-01	7.12e-01	1.59e-02	0.00e+00	0.00e+00	0.00e+00	0.00e+00	0.00e+00
 1.75455e+13	7.82e-29	1.47e-18	2.23e-10	1.70e-04	2.88e-01	6.97e-01	1.43e-02	0.00e+00	0.00e+00	0.00e+00	0.00e+00	0.00e+00
 1.82772e+13	1.14e-28	1.99e-18	2.78e-10	1.95e-04	3.05e-01	6.82e-01	1.29e-02	0.00e+00	0.00e+00	0.00e+00	0.00e+00	0.00e+00
 1.90383e+13	1.66e-28	2.69e-18	3.46e-10	2.23e-04	3.22e-01	6.66e-01	1.16e-02	0.00e+00	0.00e+00	0.00e+00	0.00e+00	0.00e+00
 1.98297e+13	2.42e-28	3.63e-18	4.31e-10	2.56e-04	3.39e-01	6.50e-01	1.04e-02	0.00e+00	0.00e+00	0.00e+00	0.00e+00	0.00e+00
 2.06528e+13	3.52e-28	4.89e-18	5.34e-10	2.92e-04	3.57e-01	6.33e-01	9.32e-03	0.00e+00	0.00e+00	0.00e+00	0.00e+00	0.00e+00
 2.15089e+13	5.11e-28	6.57e-18	6.61e-10	3.33e-04	3.75e-01	6.16e-01	8.34e-03	0.00e+00	0.00e+00	0.00e+00	0.00e+00	0.00e+00
 2.23991e+13	7.40e-28	8.81e-18	8.17e-10	3.79e-04	3.94e-01	5.98e-01	7.46e-03	0.00e+00	0.00e+00	0.00e+00	0.00e+00	0.00e+00
 2.33250e+13	1.07e-27	1.18e-17	1.01e-09	4.31e-04	4.13e-01	5.80e-01	6.66e-03	0.00e+00	0.00e+00	0.00e+00	0.00e+00	0.00e+00
 2.42880e+13	1.55e-27	1.57e-17	1.24e-09	4.89e-04	4.32e-01	5.61e-01	5.94e-03	0.00e+00	0.00e+00	0.00e+00	0.00e+00	0.00e+00
 2.52894e+13	2.23e-27	2.10e-17	1.53e-09	5.54e-04	4.52e-01	5.43e-01	5.29e-03	0.00e+00	0.00e+00	0.00e+00	0.00e+00	0.00e+00
 2.63309e+13	3.20e-27	2.79e-17	1.87e-09	6.27e-04	4.71e-01	5.24e-01	4.70e-03	0.00e+00	0.00e+00	0.00e+00	0.00e+00	0.00e+00
 2.74141e+13	4.60e-27	3.71e-17	2.29e-09	7.08e-04	4.91e-01	5.04e-01	4.17e-03	0.00e+00	0.00e+00	0.00e+00	0.00e+00	0.00e+00
 2.85406e+13	6.59e-27	4.91e-17	2.80e-09	7.98e-04	5.10e-01	4.85e-01	3.70e-03	0.00e+00	0.00e+00	0.00e+00	0.00e+00	0.00e+00
 2.97121e+13	9.42e-27	6.49e-17	3.42e-09	8.98e-04	5.30e-01	4.66e-01	3.27e-03	0.00e+00	0.00e+00	0.00e+00	0.00e+00	0.00e+00
 3.09305e+13	1.34e-26	8.57e-17	4.16e-09	1.01e-03	5.49e-01	4.47e-01	2.89e-03	0.00e+00	0.00e+00	0.00e+00	0.00e+00	0.00e+00
 3.21977e+13	1.92e-26	1.13e-16	5.06e-09	1.13e-03	5.69e-01	4.28e-01	2.56e-03	0.00e+00	0.00e+00	0.00e+00	0.00e+00	0.00e+00
 3.35155e+13	2.73e-26	1.48e-16	6.14e-09	1.27e-03	5.88e-01	4.09e-01	2.25e-03	0.00e+00	0.00e+00	0.00e+00	0.00e+00	0.00e+00
 3.48861e+13	3.87e-26	1.95e-16	7.44e-09	1.42e-03	6.07e-01	3.90e-01	1.98e-03	0.00e+00	0.00e+00	0.00e+00	0.00e+00	0.00e+00
 3.63114e+13	5.48e-26	2.55e-16	9.00e-09	1.58e-03	6.25e-01	3.72e-01	1.74e-03	0.00e+00	0.00e+00	0.00e+00	0.00e+00	0.00e+00
 3.77938e+13	7.76e-26	3.34e-16	1.09e-08	1.76e-03	6.43e-01	3.53e-01	1.53e-03	0.00e+00	0.00e+00	0.00e+00	0.00e+00	0.00e+00
 3.93355e+13	1.10e-25	4.36e-16	1.31e-08	1.96e-03	6.61e-01	3.36e-01	1.34e-03	0.00e+00	0.00e+00	0.00e+00	0.00e+00	0.00e+00
 4.09388e+13	1.55e-25	5.69e-16	1.58e-08	2.18e-03	6.78e-01	3.19e-01	1.17e-03	0.00e+00	0.00e+00	0.00e+00	0.00e+00	0.00e+00
 4.26063e+13	2.18e-25	7.40e-16	1.89e-08	2.42e-03	6.95e-01	3.02e-01	1.03e-03	0.00e+00	0.00e+00	0.00e+00	0.00e+00	0.00e+00
 4.43405e+13	3.06e-25	9.63e-16	2.27e-08	2.68e-03	7.11e-01	2.86e-01	8.95e-04	0.00e+00	0.00e+00	0.00e+00	0.00e+00	0.00e+00
 4.61441e+13	4.30e-25	1.25e-15	2.73e-08	2.96e-03	7.27e-01	2.70e-01	7.81e-04	0.00e+00	0.00e+00	0.00e+00	0.00e+00	0.00e+00
 4.80197e+13	6.04e-25	1.62e-15	3.26e-08	3.28e-03	7.41e-01	2.55e-01	6.80e-04	0.00e+00	0.00e+00	0.00e+00	0.00e+00	0.00e+00
 4.99705e+13	8.46e-25	2.10e-15	3.90e-08	3.62e-03	7.56e-01	2.40e-01	5.91e-04	0.00e+00	0.00e+00	0.00e+00	0.00e+00	0.00e+00
 5.19992e+13	1.18e-24	2.71e-15	4.66e-08	3.99e-03	7.70e-01	2.26e-01	5.14e-04	0.00e+00	0.00e+00	0.00e+00	0.00e+00	0.00e+00
 5.41091e+13	1.65e-24	3.50e-15	5.56e-08	4.39e-03	7.83e-01	2.12e-01	4.46e-04	0.00e+00	0.00e+00	0.00e+00	0.00e+00	0.00e+00
 5.63034e+13	2.31e-24	4.52e-15	6.62e-08	4.83e-03	7.95e-01	1.99e-01	3.87e-04	0.00e+00	0.00e+00	0.00e+00	0.00e+00	0.00e+00
 5.85854e+13	3.22e-24	5.83e-15	7.88e-08	5.31e-03	8.07e-01	1.87e-01	3.35e-04	0.00e+00	0.00e+00	0.00e+00	0.00e+00	0.00e+00
 6.09588e+13	4.48e-24	7.49e-15	9.36e-08	5.82e-03	8.18e-01	1.75e-01	2.90e-04	0.00e+00	0.00e+00	0.00e+00	0.00e+00	0.00e+00
 6.34271e+13	6.23e-24	9.64e-15	1.11e-07	6.39e-03	8.29e-01	1.64e-01	2.50e-04	0.00e+00	0.00e+00	0.00e+00	0.00e+00	0.00e+00
 6.59941e+13	8.66e-24	1.24e-14	1.32e-07	7.00e-03	8.39e-01	1.54e-01	2.16e-04	0.00e+00	0.00e+00	0.00e+00	0.00e+00	0.00e+00
 6.86638e+13	1.20e-23	1.59e-14	1.56e-07	7.66e-03	8.48e-01	1.44e-01	1.87e-04	0.00e+00	0.00e+00	0.00e+00	0.00e+00	0.00e+00
 7.14402e+13	1.67e-23	2.04e-14	1.85e-07	8.38e-03	8.57e-01	1.34e-01	1.61e-04	0.00e+00	0.00e+00	0.00e+00	0.00e+00	0.00e+00
 7.43278e+13	2.32e-23	2.62e-14	2.19e-07	9.16e-03	8.65e-01	1.25e-01	1.39e-04	0.00e+00	0.00e+00	0.00e+00	0.00e+00	0.00e+00
 7.73308e+13	3.21e-23	3.35e-14	2.59e-07	1.00e-02	8.73e-01	1.17e-01	1.19e-04	0.00e+00	0.00e+00	0.00e+00	0.00e+00	0.00e+00
 8.04540e+13	4.44e-23	4.28e-14	3.06e-07	1.09e-02	8.80e-01	1.09e-01	1.03e-04	0.00e+00	0.00e+00	0.00e+00	0.00e+00	0.00e+00
 8.37021e+13	6.14e-23	5.47e-14	3.61e-07	1.19e-02	8.87e-01	1.01e-01	8.82e-05	0.00e+00	0.00e+00	0.00e+00	0.00e+00	0.00e+00
 8.70801e+13	8.50e-23	7.00e-14	4.27e-07	1.30e-02	8.93e-01	9.44e-02	7.58e-05	0.00e+00	0.00e+00	0.00e+00	0.00e+00	0.00e+00
 9.05932e+13	1.17e-22	8.93e-14	5.03e-07	1.41e-02	8.98e-01	8.78e-02	6.50e-05	0.00e+00	0.00e+00	0.00e+00	0.00e+00	0.00e+00
 9.42469e+13	1.62e-22	1.14e-13	5.93e-07	1.54e-02	9.03e-01	8.16e-02	5.58e-05	0.00e+00	0.00e+00	0.00e+00	0.00e+00	0.00e+00
 9.80467e+13	2.24e-22	1.45e-13	6.98e-07	1.67e-02	9.07e-01	7.58e-02	4.78e-05	0.00e+00	0.00e+00	0.00e+00	0.00e+00	0.00e+00
 1.01998e+14	3.09e-22	1.85e-13	8.22e-07	1.82e-02	9.11e-01	7.04e-02	4.10e-05	0.00e+00	0.00e+00	0.00e+00	0.00e+00	0.00e+00
 1.06108e+14	4.26e-22	2.36e-13	9.67e-07	1.98e-02	9.15e-01	6.53e-02	3.51e-05	0.00e+00	0.00e+00	0.00e+00	0.00e+00	0.00e+00
 1.10383e+14	5.87e-22	3.01e-13	1.14e-06	2.15e-02	9.18e-01	6.06e-02	3.00e-05	0.00e+00	0.00e+00	0.00e+00	0.00e+00	0.00e+00
 1.14828e+14	8.07e-22	3.83e-13	1.34e-06	2.33e-02	9.21e-01	5.61e-02	2.57e-05	0.00e+00	0.00e+00	0.00e+00	0.00e+00	0.00e+00
 1.19451e+14	1.11e-21	4.87e-13	1.57e-06	2.53e-02	9.23e-01	5.20e-02	2.20e-05	0.00e+00	0.00e+00	0.00e+00	0.00e+00	0.00e+00
 1.24259e+14	1.53e-21	6.19e-13	1.84e-06	2.74e-02	9.24e-01	4.82e-02	1.88e-05	0.00e+00	0.00e+00	0.00e+00	0.00e+00	0.00e+00
 1.29259e+14	2.11e-21	7.87e-13	2.17e-06	2.97e-02	9.26e-01	4.46e-02	1.60e-05	0.00e+00	0.00e+00	0.00e+00	0.00e+00	0.00e+00
 1.34459e+14	2.89e-21	9.98e-13	2.54e-06	3.22e-02	9.27e-01	4.12e-02	1.37e-05	0.00e+00	0.00e+00	0.00e+00	0.00e+00	0.00e+00
 1.39868e+14	3.97e-21	1.27e-12	2.98e-06	3.49e-02	9.27e-01	3.81e-02	1.17e-05	0.00e+00	0.00e+00	0.00e+00	0.00e+00	0.00e+00
 1.45492e+14	5.45e-21	1.61e-12	3.49e-06	3.77e-02	9.27e-01	3.52e-02	9.98e-06	0.00e+00	0.00e+00	0.00e+00	0.00e+00	0.00e+00
 1.51342e+14	7.49e-21	2.04e-12	4.09e-06	4.08e-02	9.27e-01	3.26e-02	8.50e-06	0.00e+00	0.00e+00	0.00e+00	0.00e+00	0.00e+00
 1.57426e+14	1.03e-20	2.59e-12	4.79e-06	4.42e-02	9.26e-01	3.01e-02	7.25e-06	0.00e+00	0.00e+00	0.00e+00	0.00e+00	0.00e+00
 1.63752e+14	1.41e-20	3.28e-12	5.60e-06	4.77e-02	9.24e-01	2.77e-02	6.17e-06	0.00e+00	0.00e+00	0.00e+00	0.00e+00	0.00e+00
 1.70333e+14	1.93e-20	4.15e-12	6.55e-06	5.16e-02	9.23e-01	2.56e-02	5.26e-06	0.00e+00	0.00e+00	0.00e+00	0.00e+00	0.00e+00
 1.77176e+14	2.65e-20	5.26e-12	7.67e-06	5.57e-02	9.21e-01	2.36e-02	4.47e-06	0.00e+00	0.00e+00	0.00e+00	0.00e+00	0.00e+00
 1.84293e+14	3.62e-20	6.65e-12	8.95e-06	6.02e-02	9.18e-01	2.17e-02	3.81e-06	0.00e+00	0.00e+00	0.00e+00	0.00e+00	0.00e+00
 1.91694e+14	4.96e-20	8.41e-12	1.05e-05	6.49e-02	9.15e-01	2.00e-02	3.23e-06	0.00e+00	0.00e+00	0.00e+00	0.00e+00	0.00e+00
 1.99392e+14	6.77e-20	1.06e-11	1.22e-05	7.00e-02	9.12e-01	1.84e-02	2.75e-06	0.00e+00	0.00e+00	0.00e+00	0.00e+00	0.00e+00
 2.07398e+14	9.27e-20	1.34e-11	1.43e-05	7.55e-02	9.08e-01	1.70e-02	2.33e-06	0.00e+00	0.00e+00	0.00e+00	0.00e+00	0.00e+00
 2.15723e+14	1.26e-19	1.69e-11	1.66e-05	8.13e-02	9.03e-01	1.56e-02	1.98e-06	0.00e+00	0.00e+00	0.00e+00	0.00e+00	0.00e+00
 2.24382e+14	1.73e-19	2.14e-11	1.94e-05	8.75e-02	8.98e-01	1.43e-02	1.68e-06	0.00e+00	0.00e+00	0.00e+00	0.00e+00	0.00e+00
 2.33388e+14	2.35e-19	2.69e-11	2.25e-05	9.42e-02	8.93e-01	1.32e-02	1.43e-06	0.00e+00	0.00e+00	0.00e+00	0.00e+00	0.00e+00
 2.42753e+14	3.21e-19	3.39e-11	2.62e-05	1.01e-01	8.87e-01	1.21e-02	1.21e-06	0.00e+00	0.00e+00	0.00e+00	0.00e+00	0.00e+00
 2.52493e+14	4.36e-19	4.26e-11	3.05e-05	1.09e-01	8.80e-01	1.11e-02	1.02e-06	0.00e+00	0.00e+00	0.00e+00	0.00e+00	0.00e+00
 2.62623e+14	5.94e-19	5.36e-11	3.55e-05	1.17e-01	8.73e-01	1.01e-02	8.65e-07	0.00e+00	0.00e+00	0.00e+00	0.00e+00	0.00e+00
 2.73158e+14	8.07e-19	6.73e-11	4.12e-05	1.25e-01	8.65e-01	9.29e-03	0.00e+00	0.00e+00	0.00e+00	0.00e+00	0.00e+00	0.00e+00
 2.84114e+14	1.10e-18	8.46e-11	4.78e-05	1.34e-01	8.57e-01	8.50e-03	0.00e+00	0.00e+00	0.00e+00	0.00e+00	0.00e+00	0.00e+00
 2.95508e+14	1.49e-18	1.06e-10	5.54e-05	1.44e-01	8.48e-01	7.77e-03	0.00e+00	0.00e+00	0.00e+00	0.00e+00	0.00e+00	0.00e+00
 3.07358e+14	2.02e-18	1.33e-10	6.42e-05	1.54e-01	8.39e-01	7.09e-03	0.00e+00	0.00e+00	0.00e+00	0.00e+00	0.00e+00	0.00e+00
 3.19683e+14	2.73e-18	1.66e-10	7.42e-05	1.65e-01	8.29e-01	6.47e-03	0.00e+00	0.00e+00	0.00e+00	0.00e+00	0.00e+00	0.00e+00
 3.32500e+14	3.69e-18	2.08e-10	8.58e-05	1.76e-01	8.18e-01	5.90e-03	0.00e+00	0.00e+00	0.00e+00	0.00e+00	0.00e+00	0.00e+00
 3.45830e+14	4.99e-18	2.60e-10	9.91e-05	1.88e-01	8.06e-01	5.37e-03	0.00e+00	0.00e+00	0.00e+00	0.00e+00	0.00e+00	0.00e+00
 3.59693e+14	6.73e-18	3.24e-10	1.14e-04	2.01e-01	7.94e-01	4.89e-03	0.00e+00	0.00e+00	0.00e+00	0.00e+00	0.00e+00	0.00e+00
 3.74111e+14	9.08e-18	4.04e-10	1.32e-04	2.14e-01	7.82e-01	4.44e-03	0.00e+00	0.00e+00	0.00e+00	0.00e+00	0.00e+00	0.00e+00
 3.89105e+14	1.22e-17	5.03e-10	1.52e-04	2.27e-01	7.69e-01	4.03e-03	0.00e+00	0.00e+00	0.00e+00	0.00e+00	0.00e+00	0.00e+00
 4.04699e+14	1.64e-17	6.25e-10	1.74e-04	2.42e-01	7.55e-01	3.65e-03	0.00e+00	0.00e+00	0.00e+00	0.00e+00	0.00e+00	0.00e+00
 4.20917e+14	2.21e-17	7.76e-10	2.00e-04	2.56e-01	7.40e-01	3.31e-03	0.00e+00	0.00e+00	0.00e+00	0.00e+00	0.00e+00	0.00e+00
 4.37784e+14	2.96e-17	9.63e-10	2.30e-04	2.72e-01	7.25e-01	2.99e-03	0.00e+00	0.00e+00	0.00e+00	1.67e-17	9.19e-18	3.76e-18
 4.55325e+14	3.97e-17	1.19e-09	2.63e-04	2.88e-01	7.09e-01	2.70e-03	0.00e+00	0.00e+00	0.00e+00	2.21e-17	1.32e-17	4.40e-18
 4.73568e+14	5.31e-17	1.48e-09	3.01e-04	3.05e-01	6.93e-01	2.44e-03	0.00e+00	0.00e+00	0.00e+00	2.96e-17	1.76e-17	5.88e-18
 4.92541e+14	7.10e-17	1.83e-09	3.44e-04	3.22e-01	6.76e-01	2.19e-03	0.00e+00	0.00e+00	0.00e+00	3.96e-17	2.36e-17	7.87e-18
 5.12272e+14	9.48e-17	2.25e-09	3.92e-04	3.39e-01	6.58e-01	1.97e-03	0.00e+00	0.00e+00	0.00e+00	5.28e-17	3.15e-17	1.05e-17
 5.32793e+14	1.26e-16	2.78e-09	4.47e-04	3.57e-01	6.40e-01	1.77e-03	0.00e+00	0.00e+00	0.00e+00	7.04e-17	4.19e-17	1.40e-17
 5.54135e+14	1.68e-16	3.42e-09	5.09e-04	3.76e-01	6.22e-01	1.59e-03	0.00e+00	0.00e+00	0.00e+00	9.38e-17	5.58e-17	1.87e-17
 5.76330e+14	2.24e-16	4.20e-09	5.79e-04	3.95e-01	6.03e-01	1.42e-03	0.00e+00	0.00e+00	0.00e+00	1.25e-16	7.42e-17	2.48e-17
 5.99413e+14	2.97e-16	5.15e-09	6.56e-04	4.14e-01	5.84e-01	1.27e-03	0.00e+00	0.00e+00	0.00e+00	1.66e-16	9.85e-17	3.29e-17
 6.23419e+14	3.94e-16	6.32e-09	7.44e-04	4.33e-01	5.65e-01	1.13e-03	0.00e+00	0.00e+00	0.00e+00	2.20e-16	1.31e-16	4.37e-17
 6.48386e+14	5.22e-16	7.74e-09	8.42e-04	4.53e-01	5.45e-01	1.01e-03	0.00e+00	0.00e+00	0.00e+00	2.91e-16	1.73e-16	5.78e-17
 6.74351e+14	6.90e-16	9.45e-09	9.51e-04	4.73e-01	5.25e-01	8.93e-04	0.00e+00	0.00e+00	0.00e+00	3.84e-16	2.28e-16	7.64e-17
 7.01355e+14	9.10e-16	1.15e-08	1.07e-03	4.93e-01	5.05e-01	7.92e-04	0.00e+00	0.00e+00	0.00e+00	5.07e-16	3.01e-16	1.01e-16
 7.27531e+14	1.18e-15	1.39e-08	1.20e-03	5.12e-01	4.86e-01	7.07e-04	0.00e+00	0.00e+00	0.00e+00	6.57e-16	3.90e-16	1.31e-16
 7.51960e+14	1.48e-15	1.63e-08	1.32e-03	5.29e-01	4.70e-01	6.37e-04	0.00e+00	0.00e+00	0.00e+00	8.27e-16	4.91e-16	1.64e-16
 7.79274e+14	1.90e-15	1.95e-08	1.47e-03	5.47e-01	4.51e-01	5.69e-04	0.00e+00	0.00e+00	0.00e+00	1.06e-15	6.30e-16	2.11e-16
 8.09855e+14	2.49e-15	2.36e-08	1.65e-03	5.66e-01	4.32e-01	5.02e-04	0.00e+00	0.00e+00	0.00e+00	1.39e-15	8.22e-16	2.76e-16
 8.39273e+14	3.18e-15	2.81e-08	1.83e-03	5.84e-01	4.14e-01	4.47e-04	0.00e+00	0.00e+00	0.00e+00	1.77e-15	1.05e-15	3.53e-16
 8.70488e+14	4.08e-15	3.36e-08	2.03e-03	6.02e-01	3.96e-01	3.96e-04	0.00e+00	0.00e+00	0.00e+00	2.28e-15	1.35e-15	4.53e-16
 9.04394e+14	5.30e-15	4.04e-08	2.26e-03	6.21e-01	3.77e-01	3.48e-04	0.00e+00	0.00e+00	0.00e+00	2.96e-15	1.75e-15	5.88e-16
 9.36954e+14	6.74e-15	4.78e-08	2.49e-03	6.37e-01	3.60e-01	3.08e-04	0.00e+00	0.00e+00	0.00e+00	3.76e-15	2.23e-15	7.48e-16
 9.71760e+14	8.64e-15	5.69e-08	2.76e-03	6.55e-01	3.42e-01	2.72e-04	0.00e+00	0.00e+00	0.00e+00	4.82e-15	2.85e-15	9.59e-16
 1.00967e+15	1.12e-14	6.82e-08	3.06e-03	6.72e-01	3.25e-01	2.38e-04	0.00e+00	0.00e+00	0.00e+00	6.24e-15	3.68e-15	1.24e-15
 1.04627e+15	1.42e-14	8.06e-08	3.37e-03	6.88e-01	3.08e-01	2.10e-04	0.00e+00	0.00e+00	0.00e+00	7.93e-15	4.68e-15	1.58e-15
 1.08531e+15	1.81e-14	9.57e-08	3.71e-03	7.04e-01	2.92e-01	1.84e-04	0.00e+00	0.00e+00	0.00e+00	1.01e-14	5.97e-15	2.01e-15
 1.12769e+15	2.34e-14	1.14e-07	4.11e-03	7.20e-01	2.76e-01	1.60e-04	0.00e+00	0.00e+00	0.00e+00	1.31e-14	7.70e-15	2.60e-15
 1.16870e+15	2.97e-14	1.35e-07	4.51e-03	7.35e-01	2.61e-01	1.40e-04	0.00e+00	0.00e+00	0.00e+00	1.66e-14	9.75e-15	3.30e-15
 1.21241e+15	3.79e-14	1.60e-07	4.96e-03	7.49e-01	2.46e-01	1.22e-04	0.00e+00	0.00e+00	0.00e+00	2.12e-14	1.24e-14	4.21e-15
 1.25980e+15	4.87e-14	1.90e-07	5.47e-03	7.63e-01	2.31e-01	1.06e-04	0.00e+00	0.00e+00	0.00e+00	2.73e-14	1.60e-14	5.41e-15
 1.30596e+15	6.18e-14	2.24e-07	6.00e-03	7.76e-01	2.17e-01	9.21e-05	0.00e+00	0.00e+00	0.00e+00	3.46e-14	2.02e-14	6.86e-15
 1.35510e+15	7.87e-14	2.65e-07	6.59e-03	7.89e-01	2.04e-01	7.98e-05	0.00e+00	0.00e+00	0.00e+00	4.41e-14	2.58e-14	8.75e-15
 1.40823e+15	1.01e-13	3.16e-07	7.26e-03	8.02e-01	1.91e-01	6.87e-05	0.00e+00	0.00e+00	0.00e+00	5.69e-14	3.31e-14	1.13e-14
 1.46019e+15	1.28e-13	3.72e-07	7.94e-03	8.13e-01	1.79e-01	5.95e-05	0.00e+00	0.00e+00	0.00e+00	7.21e-14	4.19e-14	1.43e-14
 1.51534e+15	1.64e-13	4.39e-07	8.71e-03	8.24e-01	1.67e-01	5.13e-05	0.00e+00	0.00e+00	0.00e+00	9.20e-14	5.33e-14	1.82e-14
 1.57598e+15	2.12e-13	5.24e-07	9.59e-03	8.35e-01	1.55e-01	4.37e-05	0.00e+00	0.00e+00	0.00e+00	1.19e-13	6.88e-14	2.35e-14
 1.63626e+15	2.70e-13	6.19e-07	1.05e-02	8.45e-01	1.45e-01	3.75e-05	0.00e+00	0.00e+00	0.00e+00	1.52e-13	8.77e-14	3.00e-14
 1.69895e+15	3.46e-13	7.33e-07	1.15e-02	8.54e-01	1.34e-01	3.21e-05	0.00e+00	0.00e+00	0.00e+00	1.95e-13	1.12e-13	3.83e-14
 1.76694e+15	4.46e-13	8.73e-07	1.27e-02	8.63e-01	1.24e-01	2.72e-05	0.00e+00	0.00e+00	0.00e+00	2.52e-13	1.44e-13	4.95e-14
 1.83503e+15	5.71e-13	1.03e-06	1.39e-02	8.71e-01	1.15e-01	2.32e-05	0.00e+00	0.00e+00	0.00e+00	3.23e-13	1.84e-13	6.33e-14
 1.90584e+15	7.32e-13	1.22e-06	1.53e-02	8.78e-01	1.07e-01	1.97e-05	0.00e+00	0.00e+00	0.00e+00	4.14e-13	2.35e-13	8.11e-14
 1.98210e+15	9.46e-13	1.46e-06	1.68e-02	8.85e-01	9.81e-02	1.66e-05	0.00e+00	0.00e+00	0.00e+00	5.35e-13	3.03e-13	1.05e-13
 2.05901e+15	1.21e-12	1.73e-06	1.84e-02	8.91e-01	9.04e-02	1.40e-05	0.00e+00	0.00e+00	0.00e+00	6.88e-13	3.88e-13	1.34e-13
 2.13899e+15	1.56e-12	2.05e-06	2.02e-02	8.97e-01	8.31e-02	1.18e-05	0.00e+00	0.00e+00	0.00e+00	8.85e-13	4.97e-13	1.72e-13
 2.22458e+15	2.02e-12	2.45e-06	2.23e-02	9.02e-01	7.61e-02	9.89e-06	0.00e+00	0.00e+00	0.00e+00	1.15e-12	6.42e-13	2.23e-13
 2.31359e+15	2.62e-12	2.92e-06	2.46e-02	9.06e-01	6.96e-02	8.25e-06	0.00e+00	0.00e+00	0.00e+00	1.49e-12	8.30e-13	2.89e-13
 2.40616e+15	3.39e-12	3.49e-06	2.71e-02	9.09e-01	6.35e-02	6.87e-06	0.00e+00	0.00e+00	0.00e+00	1.93e-12	1.07e-12	3.74e-13
 2.50244e+15	4.41e-12	4.17e-06	2.99e-02	9.12e-01	5.78e-02	5.70e-06	0.00e+00	0.00e+00	0.00e+00	2.52e-12	1.39e-12	4.85e-13
 2.60257e+15	5.73e-12	5.00e-06	3.31e-02	9.14e-01	5.24e-02	4.72e-06	0.00e+00	0.00e+00	0.00e+00	3.28e-12	1.80e-12	6.31e-13
 2.70670e+15	7.46e-12	5.99e-06	3.66e-02	9.16e-01	4.75e-02	3.89e-06	0.00e+00	0.00e+00	0.00e+00	4.27e-12	2.34e-12	8.20e-13
 2.81500e+15	9.74e-12	7.20e-06	4.07e-02	9.16e-01	4.29e-02	3.20e-06	0.00e+00	0.00e+00	0.00e+00	5.59e-12	3.05e-12	1.07e-12
 2.92763e+15	1.28e-11	8.68e-06	4.52e-02	9.16e-01	3.86e-02	2.62e-06	0.00e+00	0.00e+00	0.00e+00	7.33e-12	3.99e-12	1.40e-12
 3.04476e+15	1.68e-11	1.05e-05	5.05e-02	9.15e-01	3.47e-02	2.13e-06	0.00e+00	0.00e+00	0.00e+00	9.65e-12	5.23e-12	1.84e-12
 3.16658e+15	2.21e-11	1.27e-05	5.65e-02	9.13e-01	3.10e-02	1.73e-06	0.00e+00	0.00e+00	0.00e+00	1.27e-11	6.89e-12	2.42e-12
 3.29328e+15	2.93e-11	1.55e-05	6.35e-02	9.09e-01	2.76e-02	1.39e-06	0.00e+00	0.00e+00	0.00e+00	1.69e-11	9.12e-12	3.21e-12
 3.42504e+15	3.91e-11	1.90e-05	7.18e-02	9.04e-01	2.44e-02	1.11e-06	0.00e+00	0.00e+00	0.00e+00	2.25e-11	1.21e-11	4.27e-12
 3.56207e+15	5.25e-11	2.34e-05	8.15e-02	8.97e-01	2.14e-02	8.83e-07	0.00e+00	0.00e+00	0.00e+00	3.03e-11	1.63e-11	5.72e-12
 3.70458e+15	7.10e-11	2.90e-05	9.33e-02	8.88e-01	1.87e-02	0.00e+00	0.00e+00	0.00e+00	0.00e+00	4.09e-11	2.20e-11	7.73e-12
 3.85279e+15	9.70e-11	3.63e-05	1.08e-01	8.76e-01	1.62e-02	0.00e+00	0.00e+00	0.00e+00	0.00e+00	5.60e-11	3.00e-11	1.06e-11
 4.00694e+15	1.34e-10	4.61e-05	1.26e-01	8.60e-01	1.38e-02	0.00e+00	0.00e+00	0.00e+00	0.00e+00	7.76e-11	4.16e-11	1.46e-11
 4.16381e+15	1.88e-10	5.91e-05	1.49e-01	8.40e-01	1.16e-02	0.00e+00	0.00e+00	0.00e+00	0.00e+00	1.09e-10	5.81e-11	2.04e-11
 4.31339e+15	2.60e-10	7.54e-05	1.76e-01	8.15e-01	9.75e-03	0.00e+00	0.00e+00	0.00e+00	0.00e+00	1.50e-10	8.03e-11	2.82e-11
 4.45068e+15	3.54e-10	9.54e-05	2.07e-01	7.85e-01	8.15e-03	0.00e+00	0.00e+00	0.00e+00	0.00e+00	2.04e-10	1.09e-10	3.83e-11
 4.57862e+15	4.76e-10	1.20e-04	2.44e-01	7.49e-01	6.75e-03	0.00e+00	0.00e+00	0.00e+00	0.00e+00	2.76e-10	1.47e-10	5.15e-11
 4.69802e+15	6.38e-10	1.51e-04	2.89e-01	7.06e-01	5.50e-03	0.00e+00	0.00e+00	0.00e+00	0.00e+00	3.69e-10	1.97e-10	6.89e-11
 4.79427e+15	8.15e-10	1.84e-04	3.33e-01	6.62e-01	4.55e-03	0.00e+00	0.00e+00	0.00e+00	0.00e+00	4.72e-10	2.52e-10	8.79e-11
 4.86209e+15	9.77e-10	2.12e-04	3.72e-01	6.24e-01	3.88e-03	0.00e+00	0.00e+00	0.00e+00	0.00e+00	5.66e-10	3.02e-10	1.05e-10
 4.91894e+15	1.15e-09	2.41e-04	4.10e-01	5.87e-01	3.34e-03	0.00e+00	0.00e+00	0.00e+00	0.00e+00	6.63e-10	3.54e-10	1.23e-10
 4.98298e+15	1.38e-09	2.80e-04	4.58e-01	5.39e-01	2.74e-03	0.00e+00	0.00e+00	0.00e+00	0.00e+00	7.97e-10	4.25e-10	1.48e-10
 5.05001e+15	1.67e-09	3.29e-04	5.17e-01	4.81e-01	2.15e-03	0.00e+00	0.00e+00	0.00e+00	0.00e+00	9.69e-10	5.16e-10	1.80e-10
 5.10387e+15	1.96e-09	3.75e-04	5.71e-01	4.27e-01	1.70e-03	0.00e+00	0.00e+00	0.00e+00	0.00e+00	1.14e-09	6.06e-10	2.11e-10
 5.14663e+15	2.23e-09	4.16e-04	6.18e-01	3.80e-01	1.37e-03	0.00e+00	0.00e+00	0.00e+00	0.00e+00	1.29e-09	6.88e-10	2.40e-10
 5.19202e+15	2.55e-09	4.65e-04	6.72e-01	3.27e-01	1.04e-03	0.00e+00	0.00e+00	0.00e+00	0.00e+00	1.48e-09	7.89e-10	2.75e-10
 5.24152e+15	2.94e-09	5.21e-04	7.31e-01	2.68e-01	7.34e-04	0.00e+00	0.00e+00	0.00e+00	0.00e+00	1.71e-09	9.09e-10	3.16e-10
 5.28582e+15	3.31e-09	5.73e-04	7.83e-01	2.16e-01	5.09e-04	0.00e+00	0.00e+00	0.00e+00	0.00e+00	1.92e-09	1.02e-09	3.56e-10
 5.32656e+15	3.66e-09	6.20e-04	8.29e-01	1.70e-01	3.45e-04	0.00e+00	0.00e+00	0.00e+00	0.00e+00	2.13e-09	1.13e-09	3.94e-10
 5.37322e+15	4.06e-09	6.71e-04	8.74e-01	1.25e-01	2.09e-04	0.00e+00	0.00e+00	0.00e+00	0.00e+00	2.36e-09	1.26e-09	4.37e-10
 5.43389e+15	4.55e-09	7.29e-04	9.18e-01	8.07e-02	1.02e-04	0.00e+00	0.00e+00	0.00e+00	0.00e+00	2.64e-09	1.41e-09	4.89e-10
 5.51276e+15	5.11e-09	7.88e-04	9.54e-01	4.48e-02	3.81e-05	0.00e+00	0.00e+00	0.00e+00	0.00e+00	2.97e-09	1.58e-09	5.49e-10
 5.61529e+15	5.72e-09	8.42e-04	9.76e-01	2.29e-02	1.14e-05	0.00e+00	0.00e+00	0.00e+00	0.00e+00	3.33e-09	1.77e-09	6.14e-10
 5.74858e+15	6.42e-09	8.95e-04	9.86e-01	1.28e-02	3.18e-06	0.00e+00	0.00e+00	0.00e+00	0.00e+00	3.73e-09	1.98e-09	6.89e-10
 5.92186e+15	7.34e-09	9.57e-04	9.90e-01	8.97e-03	9.29e-07	0.00e+00	0.00e+00	0.00e+00	0.00e+00	4.27e-09	2.27e-09	7.88e-10
 6.14021e+15	8.58e-09	1.03e-03	9.92e-01	7.44e-03	0.00e+00	0.00e+00	0.00e+00	0.00e+00	0.00e+00	4.99e-09	2.65e-09	9.20e-10
 6.38585e+15	1.01e-08	1.12e-03	9.92e-01	6.63e-03	0.00e+00	0.00e+00	0.00e+00	0.00e+00	0.00e+00	5.90e-09	3.13e-09	1.09e-09
 6.64131e+15	1.20e-08	1.21e-03	9.93e-01	6.00e-03	0.00e+00	0.00e+00	0.00e+00	0.00e+00	0.00e+00	6.98e-09	3.71e-09	1.29e-09
 6.90700e+15	1.42e-08	1.31e-03	9.93e-01	5.45e-03	0.00e+00	0.00e+00	0.00e+00	0.00e+00	0.00e+00	8.26e-09	4.39e-09	1.52e-09
 7.18331e+15	1.68e-08	1.42e-03	9.94e-01	4.98e-03	0.00e+00	0.00e+00	0.00e+00	0.00e+00	0.00e+00	9.79e-09	5.20e-09	1.80e-09
 7.47067e+15	2.00e-08	1.54e-03	9.94e-01	4.53e-03	0.00e+00	0.00e+00	0.00e+00	0.00e+00	0.00e+00	1.16e-08	6.17e-09	2.14e-09
 7.76953e+15	2.37e-08	1.67e-03	9.94e-01	4.13e-03	0.00e+00	0.00e+00	0.00e+00	0.00e+00	0.00e+00	1.38e-08	7.32e-09	2.53e-09
 8.08034e+15	2.82e-08	1.81e-03	9.94e-01	3.75e-03	0.00e+00	0.00e+00	0.00e+00	0.00e+00	0.00e+00	1.64e-08	8.71e-09	3.01e-09
 8.40358e+15	3.36e-08	1.96e-03	9.95e-01	3.41e-03	0.00e+00	0.00e+00	0.00e+00	0.00e+00	0.00e+00	1.95e-08	1.04e-08	3.58e-09
 8.73975e+15	3.99e-08	2.13e-03	9.95e-01	3.09e-03	0.00e+00	0.00e+00	0.00e+00	0.00e+00	0.00e+00	2.32e-08	1.23e-08	4.26e-09
 9.08937e+15	4.78e-08	2.32e-03	9.95e-01	2.80e-03	0.00e+00	0.00e+00	0.00e+00	0.00e+00	0.00e+00	2.78e-08	1.48e-08	5.10e-09
 9.45298e+15	5.70e-08	2.51e-03	9.95e-01	2.53e-03	0.00e+00	0.00e+00	0.00e+00	0.00e+00	0.00e+00	3.32e-08	1.76e-08	6.08e-09
 9.83113e+15	6.83e-08	2.73e-03	9.95e-01	2.29e-03	0.00e+00	0.00e+00	0.00e+00	0.00e+00	0.00e+00	3.98e-08	2.11e-08	7.28e-09
 1.02244e+16	8.20e-08	2.98e-03	9.95e-01	2.06e-03	0.00e+00	0.00e+00	0.00e+00	0.00e+00	0.00e+00	4.77e-08	2.53e-08	8.73e-09
 1.06079e+16	9.75e-08	3.22e-03	9.95e-01	1.87e-03	0.00e+00	0.00e+00	0.00e+00	0.00e+00	0.00e+00	5.67e-08	3.01e-08	1.04e-08
 1.09712e+16	1.14e-07	3.47e-03	9.95e-01	1.70e-03	0.00e+00	0.00e+00	0.00e+00	0.00e+00	0.00e+00	6.66e-08	3.53e-08	1.22e-08
 1.13745e+16	1.36e-07	3.76e-03	9.95e-01	1.54e-03	0.00e+00	0.00e+00	0.00e+00	0.00e+00	0.00e+00	7.93e-08	4.21e-08	1.45e-08
 1.18296e+16	1.65e-07	4.10e-03	9.95e-01	1.38e-03	0.00e+00	0.00e+00	0.00e+00	0.00e+00	0.00e+00	9.60e-08	5.09e-08	1.76e-08
 1.22799e+16	1.99e-07	4.46e-03	9.94e-01	1.24e-03	0.00e+00	0.00e+00	0.00e+00	0.00e+00	0.00e+00	1.16e-07	6.13e-08	2.11e-08
 1.27162e+16	2.37e-07	4.83e-03	9.94e-01	1.11e-03	0.00e+00	0.00e+00	0.00e+00	0.00e+00	0.00e+00	1.38e-07	7.31e-08	2.52e-08
 1.31929e+16	2.86e-07	5.25e-03	9.94e-01	9.99e-04	0.00e+00	0.00e+00	0.00e+00	0.00e+00	0.00e+00	1.66e-07	8.83e-08	3.04e-08
 1.37207e+16	3.51e-07	5.76e-03	9.93e-01	8.87e-04	0.00e+00	0.00e+00	0.00e+00	0.00e+00	0.00e+00	2.04e-07	1.08e-07	3.73e-08
 1.42491e+16	4.29e-07	6.30e-03	9.93e-01	7.88e-04	0.00e+00	0.00e+00	0.00e+00	0.00e+00	0.00e+00	2.50e-07	1.33e-07	4.56e-08
 1.47988e+16	5.28e-07	6.90e-03	9.92e-01	6.98e-04	0.00e+00	0.00e+00	0.00e+00	0.00e+00	0.00e+00	3.07e-07	1.63e-07	5.62e-08
 1.53908e+16	6.61e-07	7.61e-03	9.92e-01	6.15e-04	0.00e+00	0.00e+00	0.00e+00	0.00e+00	0.00e+00	3.84e-07	2.05e-07	7.03e-08
 1.59809e+16	8.22e-07	8.36e-03	9.91e-01	5.47e-04	0.00e+00	0.00e+00	0.00e+00	0.00e+00	0.00e+00	4.78e-07	2.54e-07	8.74e-08
 1.65947e+16	1.03e-06	9.19e-03	9.90e-01	4.77e-04	0.00e+00	0.00e+00	0.00e+00	0.00e+00	0.00e+00	5.99e-07	3.19e-07	1.10e-07
 1.72586e+16	1.32e-06	1.02e-02	9.89e-01	4.17e-04	0.00e+00	0.00e+00	0.00e+00	0.00e+00	0.00e+00	7.67e-07	4.09e-07	1.40e-07
 1.79192e+16	1.69e-06	1.13e-02	9.88e-01	3.65e-04	0.00e+00	0.00e+00	0.00e+00	0.00e+00	0.00e+00	9.82e-07	5.24e-07	1.80e-07
 1.85536e+16	2.16e-06	1.25e-02	9.87e-01	3.22e-04	0.00e+00	0.00e+00	0.00e+00	0.00e+00	0.00e+00	1.25e-06	6.69e-07	2.29e-07
 1.92432e+16	2.83e-06	1.39e-02	9.86e-01	2.82e-04	0.00e+00	0.00e+00	0.00e+00	0.00e+00	0.00e+00	1.65e-06	8.80e-07	3.01e-07
 1.99650e+16	3.80e-06	1.56e-02	9.84e-01	2.47e-04	0.00e+00	0.00e+00	0.00e+00	0.00e+00	0.00e+00	2.21e-06	1.18e-06	4.04e-07
 2.06094e+16	5.01e-06	1.73e-02	9.82e-01	2.18e-04	0.00e+00	0.00e+00	0.00e+00	0.00e+00	0.00e+00	2.91e-06	1.56e-06	5.32e-07
 2.12005e+16	6.55e-06	1.91e-02	9.81e-01	1.95e-04	0.00e+00	0.00e+00	0.00e+00	0.00e+00	0.00e+00	3.80e-06	2.03e-06	6.95e-07
 2.18701e+16	9.08e-06	2.15e-02	9.78e-01	1.71e-04	0.00e+00	0.00e+00	0.00e+00	0.00e+00	0.00e+00	5.27e-06	2.82e-06	9.64e-07
 2.25734e+16	1.31e-05	2.46e-02	9.75e-01	1.49e-04	0.00e+00	0.00e+00	0.00e+00	0.00e+00	0.00e+00	7.63e-06	4.08e-06	1.40e-06
 2.31536e+16	1.85e-05	2.78e-02	9.72e-01	1.33e-04	0.00e+00	0.00e+00	0.00e+00	0.00e+00	0.00e+00	1.07e-05	5.74e-06	1.96e-06
 2.36400e+16	2.54e-05	3.11e-02	9.69e-01	1.19e-04	0.00e+00	0.00e+00	0.00e+00	0.00e+00	0.00e+00	1.48e-05	7.89e-06	2.70e-06
 2.40622e+16	3.45e-05	3.47e-02	9.65e-01	1.08e-04	0.00e+00	0.00e+00	0.00e+00	0.00e+00	0.00e+00	2.00e-05	1.07e-05	3.66e-06
 2.44194e+16	4.59e-05	3.84e-02	9.61e-01	9.89e-05	0.00e+00	0.00e+00	0.00e+00	0.00e+00	0.00e+00	2.66e-05	1.42e-05	4.86e-06
 2.46662e+16	5.67e-05	4.16e-02	9.58e-01	9.29e-05	0.00e+00	0.00e+00	0.00e+00	0.00e+00	0.00e+00	3.29e-05	1.76e-05	6.01e-06
 2.48021e+16	6.43e-05	4.35e-02	9.56e-01	8.90e-05	0.00e+00	0.00e+00	0.00e+00	0.00e+00	0.00e+00	3.73e-05	1.99e-05	6.81e-06
 2.49289e+16	7.30e-05	4.56e-02	9.54e-01	8.54e-05	0.00e+00	0.00e+00	0.00e+00	0.00e+00	0.00e+00	4.24e-05	2.26e-05	7.74e-06
 2.50937e+16	8.66e-05	4.87e-02	9.51e-01	8.06e-05	0.00e+00	0.00e+00	0.00e+00	0.00e+00	0.00e+00	5.03e-05	2.68e-05	9.17e-06
 2.52631e+16	1.04e-04	5.23e-02	9.48e-01	7.61e-05	0.00e+00	0.00e+00	0.00e+00	0.00e+00	0.00e+00	6.04e-05	3.22e-05	1.10e-05
 2.53962e+16	1.21e-04	5.55e-02	9.44e-01	7.20e-05	0.00e+00	0.00e+00	0.00e+00	0.00e+00	0.00e+00	7.03e-05	3.75e-05	1.28e-05
 2.55054e+16	1.39e-04	5.85e-02	9.41e-01	6.89e-05	0.00e+00	0.00e+00	0.00e+00	0.00e+00	0.00e+00	8.05e-05	4.29e-05	1.47e-05
 2.56255e+16	1.62e-04	6.23e-02	9.37e-01	6.51e-05	0.00e+00	0.00e+00	0.00e+00	0.00e+00	0.00e+00	9.42e-05	5.02e-05	1.72e-05
 2.57532e+16	1.93e-04	6.69e-02	9.33e-01	6.10e-05	0.00e+00	0.00e+00	0.00e+00	0.00e+00	0.00e+00	1.12e-04	5.97e-05	2.04e-05
 2.58595e+16	2.25e-04	7.12e-02	9.28e-01	5.79e-05	0.00e+00	0.00e+00	0.00e+00	0.00e+00	0.00e+00	1.31e-04	6.96e-05	2.38e-05
 2.59486e+16	2.58e-04	7.54e-02	9.24e-01	5.49e-05	0.00e+00	0.00e+00	0.00e+00	0.00e+00	0.00e+00	1.50e-04	7.98e-05	2.73e-05
 2.60461e+16	3.03e-04	8.07e-02	9.19e-01	5.16e-05	0.00e+00	0.00e+00	0.00e+00	0.00e+00	0.00e+00	1.76e-04	9.36e-05	3.20e-05
 2.61484e+16	3.60e-04	8.69e-02	9.13e-01	4.82e-05	0.00e+00	0.00e+00	0.00e+00	0.00e+00	0.00e+00	2.09e-04	1.11e-04	3.81e-05
 2.62322e+16	4.19e-04	9.28e-02	9.07e-01	4.52e-05	0.00e+00	0.00e+00	0.00e+00	0.00e+00	0.00e+00	2.43e-04	1.30e-04	4.43e-05
 2.63028e+16	4.79e-04	9.84e-02	9.01e-01	4.29e-05	0.00e+00	0.00e+00	0.00e+00	0.00e+00	0.00e+00	2.78e-04	1.48e-04	5.06e-05
 2.63805e+16	5.62e-04	1.06e-01	8.94e-01	4.00e-05	0.00e+00	0.00e+00	0.00e+00	0.00e+00	0.00e+00	3.27e-04	1.74e-04	5.94e-05
 2.64623e+16	6.69e-04	1.14e-01	8.85e-01	3.71e-05	0.00e+00	0.00e+00	0.00e+00	0.00e+00	0.00e+00	3.88e-04	2.07e-04	7.06e-05
 2.65307e+16	7.79e-04	1.22e-01	8.77e-01	3.46e-05	0.00e+00	0.00e+00	0.00e+00	0.00e+00	0.00e+00	4.53e-04	2.41e-04	8.23e-05
 2.65891e+16	8.96e-04	1.30e-01	8.69e-01	3.23e-05	0.00e+00	0.00e+00	0.00e+00	0.00e+00	0.00e+00	5.20e-04	2.77e-04	9.45e-05
 2.66532e+16	1.05e-03	1.40e-01	8.59e-01	3.00e-05	0.00e+00	0.00e+00	0.00e+00	0.00e+00	0.00e+00	6.13e-04	3.26e-04	1.11e-04
 2.67211e+16	1.26e-03	1.52e-01	8.47e-01	2.74e-05	0.00e+00	0.00e+00	0.00e+00	0.00e+00	0.00e+00	7.32e-04	3.89e-04	1.33e-04
 2.67777e+16	1.48e-03	1.64e-01	8.35e-01	2.52e-05	0.00e+00	0.00e+00	0.00e+00	0.00e+00	0.00e+00	8.58e-04	4.56e-04	1.56e-04
 2.68260e+16	1.70e-03	1.75e-01	8.24e-01	2.35e-05	0.00e+00	0.00e+00	0.00e+00	0.00e+00	0.00e+00	9.89e-04	5.25e-04	1.79e-04
 2.68794e+16	2.01e-03	1.89e-01	8.09e-01	2.14e-05	0.00e+00	0.00e+00	0.00e+00	0.00e+00	0.00e+00	1.17e-03	6.22e-04	2.12e-04
 2.69359e+16	2.42e-03	2.06e-01	7.92e-01	1.93e-05	0.00e+00	0.00e+00	0.00e+00	0.00e+00	0.00e+00	1.41e-03	7.47e-04	2.55e-04
 2.69836e+16	2.85e-03	2.22e-01	7.75e-01	1.74e-05	0.00e+00	0.00e+00	0.00e+00	0.00e+00	0.00e+00	1.66e-03	8.81e-04	3.01e-04
 2.70248e+16	3.32e-03	2.38e-01	7.59e-01	1.60e-05	0.00e+00	0.00e+00	0.00e+00	0.00e+00	0.00e+00	1.93e-03	1.02e-03	3.49e-04
 2.70706e+16	3.97e-03	2.58e-01	7.38e-01	1.42e-05	0.00e+00	0.00e+00	0.00e+00	0.00e+00	0.00e+00	2.31e-03	1.22e-03	4.17e-04
 2.71194e+16	4.83e-03	2.82e-01	7.13e-01	1.24e-05	0.00e+00	0.00e+00	0.00e+00	0.00e+00	0.00e+00	2.81e-03	1.49e-03	5.07e-04
 2.71609e+16	5.77e-03	3.06e-01	6.88e-01	1.09e-05	0.00e+00	0.00e+00	0.00e+00	0.00e+00	0.00e+00	3.36e-03	1.78e-03	6.06e-04
 2.71973e+16	6.82e-03	3.30e-01	6.64e-01	9.64e-06	0.00e+00	0.00e+00	0.00e+00	0.00e+00	0.00e+00	3.97e-03	2.10e-03	7.15e-04
 2.72382e+16	8.31e-03	3.59e-01	6.32e-01	8.25e-06	0.00e+00	0.00e+00	0.00e+00	0.00e+00	0.00e+00	4.84e-03	2.56e-03	8.71e-04
 2.72822e+16	1.04e-02	3.95e-01	5.94e-01	6.81e-06	0.00e+00	0.00e+00	0.00e+00	0.00e+00	0.00e+00	6.04e-03	3.20e-03	1.09e-03
 2.73201e+16	1.27e-02	4.30e-01	5.57e-01	5.63e-06	0.00e+00	0.00e+00	0.00e+00	0.00e+00	0.00e+00	7.41e-03	3.92e-03	1.33e-03
 2.73519e+16	1.52e-02	4.63e-01	5.22e-01	4.74e-06	0.00e+00	0.00e+00	0.00e+00	0.00e+00	0.00e+00	8.87e-03	4.69e-03	1.59e-03
 2.73863e+16	1.88e-02	5.02e-01	4.80e-01	3.79e-06	0.00e+00	0.00e+00	0.00e+00	0.00e+00	0.00e+00	1.09e-02	5.79e-03	1.96e-03
 2.74224e+16	2.36e-02	5.45e-01	4.32e-01	2.91e-06	0.00e+00	0.00e+00	0.00e+00	0.00e+00	0.00e+00	1.37e-02	7.26e-03	2.46e-03
 2.74521e+16	2.88e-02	5.82e-01	3.89e-01	2.27e-06	0.00e+00	0.00e+00	0.00e+00	0.00e+00	0.00e+00	1.68e-02	8.86e-03	3.00e-03
 2.74771e+16	3.43e-02	6.15e-01	3.50e-01	1.77e-06	0.00e+00	0.00e+00	0.00e+00	0.00e+00	0.00e+00	2.00e-02	1.06e-02	3.58e-03
 2.75045e+16	4.20e-02	6.52e-01	3.06e-01	1.30e-06	0.00e+00	0.00e+00	0.00e+00	0.00e+00	0.00e+00	2.45e-02	1.29e-02	4.39e-03
 2.75337e+16	5.26e-02	6.89e-01	2.58e-01	9.00e-07	0.00e+00	0.00e+00	0.00e+00	0.00e+00	0.00e+00	3.07e-02	1.62e-02	5.49e-03
 2.75583e+16	6.44e-02	7.18e-01	2.17e-01	0.00e+00	0.00e+00	0.00e+00	0.00e+00	0.00e+00	0.00e+00	3.75e-02	1.98e-02	6.72e-03
 2.75790e+16	7.68e-02	7.40e-01	1.83e-01	0.00e+00	0.00e+00	0.00e+00	0.00e+00	0.00e+00	0.00e+00	4.48e-02	2.36e-02	8.03e-03
 2.76015e+16	9.40e-02	7.58e-01	1.48e-01	0.00e+00	0.00e+00	0.00e+00	0.00e+00	0.00e+00	0.00e+00	5.48e-02	2.89e-02	9.82e-03
 2.76216e+16	1.13e-01	7.68e-01	1.19e-01	0.00e+00	0.00e+00	0.00e+00	0.00e+00	0.00e+00	0.00e+00	6.59e-02	3.46e-02	1.18e-02
 2.76336e+16	1.26e-01	7.71e-01	1.03e-01	0.00e+00	0.00e+00	0.00e+00	0.00e+00	0.00e+00	0.00e+00	7.38e-02	3.88e-02	1.32e-02
 2.76426e+16	1.38e-01	7.71e-01	9.12e-02	0.00e+00	0.00e+00	0.00e+00	0.00e+00	0.00e+00	0.00e+00	8.07e-02	4.23e-02	1.44e-02
