#depth	He	He+	He+2
 1.49634e+10	6.60e-23	1.21e-11	1.00e+00
 4.54887e+10	7.34e-23	1.31e-11	1.00e+00
 7.72350e+10	8.14e-23	1.42e-11	1.00e+00
 1.10251e+11	9.03e-23	1.53e-11	1.00e+00
 1.42059e+11	9.95e-23	1.65e-11	1.00e+00
 1.71712e+11	1.09e-22	1.77e-11	1.00e+00
 2.05081e+11	1.19e-22	1.90e-11	1.00e+00
 2.43211e+11	1.33e-22	2.05e-11	1.00e+00
 2.80934e+11	1.47e-22	2.22e-11	1.00e+00
 3.20166e+11	1.63e-22	2.39e-11	1.00e+00
 3.62900e+11	1.82e-22	2.59e-11	1.00e+00
 4.06329e+11	2.02e-22	2.80e-11	1.00e+00
 4.51495e+11	2.25e-22	3.03e-11	1.00e+00
 4.99482e+11	2.52e-22	3.28e-11	1.00e+00
 5.49388e+11	2.82e-22	3.55e-11	1.00e+00
 6.01290e+11	3.16e-22	3.85e-11	1.00e+00
 6.55269e+11	3.55e-22	4.18e-11	1.00e+00
 7.11406e+11	3.98e-22	4.53e-11	1.00e+00
 7.69789e+11	4.48e-22	4.91e-11	1.00e+00
 8.30507e+11	5.05e-22	5.32e-11	1.00e+00
 8.93655e+11	5.69e-22	5.77e-11	1.00e+00
 9.59328e+11	6.43e-22	6.26e-11	1.00e+00
 1.02763e+12	7.27e-22	6.80e-11	1.00e+00
 1.09866e+12	8.23e-22	7.38e-11	1.00e+00
 1.17253e+12	9.32e-22	8.01e-11	1.00e+00
 1.24936e+12	1.06e-21	8.69e-11	1.00e+00
 1.32926e+12	1.20e-21	9.44e-11	1.00e+00
 1.41236e+12	1.37e-21	1.03e-10	1.00e+00
 1.49878e+12	1.56e-21	1.11e-10	1.00e+00
 1.58866e+12	1.77e-21	1.21e-10	1.00e+00
 1.68213e+12	2.02e-21	1.32e-10	1.00e+00
 1.77934e+12	2.31e-21	1.43e-10	1.00e+00
 1.88044e+12	2.64e-21	1.56e-10	1.00e+00
 1.98559e+12	3.02e-21	1.70e-10	1.00e+00
 2.09494e+12	3.46e-21	1.85e-10	1.00e+00
 2.20866e+12	3.96e-21	2.01e-10	1.00e+00
 2.32694e+12	4.54e-21	2.19e-10	1.00e+00
 2.44994e+12	5.20e-21	2.39e-10	1.00e+00
 2.57786e+12	5.97e-21	2.60e-10	1.00e+00
 2.71091e+12	6.85e-21	2.84e-10	1.00e+00
 2.84927e+12	7.86e-21	3.10e-10	1.00e+00
 2.99317e+12	9.02e-21	3.38e-10	1.00e+00
 3.14282e+12	1.04e-20	3.70e-10	1.00e+00
 3.29846e+12	1.19e-20	4.04e-10	1.00e+00
 3.46032e+12	1.37e-20	4.42e-10	1.00e+00
 3.61132e+12	1.55e-20	4.79e-10	1.00e+00
 3.74442e+12	1.73e-20	5.14e-10	1.00e+00
 3.89307e+12	1.95e-20	5.54e-10	1.00e+00
 4.07159e+12	2.23e-20	6.05e-10	1.00e+00
 4.25176e+12	2.55e-20	6.59e-10	1.00e+00
 4.41871e+12	2.87e-20	7.13e-10	1.00e+00
 4.60497e+12	3.25e-20	7.75e-10	1.00e+00
 4.81909e+12	3.73e-20	8.52e-10	1.00e+00
 5.02948e+12	4.26e-20	9.32e-10	1.00e+00
 5.24828e+12	4.85e-20	1.02e-09	1.00e+00
 5.48814e+12	5.56e-20	1.12e-09	1.00e+00
 5.73135e+12	6.36e-20	1.24e-09	1.00e+00
 5.98428e+12	7.27e-20	1.36e-09	1.00e+00
 6.25358e+12	8.35e-20	1.50e-09	1.00e+00
 6.53365e+12	9.61e-20	1.66e-09	1.00e+00
 6.82492e+12	1.11e-19	1.83e-09	1.00e+00
 7.12785e+12	1.28e-19	2.02e-09	1.00e+00
 7.44289e+12	1.48e-19	2.24e-09	1.00e+00
 7.77053e+12	1.73e-19	2.47e-09	1.00e+00
 8.11128e+12	2.02e-19	2.74e-09	1.00e+00
 8.46566e+12	2.36e-19	3.02e-09	1.00e+00
 8.83421e+12	2.78e-19	3.34e-09	1.00e+00
 9.21750e+12	3.29e-19	3.69e-09	1.00e+00
 9.61613e+12	3.89e-19	4.08e-09	1.00e+00
 1.00307e+13	4.62e-19	4.50e-09	1.00e+00
 1.04619e+13	5.50e-19	4.96e-09	1.00e+00
 1.09103e+13	6.56e-19	5.46e-09	1.00e+00
 1.13766e+13	7.83e-19	6.01e-09	1.00e+00
 1.18616e+13	9.34e-19	6.61e-09	1.00e+00
 1.23660e+13	1.12e-18	7.26e-09	1.00e+00
 1.28604e+13	1.32e-18	7.93e-09	1.00e+00
 1.33745e+13	1.56e-18	8.65e-09	1.00e+00
 1.39394e+13	1.86e-18	9.48e-09	1.00e+00
 1.45100e+13	2.20e-18	1.04e-08	1.00e+00
 1.51033e+13	2.61e-18	1.13e-08	1.00e+00
 1.57374e+13	3.10e-18	1.24e-08	1.00e+00
 1.63968e+13	3.69e-18	1.35e-08	1.00e+00
 1.70826e+13	4.38e-18	1.47e-08	1.00e+00
 1.77958e+13	5.19e-18	1.61e-08	1.00e+00
 1.85376e+13	6.15e-18	1.75e-08	1.00e+00
 1.93090e+13	7.28e-18	1.91e-08	1.00e+00
 2.01113e+13	8.61e-18	2.08e-08	1.00e+00
 2.08771e+13	1.00e-17	2.24e-08	1.00e+00
 2.15796e+13	1.15e-17	2.40e-08	1.00e+00
 2.23749e+13	1.33e-17	2.59e-08	1.00e+00
 2.32959e+13	1.57e-17	2.81e-08	1.00e+00
 2.42018e+13	1.83e-17	3.04e-08	1.00e+00
 2.50677e+13	2.11e-17	3.27e-08	1.00e+00
 2.60242e+13	2.45e-17	3.52e-08	1.00e+00
 2.70951e+13	2.89e-17	3.82e-08	1.00e+00
 2.81738e+13	3.37e-17	4.14e-08	1.00e+00
 2.92957e+13	3.94e-17	4.47e-08	1.00e+00
 3.04974e+13	4.63e-17	4.85e-08	1.00e+00
 3.17473e+13	5.43e-17	5.26e-08	1.00e+00
 3.30471e+13	6.37e-17	5.69e-08	1.00e+00
 3.43989e+13	7.47e-17	6.17e-08	1.00e+00
 3.58048e+13	8.75e-17	6.68e-08	1.00e+00
 3.72669e+13	1.02e-16	7.23e-08	1.00e+00
 3.87875e+13	1.20e-16	7.82e-08	1.00e+00
 4.03689e+13	1.40e-16	8.46e-08	1.00e+00
 4.19626e+13	1.64e-16	9.13e-08	1.00e+00
 4.36201e+13	1.90e-16	9.86e-08	1.00e+00
 4.53949e+13	2.23e-16	1.07e-07	1.00e+00
 4.72406e+13	2.60e-16	1.15e-07	1.00e+00
 4.91601e+13	3.04e-16	1.25e-07	1.00e+00
 5.11565e+13	3.56e-16	1.35e-07	1.00e+00
 5.32326e+13	4.16e-16	1.46e-07	1.00e+00
 5.53919e+13	4.86e-16	1.58e-07	1.00e+00
 5.76375e+13	5.68e-16	1.70e-07	1.00e+00
 5.99729e+13	6.63e-16	1.84e-07	1.00e+00
 6.24017e+13	7.75e-16	1.99e-07	1.00e+00
 6.49277e+13	9.06e-16	2.15e-07	1.00e+00
 6.74583e+13	1.05e-15	2.32e-07	1.00e+00
 7.00900e+13	1.22e-15	2.50e-07	1.00e+00
 7.29235e+13	1.43e-15	2.71e-07	1.00e+00
 7.58704e+13	1.67e-15	2.93e-07	1.00e+00
 7.89351e+13	1.96e-15	3.17e-07	1.00e+00
 8.21225e+13	2.29e-15	3.43e-07	1.00e+00
 8.54373e+13	2.67e-15	3.71e-07	1.00e+00
 8.85655e+13	3.09e-15	3.98e-07	1.00e+00
 9.13759e+13	3.49e-15	4.24e-07	1.00e+00
 9.45315e+13	4.00e-15	4.53e-07	1.00e+00
 9.82564e+13	4.67e-15	4.90e-07	1.00e+00
 1.01955e+14	5.41e-15	5.28e-07	1.00e+00
 1.05405e+14	6.18e-15	5.64e-07	1.00e+00
 1.09254e+14	7.14e-15	6.06e-07	1.00e+00
 1.13654e+14	8.37e-15	6.57e-07	1.00e+00
 1.17986e+14	9.73e-15	7.09e-07	1.00e+00
 1.22490e+14	1.13e-14	7.65e-07	1.00e+00
 1.27420e+14	1.33e-14	8.29e-07	1.00e+00
 1.32394e+14	1.55e-14	8.96e-07	1.00e+00
 1.37568e+14	1.82e-14	9.70e-07	1.00e+00
 1.43101e+14	2.14e-14	1.05e-06	1.00e+00
 1.48855e+14	2.51e-14	1.14e-06	1.00e+00
 1.54839e+14	2.96e-14	1.24e-06	1.00e+00
 1.61062e+14	3.48e-14	1.34e-06	1.00e+00
 1.67535e+14	4.10e-14	1.46e-06	1.00e+00
 1.74266e+14	4.83e-14	1.59e-06	1.00e+00
 1.81267e+14	5.69e-14	1.72e-06	1.00e+00
 1.88280e+14	6.68e-14	1.87e-06	1.00e+00
 1.95574e+14	7.84e-14	2.02e-06	1.00e+00
 2.03426e+14	9.26e-14	2.20e-06	1.00e+00
 2.11433e+14	1.09e-13	2.39e-06	1.00e+00
 2.19760e+14	1.29e-13	2.60e-06	1.00e+00
 2.28580e+14	1.52e-13	2.83e-06	1.00e+00
 2.36941e+14	1.78e-13	3.06e-06	1.00e+00
 2.44555e+14	2.04e-13	3.28e-06	1.00e+00
 2.53178e+14	2.37e-13	3.54e-06	1.00e+00
 2.63227e+14	2.81e-13	3.86e-06	1.00e+00
 2.73227e+14	3.31e-13	4.19e-06	1.00e+00
 2.82838e+14	3.86e-13	4.52e-06	1.00e+00
 2.93393e+14	4.53e-13	4.91e-06	1.00e+00
 3.05159e+14	5.40e-13	5.36e-06	1.00e+00
 3.17055e+14	6.40e-13	5.85e-06	1.00e+00
 3.27999e+14	7.45e-13	6.31e-06	1.00e+00
 3.37997e+14	8.52e-13	6.76e-06	1.00e+00
 3.49387e+14	9.87e-13	7.28e-06	1.00e+00
 3.62957e+14	1.17e-12	7.93e-06	1.00e+00
 3.76356e+14	1.38e-12	8.61e-06	1.00e+00
 3.88498e+14	1.58e-12	9.25e-06	1.00e+00
 4.02011e+14	1.84e-12	9.98e-06	1.00e+00
 4.17856e+14	2.19e-12	1.09e-05	1.00e+00
 4.33453e+14	2.57e-12	1.18e-05	1.00e+00
 4.47996e+14	2.97e-12	1.27e-05	1.00e+00
 4.64267e+14	3.47e-12	1.38e-05	1.00e+00
 4.82868e+14	4.12e-12	1.50e-05	1.00e+00
 5.01201e+14	4.85e-12	1.63e-05	1.00e+00
 5.20269e+14	5.70e-12	1.78e-05	1.00e+00
 5.41109e+14	6.76e-12	1.94e-05	1.00e+00
 5.62237e+14	7.98e-12	2.11e-05	1.00e+00
 5.84209e+14	9.41e-12	2.30e-05	1.00e+00
 6.07608e+14	1.11e-11	2.50e-05	1.00e+00
 6.31942e+14	1.32e-11	2.73e-05	1.00e+00
 6.57250e+14	1.56e-11	2.98e-05	1.00e+00
 6.83570e+14	1.84e-11	3.24e-05	1.00e+00
 7.10942e+14	2.17e-11	3.53e-05	1.00e+00
 7.39410e+14	2.56e-11	3.85e-05	1.00e+00
 7.66983e+14	2.98e-11	4.17e-05	1.00e+00
 7.92941e+14	3.43e-11	4.48e-05	1.00e+00
 8.21971e+14	3.98e-11	4.84e-05	1.00e+00
 8.52510e+14	4.64e-11	5.25e-05	1.00e+00
 8.79810e+14	5.29e-11	5.62e-05	1.00e+00
 9.09461e+14	6.06e-11	6.04e-05	1.00e+00
 9.44760e+14	7.10e-11	6.56e-05	1.00e+00
 9.80099e+14	8.25e-11	7.10e-05	1.00e+00
 1.01322e+15	9.45e-11	7.63e-05	1.00e+00
 1.04578e+15	1.08e-10	8.17e-05	1.00e+00
 1.08310e+15	1.24e-10	8.80e-05	1.00e+00
 1.12427e+15	1.44e-10	9.54e-05	1.00e+00
 1.16227e+15	1.65e-10	1.02e-04	1.00e+00
 1.20350e+15	1.90e-10	1.10e-04	1.00e+00
 1.24980e+15	2.21e-10	1.20e-04	1.00e+00
 1.29370e+15	2.53e-10	1.29e-04	1.00e+00
 1.34093e+15	2.92e-10	1.39e-04	1.00e+00
 1.39325e+15	3.40e-10	1.50e-04	1.00e+00
 1.44354e+15	3.91e-10	1.62e-04	1.00e+00
 1.49718e+15	4.51e-10	1.75e-04	1.00e+00
 1.55709e+15	5.27e-10	1.90e-04	1.00e+00
 1.61666e+15	6.10e-10	2.06e-04	1.00e+00
 1.67862e+15	7.08e-10	2.23e-04	1.00e+00
 1.74579e+15	8.24e-10	2.41e-04	1.00e+00
 1.81565e+15	9.61e-10	2.62e-04	1.00e+00
 1.88831e+15	1.12e-09	2.84e-04	1.00e+00
 1.96387e+15	1.30e-09	3.08e-04	1.00e+00
 2.04246e+15	1.52e-09	3.34e-04	1.00e+00
 2.12419e+15	1.77e-09	3.63e-04	1.00e+00
 2.20918e+15	2.06e-09	3.93e-04	1.00e+00
 2.29758e+15	2.40e-09	4.26e-04	1.00e+00
 2.38951e+15	2.79e-09	4.62e-04	1.00e+00
 2.47309e+15	3.19e-09	4.95e-04	1.00e+00
 2.54365e+15	3.56e-09	5.25e-04	9.99e-01
 2.62154e+15	4.00e-09	5.58e-04	9.99e-01
 2.71889e+15	4.61e-09	6.01e-04	9.99e-01
 2.82073e+15	5.32e-09	6.48e-04	9.99e-01
 2.91395e+15	6.04e-09	6.92e-04	9.99e-01
 3.01677e+15	6.91e-09	7.43e-04	9.99e-01
 3.12999e+15	7.97e-09	8.01e-04	9.99e-01
 3.23386e+15	9.05e-09	8.55e-04	9.99e-01
 3.34603e+15	1.03e-08	9.17e-04	9.99e-01
 3.47121e+15	1.19e-08	9.87e-04	9.99e-01
 3.58895e+15	1.36e-08	1.06e-03	9.99e-01
 3.71767e+15	1.56e-08	1.13e-03	9.99e-01
 3.85978e+15	1.81e-08	1.22e-03	9.99e-01
 3.99196e+15	2.06e-08	1.31e-03	9.99e-01
 4.13590e+15	2.37e-08	1.41e-03	9.99e-01
 4.29688e+15	2.75e-08	1.52e-03	9.98e-01
 4.45030e+15	3.16e-08	1.63e-03	9.98e-01
 4.59662e+15	3.59e-08	1.74e-03	9.98e-01
 4.76280e+15	4.13e-08	1.87e-03	9.98e-01
 4.94697e+15	4.80e-08	2.02e-03	9.98e-01
 5.12662e+15	5.53e-08	2.17e-03	9.98e-01
 5.30128e+15	6.32e-08	2.32e-03	9.98e-01
 5.49482e+15	7.30e-08	2.50e-03	9.98e-01
 5.70692e+15	8.49e-08	2.70e-03	9.97e-01
 5.90776e+15	9.75e-08	2.89e-03	9.97e-01
 6.09965e+15	1.11e-07	3.09e-03	9.97e-01
 6.31894e+15	1.28e-07	3.33e-03	9.97e-01
 6.54202e+15	1.47e-07	3.57e-03	9.96e-01
 6.72514e+15	1.64e-07	3.77e-03	9.96e-01
 6.91822e+15	1.84e-07	4.01e-03	9.96e-01
 7.16792e+15	2.14e-07	4.32e-03	9.96e-01
 7.42718e+15	2.47e-07	4.66e-03	9.95e-01
 7.64946e+15	2.78e-07	4.96e-03	9.95e-01
 7.88768e+15	3.17e-07	5.31e-03	9.95e-01
 8.15299e+15	3.64e-07	5.71e-03	9.94e-01
 8.40101e+15	4.12e-07	6.10e-03	9.94e-01
 8.63555e+15	4.63e-07	6.49e-03	9.94e-01
 8.90512e+15	5.30e-07	6.98e-03	9.93e-01
 9.19567e+15	6.09e-07	7.54e-03	9.92e-01
 9.45271e+15	6.87e-07	8.05e-03	9.92e-01
 9.72604e+15	7.83e-07	8.67e-03	9.91e-01
 1.00265e+16	9.01e-07	9.39e-03	9.91e-01
 1.03001e+16	1.02e-06	1.01e-02	9.90e-01
 1.05551e+16	1.15e-06	1.08e-02	9.89e-01
 1.08479e+16	1.32e-06	1.18e-02	9.88e-01
 1.11647e+16	1.53e-06	1.29e-02	9.87e-01
 1.14455e+16	1.74e-06	1.39e-02	9.86e-01
 1.17028e+16	1.96e-06	1.51e-02	9.85e-01
 1.19964e+16	2.27e-06	1.66e-02	9.83e-01
 1.23113e+16	2.66e-06	1.84e-02	9.82e-01
 1.25858e+16	3.05e-06	2.02e-02	9.80e-01
 1.28329e+16	3.48e-06	2.21e-02	9.78e-01
 1.31125e+16	4.08e-06	2.47e-02	9.75e-01
 1.34094e+16	4.85e-06	2.79e-02	9.72e-01
 1.36615e+16	5.64e-06	3.13e-02	9.69e-01
 1.38811e+16	6.52e-06	3.48e-02	9.65e-01
 1.40851e+16	7.52e-06	3.88e-02	9.61e-01
 1.42775e+16	8.67e-06	4.32e-02	9.57e-01
 1.44960e+16	1.04e-05	4.95e-02	9.50e-01
 1.47279e+16	1.26e-05	5.78e-02	9.42e-01
 1.49214e+16	1.52e-05	6.70e-02	9.33e-01
 1.50804e+16	1.79e-05	7.66e-02	9.23e-01
 1.52280e+16	2.11e-05	8.77e-02	9.12e-01
 1.53746e+16	2.50e-05	1.02e-01	8.98e-01
 1.55155e+16	3.03e-05	1.19e-01	8.81e-01
 1.56432e+16	3.66e-05	1.40e-01	8.60e-01
 1.57568e+16	4.41e-05	1.63e-01	8.37e-01
 1.58604e+16	5.30e-05	1.91e-01	8.09e-01
 1.59482e+16	6.26e-05	2.20e-01	7.80e-01
 1.60174e+16	7.20e-05	2.48e-01	7.52e-01
 1.60779e+16	8.18e-05	2.77e-01	7.23e-01
 1.61450e+16	9.51e-05	3.15e-01	6.85e-01
 1.62161e+16	1.11e-04	3.61e-01	6.39e-01
 1.62788e+16	1.28e-04	4.09e-01	5.91e-01
 1.63374e+16	1.47e-04	4.59e-01	5.40e-01
 1.64041e+16	1.71e-04	5.22e-01	4.77e-01
 1.64758e+16	1.99e-04	5.93e-01	4.06e-01
 1.65403e+16	2.25e-04	6.58e-01	3.42e-01
 1.66104e+16	2.55e-04	7.25e-01	2.75e-01
 1.67016e+16	2.90e-04	7.99e-01	2.00e-01
 1.68035e+16	3.23e-04	8.63e-01	1.37e-01
 1.69155e+16	3.52e-04	9.10e-01	8.93e-02
 1.70571e+16	3.79e-04	9.47e-01	5.28e-02
 1.72413e+16	4.05e-04	9.72e-01	2.80e-02
 1.74807e+16	4.30e-04	9.86e-01	1.35e-02
 1.77919e+16	4.58e-04	9.94e-01	5.90e-03
 1.81965e+16	4.93e-04	9.97e-01	2.37e-03
 1.86456e+16	5.33e-04	9.98e-01	1.00e-03
 1.90591e+16	5.73e-04	9.99e-01	5.08e-04
 1.94357e+16	6.14e-04	9.99e-01	2.91e-04
 1.98577e+16	6.66e-04	9.99e-01	1.63e-04
 2.02987e+16	7.27e-04	9.99e-01	9.50e-05
 2.06534e+16	7.85e-04	9.99e-01	6.39e-05
 2.09399e+16	8.39e-04	9.99e-01	4.70e-05
 2.12489e+16	9.04e-04	9.99e-01	3.38e-05
 2.15851e+16	9.88e-04	9.99e-01	2.43e-05
 2.18742e+16	1.07e-03	9.99e-01	1.85e-05
 2.21104e+16	1.15e-03	9.99e-01	1.50e-05
 2.22791e+16	1.22e-03	9.99e-01	1.30e-05
 2.23851e+16	1.26e-03	9.99e-01	1.19e-05
 2.24910e+16	1.31e-03	9.99e-01	1.08e-05
 2.26286e+16	1.38e-03	9.99e-01	9.53e-06
 2.27745e+16	1.46e-03	9.99e-01	8.44e-06
 2.28963e+16	1.53e-03	9.98e-01	7.64e-06
 2.29995e+16	1.60e-03	9.98e-01	7.01e-06
 2.31135e+16	1.68e-03	9.98e-01	6.36e-06
 2.32261e+16	1.77e-03	9.98e-01	5.83e-06
 2.33097e+16	1.85e-03	9.98e-01	5.46e-06
 2.33802e+16	1.91e-03	9.98e-01	5.16e-06
 2.34609e+16	1.99e-03	9.98e-01	4.83e-06
 2.35505e+16	2.09e-03	9.98e-01	4.50e-06
 2.36308e+16	2.19e-03	9.98e-01	4.23e-06
 2.37001e+16	2.28e-03	9.98e-01	4.01e-06
 2.37762e+16	2.39e-03	9.98e-01	3.76e-06
 2.38576e+16	2.51e-03	9.97e-01	3.54e-06
 2.39273e+16	2.63e-03	9.97e-01	3.36e-06
 2.39877e+16	2.74e-03	9.97e-01	3.21e-06
 2.40547e+16	2.87e-03	9.97e-01	3.04e-06
 2.41269e+16	3.03e-03	9.97e-01	2.88e-06
 2.41891e+16	3.18e-03	9.97e-01	2.75e-06
 2.42430e+16	3.32e-03	9.97e-01	2.64e-06
 2.43029e+16	3.49e-03	9.97e-01	2.52e-06
 2.43676e+16	3.69e-03	9.96e-01	2.40e-06
 2.44238e+16	3.88e-03	9.96e-01	2.31e-06
 2.44729e+16	4.07e-03	9.96e-01	2.22e-06
 2.45273e+16	4.30e-03	9.96e-01	2.13e-06
 2.45860e+16	4.56e-03	9.95e-01	2.04e-06
 2.46370e+16	4.82e-03	9.95e-01	1.97e-06
 2.46822e+16	5.07e-03	9.95e-01	1.90e-06
 2.47331e+16	5.39e-03	9.95e-01	1.83e-06
 2.47881e+16	5.77e-03	9.94e-01	1.76e-06
 2.48362e+16	6.15e-03	9.94e-01	1.70e-06
 2.48790e+16	6.53e-03	9.93e-01	1.64e-06
 2.49273e+16	7.01e-03	9.93e-01	1.58e-06
 2.49804e+16	7.60e-03	9.92e-01	1.52e-06
 2.50286e+16	8.22e-03	9.92e-01	1.47e-06
 2.50726e+16	8.88e-03	9.91e-01	1.42e-06
 2.51222e+16	9.73e-03	9.90e-01	1.37e-06
 2.51742e+16	1.08e-02	9.89e-01	1.32e-06
 2.52168e+16	1.18e-02	9.88e-01	1.28e-06
 2.52525e+16	1.29e-02	9.87e-01	1.24e-06
 2.52855e+16	1.39e-02	9.86e-01	1.21e-06
 2.53167e+16	1.52e-02	9.85e-01	1.19e-06
 2.53469e+16	1.65e-02	9.84e-01	1.16e-06
 2.53757e+16	1.79e-02	9.82e-01	1.13e-06
 2.54032e+16	1.96e-02	9.80e-01	1.11e-06
 2.54292e+16	2.13e-02	9.79e-01	1.09e-06
 2.54539e+16	2.33e-02	9.77e-01	1.07e-06
 2.54775e+16	2.55e-02	9.75e-01	1.05e-06
 2.55002e+16	2.79e-02	9.72e-01	1.04e-06
 2.55220e+16	3.05e-02	9.69e-01	1.02e-06
 2.55431e+16	3.36e-02	9.66e-01	1.01e-06
 2.55636e+16	3.70e-02	9.63e-01	1.00e-06
 2.55832e+16	4.08e-02	9.59e-01	9.91e-07
 2.56018e+16	4.50e-02	9.55e-01	9.83e-07
 2.56199e+16	4.97e-02	9.50e-01	9.76e-07
 2.56376e+16	5.51e-02	9.45e-01	9.72e-07
 2.56549e+16	6.13e-02	9.39e-01	9.69e-07
 2.56715e+16	6.82e-02	9.32e-01	9.69e-07
 2.56870e+16	7.57e-02	9.24e-01	9.70e-07
 2.57018e+16	8.37e-02	9.16e-01	9.75e-07
 2.57162e+16	9.31e-02	9.07e-01	9.79e-07
 2.57300e+16	1.03e-01	8.97e-01	9.90e-07
 2.57426e+16	1.14e-01	8.86e-01	9.97e-07
 2.57544e+16	1.25e-01	8.75e-01	1.01e-06
 2.57655e+16	1.37e-01	8.63e-01	1.02e-06
 2.57755e+16	1.48e-01	8.52e-01	1.04e-06
 2.57847e+16	1.61e-01	8.39e-01	1.05e-06
 2.57932e+16	1.73e-01	8.27e-01	1.06e-06
 2.58000e+16	1.83e-01	8.17e-01	1.07e-06
 2.58046e+16	1.90e-01	8.10e-01	1.08e-06
 2.58087e+16	1.97e-01	8.03e-01	1.09e-06
 2.58134e+16	2.06e-01	7.94e-01	1.10e-06
 2.58185e+16	2.15e-01	7.85e-01	1.10e-06
 2.58235e+16	2.25e-01	7.75e-01	1.11e-06
 2.58281e+16	2.34e-01	7.66e-01	1.13e-06
 2.58327e+16	2.44e-01	7.56e-01	1.13e-06
 2.58373e+16	2.54e-01	7.46e-01	1.14e-06
 2.58419e+16	2.65e-01	7.35e-01	1.15e-06
 2.58464e+16	2.75e-01	7.25e-01	1.16e-06
 2.58509e+16	2.87e-01	7.13e-01	1.17e-06
 2.58553e+16	2.98e-01	7.02e-01	1.18e-06
 2.58596e+16	3.10e-01	6.90e-01	1.19e-06
 2.58639e+16	3.22e-01	6.78e-01	1.20e-06
 2.58681e+16	3.34e-01	6.66e-01	1.21e-06
 2.58724e+16	3.47e-01	6.53e-01	1.22e-06
 2.58765e+16	3.60e-01	6.40e-01	1.22e-06
 2.58806e+16	3.73e-01	6.27e-01	1.23e-06
 2.58847e+16	3.86e-01	6.14e-01	1.24e-06
 2.58888e+16	4.00e-01	6.00e-01	1.25e-06
 2.58927e+16	4.13e-01	5.87e-01	1.25e-06
 2.58966e+16	4.27e-01	5.73e-01	1.26e-06
 2.59005e+16	4.41e-01	5.59e-01	1.27e-06
 2.59043e+16	4.55e-01	5.45e-01	1.27e-06
 2.59081e+16	4.69e-01	5.31e-01	1.27e-06
 2.59119e+16	4.83e-01	5.17e-01	1.28e-06
 2.59155e+16	4.97e-01	5.03e-01	1.28e-06
 2.59191e+16	5.11e-01	4.89e-01	1.28e-06
 2.59227e+16	5.25e-01	4.75e-01	1.29e-06
 2.59262e+16	5.39e-01	4.61e-01	1.28e-06
 2.59296e+16	5.53e-01	4.47e-01	1.28e-06
 2.59330e+16	5.66e-01	4.34e-01	1.28e-06
 2.59363e+16	5.79e-01	4.21e-01	1.28e-06
 2.59395e+16	5.92e-01	4.08e-01	1.28e-06
 2.59427e+16	6.04e-01	3.96e-01	1.28e-06
 2.59458e+16	6.17e-01	3.83e-01	1.28e-06
 2.59489e+16	6.29e-01	3.71e-01	1.27e-06
 2.59519e+16	6.41e-01	3.59e-01	1.27e-06
 2.59548e+16	6.53e-01	3.47e-01	1.26e-06
 2.59577e+16	6.64e-01	3.36e-01	1.26e-06
 2.59606e+16	6.75e-01	3.25e-01	1.25e-06
 2.59634e+16	6.86e-01	3.14e-01	1.24e-06
 2.59662e+16	6.96e-01	3.04e-01	1.24e-06
 2.59689e+16	7.07e-01	2.93e-01	1.23e-06
 2.59715e+16	7.16e-01	2.84e-01	1.22e-06
 2.59741e+16	7.26e-01	2.74e-01	1.21e-06
 2.59767e+16	7.35e-01	2.65e-01	1.20e-06
 2.59793e+16	7.44e-01	2.56e-01	1.19e-06
 2.59818e+16	7.53e-01	2.47e-01	1.18e-06
 2.59843e+16	7.61e-01	2.39e-01	1.17e-06
 2.59868e+16	7.70e-01	2.30e-01	1.16e-06
 2.59892e+16	7.77e-01	2.23e-01	1.15e-06
 2.59916e+16	7.85e-01	2.15e-01	1.14e-06
 2.59939e+16	7.93e-01	2.07e-01	1.13e-06
 2.59962e+16	8.00e-01	2.00e-01	1.12e-06
 2.59983e+16	8.06e-01	1.94e-01	1.11e-06
 2.59999e+16	8.11e-01	1.89e-01	1.10e-06
 2.60013e+16	8.15e-01	1.85e-01	1.09e-06
 2.60029e+16	8.20e-01	1.80e-01	1.08e-06
 2.60045e+16	8.24e-01	1.76e-01	1.07e-06
 2.60060e+16	8.29e-01	1.71e-01	1.06e-06
 2.60075e+16	8.33e-01	1.67e-01	1.05e-06
 2.60090e+16	8.37e-01	1.63e-01	1.04e-06
 2.60104e+16	8.41e-01	1.59e-01	1.03e-06
 2.60119e+16	8.45e-01	1.55e-01	1.02e-06
 2.60134e+16	8.48e-01	1.52e-01	1.01e-06
 2.60148e+16	8.52e-01	1.48e-01	1.00e-06
 2.60163e+16	8.56e-01	1.44e-01	9.93e-07
 2.60178e+16	8.59e-01	1.41e-01	9.83e-07
 2.60193e+16	8.63e-01	1.37e-01	9.75e-07
 2.60209e+16	8.67e-01	1.33e-01	9.63e-07
 2.60227e+16	8.71e-01	1.29e-01	9.51e-07
 2.60245e+16	8.75e-01	1.25e-01	9.38e-07
 2.60264e+16	8.79e-01	1.21e-01	9.24e-07
 2.60284e+16	8.84e-01	1.16e-01	9.08e-07
 2.60304e+16	8.88e-01	1.12e-01	8.95e-07
 2.60324e+16	8.92e-01	1.08e-01	8.80e-07
 2.60342e+16	8.96e-01	1.04e-01	8.64e-07
 2.60360e+16	8.99e-01	1.01e-01	8.49e-07
 2.60378e+16	9.03e-01	9.75e-02	8.33e-07
 2.60395e+16	9.06e-01	9.43e-02	8.18e-07
 2.60412e+16	9.09e-01	9.12e-02	8.03e-07
 2.60427e+16	9.11e-01	8.85e-02	7.88e-07
 2.60441e+16	9.14e-01	8.60e-02	7.73e-07
 2.60453e+16	9.16e-01	8.38e-02	7.62e-07
 2.60465e+16	9.18e-01	8.18e-02	7.50e-07
 2.60476e+16	9.20e-01	8.00e-02	7.39e-07
 2.60485e+16	9.22e-01	7.84e-02	7.29e-07
 2.60494e+16	9.23e-01	7.70e-02	7.19e-07
 2.60502e+16	9.24e-01	7.56e-02	7.09e-07
 2.60509e+16	9.26e-01	7.44e-02	7.01e-07
 2.60517e+16	9.27e-01	7.30e-02	6.91e-07
 2.60525e+16	9.28e-01	7.17e-02	6.84e-07
 2.60533e+16	9.30e-01	7.05e-02	6.74e-07
 2.60540e+16	9.31e-01	6.94e-02	6.66e-07
 2.60547e+16	9.32e-01	6.84e-02	6.59e-07
 2.60554e+16	9.33e-01	6.72e-02	6.50e-07
 2.60561e+16	9.34e-01	6.61e-02	6.42e-07
 2.60568e+16	9.35e-01	6.50e-02	6.33e-07
 2.60574e+16	9.36e-01	6.41e-02	6.26e-07
 2.60581e+16	9.37e-01	6.29e-02	6.16e-07
 2.60589e+16	9.38e-01	6.18e-02	6.08e-07
 2.60595e+16	9.39e-01	6.08e-02	5.99e-07
 2.60602e+16	9.40e-01	5.99e-02	5.92e-07
 2.60607e+16	9.41e-01	5.91e-02	5.85e-07
 2.60612e+16	9.42e-01	5.83e-02	5.78e-07
 2.60617e+16	9.42e-01	5.76e-02	5.72e-07
 2.60622e+16	9.43e-01	5.68e-02	5.65e-07
 2.60628e+16	9.44e-01	5.60e-02	5.57e-07
 2.60633e+16	9.45e-01	5.53e-02	5.52e-07
 2.60638e+16	9.46e-01	5.45e-02	5.43e-07
 2.60644e+16	9.46e-01	5.36e-02	5.35e-07
 2.60649e+16	9.47e-01	5.29e-02	5.28e-07
 2.60654e+16	9.48e-01	5.22e-02	5.23e-07
 2.60659e+16	9.48e-01	5.16e-02	5.17e-07
 2.60664e+16	9.49e-01	5.08e-02	5.09e-07
 2.60669e+16	9.50e-01	5.01e-02	5.02e-07
 2.60674e+16	9.51e-01	4.94e-02	4.96e-07
 2.60678e+16	9.51e-01	4.88e-02	4.89e-07
 2.60682e+16	9.52e-01	4.83e-02	4.84e-07
 2.60686e+16	9.52e-01	4.77e-02	4.78e-07
 2.60691e+16	9.53e-01	4.70e-02	4.72e-07
 2.60695e+16	9.54e-01	4.65e-02	4.67e-07
 2.60700e+16	9.54e-01	4.58e-02	4.60e-07
 2.60705e+16	9.55e-01	4.51e-02	4.54e-07
 2.60710e+16	9.55e-01	4.46e-02	4.48e-07
 2.60714e+16	9.56e-01	4.40e-02	4.42e-07
 2.60718e+16	9.56e-01	4.35e-02	4.38e-07
 2.60722e+16	9.57e-01	4.30e-02	4.32e-07
 2.60726e+16	9.58e-01	4.24e-02	4.27e-07
 2.60730e+16	9.58e-01	4.19e-02	4.21e-07
 2.60734e+16	9.59e-01	4.14e-02	4.17e-07
 2.60738e+16	9.59e-01	4.09e-02	4.12e-07
 2.60744e+16	9.60e-01	4.03e-02	4.06e-07
 2.60749e+16	9.60e-01	3.96e-02	4.00e-07
 2.60754e+16	9.61e-01	3.91e-02	3.94e-07
 2.60759e+16	9.61e-01	3.86e-02	3.90e-07
 2.60764e+16	9.62e-01	3.81e-02	3.85e-07
 2.60768e+16	9.62e-01	3.76e-02	3.81e-07
 2.60772e+16	9.63e-01	3.71e-02	3.76e-07
 2.60777e+16	9.63e-01	3.65e-02	3.71e-07
 2.60783e+16	9.64e-01	3.59e-02	3.64e-07
 2.60789e+16	9.65e-01	3.53e-02	3.59e-07
 2.60794e+16	9.65e-01	3.49e-02	3.55e-07
 2.60799e+16	9.66e-01	3.44e-02	3.50e-07
 2.60803e+16	9.66e-01	3.40e-02	3.46e-07
 2.60807e+16	9.66e-01	3.36e-02	3.42e-07
 2.60813e+16	9.67e-01	3.30e-02	3.37e-07
 2.60820e+16	9.68e-01	3.24e-02	3.31e-07
 2.60825e+16	9.68e-01	3.19e-02	3.26e-07
 2.60831e+16	9.69e-01	3.14e-02	3.22e-07
 2.60835e+16	9.69e-01	3.09e-02	3.17e-07
 2.60840e+16	9.69e-01	3.05e-02	3.14e-07
 2.60845e+16	9.70e-01	3.01e-02	3.10e-07
 2.60851e+16	9.70e-01	2.96e-02	3.05e-07
 2.60858e+16	9.71e-01	2.90e-02	3.00e-07
 2.60864e+16	9.71e-01	2.86e-02	2.96e-07
 2.60869e+16	9.72e-01	2.81e-02	2.92e-07
 2.60874e+16	9.72e-01	2.77e-02	2.88e-07
 2.60879e+16	9.73e-01	2.74e-02	2.85e-07
 2.60884e+16	9.73e-01	2.70e-02	2.81e-07
 2.60891e+16	9.74e-01	2.65e-02	2.76e-07
 2.60898e+16	9.74e-01	2.60e-02	2.72e-07
 2.60904e+16	9.74e-01	2.55e-02	2.68e-07
 2.60910e+16	9.75e-01	2.51e-02	2.64e-07
 2.60915e+16	9.75e-01	2.47e-02	2.61e-07
 2.60921e+16	9.76e-01	2.43e-02	2.57e-07
 2.60929e+16	9.76e-01	2.38e-02	2.53e-07
 2.60937e+16	9.77e-01	2.33e-02	2.48e-07
 2.60945e+16	9.77e-01	2.28e-02	2.44e-07
 2.60952e+16	9.78e-01	2.24e-02	2.40e-07
 2.60958e+16	9.78e-01	2.21e-02	2.37e-07
 2.60965e+16	9.78e-01	2.17e-02	2.33e-07
 2.60972e+16	9.79e-01	2.12e-02	2.30e-07
 2.60979e+16	9.79e-01	2.09e-02	2.26e-07
 2.60985e+16	9.79e-01	2.05e-02	2.23e-07
 2.60991e+16	9.80e-01	2.02e-02	2.20e-07
 2.60998e+16	9.80e-01	1.98e-02	2.17e-07
 2.61005e+16	9.81e-01	1.95e-02	2.14e-07
 2.61012e+16	9.81e-01	1.91e-02	2.10e-07
 2.61020e+16	9.81e-01	1.87e-02	2.07e-07
 2.61027e+16	9.82e-01	1.84e-02	2.04e-07
 2.61035e+16	9.82e-01	1.80e-02	2.01e-07
 2.61043e+16	9.82e-01	1.76e-02	1.98e-07
 2.61051e+16	9.83e-01	1.73e-02	1.95e-07
 2.61057e+16	9.83e-01	1.70e-02	1.92e-07
 2.61065e+16	9.83e-01	1.67e-02	1.89e-07
 2.61073e+16	9.84e-01	1.63e-02	1.86e-07
 2.61081e+16	9.84e-01	1.61e-02	1.83e-07
 2.61089e+16	9.84e-01	1.57e-02	1.80e-07
 2.61098e+16	9.85e-01	1.54e-02	1.77e-07
 2.61106e+16	9.85e-01	1.51e-02	1.75e-07
 2.61114e+16	9.85e-01	1.47e-02	1.71e-07
 2.61124e+16	9.86e-01	1.44e-02	1.68e-07
 2.61132e+16	9.86e-01	1.41e-02	1.66e-07
 2.61142e+16	9.86e-01	1.38e-02	1.63e-07
 2.61152e+16	9.87e-01	1.34e-02	1.60e-07
 2.61161e+16	9.87e-01	1.31e-02	1.57e-07
 2.61170e+16	9.87e-01	1.29e-02	1.55e-07
 2.61179e+16	9.87e-01	1.26e-02	1.52e-07
 2.61189e+16	9.88e-01	1.23e-02	1.49e-07
 2.61198e+16	9.88e-01	1.20e-02	1.47e-07
 2.61208e+16	9.88e-01	1.17e-02	1.44e-07
 2.61219e+16	9.89e-01	1.14e-02	1.41e-07
 2.61228e+16	9.89e-01	1.12e-02	1.39e-07
 2.61239e+16	9.89e-01	1.09e-02	1.36e-07
 2.61251e+16	9.89e-01	1.06e-02	1.33e-07
 2.61261e+16	9.90e-01	1.04e-02	1.31e-07
 2.61273e+16	9.90e-01	1.01e-02	1.28e-07
 2.61285e+16	9.90e-01	9.79e-03	1.26e-07
 2.61299e+16	9.91e-01	9.47e-03	1.22e-07
 2.61316e+16	9.91e-01	9.10e-03	1.19e-07
 2.61335e+16	9.91e-01	8.73e-03	1.15e-07
 2.61353e+16	9.92e-01	8.39e-03	1.12e-07
 2.61370e+16	9.92e-01	8.06e-03	1.09e-07
 2.61389e+16	9.92e-01	7.73e-03	1.05e-07
 2.61408e+16	9.93e-01	7.40e-03	1.02e-07
 2.61428e+16	9.93e-01	7.08e-03	9.84e-08
 2.61448e+16	9.93e-01	6.78e-03	9.50e-08
 2.61469e+16	9.94e-01	6.48e-03	9.18e-08
 2.61490e+16	9.94e-01	6.18e-03	8.85e-08
 2.61512e+16	9.94e-01	5.90e-03	8.52e-08
 2.61535e+16	9.94e-01	5.62e-03	8.20e-08
 2.61558e+16	9.95e-01	5.35e-03	7.88e-08
 2.61582e+16	9.95e-01	5.08e-03	7.57e-08
 2.61606e+16	9.95e-01	4.83e-03	7.26e-08
 2.61631e+16	9.95e-01	4.58e-03	6.95e-08
 2.61657e+16	9.96e-01	4.35e-03	6.65e-08
 2.61684e+16	9.96e-01	4.12e-03	6.36e-08
 2.61712e+16	9.96e-01	3.90e-03	6.07e-08
 2.61740e+16	9.96e-01	3.68e-03	5.78e-08
 2.61770e+16	9.97e-01	3.48e-03	5.50e-08
 2.61800e+16	9.97e-01	3.28e-03	5.22e-08
 2.61831e+16	9.97e-01	3.08e-03	4.93e-08
 2.61864e+16	9.97e-01	2.89e-03	4.67e-08
 2.61898e+16	9.97e-01	2.70e-03	4.38e-08
 2.61933e+16	9.97e-01	2.51e-03	4.10e-08
 2.61970e+16	9.98e-01	2.32e-03	3.81e-08
 2.62009e+16	9.98e-01	2.13e-03	3.51e-08
 2.62050e+16	9.98e-01	1.94e-03	3.21e-08
 2.62093e+16	9.98e-01	1.74e-03	2.90e-08
 2.62138e+16	9.98e-01	1.55e-03	2.58e-08
 2.62187e+16	9.99e-01	1.37e-03	2.29e-08
 2.62240e+16	9.99e-01	1.19e-03	2.00e-08
 2.62297e+16	9.99e-01	1.03e-03	1.72e-08
 2.62361e+16	9.99e-01	8.78e-04	1.47e-08
 2.62432e+16	9.99e-01	7.40e-04	1.24e-08
 2.62512e+16	9.99e-01	6.16e-04	1.03e-08
 2.62604e+16	9.99e-01	5.06e-04	8.45e-09
 2.62703e+16	1.00e+00	4.20e-04	7.00e-09
 2.62803e+16	1.00e+00	3.57e-04	5.93e-09
 2.62902e+16	1.00e+00	3.10e-04	5.14e-09
 2.63002e+16	1.00e+00	2.76e-04	4.57e-09
 2.63101e+16	1.00e+00	2.50e-04	4.11e-09
 2.63201e+16	1.00e+00	2.32e-04	3.82e-09
 2.63300e+16	1.00e+00	2.18e-04	3.58e-09
 2.63400e+16	1.00e+00	2.08e-04	3.41e-09
 2.63499e+16	1.00e+00	2.00e-04	3.27e-09
 2.63599e+16	1.00e+00	1.94e-04	3.16e-09
 2.63698e+16	1.00e+00	1.90e-04	3.08e-09
 2.63798e+16	1.00e+00	1.86e-04	3.01e-09
 2.63912e+16	1.00e+00	1.83e-04	2.95e-09
 2.64061e+16	1.00e+00	1.80e-04	2.88e-09
 2.64255e+16	1.00e+00	1.76e-04	2.81e-09
 2.64506e+16	1.00e+00	1.73e-04	2.72e-09
 2.64833e+16	1.00e+00	1.69e-04	2.63e-09
 2.65258e+16	1.00e+00	1.65e-04	2.51e-09
 2.65810e+16	1.00e+00	1.59e-04	2.35e-09
 2.66524e+16	1.00e+00	1.52e-04	2.16e-09
 2.67370e+16	1.00e+00	1.44e-04	1.95e-09
 2.68283e+16	1.00e+00	1.36e-04	1.75e-09
 2.69277e+16	1.00e+00	1.27e-04	1.55e-09
 2.70359e+16	1.00e+00	1.18e-04	1.35e-09
 2.71540e+16	1.00e+00	1.09e-04	1.16e-09
 2.72898e+16	1.00e+00	9.96e-05	9.68e-10
 2.74458e+16	1.00e+00	8.95e-05	7.87e-10
 2.76195e+16	1.00e+00	7.95e-05	6.26e-10
 2.78107e+16	1.00e+00	6.98e-05	4.87e-10
 2.80231e+16	1.00e+00	6.04e-05	3.67e-10
 2.82623e+16	1.00e+00	5.14e-05	2.68e-10
 2.85357e+16	1.00e+00	4.28e-05	1.88e-10
 2.88463e+16	1.00e+00	3.49e-05	1.26e-10
 2.91986e+16	1.00e+00	2.78e-05	8.04e-11
 2.96032e+16	1.00e+00	2.15e-05	4.86e-11
 3.00712e+16	1.00e+00	1.61e-05	2.74e-11
 3.05901e+16	1.00e+00	1.18e-05	1.49e-11
 3.11362e+16	1.00e+00	8.58e-06	7.95e-12
 3.16931e+16	1.00e+00	6.28e-06	4.29e-12
 3.22500e+16	1.00e+00	4.63e-06	2.35e-12
 3.28451e+16	1.00e+00	3.36e-06	1.25e-12
 3.34912e+16	1.00e+00	2.41e-06	6.45e-13
 3.41601e+16	1.00e+00	1.72e-06	3.32e-13
 3.48491e+16	1.00e+00	1.23e-06	1.70e-13
 3.55519e+16	1.00e+00	8.83e-07	8.88e-14
 3.62580e+16	1.00e+00	6.39e-07	4.68e-14
 3.69927e+16	1.00e+00	4.59e-07	2.42e-14
 3.77752e+16	1.00e+00	3.26e-07	1.23e-14
 3.85850e+16	1.00e+00	2.32e-07	6.30e-15
 3.94151e+16	1.00e+00	1.65e-07	3.20e-15
 4.02576e+16	1.00e+00	1.18e-07	1.65e-15
 4.11201e+16	1.00e+00	8.40e-08	8.45e-16
 4.20158e+16	1.00e+00	5.97e-08	4.30e-16
 4.29248e+16	1.00e+00	4.26e-08	2.21e-16
 4.38713e+16	1.00e+00	3.02e-08	1.12e-16
 4.48700e+16	1.00e+00	2.11e-08	5.55e-17
 4.58988e+16	1.00e+00	1.48e-08	2.75e-17
 4.69533e+16	1.00e+00	1.03e-08	1.36e-17
 4.80398e+16	1.00e+00	7.20e-09	6.67e-18
 4.91588e+16	1.00e+00	5.00e-09	3.27e-18
 5.03059e+16	1.00e+00	3.47e-09	1.59e-18
 5.14817e+16	1.00e+00	2.38e-09	7.70e-19
 5.26750e+16	1.00e+00	1.66e-09	3.78e-19
 5.38742e+16	1.00e+00	1.15e-09	1.87e-19
 5.51228e+16	1.00e+00	7.94e-10	9.03e-20
 5.64404e+16	1.00e+00	5.34e-10	4.23e-20
 5.77909e+16	1.00e+00	3.67e-10	2.02e-20
 5.91761e+16	1.00e+00	2.47e-10	9.45e-21
 6.05452e+16	1.00e+00	1.72e-10	0.00e+00
 6.19282e+16	1.00e+00	1.18e-10	0.00e+00
 6.33982e+16	1.00e+00	8.01e-11	0.00e+00
 6.49272e+16	1.00e+00	5.33e-11	0.00e+00
 6.63502e+16	1.00e+00	3.78e-11	0.00e+00
 6.77804e+16	1.00e+00	2.64e-11	0.00e+00
 6.93469e+16	1.00e+00	1.82e-11	0.00e+00
 7.09134e+16	1.00e+00	1.25e-11	0.00e+00
 7.24798e+16	1.00e+00	8.74e-12	0.00e+00
 7.40461e+16	1.00e+00	6.14e-12	0.00e+00
 7.56126e+16	1.00e+00	4.34e-12	0.00e+00
 7.71790e+16	1.00e+00	3.09e-12	0.00e+00
 7.87453e+16	1.00e+00	2.21e-12	0.00e+00
 8.03116e+16	1.00e+00	1.59e-12	0.00e+00
 8.18777e+16	1.00e+00	1.16e-12	0.00e+00
 8.34438e+16	1.00e+00	8.45e-13	0.00e+00
 8.50099e+16	1.00e+00	6.20e-13	0.00e+00
 8.65760e+16	1.00e+00	4.58e-13	0.00e+00
 8.83769e+16	1.00e+00	3.23e-13	0.00e+00
 9.07181e+16	1.00e+00	2.07e-13	0.00e+00
 9.37617e+16	1.00e+00	1.18e-13	0.00e+00
 9.73916e+16	1.00e+00	6.31e-14	0.00e+00
 1.01287e+17	1.00e+00	3.32e-14	0.00e+00
 1.05339e+17	1.00e+00	1.76e-14	0.00e+00
 1.09552e+17	1.00e+00	9.42e-15	0.00e+00
 1.13935e+17	1.00e+00	5.14e-15	0.00e+00
 1.18492e+17	1.00e+00	2.90e-15	0.00e+00
 1.23232e+17	1.00e+00	1.72e-15	0.00e+00
 1.27763e+17	1.00e+00	1.14e-15	0.00e+00
 1.31962e+17	1.00e+00	8.57e-16	0.00e+00
 1.36256e+17	1.00e+00	6.91e-16	0.00e+00
 1.40775e+17	1.00e+00	5.84e-16	0.00e+00
 1.45443e+17	1.00e+00	5.16e-16	0.00e+00
 1.50208e+17	1.00e+00	4.75e-16	0.00e+00
 1.55073e+17	1.00e+00	4.48e-16	0.00e+00
 1.60034e+17	1.00e+00	4.30e-16	0.00e+00
 1.65078e+17	1.00e+00	4.17e-16	0.00e+00
 1.70187e+17	1.00e+00	4.07e-16	0.00e+00
 1.75338e+17	1.00e+00	3.99e-16	0.00e+00
 1.80511e+17	1.00e+00	3.93e-16	0.00e+00
 1.85680e+17	1.00e+00	3.87e-16	0.00e+00
 1.90823e+17	1.00e+00	3.84e-16	0.00e+00
 1.95903e+17	1.00e+00	3.81e-16	0.00e+00
 2.00892e+17	1.00e+00	3.80e-16	0.00e+00
 2.05785e+17	1.00e+00	3.80e-16	0.00e+00
 2.10548e+17	1.00e+00	3.80e-16	0.00e+00
 2.15154e+17	1.00e+00	3.81e-16	0.00e+00
 2.19588e+17	1.00e+00	3.83e-16	0.00e+00
 2.23841e+17	1.00e+00	3.86e-16	0.00e+00
 2.27904e+17	1.00e+00	3.90e-16	0.00e+00
 2.31765e+17	1.00e+00	3.93e-16	0.00e+00
 2.35429e+17	1.00e+00	3.97e-16	0.00e+00
 2.38902e+17	1.00e+00	4.01e-16	0.00e+00
 2.42185e+17	1.00e+00	4.06e-16	0.00e+00
 2.45281e+17	1.00e+00	4.10e-16	0.00e+00
 2.48200e+17	1.00e+00	4.14e-16	0.00e+00
 2.50956e+17	1.00e+00	4.17e-16	0.00e+00
 2.53556e+17	1.00e+00	4.21e-16	0.00e+00
 2.56008e+17	1.00e+00	4.24e-16	0.00e+00
 2.58320e+17	1.00e+00	4.28e-16	0.00e+00
 2.60499e+17	1.00e+00	4.31e-16	0.00e+00
 2.62555e+17	1.00e+00	4.33e-16	0.00e+00
 2.64496e+17	1.00e+00	4.36e-16	0.00e+00
 2.66329e+17	1.00e+00	4.38e-16	0.00e+00
 2.68060e+17	1.00e+00	4.40e-16	0.00e+00
 2.69696e+17	1.00e+00	4.42e-16	0.00e+00
 2.71242e+17	1.00e+00	4.44e-16	0.00e+00
 2.72705e+17	1.00e+00	4.46e-16	0.00e+00
 2.74089e+17	1.00e+00	4.48e-16	0.00e+00
 2.75399e+17	1.00e+00	4.49e-16	0.00e+00
 2.76640e+17	1.00e+00	4.51e-16	0.00e+00
 2.77816e+17	1.00e+00	4.52e-16	0.00e+00
 2.78931e+17	1.00e+00	4.53e-16	0.00e+00
 2.79989e+17	1.00e+00	4.54e-16	0.00e+00
 2.80993e+17	1.00e+00	4.55e-16	0.00e+00
 2.81946e+17	1.00e+00	4.56e-16	0.00e+00
 2.82852e+17	1.00e+00	4.57e-16	0.00e+00
 2.83712e+17	1.00e+00	4.57e-16	0.00e+00
 2.84531e+17	1.00e+00	4.58e-16	0.00e+00
 2.85310e+17	1.00e+00	4.59e-16	0.00e+00
 2.86053e+17	1.00e+00	4.60e-16	0.00e+00
 2.86760e+17	1.00e+00	4.60e-16	0.00e+00
 2.87434e+17	1.00e+00	4.61e-16	0.00e+00
 2.88077e+17	1.00e+00	4.61e-16	0.00e+00
 2.88692e+17	1.00e+00	4.61e-16	0.00e+00
 2.89279e+17	1.00e+00	4.62e-16	0.00e+00
 2.89841e+17	1.00e+00	4.62e-16	0.00e+00
 2.90380e+17	1.00e+00	4.63e-16	0.00e+00
 2.90896e+17	1.00e+00	4.63e-16	0.00e+00
 2.91391e+17	1.00e+00	4.63e-16	0.00e+00
 2.91867e+17	1.00e+00	4.63e-16	0.00e+00
 2.92326e+17	1.00e+00	4.64e-16	0.00e+00
 2.92768e+17	1.00e+00	4.64e-16	0.00e+00
 2.93195e+17	1.00e+00	4.64e-16	0.00e+00
 2.93609e+17	1.00e+00	4.64e-16	0.00e+00
 2.94010e+17	1.00e+00	4.64e-16	0.00e+00
 2.94399e+17	1.00e+00	4.64e-16	0.00e+00
 2.94779e+17	1.00e+00	4.64e-16	0.00e+00
 2.95151e+17	1.00e+00	4.64e-16	0.00e+00
 2.95515e+17	1.00e+00	4.65e-16	0.00e+00
 2.95874e+17	1.00e+00	4.65e-16	0.00e+00
 2.96228e+17	1.00e+00	4.64e-16	0.00e+00
 2.96580e+17	1.00e+00	4.64e-16	0.00e+00
 2.96931e+17	1.00e+00	4.64e-16	0.00e+00
 2.97284e+17	1.00e+00	4.64e-16	0.00e+00
 2.97640e+17	1.00e+00	4.64e-16	0.00e+00
 2.98002e+17	1.00e+00	4.64e-16	0.00e+00
 2.98374e+17	1.00e+00	4.64e-16	0.00e+00
 2.98759e+17	1.00e+00	4.63e-16	0.00e+00
 2.99161e+17	1.00e+00	4.63e-16	0.00e+00
 2.99588e+17	1.00e+00	4.62e-16	0.00e+00
 3.00045e+17	1.00e+00	4.62e-16	0.00e+00
 3.00544e+17	1.00e+00	4.61e-16	0.00e+00
 3.01098e+17	1.00e+00	4.60e-16	0.00e+00
 3.01726e+17	1.00e+00	4.58e-16	0.00e+00
 3.02453e+17	1.00e+00	4.56e-16	0.00e+00
 3.03320e+17	1.00e+00	4.53e-16	0.00e+00
 3.04383e+17	1.00e+00	4.49e-16	0.00e+00
 3.05732e+17	1.00e+00	4.42e-16	0.00e+00
 3.07479e+17	1.00e+00	4.32e-16	0.00e+00
 3.09751e+17	1.00e+00	4.15e-16	0.00e+00
 3.12704e+17	1.00e+00	3.92e-16	0.00e+00
 3.16543e+17	1.00e+00	3.60e-16	0.00e+00
 3.21534e+17	1.00e+00	3.19e-16	0.00e+00
 3.28022e+17	1.00e+00	2.71e-16	0.00e+00
 3.36457e+17	1.00e+00	2.16e-16	0.00e+00
 3.47421e+17	1.00e+00	1.58e-16	0.00e+00
 3.60691e+17	1.00e+00	1.04e-16	0.00e+00
 3.75119e+17	1.00e+00	7.55e-17	0.00e+00
 3.90124e+17	1.00e+00	6.32e-17	0.00e+00
 4.05729e+17	1.00e+00	5.36e-17	0.00e+00
 4.21048e+17	1.00e+00	4.49e-17	0.00e+00
 4.35718e+17	1.00e+00	4.68e-17	0.00e+00
 4.49305e+17	1.00e+00	4.29e-17	0.00e+00
 4.60935e+17	1.00e+00	4.91e-17	0.00e+00
 4.71166e+17	1.00e+00	5.52e-17	0.00e+00
 4.80773e+17	1.00e+00	5.61e-17	0.00e+00
 4.89967e+17	1.00e+00	5.25e-17	0.00e+00
 4.98433e+17	1.00e+00	4.92e-17	0.00e+00
 5.05876e+17	1.00e+00	4.78e-17	0.00e+00
 5.12349e+17	1.00e+00	4.71e-17	0.00e+00
 5.17764e+17	1.00e+00	4.56e-17	0.00e+00
 5.21653e+17	1.00e+00	4.55e-17	0.00e+00
 5.24043e+17	1.00e+00	4.71e-17	0.00e+00
 5.25471e+17	1.00e+00	4.84e-17	0.00e+00
 5.26328e+17	1.00e+00	4.92e-17	0.00e+00
 5.26842e+17	1.00e+00	4.97e-17	0.00e+00
 5.27211e+17	1.00e+00	5.00e-17	0.00e+00
 5.27593e+17	1.00e+00	5.02e-17	0.00e+00
 5.28024e+17	1.00e+00	5.03e-17	0.00e+00
 5.28428e+17	1.00e+00	5.04e-17	0.00e+00
 5.28769e+17	1.00e+00	5.04e-17	0.00e+00
 5.29081e+17	1.00e+00	5.04e-17	0.00e+00
 5.29381e+17	1.00e+00	5.04e-17	0.00e+00
 5.29662e+17	1.00e+00	5.03e-17	0.00e+00
 5.29930e+17	1.00e+00	5.02e-17	0.00e+00
 5.30184e+17	1.00e+00	5.01e-17	0.00e+00
 5.30424e+17	1.00e+00	5.00e-17	0.00e+00
 5.30654e+17	1.00e+00	4.99e-17	0.00e+00
 5.30877e+17	1.00e+00	4.98e-17	0.00e+00
 5.31088e+17	1.00e+00	4.97e-17	0.00e+00
 5.31278e+17	1.00e+00	4.95e-17	0.00e+00
 5.31458e+17	1.00e+00	4.95e-17	0.00e+00
 5.31646e+17	1.00e+00	4.93e-17	0.00e+00
 5.31833e+17	1.00e+00	4.91e-17	0.00e+00
 5.32000e+17	1.00e+00	4.91e-17	0.00e+00
 5.32155e+17	1.00e+00	4.92e-17	0.00e+00
 5.32308e+17	1.00e+00	4.94e-17	0.00e+00
 5.32460e+17	1.00e+00	4.91e-17	0.00e+00
 5.32610e+17	1.00e+00	4.91e-17	0.00e+00
 5.32758e+17	1.00e+00	4.90e-17	0.00e+00
 5.32904e+17	1.00e+00	4.90e-17	0.00e+00
 5.33041e+17	1.00e+00	4.89e-17	0.00e+00
 5.33172e+17	1.00e+00	5.19e-17	0.00e+00
 5.33310e+17	1.00e+00	5.02e-17	0.00e+00
 5.33452e+17	1.00e+00	4.90e-17	0.00e+00
 5.33589e+17	1.00e+00	4.83e-17	0.00e+00
 5.33720e+17	1.00e+00	5.08e-17	0.00e+00
 5.33851e+17	1.00e+00	4.97e-17	0.00e+00
 5.33991e+17	1.00e+00	5.06e-17	0.00e+00
 5.34133e+17	1.00e+00	4.71e-17	0.00e+00
 5.34264e+17	1.00e+00	4.91e-17	0.00e+00
 5.34395e+17	1.00e+00	4.94e-17	0.00e+00
 5.34530e+17	1.00e+00	4.88e-17	0.00e+00
 5.34669e+17	1.00e+00	4.74e-17	0.00e+00
 5.34808e+17	1.00e+00	4.71e-17	0.00e+00
 5.34950e+17	1.00e+00	4.66e-17	0.00e+00
 5.35094e+17	1.00e+00	4.62e-17	0.00e+00
 5.35240e+17	1.00e+00	4.57e-17	0.00e+00
 5.35388e+17	1.00e+00	4.54e-17	0.00e+00
 5.35542e+17	1.00e+00	4.50e-17	0.00e+00
 5.35703e+17	1.00e+00	4.43e-17	0.00e+00
 5.35872e+17	1.00e+00	4.40e-17	0.00e+00
 5.36039e+17	1.00e+00	4.35e-17	0.00e+00
 5.36192e+17	1.00e+00	4.34e-17	0.00e+00
 5.36352e+17	1.00e+00	4.38e-17	0.00e+00
 5.36537e+17	1.00e+00	4.27e-17	0.00e+00
 5.36726e+17	1.00e+00	4.22e-17	0.00e+00
 5.36899e+17	1.00e+00	4.19e-17	0.00e+00
 5.37077e+17	1.00e+00	4.17e-17	0.00e+00
 5.37278e+17	1.00e+00	4.12e-17	0.00e+00
 5.37487e+17	1.00e+00	4.08e-17	0.00e+00
 5.37688e+17	1.00e+00	4.04e-17	0.00e+00
 5.37884e+17	1.00e+00	4.00e-17	0.00e+00
 5.38087e+17	1.00e+00	3.96e-17	0.00e+00
 5.38305e+17	1.00e+00	3.92e-17	0.00e+00
 5.38538e+17	1.00e+00	3.87e-17	0.00e+00
 5.38771e+17	1.00e+00	3.82e-17	0.00e+00
 5.39002e+17	1.00e+00	3.78e-17	0.00e+00
 5.39236e+17	1.00e+00	3.73e-17	0.00e+00
 5.39479e+17	1.00e+00	3.68e-17	0.00e+00
 5.39732e+17	1.00e+00	3.63e-17	0.00e+00
 5.39988e+17	1.00e+00	3.57e-17	0.00e+00
 5.40251e+17	1.00e+00	3.52e-17	0.00e+00
 5.40524e+17	1.00e+00	3.47e-17	0.00e+00
 5.40813e+17	1.00e+00	3.40e-17	0.00e+00
 5.41105e+17	1.00e+00	3.34e-17	0.00e+00
 5.41386e+17	1.00e+00	3.28e-17	0.00e+00
 5.41684e+17	1.00e+00	3.23e-17	0.00e+00
 5.42003e+17	1.00e+00	3.16e-17	0.00e+00
 5.42320e+17	1.00e+00	3.09e-17	0.00e+00
 5.42636e+17	1.00e+00	3.03e-17	0.00e+00
 5.42962e+17	1.00e+00	2.96e-17	0.00e+00
 5.43292e+17	1.00e+00	2.89e-17	0.00e+00
 5.43636e+17	1.00e+00	2.82e-17	0.00e+00
 5.43997e+17	1.00e+00	2.75e-17	0.00e+00
 5.44363e+17	1.00e+00	2.68e-17	0.00e+00
 5.44729e+17	1.00e+00	2.60e-17	0.00e+00
 5.45102e+17	1.00e+00	2.53e-17	0.00e+00
 5.45483e+17	1.00e+00	2.46e-17	0.00e+00
 5.45876e+17	1.00e+00	2.38e-17	0.00e+00
 5.46280e+17	1.00e+00	2.30e-17	0.00e+00
 5.46694e+17	1.00e+00	2.23e-17	0.00e+00
 5.47113e+17	1.00e+00	2.15e-17	0.00e+00
 5.47533e+17	1.00e+00	2.07e-17	0.00e+00
 5.47956e+17	1.00e+00	1.98e-17	0.00e+00
 5.48407e+17	1.00e+00	1.90e-17	0.00e+00
 5.48873e+17	1.00e+00	1.82e-17	0.00e+00
 5.49341e+17	1.00e+00	1.74e-17	0.00e+00
 5.49810e+17	1.00e+00	1.67e-17	0.00e+00
 5.50292e+17	1.00e+00	1.59e-17	0.00e+00
 5.50793e+17	1.00e+00	1.51e-17	0.00e+00
 5.51290e+17	1.00e+00	1.44e-17	0.00e+00
 5.51798e+17	1.00e+00	1.37e-17	0.00e+00
 5.52333e+17	1.00e+00	1.29e-17	0.00e+00
 5.52883e+17	1.00e+00	1.22e-17	0.00e+00
 5.53457e+17	1.00e+00	1.15e-17	0.00e+00
 5.54048e+17	1.00e+00	1.07e-17	0.00e+00
 5.54626e+17	1.00e+00	1.00e-17	0.00e+00
 5.55219e+17	1.00e+00	9.39e-18	0.00e+00
 5.55859e+17	1.00e+00	8.72e-18	0.00e+00
 5.56512e+17	1.00e+00	8.05e-18	0.00e+00
 5.57103e+17	1.00e+00	7.45e-18	0.00e+00
 5.57613e+17	1.00e+00	6.96e-18	0.00e+00
 5.58072e+17	1.00e+00	6.55e-18	0.00e+00
 5.58513e+17	1.00e+00	6.19e-18	0.00e+00
 5.58945e+17	1.00e+00	5.85e-18	0.00e+00
 5.59361e+17	1.00e+00	5.53e-18	0.00e+00
 5.59753e+17	1.00e+00	5.24e-18	0.00e+00
 5.60124e+17	1.00e+00	4.98e-18	0.00e+00
 5.60479e+17	1.00e+00	4.74e-18	0.00e+00
 5.60821e+17	1.00e+00	4.51e-18	0.00e+00
 5.61151e+17	1.00e+00	4.30e-18	0.00e+00
 5.61468e+17	1.00e+00	4.10e-18	0.00e+00
 5.61772e+17	1.00e+00	3.92e-18	0.00e+00
 5.62064e+17	1.00e+00	3.75e-18	0.00e+00
 5.62346e+17	1.00e+00	3.59e-18	0.00e+00
 5.62618e+17	1.00e+00	3.39e-18	0.00e+00
 5.62879e+17	1.00e+00	3.25e-18	0.00e+00
 5.63130e+17	1.00e+00	3.12e-18	0.00e+00
 5.63373e+17	1.00e+00	2.99e-18	0.00e+00
 5.63610e+17	1.00e+00	2.88e-18	0.00e+00
 5.63839e+17	1.00e+00	2.77e-18	0.00e+00
 5.64061e+17	1.00e+00	2.66e-18	0.00e+00
 5.64274e+17	1.00e+00	2.56e-18	0.00e+00
 5.64479e+17	1.00e+00	2.47e-18	0.00e+00
 5.64681e+17	1.00e+00	2.38e-18	0.00e+00
 5.64880e+17	1.00e+00	2.30e-18	0.00e+00
 5.65073e+17	1.00e+00	2.22e-18	0.00e+00
 5.65261e+17	1.00e+00	2.14e-18	0.00e+00
 5.65444e+17	1.00e+00	2.07e-18	0.00e+00
 5.65623e+17	1.00e+00	2.00e-18	0.00e+00
 5.65800e+17	1.00e+00	1.94e-18	0.00e+00
 5.65973e+17	1.00e+00	1.88e-18	0.00e+00
 5.66170e+17	1.00e+00	1.82e-18	0.00e+00
 5.66426e+17	1.00e+00	1.74e-18	0.00e+00
 5.66760e+17	1.00e+00	1.65e-18	0.00e+00
 5.67193e+17	1.00e+00	1.53e-18	0.00e+00
 5.67756e+17	1.00e+00	1.39e-18	0.00e+00
 5.68477e+17	1.00e+00	1.22e-18	0.00e+00
 5.69263e+17	1.00e+00	1.04e-18	0.00e+00
 5.69968e+17	1.00e+00	8.93e-19	0.00e+00
 5.70571e+17	1.00e+00	7.84e-19	0.00e+00
 5.71118e+17	1.00e+00	7.00e-19	0.00e+00
 5.71662e+17	1.00e+00	6.27e-19	0.00e+00
 5.72231e+17	1.00e+00	5.60e-19	0.00e+00
 5.72810e+17	1.00e+00	4.97e-19	0.00e+00
