#depth	He	He+	He+2
 1.49634e+10	8.24e-23	6.39e-12	1.00e+00
 4.54887e+10	9.27e-23	6.91e-12	1.00e+00
 7.72350e+10	1.04e-22	7.49e-12	1.00e+00
 1.10251e+11	1.16e-22	8.11e-12	1.00e+00
 1.41152e+11	1.29e-22	8.71e-12	1.00e+00
 1.68580e+11	1.41e-22	9.26e-12	1.00e+00
 1.99309e+11	1.55e-22	9.90e-12	1.00e+00
 2.35974e+11	1.74e-22	1.07e-11	1.00e+00
 2.72680e+11	1.95e-22	1.15e-11	1.00e+00
 3.06680e+11	2.16e-22	1.23e-11	1.00e+00
 3.44700e+11	2.41e-22	1.33e-11	1.00e+00
 3.88415e+11	2.73e-22	1.44e-11	1.00e+00
 4.31283e+11	3.08e-22	1.55e-11	1.00e+00
 4.75867e+11	3.47e-22	1.67e-11	1.00e+00
 5.24828e+11	3.94e-22	1.81e-11	1.00e+00
 5.74298e+11	4.48e-22	1.96e-11	1.00e+00
 6.25747e+11	5.08e-22	2.12e-11	1.00e+00
 6.80704e+11	5.80e-22	2.30e-11	1.00e+00
 7.37859e+11	6.63e-22	2.50e-11	1.00e+00
 7.97300e+11	7.60e-22	2.71e-11	1.00e+00
 8.59119e+11	8.71e-22	2.94e-11	1.00e+00
 9.23410e+11	1.00e-21	3.19e-11	1.00e+00
 9.90274e+11	1.15e-21	3.47e-11	1.00e+00
 1.05429e+12	1.31e-21	3.74e-11	1.00e+00
 1.11330e+12	1.47e-21	4.00e-11	1.00e+00
 1.18020e+12	1.67e-21	4.32e-11	1.00e+00
 1.25323e+12	1.92e-21	4.67e-11	1.00e+00
 1.32019e+12	2.16e-21	5.01e-11	1.00e+00
 1.39320e+12	2.45e-21	5.40e-11	1.00e+00
 1.47812e+12	2.84e-21	5.87e-11	1.00e+00
 1.56173e+12	3.27e-21	6.35e-11	1.00e+00
 1.64148e+12	3.71e-21	6.84e-11	1.00e+00
 1.72986e+12	4.25e-21	7.40e-11	1.00e+00
 1.82898e+12	4.95e-21	8.06e-11	1.00e+00
 1.92959e+12	5.73e-21	8.76e-11	1.00e+00
 2.03423e+12	6.63e-21	9.53e-11	1.00e+00
 2.14552e+12	7.72e-21	1.04e-10	1.00e+00
 2.26127e+12	8.99e-21	1.13e-10	1.00e+00
 2.38165e+12	1.05e-20	1.24e-10	1.00e+00
 2.50684e+12	1.22e-20	1.35e-10	1.00e+00
 2.62414e+12	1.40e-20	1.46e-10	1.00e+00
 2.72841e+12	1.58e-20	1.57e-10	1.00e+00
 2.84527e+12	1.79e-20	1.69e-10	1.00e+00
 2.98451e+12	2.08e-20	1.84e-10	1.00e+00
 3.12466e+12	2.41e-20	2.00e-10	1.00e+00
 3.25615e+12	2.74e-20	2.16e-10	1.00e+00
 3.40205e+12	3.15e-20	2.35e-10	1.00e+00
 3.56806e+12	3.67e-20	2.57e-10	1.00e+00
 3.73245e+12	4.25e-20	2.80e-10	1.00e+00
 3.90342e+12	4.91e-20	3.06e-10	1.00e+00
 4.07039e+12	5.64e-20	3.32e-10	1.00e+00
 4.21417e+12	6.32e-20	3.56e-10	1.00e+00
 4.37061e+12	7.10e-20	3.83e-10	1.00e+00
 4.56317e+12	8.18e-20	4.18e-10	1.00e+00
 4.75923e+12	9.42e-20	4.56e-10	1.00e+00
 4.93500e+12	1.06e-19	4.91e-10	1.00e+00
 5.12787e+12	1.20e-19	5.32e-10	1.00e+00
 5.35658e+12	1.39e-19	5.83e-10	1.00e+00
 5.58344e+12	1.59e-19	6.37e-10	1.00e+00
 5.79293e+12	1.79e-19	6.89e-10	1.00e+00
 6.02813e+12	2.04e-19	7.50e-10	1.00e+00
 6.29919e+12	2.35e-19	8.26e-10	1.00e+00
 6.56474e+12	2.69e-19	9.04e-10	1.00e+00
 6.84092e+12	3.07e-19	9.90e-10	1.00e+00
 7.13207e+12	3.51e-19	1.09e-09	1.00e+00
 7.41103e+12	3.97e-19	1.18e-09	1.00e+00
 7.71356e+12	4.50e-19	1.30e-09	1.00e+00
 8.05203e+12	5.15e-19	1.43e-09	1.00e+00
 8.39115e+12	5.87e-19	1.57e-09	1.00e+00
 8.74384e+12	6.67e-19	1.72e-09	1.00e+00
 9.07890e+12	7.52e-19	1.88e-09	1.00e+00
 9.36021e+12	8.27e-19	2.02e-09	1.00e+00
 9.66468e+12	9.14e-19	2.17e-09	1.00e+00
 1.00485e+13	1.03e-18	2.38e-09	1.00e+00
 1.04450e+13	1.17e-18	2.60e-09	1.00e+00
 1.07778e+13	1.29e-18	2.80e-09	1.00e+00
 1.11182e+13	1.42e-18	3.01e-09	1.00e+00
 1.15518e+13	1.60e-18	3.28e-09	1.00e+00
 1.19989e+13	1.81e-18	3.59e-09	1.00e+00
 1.23850e+13	2.00e-18	3.86e-09	1.00e+00
 1.27995e+13	2.23e-18	4.16e-09	1.00e+00
 1.33094e+13	2.53e-18	4.55e-09	1.00e+00
 1.38337e+13	2.88e-18	4.97e-09	1.00e+00
 1.43119e+13	3.23e-18	5.37e-09	1.00e+00
 1.48395e+13	3.66e-18	5.83e-09	1.00e+00
 1.54555e+13	4.22e-18	6.39e-09	1.00e+00
 1.60594e+13	4.84e-18	6.97e-09	1.00e+00
 1.66241e+13	5.47e-18	7.53e-09	1.00e+00
 1.72557e+13	6.27e-18	8.18e-09	1.00e+00
 1.79758e+13	7.29e-18	8.96e-09	1.00e+00
 1.86256e+13	8.32e-18	9.69e-09	1.00e+00
 1.91654e+13	9.26e-18	1.03e-08	1.00e+00
 1.97571e+13	1.04e-17	1.10e-08	1.00e+00
 2.04250e+13	1.18e-17	1.19e-08	1.00e+00
 2.10646e+13	1.33e-17	1.27e-08	1.00e+00
 2.17686e+13	1.51e-17	1.36e-08	1.00e+00
 2.25506e+13	1.73e-17	1.47e-08	1.00e+00
 2.32829e+13	1.96e-17	1.58e-08	1.00e+00
 2.40839e+13	2.23e-17	1.70e-08	1.00e+00
 2.49851e+13	2.58e-17	1.84e-08	1.00e+00
 2.58451e+13	2.95e-17	1.97e-08	1.00e+00
 2.66507e+13	3.33e-17	2.11e-08	1.00e+00
 2.75570e+13	3.81e-17	2.26e-08	1.00e+00
 2.85705e+13	4.40e-17	2.45e-08	1.00e+00
 2.95232e+13	5.01e-17	2.62e-08	1.00e+00
 3.05618e+13	5.76e-17	2.82e-08	1.00e+00
 3.17150e+13	6.69e-17	3.06e-08	1.00e+00
 3.27878e+13	7.65e-17	3.28e-08	1.00e+00
 3.39533e+13	8.80e-17	3.53e-08	1.00e+00
 3.52574e+13	1.03e-16	3.82e-08	1.00e+00
 3.64861e+13	1.18e-16	4.11e-08	1.00e+00
 3.78259e+13	1.36e-16	4.43e-08	1.00e+00
 3.93209e+13	1.60e-16	4.81e-08	1.00e+00
 4.07332e+13	1.84e-16	5.18e-08	1.00e+00
 4.22500e+13	2.14e-16	5.60e-08	1.00e+00
 4.39699e+13	2.51e-16	6.09e-08	1.00e+00
 4.56602e+13	2.93e-16	6.59e-08	1.00e+00
 4.74181e+13	3.42e-16	7.12e-08	1.00e+00
 4.93448e+13	4.02e-16	7.74e-08	1.00e+00
 5.13017e+13	4.71e-16	8.39e-08	1.00e+00
 5.33370e+13	5.51e-16	9.10e-08	1.00e+00
 5.53307e+13	6.40e-16	9.82e-08	1.00e+00
 5.71564e+13	7.30e-16	1.05e-07	1.00e+00
 5.88492e+13	8.22e-16	1.12e-07	1.00e+00
 6.06899e+13	9.30e-16	1.19e-07	1.00e+00
 6.27592e+13	1.07e-15	1.27e-07	1.00e+00
 6.47223e+13	1.21e-15	1.36e-07	1.00e+00
 6.68710e+13	1.38e-15	1.45e-07	1.00e+00
 6.92659e+13	1.59e-15	1.56e-07	1.00e+00
 7.15055e+13	1.80e-15	1.66e-07	1.00e+00
 7.39412e+13	2.06e-15	1.78e-07	1.00e+00
 7.66494e+13	2.38e-15	1.91e-07	1.00e+00
 7.91689e+13	2.71e-15	2.04e-07	1.00e+00
 8.19014e+13	3.10e-15	2.19e-07	1.00e+00
 8.49521e+13	3.59e-15	2.35e-07	1.00e+00
 8.78155e+13	4.10e-15	2.52e-07	1.00e+00
 9.09369e+13	4.71e-15	2.70e-07	1.00e+00
 9.44205e+13	5.47e-15	2.91e-07	1.00e+00
 9.76912e+13	6.26e-15	3.12e-07	1.00e+00
 1.01242e+14	7.21e-15	3.35e-07	1.00e+00
 1.05214e+14	8.40e-15	3.61e-07	1.00e+00
 1.08993e+14	9.65e-15	3.88e-07	1.00e+00
 1.13031e+14	1.11e-14	4.17e-07	1.00e+00
 1.17583e+14	1.30e-14	4.51e-07	1.00e+00
 1.22081e+14	1.51e-14	4.86e-07	1.00e+00
 1.26760e+14	1.75e-14	5.24e-07	1.00e+00
 1.31860e+14	2.04e-14	5.67e-07	1.00e+00
 1.37164e+14	2.39e-14	6.13e-07	1.00e+00
 1.42249e+14	2.76e-14	6.60e-07	1.00e+00
 1.46873e+14	3.12e-14	7.03e-07	1.00e+00
 1.51142e+14	3.50e-14	7.45e-07	1.00e+00
 1.55802e+14	3.94e-14	7.91e-07	1.00e+00
 1.61040e+14	4.49e-14	8.46e-07	1.00e+00
 1.66021e+14	5.06e-14	8.99e-07	1.00e+00
 1.71489e+14	5.75e-14	9.60e-07	1.00e+00
 1.77590e+14	6.60e-14	1.03e-06	1.00e+00
 1.83350e+14	7.48e-14	1.10e-06	1.00e+00
 1.89675e+14	8.55e-14	1.18e-06	1.00e+00
 1.96801e+14	9.90e-14	1.27e-06	1.00e+00
 2.03632e+14	1.13e-13	1.36e-06	1.00e+00
 2.09997e+14	1.28e-13	1.45e-06	1.00e+00
 2.17094e+14	1.46e-13	1.55e-06	1.00e+00
 2.25033e+14	1.68e-13	1.67e-06	1.00e+00
 2.32491e+14	1.91e-13	1.79e-06	1.00e+00
 2.40613e+14	2.19e-13	1.92e-06	1.00e+00
 2.49613e+14	2.53e-13	2.07e-06	1.00e+00
 2.57970e+14	2.88e-13	2.22e-06	1.00e+00
 2.67048e+14	3.30e-13	2.38e-06	1.00e+00
 2.77189e+14	3.83e-13	2.58e-06	1.00e+00
 2.86719e+14	4.37e-13	2.76e-06	1.00e+00
 2.97080e+14	5.02e-13	2.97e-06	1.00e+00
 3.08620e+14	5.83e-13	3.22e-06	1.00e+00
 3.19514e+14	6.68e-13	3.46e-06	1.00e+00
 3.31216e+14	7.68e-13	3.73e-06	1.00e+00
 3.44494e+14	8.95e-13	4.04e-06	1.00e+00
 3.57511e+14	1.03e-12	4.36e-06	1.00e+00
 3.71048e+14	1.19e-12	4.71e-06	1.00e+00
 3.84869e+14	1.37e-12	5.08e-06	1.00e+00
 3.97447e+14	1.55e-12	5.43e-06	1.00e+00
 4.11352e+14	1.77e-12	5.83e-06	1.00e+00
 4.26791e+14	2.04e-12	6.30e-06	1.00e+00
 4.40005e+14	2.28e-12	6.70e-06	1.00e+00
 4.50922e+14	2.50e-12	7.05e-06	1.00e+00
 4.63075e+14	2.77e-12	7.45e-06	1.00e+00
 4.78874e+14	3.14e-12	7.98e-06	1.00e+00
 4.95659e+14	3.58e-12	8.57e-06	1.00e+00
 5.10367e+14	3.99e-12	9.10e-06	1.00e+00
 5.26127e+14	4.47e-12	9.69e-06	1.00e+00
 5.45750e+14	5.12e-12	1.04e-05	1.00e+00
 5.65771e+14	5.85e-12	1.12e-05	1.00e+00
 5.83338e+14	6.55e-12	1.20e-05	1.00e+00
 6.02339e+14	7.37e-12	1.28e-05	1.00e+00
 6.25356e+14	8.47e-12	1.38e-05	1.00e+00
 6.48270e+14	9.65e-12	1.49e-05	1.00e+00
 6.68618e+14	1.08e-11	1.58e-05	1.00e+00
 6.90954e+14	1.22e-11	1.69e-05	1.00e+00
 7.17664e+14	1.40e-11	1.83e-05	1.00e+00
 7.44208e+14	1.60e-11	1.98e-05	1.00e+00
 7.68348e+14	1.80e-11	2.11e-05	1.00e+00
 7.95215e+14	2.05e-11	2.27e-05	1.00e+00
 8.26624e+14	2.37e-11	2.46e-05	1.00e+00
 8.57581e+14	2.71e-11	2.65e-05	1.00e+00
 8.86745e+14	3.07e-11	2.84e-05	1.00e+00
 9.19212e+14	3.52e-11	3.06e-05	1.00e+00
 9.56010e+14	4.08e-11	3.33e-05	1.00e+00
 9.86993e+14	4.61e-11	3.56e-05	1.00e+00
 1.00942e+15	5.02e-11	3.73e-05	1.00e+00
 1.03290e+15	5.49e-11	3.92e-05	1.00e+00
 1.06342e+15	6.14e-11	4.18e-05	1.00e+00
 1.09721e+15	6.94e-11	4.47e-05	1.00e+00
 1.12861e+15	7.75e-11	4.75e-05	1.00e+00
 1.16279e+15	8.72e-11	5.06e-05	1.00e+00
 1.20111e+15	9.93e-11	5.44e-05	1.00e+00
 1.23739e+15	1.12e-10	5.80e-05	1.00e+00
 1.27716e+15	1.27e-10	6.22e-05	1.00e+00
 1.32157e+15	1.46e-10	6.70e-05	1.00e+00
 1.36354e+15	1.66e-10	7.18e-05	1.00e+00
 1.40963e+15	1.90e-10	7.73e-05	1.00e+00
 1.46147e+15	2.21e-10	8.38e-05	1.00e+00
 1.51045e+15	2.54e-10	9.02e-05	1.00e+00
 1.56379e+15	2.93e-10	9.75e-05	1.00e+00
 1.62295e+15	3.43e-10	1.06e-04	1.00e+00
 1.67778e+15	3.95e-10	1.14e-04	1.00e+00
 1.73713e+15	4.59e-10	1.24e-04	1.00e+00
 1.80373e+15	5.39e-10	1.35e-04	1.00e+00
 1.86661e+15	6.24e-10	1.45e-04	1.00e+00
 1.93438e+15	7.29e-10	1.58e-04	1.00e+00
 2.00985e+15	8.61e-10	1.72e-04	1.00e+00
 2.08184e+15	1.00e-09	1.86e-04	1.00e+00
 2.15865e+15	1.18e-09	2.02e-04	1.00e+00
 2.24502e+15	1.40e-09	2.21e-04	1.00e+00
 2.31733e+15	1.60e-09	2.37e-04	1.00e+00
 2.36902e+15	1.77e-09	2.50e-04	1.00e+00
 2.42285e+15	1.95e-09	2.63e-04	1.00e+00
 2.49284e+15	2.21e-09	2.80e-04	1.00e+00
 2.57075e+15	2.53e-09	3.00e-04	1.00e+00
 2.64323e+15	2.86e-09	3.20e-04	1.00e+00
 2.72170e+15	3.25e-09	3.42e-04	1.00e+00
 2.80966e+15	3.74e-09	3.67e-04	1.00e+00
 2.89271e+15	4.25e-09	3.92e-04	1.00e+00
 2.98344e+15	4.87e-09	4.20e-04	1.00e+00
 3.08512e+15	5.63e-09	4.53e-04	1.00e+00
 3.18151e+15	6.44e-09	4.85e-04	1.00e+00
 3.28729e+15	7.44e-09	5.21e-04	9.99e-01
 3.40662e+15	8.69e-09	5.64e-04	9.99e-01
 3.52099e+15	1.00e-08	6.07e-04	9.99e-01
 3.64711e+15	1.17e-08	6.57e-04	9.99e-01
 3.78608e+15	1.38e-08	7.13e-04	9.99e-01
 3.91443e+15	1.59e-08	7.67e-04	9.99e-01
 4.05399e+15	1.85e-08	8.29e-04	9.99e-01
 4.21029e+15	2.17e-08	9.00e-04	9.99e-01
 4.35834e+15	2.52e-08	9.71e-04	9.99e-01
 4.51754e+15	2.94e-08	1.05e-03	9.99e-01
 4.66802e+15	3.37e-08	1.13e-03	9.99e-01
 4.77757e+15	3.71e-08	1.18e-03	9.99e-01
 4.88720e+15	4.09e-08	1.24e-03	9.99e-01
 5.02972e+15	4.62e-08	1.32e-03	9.99e-01
 5.18525e+15	5.24e-08	1.41e-03	9.99e-01
 5.32560e+15	5.86e-08	1.50e-03	9.99e-01
 5.47596e+15	6.59e-08	1.59e-03	9.98e-01
 5.67143e+15	7.65e-08	1.71e-03	9.98e-01
 5.86837e+15	8.82e-08	1.84e-03	9.98e-01
 6.02609e+15	9.85e-08	1.95e-03	9.98e-01
 6.18998e+15	1.10e-07	2.06e-03	9.98e-01
 6.40303e+15	1.27e-07	2.22e-03	9.98e-01
 6.62937e+15	1.47e-07	2.38e-03	9.98e-01
 6.82621e+15	1.65e-07	2.53e-03	9.97e-01
 7.03534e+15	1.88e-07	2.70e-03	9.97e-01
 7.29662e+15	2.19e-07	2.92e-03	9.97e-01
 7.55655e+15	2.52e-07	3.14e-03	9.97e-01
 7.77914e+15	2.84e-07	3.34e-03	9.97e-01
 8.02234e+15	3.23e-07	3.57e-03	9.96e-01
 8.29531e+15	3.70e-07	3.83e-03	9.96e-01
 8.55112e+15	4.19e-07	4.09e-03	9.96e-01
 8.76889e+15	4.63e-07	4.31e-03	9.96e-01
 8.99307e+15	5.15e-07	4.56e-03	9.95e-01
 9.23878e+15	5.74e-07	4.83e-03	9.95e-01
 9.46892e+15	6.34e-07	5.09e-03	9.95e-01
 9.72452e+15	7.10e-07	5.41e-03	9.95e-01
 9.99836e+15	7.96e-07	5.75e-03	9.94e-01
 1.02486e+16	8.79e-07	6.08e-03	9.94e-01
 1.05265e+16	9.86e-07	6.47e-03	9.94e-01
 1.08282e+16	1.11e-06	6.91e-03	9.93e-01
 1.11081e+16	1.23e-06	7.34e-03	9.93e-01
 1.14191e+16	1.39e-06	7.86e-03	9.92e-01
 1.17487e+16	1.57e-06	8.43e-03	9.92e-01
 1.20332e+16	1.74e-06	8.95e-03	9.91e-01
 1.23339e+16	1.95e-06	9.57e-03	9.90e-01
 1.26646e+16	2.19e-06	1.03e-02	9.90e-01
 1.29661e+16	2.44e-06	1.10e-02	9.89e-01
 1.32465e+16	2.70e-06	1.17e-02	9.88e-01
 1.35675e+16	3.06e-06	1.26e-02	9.87e-01
 1.38933e+16	3.42e-06	1.36e-02	9.86e-01
 1.41574e+16	3.77e-06	1.45e-02	9.85e-01
 1.44328e+16	4.20e-06	1.56e-02	9.84e-01
 1.47361e+16	4.74e-06	1.69e-02	9.83e-01
 1.50058e+16	5.26e-06	1.81e-02	9.82e-01
 1.52438e+16	5.80e-06	1.94e-02	9.81e-01
 1.55106e+16	6.52e-06	2.10e-02	9.79e-01
 1.57980e+16	7.42e-06	2.29e-02	9.77e-01
 1.60467e+16	8.29e-06	2.48e-02	9.75e-01
 1.62663e+16	9.21e-06	2.68e-02	9.73e-01
 1.65133e+16	1.04e-05	2.93e-02	9.71e-01
 1.67778e+16	1.21e-05	3.24e-02	9.68e-01
 1.70012e+16	1.36e-05	3.55e-02	9.64e-01
 1.71937e+16	1.52e-05	3.86e-02	9.61e-01
 1.74094e+16	1.72e-05	4.27e-02	9.57e-01
 1.76449e+16	2.01e-05	4.79e-02	9.52e-01
 1.78480e+16	2.36e-05	5.34e-02	9.47e-01
 1.80094e+16	2.65e-05	5.85e-02	9.41e-01
 1.81744e+16	3.00e-05	6.48e-02	9.35e-01
 1.83889e+16	3.59e-05	7.45e-02	9.25e-01
 1.85945e+16	4.33e-05	8.63e-02	9.14e-01
 1.87364e+16	5.08e-05	9.63e-02	9.04e-01
 1.88352e+16	5.61e-05	1.04e-01	8.96e-01
 1.89303e+16	6.21e-05	1.13e-01	8.87e-01
 1.90540e+16	7.17e-05	1.27e-01	8.73e-01
 1.91902e+16	8.47e-05	1.45e-01	8.55e-01
 1.92947e+16	9.79e-05	1.61e-01	8.39e-01
 1.93556e+16	1.06e-04	1.71e-01	8.29e-01
 1.94080e+16	1.14e-04	1.81e-01	8.19e-01
 1.94761e+16	1.26e-04	1.96e-01	8.04e-01
 1.95530e+16	1.42e-04	2.14e-01	7.86e-01
 1.96247e+16	1.57e-04	2.33e-01	7.67e-01
 1.97012e+16	1.78e-04	2.56e-01	7.44e-01
 1.97794e+16	2.01e-04	2.82e-01	7.18e-01
 1.98418e+16	2.24e-04	3.04e-01	6.96e-01
 1.98912e+16	2.42e-04	3.23e-01	6.77e-01
 1.99418e+16	2.63e-04	3.45e-01	6.55e-01
 2.00075e+16	2.95e-04	3.75e-01	6.25e-01
 2.00732e+16	3.28e-04	4.06e-01	5.93e-01
 2.01285e+16	3.59e-04	4.35e-01	5.65e-01
 2.01901e+16	3.98e-04	4.68e-01	5.32e-01
 2.02582e+16	4.43e-04	5.05e-01	4.94e-01
 2.03221e+16	4.88e-04	5.42e-01	4.58e-01
 2.03928e+16	5.43e-04	5.83e-01	4.17e-01
 2.04696e+16	6.03e-04	6.25e-01	3.74e-01
 2.05404e+16	6.59e-04	6.63e-01	3.36e-01
 2.06186e+16	7.25e-04	7.04e-01	2.95e-01
 2.07204e+16	8.11e-04	7.52e-01	2.47e-01
 2.08273e+16	8.99e-04	7.95e-01	2.04e-01
 2.09236e+16	9.77e-04	8.28e-01	1.71e-01
 2.10311e+16	1.06e-03	8.59e-01	1.40e-01
 2.11322e+16	1.14e-03	8.82e-01	1.17e-01
 2.12039e+16	1.19e-03	8.96e-01	1.03e-01
 2.12761e+16	1.25e-03	9.09e-01	8.97e-02
 2.13700e+16	1.32e-03	9.23e-01	7.56e-02
 2.14722e+16	1.40e-03	9.35e-01	6.36e-02
 2.15646e+16	1.47e-03	9.44e-01	5.45e-02
 2.16637e+16	1.55e-03	9.52e-01	4.62e-02
 2.17715e+16	1.64e-03	9.59e-01	3.90e-02
 2.18669e+16	1.73e-03	9.64e-01	3.38e-02
 2.19457e+16	1.80e-03	9.68e-01	3.01e-02
 2.20155e+16	1.87e-03	9.71e-01	2.72e-02
 2.20953e+16	1.96e-03	9.74e-01	2.42e-02
 2.21829e+16	2.06e-03	9.77e-01	2.14e-02
 2.22602e+16	2.16e-03	9.79e-01	1.93e-02
 2.23270e+16	2.24e-03	9.80e-01	1.77e-02
 2.24007e+16	2.35e-03	9.82e-01	1.60e-02
 2.24811e+16	2.47e-03	9.83e-01	1.45e-02
 2.25517e+16	2.59e-03	9.84e-01	1.33e-02
 2.26122e+16	2.70e-03	9.85e-01	1.24e-02
 2.26781e+16	2.83e-03	9.86e-01	1.14e-02
 2.27505e+16	2.98e-03	9.87e-01	1.04e-02
 2.28147e+16	3.13e-03	9.87e-01	9.68e-03
 2.28698e+16	3.27e-03	9.88e-01	9.10e-03
 2.29297e+16	3.43e-03	9.88e-01	8.47e-03
 2.29955e+16	3.63e-03	9.89e-01	7.87e-03
 2.30534e+16	3.82e-03	9.89e-01	7.39e-03
 2.31032e+16	4.00e-03	9.89e-01	7.00e-03
 2.31580e+16	4.21e-03	9.89e-01	6.58e-03
 2.32181e+16	4.47e-03	9.89e-01	6.17e-03
 2.32712e+16	4.72e-03	9.89e-01	5.83e-03
 2.33168e+16	4.97e-03	9.89e-01	5.56e-03
 2.33669e+16	5.25e-03	9.89e-01	5.26e-03
 2.34224e+16	5.60e-03	9.89e-01	4.97e-03
 2.34725e+16	5.96e-03	9.89e-01	4.72e-03
 2.35162e+16	6.31e-03	9.89e-01	4.52e-03
 2.35642e+16	6.73e-03	9.89e-01	4.29e-03
 2.36179e+16	7.27e-03	9.89e-01	4.07e-03
 2.36671e+16	7.84e-03	9.88e-01	3.87e-03
 2.37115e+16	8.41e-03	9.88e-01	3.71e-03
 2.37612e+16	9.15e-03	9.87e-01	3.52e-03
 2.38155e+16	1.01e-02	9.87e-01	3.34e-03
 2.38623e+16	1.11e-02	9.86e-01	3.19e-03
 2.39011e+16	1.20e-02	9.85e-01	3.08e-03
 2.39363e+16	1.31e-02	9.84e-01	2.97e-03
 2.39758e+16	1.43e-02	9.83e-01	2.86e-03
 2.40175e+16	1.59e-02	9.81e-01	2.75e-03
 2.40512e+16	1.76e-02	9.80e-01	2.66e-03
 2.40776e+16	1.90e-02	9.78e-01	2.60e-03
 2.41053e+16	2.07e-02	9.77e-01	2.53e-03
 2.41364e+16	2.30e-02	9.75e-01	2.46e-03
 2.41649e+16	2.55e-02	9.72e-01	2.40e-03
 2.41889e+16	2.80e-02	9.70e-01	2.35e-03
 2.42102e+16	3.05e-02	9.67e-01	2.31e-03
 2.42341e+16	3.38e-02	9.64e-01	2.27e-03
 2.42603e+16	3.81e-02	9.60e-01	2.22e-03
 2.42831e+16	4.27e-02	9.55e-01	2.19e-03
 2.43016e+16	4.71e-02	9.51e-01	2.17e-03
 2.43213e+16	5.25e-02	9.45e-01	2.14e-03
 2.43424e+16	5.94e-02	9.38e-01	2.12e-03
 2.43603e+16	6.64e-02	9.31e-01	2.12e-03
 2.43752e+16	7.30e-02	9.25e-01	2.12e-03
 2.43908e+16	8.10e-02	9.17e-01	2.11e-03
 2.44076e+16	9.10e-02	9.07e-01	2.12e-03
 2.44225e+16	1.01e-01	8.96e-01	2.13e-03
 2.44355e+16	1.12e-01	8.86e-01	2.14e-03
 2.44477e+16	1.23e-01	8.75e-01	2.16e-03
 2.44592e+16	1.35e-01	8.63e-01	2.18e-03
 2.44696e+16	1.47e-01	8.51e-01	2.20e-03
 2.44792e+16	1.59e-01	8.39e-01	2.23e-03
 2.44879e+16	1.71e-01	8.27e-01	2.25e-03
 2.44947e+16	1.81e-01	8.17e-01	2.27e-03
 2.44993e+16	1.88e-01	8.10e-01	2.28e-03
 2.45035e+16	1.95e-01	8.03e-01	2.30e-03
 2.45084e+16	2.03e-01	7.94e-01	2.31e-03
 2.45137e+16	2.13e-01	7.85e-01	2.32e-03
 2.45189e+16	2.23e-01	7.75e-01	2.34e-03
 2.45238e+16	2.32e-01	7.66e-01	2.36e-03
 2.45285e+16	2.42e-01	7.56e-01	2.37e-03
 2.45333e+16	2.52e-01	7.46e-01	2.39e-03
 2.45380e+16	2.63e-01	7.35e-01	2.41e-03
 2.45428e+16	2.74e-01	7.24e-01	2.42e-03
 2.45474e+16	2.85e-01	7.13e-01	2.44e-03
 2.45519e+16	2.96e-01	7.01e-01	2.46e-03
 2.45565e+16	3.08e-01	6.89e-01	2.47e-03
 2.45610e+16	3.20e-01	6.77e-01	2.49e-03
 2.45655e+16	3.33e-01	6.64e-01	2.50e-03
 2.45699e+16	3.46e-01	6.52e-01	2.52e-03
 2.45743e+16	3.59e-01	6.38e-01	2.52e-03
 2.45787e+16	3.72e-01	6.25e-01	2.54e-03
 2.45830e+16	3.86e-01	6.11e-01	2.55e-03
 2.45874e+16	4.01e-01	5.97e-01	2.56e-03
 2.45916e+16	4.15e-01	5.83e-01	2.56e-03
 2.45957e+16	4.29e-01	5.69e-01	2.57e-03
 2.45999e+16	4.44e-01	5.54e-01	2.57e-03
 2.46041e+16	4.58e-01	5.39e-01	2.58e-03
 2.46082e+16	4.73e-01	5.24e-01	2.58e-03
 2.46123e+16	4.88e-01	5.09e-01	2.58e-03
 2.46164e+16	5.03e-01	4.94e-01	2.58e-03
 2.46204e+16	5.18e-01	4.79e-01	2.57e-03
 2.46243e+16	5.33e-01	4.64e-01	2.57e-03
 2.46282e+16	5.48e-01	4.50e-01	2.56e-03
 2.46320e+16	5.63e-01	4.35e-01	2.55e-03
 2.46358e+16	5.77e-01	4.20e-01	2.53e-03
 2.46395e+16	5.91e-01	4.06e-01	2.52e-03
 2.46432e+16	6.06e-01	3.92e-01	2.50e-03
 2.46469e+16	6.19e-01	3.78e-01	2.48e-03
 2.46505e+16	6.33e-01	3.65e-01	2.46e-03
 2.46540e+16	6.46e-01	3.52e-01	2.44e-03
 2.46575e+16	6.59e-01	3.38e-01	2.41e-03
 2.46610e+16	6.72e-01	3.25e-01	2.38e-03
 2.46646e+16	6.85e-01	3.13e-01	2.35e-03
 2.46681e+16	6.97e-01	3.00e-01	2.31e-03
 2.46715e+16	7.10e-01	2.88e-01	2.28e-03
 2.46750e+16	7.21e-01	2.76e-01	2.24e-03
 2.46785e+16	7.33e-01	2.65e-01	2.20e-03
 2.46819e+16	7.44e-01	2.54e-01	2.16e-03
 2.46853e+16	7.55e-01	2.43e-01	2.12e-03
 2.46889e+16	7.66e-01	2.32e-01	2.07e-03
 2.46924e+16	7.76e-01	2.22e-01	2.02e-03
 2.46960e+16	7.86e-01	2.12e-01	1.98e-03
 2.46996e+16	7.96e-01	2.02e-01	1.93e-03
 2.47032e+16	8.06e-01	1.92e-01	1.87e-03
 2.47070e+16	8.15e-01	1.83e-01	1.82e-03
 2.47108e+16	8.24e-01	1.74e-01	1.76e-03
 2.47140e+16	8.32e-01	1.67e-01	1.72e-03
 2.47164e+16	8.37e-01	1.62e-01	1.68e-03
 2.47187e+16	8.42e-01	1.57e-01	1.64e-03
 2.47211e+16	8.47e-01	1.52e-01	1.61e-03
 2.47236e+16	8.52e-01	1.47e-01	1.57e-03
 2.47261e+16	8.56e-01	1.42e-01	1.54e-03
 2.47285e+16	8.60e-01	1.38e-01	1.50e-03
 2.47309e+16	8.65e-01	1.34e-01	1.47e-03
 2.47333e+16	8.68e-01	1.30e-01	1.44e-03
 2.47356e+16	8.72e-01	1.26e-01	1.40e-03
 2.47380e+16	8.76e-01	1.23e-01	1.37e-03
 2.47404e+16	8.79e-01	1.20e-01	1.34e-03
 2.47428e+16	8.82e-01	1.16e-01	1.32e-03
 2.47453e+16	8.85e-01	1.13e-01	1.29e-03
 2.47477e+16	8.89e-01	1.10e-01	1.26e-03
 2.47502e+16	8.91e-01	1.07e-01	1.23e-03
 2.47528e+16	8.94e-01	1.05e-01	1.20e-03
 2.47554e+16	8.97e-01	1.02e-01	1.18e-03
 2.47581e+16	8.99e-01	9.94e-02	1.15e-03
 2.47610e+16	9.02e-01	9.67e-02	1.12e-03
 2.47639e+16	9.05e-01	9.43e-02	1.10e-03
 2.47670e+16	9.07e-01	9.19e-02	1.08e-03
 2.47703e+16	9.10e-01	8.94e-02	1.05e-03
 2.47737e+16	9.12e-01	8.72e-02	1.03e-03
 2.47774e+16	9.14e-01	8.50e-02	1.00e-03
 2.47815e+16	9.16e-01	8.26e-02	9.73e-04
 2.47860e+16	9.19e-01	8.05e-02	9.49e-04
 2.47911e+16	9.21e-01	7.81e-02	9.21e-04
 2.47972e+16	9.23e-01	7.59e-02	8.94e-04
 2.48044e+16	9.26e-01	7.35e-02	8.65e-04
 2.48134e+16	9.28e-01	7.11e-02	8.35e-04
 2.48237e+16	9.30e-01	6.90e-02	8.06e-04
 2.48343e+16	9.32e-01	6.73e-02	7.82e-04
 2.48464e+16	9.34e-01	6.57e-02	7.56e-04
 2.48621e+16	9.35e-01	6.41e-02	7.29e-04
 2.48826e+16	9.37e-01	6.25e-02	7.00e-04
 2.49092e+16	9.38e-01	6.09e-02	6.68e-04
 2.49414e+16	9.40e-01	5.93e-02	6.34e-04
 2.49744e+16	9.42e-01	5.79e-02	6.03e-04
 2.50043e+16	9.43e-01	5.67e-02	5.77e-04
 2.50316e+16	9.44e-01	5.56e-02	5.54e-04
 2.50564e+16	9.45e-01	5.47e-02	5.35e-04
 2.50790e+16	9.46e-01	5.38e-02	5.16e-04
 2.50995e+16	9.46e-01	5.30e-02	5.01e-04
 2.51220e+16	9.47e-01	5.22e-02	4.84e-04
 2.51513e+16	9.48e-01	5.11e-02	4.63e-04
 2.51829e+16	9.50e-01	4.99e-02	4.41e-04
 2.52116e+16	9.51e-01	4.89e-02	4.23e-04
 2.52378e+16	9.52e-01	4.80e-02	4.07e-04
 2.52616e+16	9.52e-01	4.72e-02	3.92e-04
 2.52832e+16	9.53e-01	4.65e-02	3.80e-04
 2.53030e+16	9.54e-01	4.58e-02	3.68e-04
 2.53209e+16	9.54e-01	4.52e-02	3.58e-04
 2.53406e+16	9.55e-01	4.46e-02	3.47e-04
 2.53618e+16	9.56e-01	4.39e-02	3.36e-04
 2.53811e+16	9.56e-01	4.33e-02	3.26e-04
 2.53987e+16	9.57e-01	4.27e-02	3.17e-04
 2.54179e+16	9.58e-01	4.20e-02	3.07e-04
 2.54387e+16	9.58e-01	4.14e-02	2.97e-04
 2.54576e+16	9.59e-01	4.08e-02	2.88e-04
 2.54749e+16	9.59e-01	4.03e-02	2.80e-04
 2.54905e+16	9.60e-01	3.98e-02	2.73e-04
 2.55077e+16	9.61e-01	3.92e-02	2.65e-04
 2.55262e+16	9.61e-01	3.87e-02	2.58e-04
 2.55431e+16	9.62e-01	3.82e-02	2.51e-04
 2.55584e+16	9.62e-01	3.77e-02	2.45e-04
 2.55753e+16	9.63e-01	3.72e-02	2.37e-04
 2.55934e+16	9.63e-01	3.66e-02	2.31e-04
 2.56099e+16	9.64e-01	3.62e-02	2.24e-04
 2.56250e+16	9.64e-01	3.57e-02	2.19e-04
 2.56414e+16	9.65e-01	3.52e-02	2.13e-04
 2.56592e+16	9.65e-01	3.47e-02	2.07e-04
 2.56754e+16	9.66e-01	3.43e-02	2.01e-04
 2.56902e+16	9.66e-01	3.39e-02	1.96e-04
 2.57063e+16	9.66e-01	3.34e-02	1.91e-04
 2.57237e+16	9.67e-01	3.30e-02	1.86e-04
 2.57396e+16	9.67e-01	3.25e-02	1.81e-04
 2.57540e+16	9.68e-01	3.22e-02	1.76e-04
 2.57698e+16	9.68e-01	3.17e-02	1.72e-04
 2.57869e+16	9.69e-01	3.13e-02	1.67e-04
 2.58024e+16	9.69e-01	3.09e-02	1.63e-04
 2.58194e+16	9.69e-01	3.05e-02	1.58e-04
 2.58378e+16	9.70e-01	3.00e-02	1.54e-04
 2.58545e+16	9.70e-01	2.96e-02	1.49e-04
 2.58698e+16	9.71e-01	2.93e-02	1.46e-04
 2.58864e+16	9.71e-01	2.89e-02	1.42e-04
 2.59044e+16	9.71e-01	2.85e-02	1.38e-04
 2.59208e+16	9.72e-01	2.81e-02	1.34e-04
 2.59388e+16	9.72e-01	2.77e-02	1.30e-04
 2.59582e+16	9.73e-01	2.73e-02	1.27e-04
 2.59758e+16	9.73e-01	2.69e-02	1.23e-04
 2.59951e+16	9.73e-01	2.65e-02	1.19e-04
 2.60160e+16	9.74e-01	2.61e-02	1.16e-04
 2.60350e+16	9.74e-01	2.57e-02	1.12e-04
 2.60523e+16	9.74e-01	2.54e-02	1.10e-04
 2.60712e+16	9.75e-01	2.50e-02	1.06e-04
 2.60916e+16	9.75e-01	2.46e-02	1.03e-04
 2.61102e+16	9.76e-01	2.43e-02	1.00e-04
 2.61306e+16	9.76e-01	2.39e-02	9.72e-05
 2.61526e+16	9.76e-01	2.35e-02	9.41e-05
 2.61726e+16	9.77e-01	2.32e-02	9.14e-05
 2.61909e+16	9.77e-01	2.29e-02	8.90e-05
 2.62108e+16	9.77e-01	2.26e-02	8.63e-05
 2.62324e+16	9.78e-01	2.22e-02	8.37e-05
 2.62520e+16	9.78e-01	2.19e-02	8.14e-05
 2.62735e+16	9.78e-01	2.16e-02	7.89e-05
 2.62967e+16	9.79e-01	2.12e-02	7.63e-05
 2.63178e+16	9.79e-01	2.09e-02	7.41e-05
 2.63409e+16	9.79e-01	2.05e-02	7.16e-05
 2.63659e+16	9.80e-01	2.02e-02	6.92e-05
 2.63887e+16	9.80e-01	1.99e-02	6.71e-05
 2.64093e+16	9.80e-01	1.96e-02	6.53e-05
 2.64320e+16	9.81e-01	1.93e-02	6.32e-05
 2.64565e+16	9.81e-01	1.90e-02	6.11e-05
 2.64788e+16	9.81e-01	1.87e-02	5.94e-05
 2.65032e+16	9.82e-01	1.84e-02	5.73e-05
 2.65295e+16	9.82e-01	1.80e-02	5.54e-05
 2.65535e+16	9.82e-01	1.78e-02	5.37e-05
 2.65798e+16	9.83e-01	1.74e-02	5.18e-05
 2.66081e+16	9.83e-01	1.71e-02	4.99e-05
 2.66339e+16	9.83e-01	1.68e-02	4.83e-05
 2.66574e+16	9.83e-01	1.66e-02	4.69e-05
 2.66831e+16	9.84e-01	1.63e-02	4.53e-05
 2.67109e+16	9.84e-01	1.60e-02	4.38e-05
 2.67362e+16	9.84e-01	1.58e-02	4.24e-05
 2.67639e+16	9.84e-01	1.55e-02	4.09e-05
 2.67938e+16	9.85e-01	1.52e-02	3.94e-05
 2.68210e+16	9.85e-01	1.49e-02	3.82e-05
 2.68509e+16	9.85e-01	1.47e-02	3.67e-05
 2.68831e+16	9.86e-01	1.44e-02	3.53e-05
 2.69124e+16	9.86e-01	1.41e-02	3.41e-05
 2.69445e+16	9.86e-01	1.38e-02	3.28e-05
 2.69791e+16	9.86e-01	1.36e-02	3.15e-05
 2.70107e+16	9.87e-01	1.33e-02	3.04e-05
 2.70453e+16	9.87e-01	1.30e-02	2.91e-05
 2.70826e+16	9.87e-01	1.28e-02	2.79e-05
 2.71165e+16	9.87e-01	1.25e-02	2.69e-05
 2.71537e+16	9.88e-01	1.22e-02	2.57e-05
 2.71939e+16	9.88e-01	1.20e-02	2.46e-05
 2.72305e+16	9.88e-01	1.17e-02	2.36e-05
 2.72637e+16	9.88e-01	1.15e-02	2.28e-05
 2.73002e+16	9.89e-01	1.13e-02	2.19e-05
 2.73396e+16	9.89e-01	1.10e-02	2.10e-05
 2.73754e+16	9.89e-01	1.08e-02	2.02e-05
 2.74146e+16	9.89e-01	1.06e-02	1.93e-05
 2.74570e+16	9.90e-01	1.04e-02	1.85e-05
 2.74955e+16	9.90e-01	1.01e-02	1.77e-05
 2.75378e+16	9.90e-01	9.91e-03	1.69e-05
 2.75834e+16	9.90e-01	9.68e-03	1.62e-05
 2.76249e+16	9.91e-01	9.48e-03	1.55e-05
 2.76704e+16	9.91e-01	9.25e-03	1.48e-05
 2.77195e+16	9.91e-01	9.02e-03	1.41e-05
 2.77641e+16	9.91e-01	8.82e-03	1.35e-05
 2.78131e+16	9.91e-01	8.60e-03	1.28e-05
 2.78660e+16	9.92e-01	8.38e-03	1.22e-05
 2.79141e+16	9.92e-01	8.19e-03	1.16e-05
 2.79668e+16	9.92e-01	7.97e-03	1.10e-05
 2.80237e+16	9.92e-01	7.76e-03	1.05e-05
 2.80755e+16	9.92e-01	7.57e-03	9.97e-06
 2.81322e+16	9.93e-01	7.36e-03	9.43e-06
 2.81935e+16	9.93e-01	7.16e-03	8.91e-06
 2.82492e+16	9.93e-01	6.98e-03	8.48e-06
 2.83103e+16	9.93e-01	6.78e-03	8.00e-06
 2.83762e+16	9.93e-01	6.58e-03	7.54e-06
 2.84485e+16	9.94e-01	6.36e-03	7.05e-06
 2.85368e+16	9.94e-01	6.10e-03	6.50e-06
 2.86322e+16	9.94e-01	5.85e-03	5.98e-06
 2.87295e+16	9.94e-01	5.60e-03	5.50e-06
 2.88302e+16	9.95e-01	5.36e-03	5.05e-06
 2.89350e+16	9.95e-01	5.13e-03	4.62e-06
 2.90437e+16	9.95e-01	4.90e-03	4.22e-06
 2.91564e+16	9.95e-01	4.68e-03	3.85e-06
 2.92728e+16	9.96e-01	4.46e-03	3.50e-06
 2.93916e+16	9.96e-01	4.25e-03	3.18e-06
 2.95123e+16	9.96e-01	4.05e-03	2.89e-06
 2.96352e+16	9.96e-01	3.86e-03	2.63e-06
 2.97605e+16	9.96e-01	3.67e-03	2.39e-06
 2.98882e+16	9.97e-01	3.50e-03	2.17e-06
 3.00182e+16	9.97e-01	3.33e-03	1.96e-06
 3.01505e+16	9.97e-01	3.17e-03	1.78e-06
 3.02853e+16	9.97e-01	3.01e-03	1.61e-06
 3.04225e+16	9.97e-01	2.86e-03	1.46e-06
 3.05601e+16	9.97e-01	2.72e-03	1.32e-06
 3.06998e+16	9.97e-01	2.59e-03	1.20e-06
 3.08449e+16	9.98e-01	2.46e-03	1.08e-06
 3.09935e+16	9.98e-01	2.33e-03	9.72e-07
 3.11441e+16	9.98e-01	2.21e-03	8.75e-07
 3.12972e+16	9.98e-01	2.10e-03	7.88e-07
 3.14534e+16	9.98e-01	1.99e-03	7.08e-07
 3.16127e+16	9.98e-01	1.88e-03	6.36e-07
 3.17751e+16	9.98e-01	1.78e-03	5.70e-07
 3.19406e+16	9.98e-01	1.69e-03	5.10e-07
 3.21096e+16	9.98e-01	1.59e-03	4.56e-07
 3.22821e+16	9.98e-01	1.50e-03	4.08e-07
 3.24582e+16	9.99e-01	1.42e-03	3.63e-07
 3.26380e+16	9.99e-01	1.34e-03	3.23e-07
 3.28216e+16	9.99e-01	1.26e-03	2.88e-07
 3.30093e+16	9.99e-01	1.19e-03	2.55e-07
 3.32013e+16	9.99e-01	1.12e-03	2.26e-07
 3.33976e+16	9.99e-01	1.05e-03	2.00e-07
 3.35987e+16	9.99e-01	9.87e-04	1.76e-07
 3.38046e+16	9.99e-01	9.26e-04	1.55e-07
 3.40157e+16	9.99e-01	8.67e-04	1.36e-07
 3.42323e+16	9.99e-01	8.11e-04	1.19e-07
 3.44545e+16	9.99e-01	7.58e-04	1.04e-07
 3.46829e+16	9.99e-01	7.07e-04	9.06e-08
 3.49181e+16	9.99e-01	6.59e-04	7.88e-08
 3.51567e+16	9.99e-01	6.14e-04	6.83e-08
 3.54002e+16	9.99e-01	5.71e-04	5.91e-08
 3.56562e+16	9.99e-01	5.29e-04	5.07e-08
 3.59246e+16	1.00e+00	4.89e-04	4.33e-08
 3.62022e+16	1.00e+00	4.51e-04	3.68e-08
 3.64893e+16	1.00e+00	4.14e-04	3.11e-08
 3.67880e+16	1.00e+00	3.80e-04	2.61e-08
 3.71000e+16	1.00e+00	3.47e-04	2.18e-08
 3.74266e+16	1.00e+00	3.16e-04	1.81e-08
 3.77703e+16	1.00e+00	2.86e-04	1.48e-08
 3.81327e+16	1.00e+00	2.58e-04	1.20e-08
 3.85151e+16	1.00e+00	2.32e-04	9.67e-09
 3.89238e+16	1.00e+00	2.06e-04	7.66e-09
 3.93620e+16	1.00e+00	1.82e-04	5.98e-09
 3.98312e+16	1.00e+00	1.60e-04	4.59e-09
 4.03388e+16	1.00e+00	1.39e-04	3.45e-09
 4.08952e+16	1.00e+00	1.19e-04	2.53e-09
 4.15125e+16	1.00e+00	1.00e-04	1.79e-09
 4.22066e+16	1.00e+00	8.26e-05	1.22e-09
 4.29938e+16	1.00e+00	6.65e-05	7.91e-10
 4.38792e+16	1.00e+00	5.23e-05	4.89e-10
 4.48201e+16	1.00e+00	4.07e-05	2.97e-10
 4.57613e+16	1.00e+00	3.18e-05	1.81e-10
 4.66947e+16	1.00e+00	2.49e-05	1.12e-10
 4.76359e+16	1.00e+00	1.96e-05	6.92e-11
 4.85974e+16	1.00e+00	1.53e-05	4.25e-11
 4.95790e+16	1.00e+00	1.19e-05	2.61e-11
 5.05791e+16	1.00e+00	9.34e-06	1.60e-11
 5.16055e+16	1.00e+00	7.28e-06	9.80e-12
 5.26646e+16	1.00e+00	5.65e-06	5.94e-12
 5.37526e+16	1.00e+00	4.38e-06	3.59e-12
 5.48674e+16	1.00e+00	3.39e-06	2.16e-12
 5.60191e+16	1.00e+00	2.62e-06	1.30e-12
 5.72218e+16	1.00e+00	2.01e-06	7.67e-13
 5.84795e+16	1.00e+00	1.53e-06	4.48e-13
 5.97903e+16	1.00e+00	1.16e-06	2.59e-13
 6.11555e+16	1.00e+00	8.79e-07	1.48e-13
 6.25910e+16	1.00e+00	6.58e-07	8.35e-14
 6.41130e+16	1.00e+00	4.88e-07	4.61e-14
 6.56790e+16	1.00e+00	3.62e-07	2.55e-14
 6.72450e+16	1.00e+00	2.71e-07	1.43e-14
 6.89577e+16	1.00e+00	1.98e-07	7.63e-15
 7.09360e+16	1.00e+00	1.39e-07	3.79e-15
 7.30332e+16	1.00e+00	9.73e-08	1.86e-15
 7.52588e+16	1.00e+00	6.71e-08	8.86e-16
 7.76710e+16	1.00e+00	4.56e-08	4.09e-16
 8.01413e+16	1.00e+00	3.11e-08	1.91e-16
 8.26116e+16	1.00e+00	2.15e-08	9.14e-17
 8.51543e+16	1.00e+00	1.48e-08	4.36e-17
 8.78232e+16	1.00e+00	1.02e-08	2.05e-17
 9.05777e+16	1.00e+00	6.97e-09	9.68e-18
 9.33920e+16	1.00e+00	4.80e-09	4.59e-18
 9.62340e+16	1.00e+00	3.33e-09	2.21e-18
 9.90760e+16	1.00e+00	2.33e-09	1.09e-18
 1.01918e+17	1.00e+00	1.65e-09	5.45e-19
 1.04760e+17	1.00e+00	1.18e-09	2.78e-19
 1.07602e+17	1.00e+00	8.47e-10	1.44e-19
 1.10444e+17	1.00e+00	6.14e-10	7.57e-20
 1.13430e+17	1.00e+00	4.41e-10	3.90e-20
 1.16560e+17	1.00e+00	3.15e-10	1.99e-20
 1.19690e+17	1.00e+00	2.26e-10	1.03e-20
 1.22820e+17	1.00e+00	1.64e-10	5.44e-21
 1.25949e+17	1.00e+00	1.20e-10	0.00e+00
 1.29079e+17	1.00e+00	8.87e-11	0.00e+00
 1.32194e+17	1.00e+00	6.61e-11	0.00e+00
 1.35257e+17	1.00e+00	4.98e-11	0.00e+00
 1.38240e+17	1.00e+00	3.82e-11	0.00e+00
 1.41131e+17	1.00e+00	2.97e-11	0.00e+00
 1.43924e+17	1.00e+00	2.35e-11	0.00e+00
 1.46615e+17	1.00e+00	1.89e-11	0.00e+00
 1.49203e+17	1.00e+00	1.54e-11	0.00e+00
 1.51681e+17	1.00e+00	1.28e-11	0.00e+00
 1.54049e+17	1.00e+00	1.08e-11	0.00e+00
 1.56306e+17	1.00e+00	9.20e-12	0.00e+00
 1.58452e+17	1.00e+00	7.98e-12	0.00e+00
 1.60491e+17	1.00e+00	7.02e-12	0.00e+00
 1.62426e+17	1.00e+00	6.25e-12	0.00e+00
 1.64261e+17	1.00e+00	5.63e-12	0.00e+00
 1.66001e+17	1.00e+00	5.13e-12	0.00e+00
 1.67648e+17	1.00e+00	4.71e-12	0.00e+00
 1.69209e+17	1.00e+00	4.37e-12	0.00e+00
 1.70686e+17	1.00e+00	4.09e-12	0.00e+00
 1.72085e+17	1.00e+00	3.85e-12	0.00e+00
 1.73410e+17	1.00e+00	3.65e-12	0.00e+00
 1.74664e+17	1.00e+00	3.48e-12	0.00e+00
 1.75854e+17	1.00e+00	3.33e-12	0.00e+00
 1.76981e+17	1.00e+00	3.20e-12	0.00e+00
 1.78049e+17	1.00e+00	3.09e-12	0.00e+00
 1.79060e+17	1.00e+00	3.00e-12	0.00e+00
 1.80019e+17	1.00e+00	2.92e-12	0.00e+00
 1.80930e+17	1.00e+00	2.84e-12	0.00e+00
 1.81794e+17	1.00e+00	2.78e-12	0.00e+00
 1.82614e+17	1.00e+00	2.72e-12	0.00e+00
 1.83393e+17	1.00e+00	2.67e-12	0.00e+00
 1.84133e+17	1.00e+00	2.63e-12	0.00e+00
 1.84836e+17	1.00e+00	2.59e-12	0.00e+00
 1.85505e+17	1.00e+00	2.55e-12	0.00e+00
 1.86142e+17	1.00e+00	2.52e-12	0.00e+00
 1.86748e+17	1.00e+00	2.49e-12	0.00e+00
 1.87325e+17	1.00e+00	2.46e-12	0.00e+00
 1.87876e+17	1.00e+00	2.44e-12	0.00e+00
 1.88400e+17	1.00e+00	2.42e-12	0.00e+00
 1.88901e+17	1.00e+00	2.39e-12	0.00e+00
 1.89379e+17	1.00e+00	2.38e-12	0.00e+00
 1.89837e+17	1.00e+00	2.36e-12	0.00e+00
 1.90275e+17	1.00e+00	2.34e-12	0.00e+00
 1.90694e+17	1.00e+00	2.33e-12	0.00e+00
 1.91096e+17	1.00e+00	2.31e-12	0.00e+00
 1.91482e+17	1.00e+00	2.30e-12	0.00e+00
 1.91853e+17	1.00e+00	2.29e-12	0.00e+00
 1.92211e+17	1.00e+00	2.28e-12	0.00e+00
 1.92556e+17	1.00e+00	2.27e-12	0.00e+00
 1.92889e+17	1.00e+00	2.26e-12	0.00e+00
 1.93212e+17	1.00e+00	2.25e-12	0.00e+00
 1.93525e+17	1.00e+00	2.24e-12	0.00e+00
 1.93829e+17	1.00e+00	2.23e-12	0.00e+00
 1.94126e+17	1.00e+00	2.22e-12	0.00e+00
 1.94417e+17	1.00e+00	2.21e-12	0.00e+00
 1.94702e+17	1.00e+00	2.20e-12	0.00e+00
 1.94984e+17	1.00e+00	2.20e-12	0.00e+00
 1.95263e+17	1.00e+00	2.19e-12	0.00e+00
 1.95540e+17	1.00e+00	2.18e-12	0.00e+00
 1.95817e+17	1.00e+00	2.18e-12	0.00e+00
 1.96097e+17	1.00e+00	2.17e-12	0.00e+00
 1.96380e+17	1.00e+00	2.16e-12	0.00e+00
 1.96670e+17	1.00e+00	2.15e-12	0.00e+00
 1.96968e+17	1.00e+00	2.15e-12	0.00e+00
 1.97280e+17	1.00e+00	2.14e-12	0.00e+00
 1.97608e+17	1.00e+00	2.13e-12	0.00e+00
 1.97959e+17	1.00e+00	2.12e-12	0.00e+00
 1.98341e+17	1.00e+00	2.11e-12	0.00e+00
 1.98763e+17	1.00e+00	2.10e-12	0.00e+00
 1.99241e+17	1.00e+00	2.09e-12	0.00e+00
 1.99794e+17	1.00e+00	2.07e-12	0.00e+00
 2.00454e+17	1.00e+00	2.05e-12	0.00e+00
 2.01267e+17	1.00e+00	2.03e-12	0.00e+00
 2.02307e+17	1.00e+00	1.99e-12	0.00e+00
 2.03659e+17	1.00e+00	1.94e-12	0.00e+00
 2.05416e+17	1.00e+00	1.88e-12	0.00e+00
 2.07701e+17	1.00e+00	1.78e-12	0.00e+00
 2.10671e+17	1.00e+00	1.67e-12	0.00e+00
 2.14532e+17	1.00e+00	1.51e-12	0.00e+00
 2.19551e+17	1.00e+00	1.33e-12	0.00e+00
 2.26076e+17	1.00e+00	1.12e-12	0.00e+00
 2.34359e+17	1.00e+00	8.88e-13	0.00e+00
 2.43734e+17	1.00e+00	6.81e-13	0.00e+00
 2.53483e+17	1.00e+00	6.03e-13	0.00e+00
 2.63622e+17	1.00e+00	5.48e-13	0.00e+00
 2.74167e+17	1.00e+00	4.99e-13	0.00e+00
 2.85134e+17	1.00e+00	4.52e-13	0.00e+00
 2.96539e+17	1.00e+00	4.07e-13	0.00e+00
 3.08401e+17	1.00e+00	3.65e-13	0.00e+00
 3.20737e+17	1.00e+00	3.23e-13	0.00e+00
 3.33567e+17	1.00e+00	2.84e-13	0.00e+00
 3.46909e+17	1.00e+00	2.46e-13	0.00e+00
 3.60786e+17	1.00e+00	2.11e-13	0.00e+00
 3.74470e+17	1.00e+00	1.78e-13	0.00e+00
 3.86733e+17	1.00e+00	1.78e-13	0.00e+00
 3.97309e+17	1.00e+00	2.00e-13	0.00e+00
 4.06912e+17	1.00e+00	2.15e-13	0.00e+00
 4.16263e+17	1.00e+00	2.08e-13	0.00e+00
 4.25423e+17	1.00e+00	1.88e-13	0.00e+00
 4.33869e+17	1.00e+00	1.73e-13	0.00e+00
 4.41124e+17	1.00e+00	1.68e-13	0.00e+00
 4.46668e+17	1.00e+00	1.69e-13	0.00e+00
 4.50222e+17	1.00e+00	1.80e-13	0.00e+00
 4.52289e+17	1.00e+00	1.90e-13	0.00e+00
 4.53503e+17	1.00e+00	1.97e-13	0.00e+00
 4.54231e+17	1.00e+00	2.01e-13	0.00e+00
 4.54696e+17	1.00e+00	2.03e-13	0.00e+00
 4.55079e+17	1.00e+00	2.05e-13	0.00e+00
 4.55490e+17	1.00e+00	2.06e-13	0.00e+00
 4.55930e+17	1.00e+00	2.07e-13	0.00e+00
 4.56357e+17	1.00e+00	2.07e-13	0.00e+00
 4.56737e+17	1.00e+00	2.08e-13	0.00e+00
 4.57074e+17	1.00e+00	2.08e-13	0.00e+00
 4.57395e+17	1.00e+00	2.08e-13	0.00e+00
 4.57706e+17	1.00e+00	2.08e-13	0.00e+00
 4.57991e+17	1.00e+00	2.07e-13	0.00e+00
 4.58253e+17	1.00e+00	2.07e-13	0.00e+00
 4.58504e+17	1.00e+00	2.07e-13	0.00e+00
 4.58749e+17	1.00e+00	2.07e-13	0.00e+00
 4.58989e+17	1.00e+00	2.06e-13	0.00e+00
 4.59213e+17	1.00e+00	2.06e-13	0.00e+00
 4.59422e+17	1.00e+00	2.05e-13	0.00e+00
 4.59619e+17	1.00e+00	2.05e-13	0.00e+00
 4.59810e+17	1.00e+00	2.04e-13	0.00e+00
 4.60001e+17	1.00e+00	2.04e-13	0.00e+00
 4.60187e+17	1.00e+00	2.03e-13	0.00e+00
 4.60364e+17	1.00e+00	2.03e-13	0.00e+00
 4.60533e+17	1.00e+00	2.02e-13	0.00e+00
 4.60697e+17	1.00e+00	2.02e-13	0.00e+00
 4.60855e+17	1.00e+00	2.01e-13	0.00e+00
 4.61010e+17	1.00e+00	2.01e-13	0.00e+00
 4.61163e+17	1.00e+00	2.00e-13	0.00e+00
 4.61315e+17	1.00e+00	1.99e-13	0.00e+00
 4.61461e+17	1.00e+00	1.99e-13	0.00e+00
 4.61602e+17	1.00e+00	1.98e-13	0.00e+00
 4.61748e+17	1.00e+00	1.98e-13	0.00e+00
 4.61899e+17	1.00e+00	1.97e-13	0.00e+00
 4.62045e+17	1.00e+00	1.96e-13	0.00e+00
 4.62185e+17	1.00e+00	1.95e-13	0.00e+00
 4.62327e+17	1.00e+00	1.95e-13	0.00e+00
 4.62474e+17	1.00e+00	1.94e-13	0.00e+00
 4.62623e+17	1.00e+00	1.93e-13	0.00e+00
 4.62771e+17	1.00e+00	1.92e-13	0.00e+00
 4.62909e+17	1.00e+00	1.92e-13	0.00e+00
 4.63052e+17	1.00e+00	1.91e-13	0.00e+00
 4.63213e+17	1.00e+00	1.90e-13	0.00e+00
 4.63378e+17	1.00e+00	1.89e-13	0.00e+00
 4.63530e+17	1.00e+00	1.88e-13	0.00e+00
 4.63675e+17	1.00e+00	1.87e-13	0.00e+00
 4.63845e+17	1.00e+00	1.86e-13	0.00e+00
 4.64036e+17	1.00e+00	1.85e-13	0.00e+00
 4.64221e+17	1.00e+00	1.84e-13	0.00e+00
 4.64391e+17	1.00e+00	1.83e-13	0.00e+00
 4.64552e+17	1.00e+00	1.82e-13	0.00e+00
 4.64723e+17	1.00e+00	1.81e-13	0.00e+00
 4.64911e+17	1.00e+00	1.79e-13	0.00e+00
 4.65115e+17	1.00e+00	1.78e-13	0.00e+00
 4.65323e+17	1.00e+00	1.77e-13	0.00e+00
 4.65517e+17	1.00e+00	1.75e-13	0.00e+00
 4.65707e+17	1.00e+00	1.74e-13	0.00e+00
 4.65915e+17	1.00e+00	1.73e-13	0.00e+00
 4.66143e+17	1.00e+00	1.71e-13	0.00e+00
 4.66383e+17	1.00e+00	1.69e-13	0.00e+00
 4.66626e+17	1.00e+00	1.68e-13	0.00e+00
 4.66863e+17	1.00e+00	1.66e-13	0.00e+00
 4.67096e+17	1.00e+00	1.64e-13	0.00e+00
 4.67336e+17	1.00e+00	1.62e-13	0.00e+00
 4.67592e+17	1.00e+00	1.60e-13	0.00e+00
 4.67864e+17	1.00e+00	1.58e-13	0.00e+00
 4.68134e+17	1.00e+00	1.56e-13	0.00e+00
 4.68407e+17	1.00e+00	1.54e-13	0.00e+00
 4.68703e+17	1.00e+00	1.52e-13	0.00e+00
 4.69013e+17	1.00e+00	1.50e-13	0.00e+00
 4.69316e+17	1.00e+00	1.47e-13	0.00e+00
 4.69618e+17	1.00e+00	1.45e-13	0.00e+00
 4.69933e+17	1.00e+00	1.43e-13	0.00e+00
 4.70279e+17	1.00e+00	1.40e-13	0.00e+00
 4.70643e+17	1.00e+00	1.37e-13	0.00e+00
 4.70989e+17	1.00e+00	1.35e-13	0.00e+00
 4.71326e+17	1.00e+00	1.32e-13	0.00e+00
 4.71688e+17	1.00e+00	1.30e-13	0.00e+00
 4.72086e+17	1.00e+00	1.27e-13	0.00e+00
 4.72486e+17	1.00e+00	1.24e-13	0.00e+00
 4.72868e+17	1.00e+00	1.21e-13	0.00e+00
 4.73263e+17	1.00e+00	1.18e-13	0.00e+00
 4.73692e+17	1.00e+00	1.15e-13	0.00e+00
 4.74133e+17	1.00e+00	1.12e-13	0.00e+00
 4.74566e+17	1.00e+00	1.08e-13	0.00e+00
 4.75000e+17	1.00e+00	1.05e-13	0.00e+00
 4.75452e+17	1.00e+00	1.02e-13	0.00e+00
 4.75923e+17	1.00e+00	9.89e-14	0.00e+00
 4.76404e+17	1.00e+00	9.56e-14	0.00e+00
 4.76894e+17	1.00e+00	9.23e-14	0.00e+00
 4.77391e+17	1.00e+00	8.90e-14	0.00e+00
 4.77893e+17	1.00e+00	8.57e-14	0.00e+00
 4.78413e+17	1.00e+00	8.24e-14	0.00e+00
 4.78953e+17	1.00e+00	7.90e-14	0.00e+00
 4.79505e+17	1.00e+00	7.56e-14	0.00e+00
 4.80053e+17	1.00e+00	7.23e-14	0.00e+00
 4.80613e+17	1.00e+00	6.91e-14	0.00e+00
 4.81192e+17	1.00e+00	6.58e-14	0.00e+00
 4.81793e+17	1.00e+00	6.25e-14	0.00e+00
 4.82409e+17	1.00e+00	5.90e-14	0.00e+00
 4.83015e+17	1.00e+00	5.59e-14	0.00e+00
 4.83627e+17	1.00e+00	5.28e-14	0.00e+00
 4.84279e+17	1.00e+00	4.97e-14	0.00e+00
 4.84965e+17	1.00e+00	4.66e-14	0.00e+00
 4.85680e+17	1.00e+00	4.35e-14	0.00e+00
 4.86408e+17	1.00e+00	4.03e-14	0.00e+00
 4.87127e+17	1.00e+00	3.74e-14	0.00e+00
 4.87841e+17	1.00e+00	3.46e-14	0.00e+00
 4.88504e+17	1.00e+00	3.21e-14	0.00e+00
 4.89079e+17	1.00e+00	3.00e-14	0.00e+00
 4.89582e+17	1.00e+00	2.83e-14	0.00e+00
 4.90051e+17	1.00e+00	2.68e-14	0.00e+00
 4.90514e+17	1.00e+00	2.54e-14	0.00e+00
 4.90970e+17	1.00e+00	2.41e-14	0.00e+00
 4.91404e+17	1.00e+00	2.28e-14	0.00e+00
 4.91806e+17	1.00e+00	2.17e-14	0.00e+00
 4.92182e+17	1.00e+00	2.07e-14	0.00e+00
 4.92544e+17	1.00e+00	1.98e-14	0.00e+00
 4.92900e+17	1.00e+00	1.90e-14	0.00e+00
 4.93247e+17	1.00e+00	1.81e-14	0.00e+00
 4.93579e+17	1.00e+00	1.74e-14	0.00e+00
 4.93895e+17	1.00e+00	1.66e-14	0.00e+00
 4.94198e+17	1.00e+00	1.60e-14	0.00e+00
 4.94493e+17	1.00e+00	1.53e-14	0.00e+00
 4.94780e+17	1.00e+00	1.47e-14	0.00e+00
 4.95058e+17	1.00e+00	1.42e-14	0.00e+00
 4.95326e+17	1.00e+00	1.36e-14	0.00e+00
 4.95585e+17	1.00e+00	1.31e-14	0.00e+00
 4.95834e+17	1.00e+00	1.26e-14	0.00e+00
 4.96075e+17	1.00e+00	1.22e-14	0.00e+00
 4.96312e+17	1.00e+00	1.18e-14	0.00e+00
 4.96543e+17	1.00e+00	1.13e-14	0.00e+00
 4.96767e+17	1.00e+00	1.09e-14	0.00e+00
 4.96985e+17	1.00e+00	1.06e-14	0.00e+00
 4.97196e+17	1.00e+00	1.02e-14	0.00e+00
 4.97400e+17	1.00e+00	9.88e-15	0.00e+00
 4.97601e+17	1.00e+00	9.55e-15	0.00e+00
 4.97796e+17	1.00e+00	9.24e-15	0.00e+00
 4.98017e+17	1.00e+00	8.93e-15	0.00e+00
 4.98305e+17	1.00e+00	8.59e-15	0.00e+00
 4.98680e+17	1.00e+00	8.10e-15	0.00e+00
 4.99166e+17	1.00e+00	7.53e-15	0.00e+00
 4.99799e+17	1.00e+00	6.81e-15	0.00e+00
 5.00621e+17	1.00e+00	5.97e-15	0.00e+00
 5.01618e+17	1.00e+00	5.00e-15	0.00e+00
 5.02576e+17	1.00e+00	4.07e-15	0.00e+00
 5.03295e+17	1.00e+00	3.45e-15	0.00e+00
 5.03814e+17	1.00e+00	3.07e-15	0.00e+00
 5.04282e+17	1.00e+00	2.80e-15	0.00e+00
 5.04817e+17	1.00e+00	2.54e-15	0.00e+00
 5.05438e+17	1.00e+00	2.26e-15	0.00e+00
 5.06079e+17	1.00e+00	1.98e-15	0.00e+00
 5.06667e+17	1.00e+00	1.75e-15	0.00e+00
 5.07195e+17	1.00e+00	1.56e-15	0.00e+00
 5.07717e+17	1.00e+00	1.41e-15	0.00e+00
 5.08285e+17	1.00e+00	1.26e-15	0.00e+00
 5.08907e+17	1.00e+00	1.12e-15	0.00e+00
 5.09553e+17	1.00e+00	9.81e-16	0.00e+00
 5.10198e+17	1.00e+00	8.60e-16	0.00e+00
