#depth	N	N+	N+2	N+3	N+4	N+5	N+6	N+7
 1.49634e+10	0.00e+00	0.00e+00	6.76e-28	2.16e-18	9.22e-10	9.99e-01	5.36e-04	0.00e+00
 4.54887e+10	0.00e+00	4.37e-38	8.57e-28	2.53e-18	9.99e-10	1.00e+00	4.94e-04	3.23e-11
 7.72350e+10	0.00e+00	0.00e+00	1.09e-27	2.97e-18	1.08e-09	1.00e+00	4.56e-04	0.00e+00
 1.10251e+11	0.00e+00	8.21e-38	1.38e-27	3.47e-18	1.17e-09	1.00e+00	4.20e-04	0.00e+00
 1.43812e+11	0.00e+00	0.00e+00	1.74e-27	4.06e-18	1.26e-09	1.00e+00	3.88e-04	0.00e+00
 1.78716e+11	0.00e+00	1.52e-37	2.19e-27	4.74e-18	1.37e-09	1.00e+00	3.58e-04	0.00e+00
 2.15791e+11	0.00e+00	0.00e+00	2.78e-27	5.55e-18	1.48e-09	1.00e+00	3.30e-04	0.00e+00
 2.54350e+11	0.00e+00	2.87e-37	3.52e-27	6.51e-18	1.60e-09	1.00e+00	3.04e-04	0.00e+00
 2.94450e+11	0.00e+00	0.00e+00	4.47e-27	7.63e-18	1.74e-09	1.00e+00	2.80e-04	0.00e+00
 3.36155e+11	0.00e+00	5.41e-37	5.68e-27	8.95e-18	1.88e-09	1.00e+00	2.58e-04	0.00e+00
 3.79528e+11	0.00e+00	0.00e+00	7.20e-27	1.05e-17	2.04e-09	1.00e+00	2.38e-04	0.00e+00
 4.24636e+11	0.00e+00	1.02e-36	9.15e-27	1.23e-17	2.21e-09	1.00e+00	2.19e-04	0.00e+00
 4.71548e+11	0.00e+00	0.00e+00	1.16e-26	1.45e-17	2.39e-09	1.00e+00	2.02e-04	0.00e+00
 5.20337e+11	0.00e+00	1.93e-36	1.48e-26	1.70e-17	2.59e-09	1.00e+00	1.86e-04	0.00e+00
 5.71077e+11	3.63e-47	2.66e-36	1.88e-26	1.99e-17	2.81e-09	1.00e+00	1.71e-04	0.00e+00
 6.23847e+11	0.00e+00	0.00e+00	2.39e-26	2.34e-17	3.04e-09	1.00e+00	1.57e-04	0.00e+00
 6.78728e+11	0.00e+00	5.04e-36	3.04e-26	2.75e-17	3.30e-09	1.00e+00	1.45e-04	0.00e+00
 7.35804e+11	1.21e-46	6.95e-36	3.87e-26	3.23e-17	3.58e-09	1.00e+00	1.33e-04	0.00e+00
 7.95163e+11	0.00e+00	0.00e+00	4.92e-26	3.80e-17	3.88e-09	1.00e+00	1.23e-04	0.00e+00
 8.56896e+11	0.00e+00	1.32e-35	6.27e-26	4.47e-17	4.21e-09	1.00e+00	1.13e-04	0.00e+00
 9.21098e+11	4.02e-46	1.82e-35	8.00e-26	5.27e-17	4.57e-09	1.00e+00	1.04e-04	0.00e+00
 9.87869e+11	0.00e+00	0.00e+00	1.02e-25	6.20e-17	4.96e-09	1.00e+00	9.53e-05	0.00e+00
 1.05731e+12	0.00e+00	3.48e-35	1.30e-25	7.31e-17	5.39e-09	1.00e+00	8.76e-05	0.00e+00
 1.12953e+12	1.35e-45	4.82e-35	1.66e-25	8.61e-17	5.86e-09	1.00e+00	8.05e-05	0.00e+00
 1.20464e+12	0.00e+00	0.00e+00	2.13e-25	1.02e-16	6.37e-09	1.00e+00	7.40e-05	0.00e+00
 1.27483e+12	0.00e+00	8.93e-35	2.65e-25	1.18e-16	6.86e-09	1.00e+00	6.85e-05	0.00e+00
 1.33689e+12	4.00e-45	1.15e-34	3.20e-25	1.34e-16	7.32e-09	1.00e+00	6.42e-05	0.00e+00
 1.40626e+12	0.00e+00	0.00e+00	3.94e-25	1.54e-16	7.85e-09	1.00e+00	5.97e-05	0.00e+00
 1.48935e+12	0.00e+00	2.07e-34	5.00e-25	1.81e-16	8.52e-09	1.00e+00	5.50e-05	0.00e+00
 1.57288e+12	1.22e-44	2.82e-34	6.31e-25	2.12e-16	9.22e-09	1.00e+00	5.07e-05	0.00e+00
 1.65016e+12	0.00e+00	3.71e-34	7.77e-25	2.44e-16	9.90e-09	1.00e+00	4.72e-05	0.00e+00
 1.73650e+12	2.50e-44	4.99e-34	9.74e-25	2.84e-16	1.07e-08	1.00e+00	4.37e-05	0.00e+00
 1.83589e+12	0.00e+00	6.95e-34	1.25e-24	3.37e-16	1.17e-08	1.00e+00	4.00e-05	0.00e+00
 1.93333e+12	5.56e-44	9.50e-34	1.59e-24	3.96e-16	1.27e-08	1.00e+00	3.69e-05	0.00e+00
 2.02572e+12	0.00e+00	1.26e-33	1.97e-24	4.58e-16	1.36e-08	1.00e+00	3.42e-05	0.00e+00
 2.12774e+12	1.16e-43	1.72e-33	2.49e-24	5.37e-16	1.48e-08	1.00e+00	3.15e-05	0.00e+00
 2.24278e+12	0.00e+00	2.40e-33	3.20e-24	6.38e-16	1.61e-08	1.00e+00	2.89e-05	0.00e+00
 2.35701e+12	2.61e-43	3.29e-33	4.08e-24	7.53e-16	1.76e-08	1.00e+00	2.65e-05	0.00e+00
 2.47582e+12	0.00e+00	4.53e-33	5.21e-24	8.89e-16	1.91e-08	1.00e+00	2.44e-05	0.00e+00
 2.60478e+12	5.88e-43	6.33e-33	6.72e-24	1.06e-15	2.09e-08	1.00e+00	2.23e-05	0.00e+00
 2.73532e+12	0.00e+00	8.76e-33	8.60e-24	1.25e-15	2.28e-08	1.00e+00	2.05e-05	0.00e+00
 2.87109e+12	1.32e-42	1.21e-32	1.10e-23	1.49e-15	2.49e-08	1.00e+00	1.87e-05	0.00e+00
 3.01586e+12	0.00e+00	1.69e-32	1.42e-23	1.77e-15	2.72e-08	1.00e+00	1.71e-05	0.00e+00
 3.16642e+12	3.02e-42	2.37e-32	1.84e-23	2.12e-15	2.98e-08	1.00e+00	1.56e-05	0.00e+00
 3.32300e+12	0.00e+00	3.31e-32	2.38e-23	2.52e-15	3.26e-08	1.00e+00	1.43e-05	0.00e+00
 3.48585e+12	6.92e-42	4.62e-32	3.08e-23	3.01e-15	3.57e-08	1.00e+00	1.31e-05	0.00e+00
 3.65521e+12	0.00e+00	6.44e-32	3.97e-23	3.59e-15	3.91e-08	1.00e+00	1.19e-05	0.00e+00
 3.83135e+12	1.58e-41	9.00e-32	5.13e-23	4.29e-15	4.29e-08	1.00e+00	1.09e-05	0.00e+00
 4.00080e+12	0.00e+00	1.22e-31	6.51e-23	5.06e-15	4.67e-08	1.00e+00	1.00e-05	0.00e+00
 4.15802e+12	3.24e-41	1.61e-31	8.04e-23	5.86e-15	5.04e-08	1.00e+00	9.28e-06	0.00e+00
 4.33527e+12	0.00e+00	2.18e-31	1.01e-22	6.89e-15	5.48e-08	1.00e+00	8.54e-06	0.00e+00
 4.53167e+12	6.96e-41	3.00e-31	1.30e-22	8.19e-15	5.99e-08	1.00e+00	7.82e-06	0.00e+00
 4.71745e+12	0.00e+00	4.01e-31	1.63e-22	9.59e-15	6.50e-08	1.00e+00	7.21e-06	0.00e+00
 4.91759e+12	1.44e-40	5.42e-31	2.05e-22	1.13e-14	7.08e-08	1.00e+00	6.63e-06	0.00e+00
 5.14422e+12	0.00e+00	7.52e-31	2.65e-22	1.35e-14	7.77e-08	1.00e+00	6.04e-06	0.00e+00
 5.36707e+12	3.16e-40	1.02e-30	3.37e-22	1.60e-14	8.49e-08	1.00e+00	5.54e-06	0.00e+00
 5.59883e+12	0.00e+00	1.39e-30	4.28e-22	1.89e-14	9.28e-08	1.00e+00	5.07e-06	0.00e+00
 5.85271e+12	6.86e-40	1.93e-30	5.52e-22	2.26e-14	1.02e-07	1.00e+00	4.62e-06	0.00e+00
 6.10760e+12	0.00e+00	2.64e-30	7.04e-22	2.69e-14	1.12e-07	1.00e+00	4.23e-06	0.00e+00
 6.37267e+12	1.47e-39	3.60e-30	8.98e-22	3.19e-14	1.22e-07	1.00e+00	3.87e-06	0.00e+00
 6.62931e+12	0.00e+00	4.81e-30	1.13e-21	3.75e-14	1.33e-07	1.00e+00	3.55e-06	0.00e+00
 6.85316e+12	2.82e-39	6.13e-30	1.36e-21	4.30e-14	1.43e-07	1.00e+00	3.31e-06	0.00e+00
 7.09892e+12	0.00e+00	7.94e-30	1.67e-21	4.96e-14	1.54e-07	1.00e+00	3.07e-06	0.00e+00
 7.39754e+12	5.56e-39	1.07e-29	2.11e-21	5.88e-14	1.69e-07	1.00e+00	2.81e-06	0.00e+00
 7.69893e+12	0.00e+00	1.44e-29	2.66e-21	6.94e-14	1.84e-07	1.00e+00	2.58e-06	0.00e+00
 7.97177e+12	1.08e-38	1.85e-29	3.25e-21	8.01e-14	1.99e-07	1.00e+00	2.39e-06	0.00e+00
 8.27347e+12	0.00e+00	2.43e-29	4.02e-21	9.34e-14	2.16e-07	1.00e+00	2.21e-06	0.00e+00
 8.62783e+12	2.17e-38	3.29e-29	5.12e-21	1.11e-13	2.37e-07	1.00e+00	2.01e-06	0.00e+00
 8.97767e+12	0.00e+00	4.40e-29	6.44e-21	1.31e-13	2.59e-07	1.00e+00	1.84e-06	0.00e+00
 9.30467e+12	4.21e-38	5.70e-29	7.90e-21	1.52e-13	2.81e-07	1.00e+00	1.70e-06	0.00e+00
 9.66994e+12	0.00e+00	7.53e-29	9.85e-21	1.78e-13	3.06e-07	1.00e+00	1.57e-06	0.00e+00
 1.00867e+13	8.51e-38	1.02e-28	1.25e-20	2.13e-13	3.36e-07	1.00e+00	1.43e-06	0.00e+00
 1.05002e+13	0.00e+00	1.36e-28	1.58e-20	2.51e-13	3.68e-07	1.00e+00	1.31e-06	0.00e+00
 1.09302e+13	1.71e-37	1.82e-28	1.99e-20	2.97e-13	4.03e-07	1.00e+00	1.19e-06	0.00e+00
 1.13974e+13	0.00e+00	2.45e-28	2.52e-20	3.53e-13	4.42e-07	1.00e+00	1.09e-06	0.00e+00
 1.18832e+13	3.51e-37	3.30e-28	3.20e-20	4.20e-13	4.86e-07	1.00e+00	9.93e-07	0.00e+00
 1.23885e+13	0.00e+00	4.44e-28	4.05e-20	4.99e-13	5.34e-07	1.00e+00	0.00e+00	0.00e+00
 1.29139e+13	7.18e-37	5.96e-28	5.12e-20	5.92e-13	5.86e-07	1.00e+00	0.00e+00	0.00e+00
 1.34604e+13	0.00e+00	8.01e-28	6.48e-20	7.03e-13	6.43e-07	1.00e+00	0.00e+00	0.00e+00
 1.40288e+13	1.46e-36	1.07e-27	8.19e-20	8.33e-13	7.05e-07	1.00e+00	0.00e+00	0.00e+00
 1.45985e+13	0.00e+00	1.42e-27	1.03e-19	9.81e-13	7.70e-07	1.00e+00	0.00e+00	0.00e+00
 1.51910e+13	2.89e-36	1.89e-27	1.28e-19	1.15e-12	8.41e-07	1.00e+00	0.00e+00	0.00e+00
 1.57944e+13	0.00e+00	2.49e-27	1.60e-19	1.35e-12	9.17e-07	1.00e+00	0.00e+00	0.00e+00
 1.63663e+13	5.48e-36	3.21e-27	1.96e-19	1.57e-12	9.92e-07	1.00e+00	0.00e+00	0.00e+00
 1.69953e+13	0.00e+00	4.20e-27	2.42e-19	1.83e-12	1.08e-06	1.00e+00	0.00e+00	0.00e+00
 1.76483e+13	1.05e-35	5.50e-27	3.00e-19	2.13e-12	1.17e-06	1.00e+00	0.00e+00	0.00e+00
 1.82257e+13	0.00e+00	6.92e-27	3.59e-19	2.42e-12	1.26e-06	1.00e+00	0.00e+00	0.00e+00
 1.88516e+13	1.86e-35	8.81e-27	4.35e-19	2.78e-12	1.35e-06	1.00e+00	0.00e+00	0.00e+00
 1.96044e+13	0.00e+00	1.17e-26	5.43e-19	3.26e-12	1.47e-06	1.00e+00	0.00e+00	0.00e+00
 2.03651e+13	3.66e-35	1.53e-26	6.74e-19	3.80e-12	1.60e-06	1.00e+00	0.00e+00	0.00e+00
 2.10713e+13	0.00e+00	1.96e-26	8.18e-19	4.35e-12	1.72e-06	1.00e+00	0.00e+00	0.00e+00
 2.18592e+13	6.83e-35	2.56e-26	1.01e-18	5.05e-12	1.86e-06	1.00e+00	0.00e+00	0.00e+00
 2.26854e+13	0.00e+00	3.35e-26	1.24e-18	5.86e-12	2.02e-06	1.00e+00	0.00e+00	0.00e+00
 2.33962e+13	1.25e-34	4.20e-26	1.48e-18	6.63e-12	2.15e-06	1.00e+00	0.00e+00	0.00e+00
 2.41504e+13	0.00e+00	5.30e-26	1.78e-18	7.53e-12	2.30e-06	1.00e+00	0.00e+00	0.00e+00
 2.50832e+13	2.32e-34	6.99e-26	2.21e-18	8.76e-12	2.50e-06	1.00e+00	0.00e+00	0.00e+00
 2.60258e+13	3.24e-34	9.16e-26	2.72e-18	1.02e-11	2.70e-06	1.00e+00	0.00e+00	0.00e+00
 2.68530e+13	4.29e-34	1.15e-25	3.26e-18	1.15e-11	2.88e-06	1.00e+00	0.00e+00	0.00e+00
 2.77527e+13	5.80e-34	1.47e-25	3.94e-18	1.31e-11	3.09e-06	1.00e+00	0.00e+00	0.00e+00
 2.88414e+13	8.22e-34	1.96e-25	4.91e-18	1.53e-11	3.35e-06	1.00e+00	0.00e+00	0.00e+00
 2.99369e+13	1.16e-33	2.59e-25	6.09e-18	1.78e-11	3.62e-06	1.00e+00	0.00e+00	0.00e+00
 3.09342e+13	1.56e-33	3.30e-25	7.35e-18	2.02e-11	3.88e-06	1.00e+00	0.00e+00	0.00e+00
 3.20425e+13	2.16e-33	4.30e-25	9.01e-18	2.33e-11	4.17e-06	1.00e+00	0.00e+00	0.00e+00
 3.33373e+13	3.12e-33	5.79e-25	1.13e-17	2.72e-11	4.53e-06	1.00e+00	0.00e+00	0.00e+00
 3.46190e+13	4.43e-33	7.69e-25	1.41e-17	3.16e-11	4.89e-06	1.00e+00	0.00e+00	0.00e+00
 3.58401e+13	6.12e-33	1.00e-24	1.72e-17	3.63e-11	5.25e-06	1.00e+00	0.00e+00	0.00e+00
 3.71918e+13	8.65e-33	1.32e-24	2.14e-17	4.21e-11	5.67e-06	1.00e+00	0.00e+00	0.00e+00
 3.87094e+13	1.26e-32	1.79e-24	2.69e-17	4.93e-11	6.16e-06	1.00e+00	0.00e+00	0.00e+00
 4.02479e+13	1.82e-32	2.41e-24	3.38e-17	5.76e-11	6.67e-06	1.00e+00	0.00e+00	0.00e+00
 4.18480e+13	2.62e-32	3.25e-24	4.24e-17	6.72e-11	7.22e-06	1.00e+00	0.00e+00	0.00e+00
 4.35518e+13	3.83e-32	4.40e-24	5.36e-17	7.88e-11	7.83e-06	1.00e+00	0.00e+00	0.00e+00
 4.52428e+13	5.49e-32	5.90e-24	6.69e-17	9.16e-11	8.46e-06	1.00e+00	0.00e+00	0.00e+00
 4.70014e+13	7.89e-32	7.90e-24	8.36e-17	1.07e-10	9.15e-06	1.00e+00	0.00e+00	0.00e+00
 4.89114e+13	1.15e-31	1.07e-23	1.06e-16	1.25e-10	9.92e-06	1.00e+00	0.00e+00	0.00e+00
 5.08462e+13	1.67e-31	1.45e-23	1.32e-16	1.46e-10	1.07e-05	1.00e+00	0.00e+00	0.00e+00
 5.28584e+13	2.41e-31	1.95e-23	1.66e-16	1.70e-10	1.16e-05	1.00e+00	0.00e+00	0.00e+00
 5.50027e+13	3.53e-31	2.65e-23	2.10e-16	1.99e-10	1.26e-05	1.00e+00	0.00e+00	0.00e+00
 5.69775e+13	4.94e-31	3.47e-23	2.58e-16	2.29e-10	1.35e-05	1.00e+00	0.00e+00	0.00e+00
 5.86897e+13	6.56e-31	4.36e-23	3.07e-16	2.58e-10	1.44e-05	1.00e+00	0.00e+00	0.00e+00
 6.06001e+13	8.90e-31	5.58e-23	3.71e-16	2.93e-10	1.54e-05	1.00e+00	0.00e+00	0.00e+00
 6.29284e+13	1.27e-30	7.46e-23	4.62e-16	3.40e-10	1.66e-05	1.00e+00	0.00e+00	0.00e+00
 6.53356e+13	1.82e-30	9.96e-23	5.76e-16	3.95e-10	1.79e-05	1.00e+00	0.00e+00	0.00e+00
 6.76028e+13	2.53e-30	1.30e-22	7.04e-16	4.53e-10	1.92e-05	1.00e+00	0.00e+00	0.00e+00
 7.01004e+13	3.57e-30	1.71e-22	8.71e-16	5.23e-10	2.07e-05	1.00e+00	0.00e+00	0.00e+00
 7.29344e+13	5.21e-30	2.32e-22	1.10e-15	6.13e-10	2.24e-05	1.00e+00	0.00e+00	0.00e+00
 7.57696e+13	7.49e-30	3.12e-22	1.38e-15	7.14e-10	2.42e-05	1.00e+00	0.00e+00	0.00e+00
 7.87183e+13	1.08e-29	4.19e-22	1.72e-15	8.32e-10	2.62e-05	1.00e+00	0.00e+00	0.00e+00
 8.18969e+13	1.57e-29	5.68e-22	2.17e-15	9.74e-10	2.84e-05	1.00e+00	0.00e+00	0.00e+00
 8.52027e+13	2.29e-29	7.70e-22	2.74e-15	1.14e-09	3.09e-05	1.00e+00	0.00e+00	0.00e+00
 8.82778e+13	3.21e-29	1.01e-21	3.38e-15	1.31e-09	3.32e-05	1.00e+00	0.00e+00	0.00e+00
 9.09709e+13	4.28e-29	1.28e-21	4.03e-15	1.48e-09	3.53e-05	1.00e+00	0.00e+00	0.00e+00
 9.39687e+13	5.83e-29	1.64e-21	4.88e-15	1.69e-09	3.77e-05	1.00e+00	0.00e+00	0.00e+00
 9.75913e+13	8.35e-29	2.19e-21	6.09e-15	1.96e-09	4.08e-05	1.00e+00	0.00e+00	0.00e+00
 1.01240e+14	1.19e-28	2.91e-21	7.56e-15	2.27e-09	4.40e-05	1.00e+00	0.00e+00	0.00e+00
 1.04565e+14	1.62e-28	3.73e-21	9.15e-15	2.59e-09	4.70e-05	1.00e+00	0.00e+00	0.00e+00
 1.08253e+14	2.25e-28	4.88e-21	1.12e-14	2.97e-09	5.05e-05	1.00e+00	0.00e+00	0.00e+00
 1.12560e+14	3.27e-28	6.59e-21	1.41e-14	3.47e-09	5.47e-05	1.00e+00	0.00e+00	0.00e+00
 1.16781e+14	4.65e-28	8.77e-21	1.76e-14	4.02e-09	5.90e-05	1.00e+00	0.00e+00	0.00e+00
 1.20725e+14	6.40e-28	1.13e-20	2.14e-14	4.60e-09	6.31e-05	1.00e+00	0.00e+00	0.00e+00
 1.25138e+14	9.04e-28	1.50e-20	2.64e-14	5.31e-09	6.79e-05	1.00e+00	0.00e+00	0.00e+00
 1.30174e+14	1.32e-27	2.04e-20	3.33e-14	6.21e-09	7.36e-05	1.00e+00	0.00e+00	0.00e+00
 1.35156e+14	1.90e-27	2.73e-20	4.16e-14	7.22e-09	7.95e-05	1.00e+00	0.00e+00	0.00e+00
 1.40338e+14	2.73e-27	3.66e-20	5.20e-14	8.39e-09	8.58e-05	1.00e+00	0.00e+00	0.00e+00
 1.45981e+14	4.01e-27	4.98e-20	6.57e-14	9.82e-09	9.30e-05	1.00e+00	0.00e+00	0.00e+00
 1.51726e+14	5.83e-27	6.73e-20	8.26e-14	1.15e-08	1.01e-04	1.00e+00	0.00e+00	0.00e+00
 1.57701e+14	8.50e-27	9.12e-20	1.04e-13	1.34e-08	1.09e-04	1.00e+00	0.00e+00	0.00e+00
 1.63826e+14	1.23e-26	1.23e-19	1.30e-13	1.56e-08	1.17e-04	1.00e+00	0.00e+00	0.00e+00
 1.70196e+14	1.79e-26	1.66e-19	1.64e-13	1.81e-08	1.27e-04	1.00e+00	0.00e+00	0.00e+00
 1.76646e+14	2.58e-26	2.23e-19	2.04e-13	2.10e-08	1.37e-04	1.00e+00	0.00e+00	0.00e+00
 1.82726e+14	3.60e-26	2.91e-19	2.50e-13	2.40e-08	1.46e-04	1.00e+00	0.00e+00	0.00e+00
 1.89436e+14	5.13e-26	3.86e-19	3.09e-13	2.78e-08	1.57e-04	1.00e+00	0.00e+00	0.00e+00
 1.97043e+14	7.56e-26	5.27e-19	3.91e-13	3.25e-08	1.70e-04	1.00e+00	0.00e+00	0.00e+00
 2.04571e+14	1.09e-25	7.09e-19	4.89e-13	3.77e-08	1.84e-04	1.00e+00	0.00e+00	0.00e+00
 2.11263e+14	1.50e-25	9.15e-19	5.93e-13	4.29e-08	1.96e-04	1.00e+00	0.00e+00	0.00e+00
 2.18260e+14	2.08e-25	1.19e-18	7.20e-13	4.88e-08	2.09e-04	1.00e+00	0.00e+00	0.00e+00
 2.26674e+14	3.02e-25	1.60e-18	9.02e-13	5.68e-08	2.25e-04	1.00e+00	0.00e+00	0.00e+00
 2.35037e+14	4.32e-25	2.13e-18	1.12e-12	6.56e-08	2.42e-04	1.00e+00	0.00e+00	0.00e+00
 2.42610e+14	5.91e-25	2.74e-18	1.35e-12	7.44e-08	2.58e-04	1.00e+00	0.00e+00	0.00e+00
 2.51052e+14	8.29e-25	3.59e-18	1.66e-12	8.53e-08	2.76e-04	1.00e+00	0.00e+00	0.00e+00
 2.60351e+14	1.19e-24	4.79e-18	2.06e-12	9.86e-08	2.97e-04	1.00e+00	0.00e+00	0.00e+00
 2.68903e+14	1.63e-24	6.19e-18	2.50e-12	1.12e-07	3.17e-04	1.00e+00	0.00e+00	0.00e+00
 2.78159e+14	2.28e-24	8.09e-18	3.05e-12	1.28e-07	3.39e-04	1.00e+00	0.00e+00	0.00e+00
 2.88491e+14	3.27e-24	1.08e-17	3.80e-12	1.48e-07	3.65e-04	1.00e+00	0.00e+00	0.00e+00
 2.98192e+14	4.52e-24	1.40e-17	4.62e-12	1.69e-07	3.90e-04	1.00e+00	0.00e+00	0.00e+00
 3.08769e+14	6.37e-24	1.84e-17	5.69e-12	1.94e-07	4.18e-04	1.00e+00	0.00e+00	0.00e+00
 3.20521e+14	9.18e-24	2.47e-17	7.10e-12	2.26e-07	4.51e-04	1.00e+00	0.00e+00	0.00e+00
 3.31484e+14	1.27e-23	3.22e-17	8.67e-12	2.58e-07	4.83e-04	1.00e+00	0.00e+00	0.00e+00
 3.43421e+14	1.80e-23	4.24e-17	1.07e-11	2.97e-07	5.19e-04	9.99e-01	0.00e+00	0.00e+00
 3.56762e+14	2.60e-23	5.72e-17	1.34e-11	3.46e-07	5.60e-04	9.99e-01	0.00e+00	0.00e+00
 3.69345e+14	3.64e-23	7.49e-17	1.65e-11	3.98e-07	6.01e-04	9.99e-01	0.00e+00	0.00e+00
 3.82856e+14	5.14e-23	9.90e-17	2.04e-11	4.59e-07	6.47e-04	9.99e-01	0.00e+00	0.00e+00
 3.97887e+14	7.43e-23	1.33e-16	2.56e-11	5.35e-07	7.01e-04	9.99e-01	0.00e+00	0.00e+00
 4.12430e+14	1.05e-22	1.76e-16	3.16e-11	6.18e-07	7.54e-04	9.99e-01	0.00e+00	0.00e+00
 4.27867e+14	1.49e-22	2.34e-16	3.93e-11	7.16e-07	8.13e-04	9.99e-01	0.00e+00	0.00e+00
 4.45012e+14	2.16e-22	3.16e-16	4.95e-11	8.39e-07	8.83e-04	9.99e-01	0.00e+00	0.00e+00
 4.62200e+14	3.09e-22	4.23e-16	6.19e-11	9.76e-07	9.55e-04	9.99e-01	0.00e+00	0.00e+00
 4.80076e+14	4.42e-22	5.65e-16	7.74e-11	1.14e-06	1.03e-03	9.99e-01	0.00e+00	0.00e+00
 4.99309e+14	6.37e-22	7.62e-16	9.74e-11	1.33e-06	1.12e-03	9.99e-01	0.00e+00	0.00e+00
 5.19311e+14	9.17e-22	1.03e-15	1.23e-10	1.56e-06	1.22e-03	9.99e-01	0.00e+00	0.00e+00
 5.40114e+14	1.32e-21	1.38e-15	1.54e-10	1.83e-06	1.33e-03	9.99e-01	0.00e+00	0.00e+00
 5.59957e+14	1.84e-21	1.81e-15	1.91e-10	2.11e-06	1.43e-03	9.99e-01	0.00e+00	0.00e+00
 5.76587e+14	2.40e-21	2.25e-15	2.26e-10	2.37e-06	1.52e-03	9.98e-01	0.00e+00	0.00e+00
 5.93588e+14	3.13e-21	2.80e-15	2.68e-10	2.67e-06	1.62e-03	9.98e-01	0.00e+00	0.00e+00
 6.15277e+14	4.32e-21	3.65e-15	3.30e-10	3.08e-06	1.75e-03	9.98e-01	0.00e+00	0.00e+00
 6.37588e+14	5.94e-21	4.75e-15	4.06e-10	3.56e-06	1.89e-03	9.98e-01	0.00e+00	0.00e+00
 6.56734e+14	7.74e-21	5.91e-15	4.82e-10	4.01e-06	2.02e-03	9.98e-01	0.00e+00	0.00e+00
 6.77238e+14	1.01e-20	7.40e-15	5.76e-10	4.53e-06	2.16e-03	9.98e-01	0.00e+00	0.00e+00
 7.02618e+14	1.40e-20	9.69e-15	7.14e-10	5.26e-06	2.34e-03	9.98e-01	0.00e+00	0.00e+00
 7.28391e+14	1.93e-20	1.26e-14	8.79e-10	6.08e-06	2.53e-03	9.97e-01	0.00e+00	0.00e+00
 7.51070e+14	2.52e-20	1.58e-14	1.05e-09	6.88e-06	2.71e-03	9.97e-01	0.00e+00	0.00e+00
 7.75672e+14	3.31e-20	1.98e-14	1.26e-09	7.83e-06	2.91e-03	9.97e-01	0.00e+00	0.00e+00
 8.05384e+14	4.60e-20	2.61e-14	1.57e-09	9.11e-06	3.16e-03	9.97e-01	0.00e+00	0.00e+00
 8.34850e+14	6.27e-20	3.38e-14	1.94e-09	1.05e-05	3.43e-03	9.97e-01	0.00e+00	0.00e+00
 8.60993e+14	8.18e-20	4.22e-14	2.32e-09	1.19e-05	3.67e-03	9.96e-01	0.00e+00	0.00e+00
 8.89706e+14	1.08e-19	5.33e-14	2.80e-09	1.36e-05	3.95e-03	9.96e-01	0.00e+00	0.00e+00
 9.24069e+14	1.49e-19	6.99e-14	3.49e-09	1.58e-05	4.30e-03	9.96e-01	0.00e+00	0.00e+00
 9.58139e+14	2.03e-19	9.06e-14	4.31e-09	1.83e-05	4.66e-03	9.95e-01	0.00e+00	0.00e+00
 9.88948e+14	2.65e-19	1.13e-13	5.17e-09	2.08e-05	5.00e-03	9.95e-01	0.00e+00	0.00e+00
 1.02315e+15	3.54e-19	1.45e-13	6.30e-09	2.38e-05	5.40e-03	9.95e-01	0.00e+00	0.00e+00
 1.06335e+15	4.90e-19	1.91e-13	7.89e-09	2.78e-05	5.89e-03	9.94e-01	0.00e+00	0.00e+00
 1.10290e+15	6.67e-19	2.47e-13	9.76e-09	3.22e-05	6.39e-03	9.94e-01	0.00e+00	0.00e+00
 1.13958e+15	8.79e-19	3.13e-13	1.18e-08	3.67e-05	6.87e-03	9.93e-01	0.00e+00	0.00e+00
 1.18073e+15	1.19e-18	4.03e-13	1.45e-08	4.22e-05	7.44e-03	9.93e-01	0.00e+00	0.00e+00
 1.22799e+15	1.65e-18	5.34e-13	1.83e-08	4.94e-05	8.13e-03	9.92e-01	0.00e+00	0.00e+00
 1.27445e+15	2.26e-18	6.97e-13	2.27e-08	5.73e-05	8.83e-03	9.91e-01	0.00e+00	0.00e+00
 1.32276e+15	3.10e-18	9.11e-13	2.83e-08	6.65e-05	9.60e-03	9.90e-01	0.00e+00	0.00e+00
 1.37570e+15	4.33e-18	1.21e-12	3.57e-08	7.78e-05	1.05e-02	9.89e-01	0.00e+00	0.00e+00
 1.42933e+15	6.00e-18	1.59e-12	4.47e-08	9.06e-05	1.14e-02	9.88e-01	0.00e+00	0.00e+00
 1.48511e+15	8.33e-18	2.10e-12	5.60e-08	1.06e-04	1.24e-02	9.87e-01	0.00e+00	0.00e+00
 1.54454e+15	1.17e-17	2.80e-12	7.07e-08	1.23e-04	1.36e-02	9.86e-01	0.00e+00	0.00e+00
 1.59598e+15	1.54e-17	3.55e-12	8.58e-08	1.41e-04	1.46e-02	9.85e-01	0.00e+00	0.00e+00
 1.63550e+15	1.91e-17	4.24e-12	9.92e-08	1.55e-04	1.54e-02	9.84e-01	0.00e+00	0.00e+00
 1.67779e+15	2.38e-17	5.11e-12	1.15e-07	1.72e-04	1.63e-02	9.84e-01	0.00e+00	0.00e+00
 1.73277e+15	3.15e-17	6.48e-12	1.40e-07	1.95e-04	1.75e-02	9.82e-01	0.00e+00	0.00e+00
 1.79262e+15	4.24e-17	8.32e-12	1.71e-07	2.24e-04	1.88e-02	9.81e-01	0.00e+00	0.00e+00
 1.84713e+15	5.52e-17	1.04e-11	2.05e-07	2.52e-04	2.01e-02	9.80e-01	0.00e+00	0.00e+00
 1.90633e+15	7.28e-17	1.31e-11	2.48e-07	2.86e-04	2.16e-02	9.78e-01	0.00e+00	0.00e+00
 1.97861e+15	1.01e-16	1.73e-11	3.10e-07	3.31e-04	2.34e-02	9.76e-01	0.00e+00	0.00e+00
 2.05085e+15	1.54e-16	2.26e-11	3.84e-07	3.82e-04	2.53e-02	9.74e-01	0.00e+00	0.00e+00
 2.11482e+15	2.04e-16	2.84e-11	4.62e-07	4.32e-04	2.70e-02	9.73e-01	0.00e+00	0.00e+00
 2.18507e+15	2.75e-16	3.63e-11	5.62e-07	4.92e-04	2.90e-02	9.70e-01	0.00e+00	0.00e+00
 2.26929e+15	3.87e-16	4.83e-11	7.07e-07	5.73e-04	3.15e-02	9.68e-01	0.00e+00	0.00e+00
 2.35295e+15	5.38e-16	6.34e-11	8.79e-07	6.61e-04	3.41e-02	9.65e-01	0.00e+00	0.00e+00
 2.42854e+15	7.18e-16	8.05e-11	1.06e-06	7.50e-04	3.65e-02	9.63e-01	0.00e+00	0.00e+00
 2.51237e+15	9.82e-16	1.04e-10	1.31e-06	8.59e-04	3.92e-02	9.60e-01	0.00e+00	0.00e+00
 2.61096e+15	1.40e-15	1.40e-10	1.65e-06	1.00e-03	4.26e-02	9.56e-01	0.00e+00	0.00e+00
 2.70810e+15	1.96e-15	1.84e-10	2.05e-06	1.16e-03	4.60e-02	9.53e-01	0.00e+00	0.00e+00
 2.79831e+15	2.66e-15	2.37e-10	2.50e-06	1.32e-03	4.93e-02	9.49e-01	0.00e+00	0.00e+00
 2.89945e+15	3.67e-15	3.10e-10	3.10e-06	1.52e-03	5.31e-02	9.45e-01	0.00e+00	0.00e+00
 3.01546e+15	5.29e-15	4.19e-10	3.93e-06	1.77e-03	5.77e-02	9.41e-01	0.00e+00	0.00e+00
 3.12968e+15	7.52e-15	5.58e-10	4.93e-06	2.06e-03	6.24e-02	9.36e-01	0.00e+00	0.00e+00
 3.23971e+15	1.03e-14	7.27e-10	6.07e-06	2.36e-03	6.70e-02	9.31e-01	0.00e+00	0.00e+00
 3.36057e+15	1.46e-14	9.63e-10	7.57e-06	2.73e-03	7.22e-02	9.25e-01	0.00e+00	0.00e+00
 3.49502e+15	2.10e-14	1.30e-09	9.60e-06	3.19e-03	7.83e-02	9.18e-01	0.00e+00	0.00e+00
 3.63485e+15	3.04e-14	1.76e-09	1.22e-05	3.72e-03	8.48e-02	9.11e-01	0.00e+00	0.00e+00
 3.75493e+15	4.12e-14	2.27e-09	1.48e-05	4.23e-03	9.07e-02	9.05e-01	0.00e+00	0.00e+00
 3.84540e+15	5.15e-14	2.72e-09	1.71e-05	4.65e-03	9.51e-02	9.00e-01	0.00e+00	0.00e+00
 3.94126e+15	6.49e-14	3.29e-09	1.98e-05	5.12e-03	9.99e-02	8.95e-01	0.00e+00	0.00e+00
 4.06586e+15	8.68e-14	4.17e-09	2.39e-05	5.78e-03	1.06e-01	8.88e-01	0.00e+00	0.00e+00
 4.20297e+15	1.18e-13	5.38e-09	2.92e-05	6.58e-03	1.13e-01	8.80e-01	0.00e+00	0.00e+00
 4.32913e+15	1.56e-13	6.76e-09	3.48e-05	7.39e-03	1.20e-01	8.72e-01	0.00e+00	0.00e+00
 4.46594e+15	2.09e-13	8.59e-09	4.20e-05	8.35e-03	1.28e-01	8.64e-01	0.00e+00	0.00e+00
 4.62021e+15	2.87e-13	1.11e-08	5.14e-05	9.53e-03	1.36e-01	8.54e-01	0.00e+00	0.00e+00
 4.76803e+15	3.84e-13	1.42e-08	6.21e-05	1.08e-02	1.45e-01	8.44e-01	0.00e+00	0.00e+00
 4.93106e+15	5.27e-13	1.84e-08	7.59e-05	1.23e-02	1.55e-01	8.33e-01	0.00e+00	0.00e+00
 5.11070e+15	7.36e-13	2.42e-08	9.39e-05	1.41e-02	1.65e-01	8.21e-01	0.00e+00	0.00e+00
 5.27646e+15	9.92e-13	3.09e-08	1.14e-04	1.59e-02	1.75e-01	8.09e-01	0.00e+00	0.00e+00
 5.45645e+15	1.36e-12	4.00e-08	1.39e-04	1.81e-02	1.87e-01	7.95e-01	0.00e+00	0.00e+00
 5.65621e+15	1.90e-12	5.27e-08	1.72e-04	2.08e-02	1.99e-01	7.80e-01	0.00e+00	0.00e+00
 5.84312e+15	2.57e-12	6.75e-08	2.08e-04	2.35e-02	2.11e-01	7.65e-01	0.00e+00	0.00e+00
 6.04755e+15	3.55e-12	8.79e-08	2.55e-04	2.68e-02	2.24e-01	7.49e-01	0.00e+00	0.00e+00
 6.27361e+15	4.98e-12	1.16e-07	3.16e-04	3.07e-02	2.39e-01	7.30e-01	0.00e+00	0.00e+00
 6.48469e+15	6.76e-12	1.49e-07	3.84e-04	3.48e-02	2.52e-01	7.13e-01	0.00e+00	0.00e+00
 6.71600e+15	9.38e-12	1.95e-07	4.72e-04	3.96e-02	2.67e-01	6.93e-01	0.00e+00	0.00e+00
 6.97254e+15	1.32e-11	2.59e-07	5.87e-04	4.54e-02	2.83e-01	6.71e-01	0.00e+00	0.00e+00
 7.21407e+15	1.81e-11	3.35e-07	7.15e-04	5.14e-02	2.99e-01	6.49e-01	0.00e+00	0.00e+00
 7.43590e+15	2.38e-11	4.20e-07	8.51e-04	5.74e-02	3.12e-01	6.30e-01	0.00e+00	0.00e+00
 7.67997e+15	3.21e-11	5.36e-07	1.03e-03	6.45e-02	3.27e-01	6.07e-01	0.00e+00	0.00e+00
 7.92574e+15	4.24e-11	6.75e-07	1.23e-03	7.20e-02	3.41e-01	5.85e-01	0.00e+00	0.00e+00
 8.12520e+15	5.31e-11	8.12e-07	1.42e-03	7.87e-02	3.53e-01	5.67e-01	0.00e+00	0.00e+00
 8.33599e+15	6.72e-11	9.83e-07	1.64e-03	8.60e-02	3.64e-01	5.48e-01	0.00e+00	0.00e+00
 8.61002e+15	9.05e-11	1.25e-06	1.98e-03	9.63e-02	3.79e-01	5.23e-01	0.00e+00	0.00e+00
 8.88988e+15	1.20e-10	1.58e-06	2.36e-03	1.07e-01	3.93e-01	4.98e-01	0.00e+00	0.00e+00
 9.12400e+15	1.51e-10	1.91e-06	2.73e-03	1.17e-01	4.04e-01	4.77e-01	0.00e+00	0.00e+00
 9.37503e+15	1.93e-10	2.33e-06	3.19e-03	1.28e-01	4.14e-01	4.54e-01	0.00e+00	0.00e+00
 9.70136e+15	2.64e-10	3.01e-06	3.87e-03	1.44e-01	4.27e-01	4.25e-01	0.00e+00	0.00e+00
 1.00327e+16	3.54e-10	3.82e-06	4.66e-03	1.60e-01	4.39e-01	3.97e-01	0.00e+00	0.00e+00
 1.02952e+16	4.42e-10	4.59e-06	5.37e-03	1.73e-01	4.46e-01	3.75e-01	0.00e+00	0.00e+00
 1.05613e+16	5.59e-10	5.54e-06	6.21e-03	1.88e-01	4.53e-01	3.53e-01	0.00e+00	0.00e+00
 1.09073e+16	7.52e-10	7.04e-06	7.45e-03	2.08e-01	4.60e-01	3.25e-01	0.00e+00	0.00e+00
 1.12554e+16	9.85e-10	8.79e-06	8.84e-03	2.28e-01	4.65e-01	2.98e-01	0.00e+00	0.00e+00
 1.15325e+16	1.22e-09	1.04e-05	1.01e-02	2.45e-01	4.67e-01	2.78e-01	0.00e+00	0.00e+00
 1.18188e+16	1.53e-09	1.25e-05	1.16e-02	2.63e-01	4.68e-01	2.57e-01	0.00e+00	0.00e+00
 1.21300e+16	1.92e-09	1.51e-05	1.34e-02	2.83e-01	4.67e-01	2.36e-01	0.00e+00	0.00e+00
 1.24097e+16	2.36e-09	1.78e-05	1.52e-02	3.02e-01	4.65e-01	2.18e-01	0.00e+00	0.00e+00
 1.26683e+16	2.85e-09	2.07e-05	1.71e-02	3.20e-01	4.62e-01	2.02e-01	0.00e+00	0.00e+00
 1.29633e+16	3.56e-09	2.47e-05	1.96e-02	3.40e-01	4.56e-01	1.84e-01	0.00e+00	0.00e+00
 1.32805e+16	4.47e-09	2.97e-05	2.25e-02	3.63e-01	4.49e-01	1.65e-01	0.00e+00	0.00e+00
 1.35584e+16	5.41e-09	3.46e-05	2.53e-02	3.83e-01	4.41e-01	1.51e-01	0.00e+00	0.00e+00
 1.38114e+16	6.48e-09	4.00e-05	2.82e-02	4.01e-01	4.33e-01	1.38e-01	0.00e+00	0.00e+00
 1.41001e+16	8.00e-09	4.72e-05	3.20e-02	4.22e-01	4.22e-01	1.24e-01	0.00e+00	0.00e+00
 1.44097e+16	9.99e-09	5.63e-05	3.66e-02	4.45e-01	4.09e-01	1.10e-01	0.00e+00	0.00e+00
 1.46780e+16	1.20e-08	6.53e-05	4.09e-02	4.64e-01	3.96e-01	9.83e-02	0.00e+00	0.00e+00
 1.49177e+16	1.43e-08	7.48e-05	4.53e-02	4.82e-01	3.84e-01	8.87e-02	0.00e+00	0.00e+00
 1.51495e+16	1.69e-08	8.52e-05	5.00e-02	4.99e-01	3.71e-01	8.01e-02	0.00e+00	0.00e+00
 1.54115e+16	2.08e-08	1.00e-04	5.62e-02	5.18e-01	3.55e-01	7.05e-02	0.00e+00	0.00e+00
 1.56894e+16	2.53e-08	1.17e-04	6.33e-02	5.37e-01	3.38e-01	6.15e-02	0.00e+00	0.00e+00
 1.59282e+16	3.04e-08	1.35e-04	7.03e-02	5.53e-01	3.22e-01	5.42e-02	0.00e+00	0.00e+00
 1.61395e+16	3.62e-08	1.54e-04	7.72e-02	5.68e-01	3.07e-01	4.81e-02	0.00e+00	0.00e+00
 1.63408e+16	4.22e-08	1.74e-04	8.45e-02	5.80e-01	2.92e-01	4.27e-02	0.00e+00	0.00e+00
 1.65684e+16	5.20e-08	2.04e-04	9.41e-02	5.95e-01	2.74e-01	3.67e-02	0.00e+00	0.00e+00
 1.68032e+16	6.33e-08	2.37e-04	1.05e-01	6.09e-01	2.55e-01	3.13e-02	0.00e+00	0.00e+00
 1.69934e+16	7.38e-08	2.68e-04	1.14e-01	6.19e-01	2.39e-01	2.73e-02	0.00e+00	0.00e+00
 1.71570e+16	8.33e-08	2.95e-04	1.24e-01	6.27e-01	2.25e-01	2.40e-02	0.00e+00	0.00e+00
 1.73398e+16	1.04e-07	3.46e-04	1.36e-01	6.36e-01	2.08e-01	2.03e-02	0.00e+00	0.00e+00
 1.75259e+16	1.18e-07	3.85e-04	1.48e-01	6.43e-01	1.91e-01	1.71e-02	0.00e+00	0.00e+00
 1.76772e+16	1.45e-07	4.45e-04	1.60e-01	6.49e-01	1.76e-01	1.46e-02	0.00e+00	0.00e+00
 1.78045e+16	1.59e-07	4.80e-04	1.71e-01	6.53e-01	1.64e-01	1.27e-02	0.00e+00	0.00e+00
 1.79397e+16	1.84e-07	5.38e-04	1.83e-01	6.56e-01	1.50e-01	1.07e-02	0.00e+00	0.00e+00
 1.80830e+16	2.16e-07	6.05e-04	1.97e-01	6.59e-01	1.35e-01	8.77e-03	0.00e+00	0.00e+00
 1.82022e+16	2.50e-07	6.73e-04	2.09e-01	6.61e-01	1.22e-01	7.29e-03	0.00e+00	0.00e+00
 1.82873e+16	2.87e-07	7.41e-04	2.19e-01	6.61e-01	1.13e-01	6.29e-03	0.00e+00	0.00e+00
 1.83441e+16	3.07e-07	7.79e-04	2.25e-01	6.61e-01	1.07e-01	5.68e-03	0.00e+00	0.00e+00
 1.83993e+16	3.29e-07	8.21e-04	2.32e-01	6.61e-01	1.01e-01	5.10e-03	0.00e+00	0.00e+00
 1.84709e+16	3.63e-07	8.80e-04	2.41e-01	6.61e-01	9.29e-02	4.38e-03	0.00e+00	0.00e+00
 1.85486e+16	4.03e-07	9.49e-04	2.50e-01	6.61e-01	8.45e-02	3.69e-03	0.00e+00	0.00e+00
 1.86163e+16	4.40e-07	1.01e-03	2.59e-01	6.60e-01	7.73e-02	3.13e-03	0.00e+00	0.00e+00
 1.86759e+16	4.77e-07	1.07e-03	2.67e-01	6.59e-01	7.09e-02	2.68e-03	0.00e+00	0.00e+00
 1.87427e+16	5.27e-07	1.15e-03	2.76e-01	6.57e-01	6.37e-02	2.21e-03	0.00e+00	0.00e+00
 1.88137e+16	5.82e-07	1.24e-03	2.85e-01	6.56e-01	5.66e-02	1.78e-03	0.00e+00	0.00e+00
 1.88753e+16	6.33e-07	1.31e-03	2.93e-01	6.54e-01	5.06e-02	1.45e-03	0.00e+00	0.00e+00
 1.89403e+16	6.97e-07	1.40e-03	3.02e-01	6.51e-01	4.44e-02	1.15e-03	0.00e+00	0.00e+00
 1.90108e+16	7.67e-07	1.50e-03	3.11e-01	6.49e-01	3.84e-02	8.81e-04	0.00e+00	0.00e+00
 1.90752e+16	8.36e-07	1.60e-03	3.19e-01	6.46e-01	3.32e-02	6.80e-04	0.00e+00	0.00e+00
 1.91459e+16	9.26e-07	1.71e-03	3.28e-01	6.42e-01	2.80e-02	4.99e-04	0.00e+00	0.00e+00
 1.92248e+16	1.03e-06	1.84e-03	3.37e-01	6.38e-01	2.30e-02	3.50e-04	0.00e+00	0.00e+00
 1.93020e+16	1.14e-06	1.97e-03	3.46e-01	6.33e-01	1.88e-02	2.44e-04	0.00e+00	0.00e+00
 1.93901e+16	1.27e-06	2.13e-03	3.55e-01	6.28e-01	1.48e-02	1.58e-04	0.00e+00	0.00e+00
 1.95047e+16	1.46e-06	2.34e-03	3.67e-01	6.20e-01	1.09e-02	8.94e-05	0.00e+00	0.00e+00
 1.96536e+16	1.72e-06	2.61e-03	3.81e-01	6.10e-01	7.30e-03	4.28e-05	0.00e+00	0.00e+00
 1.98184e+16	2.03e-06	2.91e-03	3.94e-01	5.98e-01	4.80e-03	1.96e-05	0.00e+00	0.00e+00
 2.00038e+16	2.43e-06	3.27e-03	4.09e-01	5.85e-01	3.05e-03	8.28e-06	0.00e+00	0.00e+00
 2.02448e+16	3.06e-06	3.80e-03	4.28e-01	5.67e-01	1.76e-03	2.89e-06	0.00e+00	0.00e+00
 2.05582e+16	4.11e-06	4.60e-03	4.52e-01	5.42e-01	9.25e-04	8.16e-07	0.00e+00	0.00e+00
 2.08743e+16	5.64e-06	5.66e-03	4.78e-01	5.15e-01	5.16e-04	0.00e+00	0.00e+00	0.00e+00
 2.11163e+16	7.30e-06	6.71e-03	5.00e-01	4.93e-01	3.40e-04	0.00e+00	0.00e+00	0.00e+00
 2.13161e+16	9.14e-06	7.78e-03	5.19e-01	4.73e-01	2.42e-04	0.00e+00	0.00e+00	0.00e+00
 2.14740e+16	1.10e-05	8.78e-03	5.35e-01	4.56e-01	1.88e-04	0.00e+00	0.00e+00	0.00e+00
 2.15837e+16	1.25e-05	9.58e-03	5.46e-01	4.44e-01	1.57e-04	0.00e+00	0.00e+00	0.00e+00
 2.16956e+16	1.44e-05	1.05e-02	5.58e-01	4.31e-01	1.30e-04	0.00e+00	0.00e+00	0.00e+00
 2.18411e+16	1.73e-05	1.19e-02	5.74e-01	4.14e-01	1.02e-04	0.00e+00	0.00e+00	0.00e+00
 2.19904e+16	2.11e-05	1.36e-02	5.91e-01	3.95e-01	7.98e-05	0.00e+00	0.00e+00	0.00e+00
 2.21079e+16	2.49e-05	1.51e-02	6.05e-01	3.80e-01	6.59e-05	0.00e+00	0.00e+00	0.00e+00
 2.22057e+16	2.86e-05	1.66e-02	6.17e-01	3.66e-01	5.60e-05	0.00e+00	0.00e+00	0.00e+00
 2.23148e+16	3.36e-05	1.85e-02	6.30e-01	3.51e-01	4.64e-05	0.00e+00	0.00e+00	0.00e+00
 2.24375e+16	4.04e-05	2.10e-02	6.45e-01	3.34e-01	3.75e-05	0.00e+00	0.00e+00	0.00e+00
 2.25385e+16	4.75e-05	2.34e-02	6.58e-01	3.19e-01	3.16e-05	0.00e+00	0.00e+00	0.00e+00
 2.26098e+16	5.33e-05	2.53e-02	6.67e-01	3.08e-01	2.79e-05	0.00e+00	0.00e+00	0.00e+00
 2.26819e+16	6.02e-05	2.75e-02	6.76e-01	2.97e-01	2.44e-05	0.00e+00	0.00e+00	0.00e+00
 2.27755e+16	7.05e-05	3.06e-02	6.87e-01	2.82e-01	2.05e-05	0.00e+00	0.00e+00	0.00e+00
 2.28698e+16	8.34e-05	3.43e-02	6.99e-01	2.67e-01	1.72e-05	0.00e+00	0.00e+00	0.00e+00
 2.29421e+16	9.52e-05	3.75e-02	7.07e-01	2.55e-01	1.50e-05	0.00e+00	0.00e+00	0.00e+00
 2.30033e+16	1.07e-04	4.05e-02	7.14e-01	2.45e-01	1.33e-05	0.00e+00	0.00e+00	0.00e+00
 2.30729e+16	1.22e-04	4.43e-02	7.22e-01	2.34e-01	1.15e-05	0.00e+00	0.00e+00	0.00e+00
 2.31501e+16	1.42e-04	4.91e-02	7.30e-01	2.21e-01	9.80e-06	0.00e+00	0.00e+00	0.00e+00
 2.32194e+16	1.64e-04	5.41e-02	7.37e-01	2.09e-01	8.46e-06	0.00e+00	0.00e+00	0.00e+00
 2.32793e+16	1.85e-04	5.89e-02	7.42e-01	1.98e-01	7.41e-06	0.00e+00	0.00e+00	0.00e+00
 2.33447e+16	2.14e-04	6.48e-02	7.48e-01	1.87e-01	6.37e-06	0.00e+00	0.00e+00	0.00e+00
 2.34157e+16	2.50e-04	7.20e-02	7.53e-01	1.75e-01	5.39e-06	0.00e+00	0.00e+00	0.00e+00
 2.34773e+16	2.88e-04	7.92e-02	7.56e-01	1.64e-01	4.65e-06	0.00e+00	0.00e+00	0.00e+00
 2.35299e+16	3.26e-04	8.60e-02	7.58e-01	1.55e-01	4.07e-06	0.00e+00	0.00e+00	0.00e+00
 2.35877e+16	3.74e-04	9.44e-02	7.60e-01	1.45e-01	3.49e-06	0.00e+00	0.00e+00	0.00e+00
 2.36509e+16	4.37e-04	1.05e-01	7.60e-01	1.34e-01	2.94e-06	0.00e+00	0.00e+00	0.00e+00
 2.37065e+16	5.04e-04	1.15e-01	7.59e-01	1.25e-01	2.52e-06	0.00e+00	0.00e+00	0.00e+00
 2.37547e+16	5.73e-04	1.25e-01	7.57e-01	1.17e-01	2.18e-06	0.00e+00	0.00e+00	0.00e+00
 2.38082e+16	6.61e-04	1.38e-01	7.54e-01	1.07e-01	1.85e-06	0.00e+00	0.00e+00	0.00e+00
 2.38664e+16	7.77e-04	1.53e-01	7.48e-01	9.78e-02	1.53e-06	0.00e+00	0.00e+00	0.00e+00
 2.39175e+16	8.99e-04	1.69e-01	7.41e-01	8.94e-02	1.29e-06	0.00e+00	0.00e+00	0.00e+00
 2.39621e+16	1.03e-03	1.84e-01	7.33e-01	8.22e-02	1.10e-06	0.00e+00	0.00e+00	0.00e+00
 2.40115e+16	1.19e-03	2.03e-01	7.22e-01	7.43e-02	9.12e-07	0.00e+00	0.00e+00	0.00e+00
 2.40657e+16	1.41e-03	2.26e-01	7.07e-01	6.60e-02	0.00e+00	0.00e+00	0.00e+00	0.00e+00
 2.41145e+16	1.65e-03	2.50e-01	6.90e-01	5.87e-02	0.00e+00	0.00e+00	0.00e+00	0.00e+00
 2.41581e+16	1.90e-03	2.73e-01	6.73e-01	5.24e-02	0.00e+00	0.00e+00	0.00e+00	0.00e+00
 2.42068e+16	2.24e-03	3.02e-01	6.50e-01	4.55e-02	0.00e+00	0.00e+00	0.00e+00	0.00e+00
 2.42610e+16	2.70e-03	3.39e-01	6.20e-01	3.84e-02	0.00e+00	0.00e+00	0.00e+00	0.00e+00
 2.43108e+16	3.24e-03	3.77e-01	5.87e-01	3.22e-02	0.00e+00	0.00e+00	0.00e+00	0.00e+00
 2.43554e+16	3.79e-03	4.15e-01	5.54e-01	2.70e-02	0.00e+00	0.00e+00	0.00e+00	0.00e+00
 2.43978e+16	4.46e-03	4.54e-01	5.19e-01	2.24e-02	0.00e+00	0.00e+00	0.00e+00	0.00e+00
 2.44400e+16	5.25e-03	4.96e-01	4.80e-01	1.82e-02	0.00e+00	0.00e+00	0.00e+00	0.00e+00
 2.44797e+16	6.14e-03	5.39e-01	4.40e-01	1.46e-02	0.00e+00	0.00e+00	0.00e+00	0.00e+00
 2.45150e+16	7.03e-03	5.79e-01	4.03e-01	1.18e-02	0.00e+00	0.00e+00	0.00e+00	0.00e+00
 2.45476e+16	8.04e-03	6.17e-01	3.66e-01	9.46e-03	0.00e+00	0.00e+00	0.00e+00	0.00e+00
 2.45795e+16	9.14e-03	6.55e-01	3.29e-01	7.46e-03	0.00e+00	0.00e+00	0.00e+00	0.00e+00
 2.46103e+16	1.04e-02	6.92e-01	2.92e-01	5.79e-03	0.00e+00	0.00e+00	0.00e+00	0.00e+00
 2.46397e+16	1.18e-02	7.27e-01	2.57e-01	4.43e-03	0.00e+00	0.00e+00	0.00e+00	0.00e+00
 2.46673e+16	1.32e-02	7.59e-01	2.25e-01	3.37e-03	0.00e+00	0.00e+00	0.00e+00	0.00e+00
 2.46936e+16	1.48e-02	7.88e-01	1.95e-01	2.54e-03	0.00e+00	0.00e+00	0.00e+00	0.00e+00
 2.47188e+16	1.65e-02	8.14e-01	1.67e-01	1.88e-03	0.00e+00	0.00e+00	0.00e+00	0.00e+00
 2.47430e+16	1.84e-02	8.38e-01	1.42e-01	1.38e-03	0.00e+00	0.00e+00	0.00e+00	0.00e+00
 2.47662e+16	2.04e-02	8.58e-01	1.20e-01	1.00e-03	0.00e+00	0.00e+00	0.00e+00	0.00e+00
 2.47887e+16	2.26e-02	8.76e-01	1.01e-01	7.16e-04	0.00e+00	0.00e+00	0.00e+00	0.00e+00
 2.48104e+16	2.50e-02	8.91e-01	8.35e-02	5.04e-04	0.00e+00	0.00e+00	0.00e+00	0.00e+00
 2.48312e+16	2.77e-02	9.03e-01	6.88e-02	3.52e-04	0.00e+00	0.00e+00	0.00e+00	0.00e+00
 2.48509e+16	3.05e-02	9.13e-01	5.63e-02	2.44e-04	0.00e+00	0.00e+00	0.00e+00	0.00e+00
 2.48701e+16	3.35e-02	9.20e-01	4.58e-02	1.67e-04	0.00e+00	0.00e+00	0.00e+00	0.00e+00
 2.48886e+16	3.69e-02	9.26e-01	3.71e-02	1.14e-04	0.00e+00	0.00e+00	0.00e+00	0.00e+00
 2.49060e+16	4.04e-02	9.30e-01	2.99e-02	7.71e-05	0.00e+00	0.00e+00	0.00e+00	0.00e+00
 2.49223e+16	4.41e-02	9.32e-01	2.42e-02	5.26e-05	0.00e+00	0.00e+00	0.00e+00	0.00e+00
 2.49378e+16	4.79e-02	9.32e-01	1.96e-02	3.60e-05	0.00e+00	0.00e+00	0.00e+00	0.00e+00
 2.49529e+16	5.21e-02	9.32e-01	1.58e-02	2.43e-05	0.00e+00	0.00e+00	0.00e+00	0.00e+00
 2.49676e+16	5.64e-02	9.31e-01	1.27e-02	1.63e-05	0.00e+00	0.00e+00	0.00e+00	0.00e+00
 2.49812e+16	6.10e-02	9.29e-01	1.02e-02	1.11e-05	0.00e+00	0.00e+00	0.00e+00	0.00e+00
 2.49940e+16	6.56e-02	9.26e-01	8.30e-03	7.63e-06	0.00e+00	0.00e+00	0.00e+00	0.00e+00
 2.50061e+16	7.02e-02	9.23e-01	6.78e-03	5.29e-06	0.00e+00	0.00e+00	0.00e+00	0.00e+00
 2.50169e+16	7.47e-02	9.20e-01	5.62e-03	3.78e-06	0.00e+00	0.00e+00	0.00e+00	0.00e+00
 2.50265e+16	7.88e-02	9.16e-01	4.73e-03	2.77e-06	0.00e+00	0.00e+00	0.00e+00	0.00e+00
 2.50356e+16	8.32e-02	9.13e-01	4.00e-03	2.04e-06	0.00e+00	0.00e+00	0.00e+00	0.00e+00
 2.50428e+16	8.65e-02	9.10e-01	3.50e-03	1.61e-06	0.00e+00	0.00e+00	0.00e+00	0.00e+00
 2.50475e+16	8.87e-02	9.08e-01	3.21e-03	1.38e-06	0.00e+00	0.00e+00	0.00e+00	0.00e+00
 2.50517e+16	9.11e-02	9.06e-01	2.96e-03	1.19e-06	0.00e+00	0.00e+00	0.00e+00	0.00e+00
 2.50566e+16	9.39e-02	9.03e-01	2.69e-03	9.98e-07	0.00e+00	0.00e+00	0.00e+00	0.00e+00
 2.50619e+16	9.69e-02	9.01e-01	2.41e-03	0.00e+00	0.00e+00	0.00e+00	0.00e+00	0.00e+00
 2.50671e+16	9.99e-02	8.98e-01	2.18e-03	0.00e+00	0.00e+00	0.00e+00	0.00e+00	0.00e+00
 2.50720e+16	1.03e-01	8.95e-01	1.97e-03	0.00e+00	0.00e+00	0.00e+00	0.00e+00	0.00e+00
 2.50767e+16	1.06e-01	8.92e-01	1.79e-03	0.00e+00	0.00e+00	0.00e+00	0.00e+00	0.00e+00
 2.50815e+16	1.09e-01	8.90e-01	1.62e-03	0.00e+00	0.00e+00	0.00e+00	0.00e+00	0.00e+00
 2.50862e+16	1.12e-01	8.86e-01	1.47e-03	0.00e+00	0.00e+00	0.00e+00	0.00e+00	0.00e+00
 2.50909e+16	1.15e-01	8.83e-01	1.33e-03	0.00e+00	0.00e+00	0.00e+00	0.00e+00	0.00e+00
 2.50956e+16	1.19e-01	8.80e-01	1.20e-03	0.00e+00	0.00e+00	0.00e+00	0.00e+00	0.00e+00
 2.51001e+16	1.22e-01	8.77e-01	1.08e-03	0.00e+00	0.00e+00	0.00e+00	0.00e+00	0.00e+00
 2.51045e+16	1.26e-01	8.73e-01	9.83e-04	0.00e+00	0.00e+00	0.00e+00	0.00e+00	0.00e+00
 2.51090e+16	1.29e-01	8.70e-01	8.88e-04	0.00e+00	0.00e+00	0.00e+00	0.00e+00	0.00e+00
 2.51135e+16	1.33e-01	8.66e-01	8.03e-04	0.00e+00	0.00e+00	0.00e+00	0.00e+00	0.00e+00
 2.51178e+16	1.37e-01	8.62e-01	7.26e-04	0.00e+00	0.00e+00	0.00e+00	0.00e+00	0.00e+00
 2.51221e+16	1.41e-01	8.58e-01	6.57e-04	0.00e+00	0.00e+00	0.00e+00	0.00e+00	0.00e+00
 2.51264e+16	1.45e-01	8.54e-01	5.94e-04	0.00e+00	0.00e+00	0.00e+00	0.00e+00	0.00e+00
 2.51306e+16	1.49e-01	8.50e-01	5.37e-04	0.00e+00	0.00e+00	0.00e+00	0.00e+00	0.00e+00
 2.51348e+16	1.54e-01	8.45e-01	4.85e-04	0.00e+00	0.00e+00	0.00e+00	0.00e+00	0.00e+00
 2.51389e+16	1.59e-01	8.41e-01	4.38e-04	0.00e+00	0.00e+00	0.00e+00	0.00e+00	0.00e+00
 2.51430e+16	1.64e-01	8.36e-01	3.96e-04	0.00e+00	0.00e+00	0.00e+00	0.00e+00	0.00e+00
 2.51470e+16	1.69e-01	8.31e-01	3.58e-04	0.00e+00	0.00e+00	0.00e+00	0.00e+00	0.00e+00
 2.51509e+16	1.74e-01	8.26e-01	3.23e-04	0.00e+00	0.00e+00	0.00e+00	0.00e+00	0.00e+00
 2.51549e+16	1.80e-01	8.20e-01	2.91e-04	0.00e+00	0.00e+00	0.00e+00	0.00e+00	0.00e+00
 2.51588e+16	1.86e-01	8.14e-01	2.63e-04	0.00e+00	0.00e+00	0.00e+00	0.00e+00	0.00e+00
 2.51626e+16	1.92e-01	8.08e-01	2.37e-04	0.00e+00	0.00e+00	0.00e+00	0.00e+00	0.00e+00
 2.51664e+16	1.98e-01	8.02e-01	2.14e-04	0.00e+00	0.00e+00	0.00e+00	0.00e+00	0.00e+00
 2.51701e+16	2.06e-01	7.94e-01	1.93e-04	0.00e+00	0.00e+00	0.00e+00	0.00e+00	0.00e+00
 2.51737e+16	2.13e-01	7.87e-01	1.74e-04	0.00e+00	0.00e+00	0.00e+00	0.00e+00	0.00e+00
 2.51773e+16	2.20e-01	7.79e-01	1.57e-04	0.00e+00	0.00e+00	0.00e+00	0.00e+00	0.00e+00
 2.51808e+16	2.29e-01	7.71e-01	1.42e-04	0.00e+00	0.00e+00	0.00e+00	0.00e+00	0.00e+00
 2.51843e+16	2.37e-01	7.63e-01	1.28e-04	0.00e+00	0.00e+00	0.00e+00	0.00e+00	0.00e+00
 2.51878e+16	2.47e-01	7.53e-01	1.15e-04	0.00e+00	0.00e+00	0.00e+00	0.00e+00	0.00e+00
 2.51910e+16	2.57e-01	7.43e-01	1.04e-04	0.00e+00	0.00e+00	0.00e+00	0.00e+00	0.00e+00
 2.51942e+16	2.67e-01	7.33e-01	9.41e-05	0.00e+00	0.00e+00	0.00e+00	0.00e+00	0.00e+00
 2.51974e+16	2.78e-01	7.22e-01	8.48e-05	0.00e+00	0.00e+00	0.00e+00	0.00e+00	0.00e+00
 2.52006e+16	2.90e-01	7.10e-01	7.65e-05	0.00e+00	0.00e+00	0.00e+00	0.00e+00	0.00e+00
 2.52037e+16	3.01e-01	6.99e-01	6.90e-05	0.00e+00	0.00e+00	0.00e+00	0.00e+00	0.00e+00
 2.52067e+16	3.14e-01	6.86e-01	6.21e-05	0.00e+00	0.00e+00	0.00e+00	0.00e+00	0.00e+00
 2.52098e+16	3.28e-01	6.72e-01	5.59e-05	0.00e+00	0.00e+00	0.00e+00	0.00e+00	0.00e+00
 2.52127e+16	3.42e-01	6.58e-01	5.03e-05	0.00e+00	0.00e+00	0.00e+00	0.00e+00	0.00e+00
 2.52156e+16	3.57e-01	6.43e-01	4.52e-05	0.00e+00	0.00e+00	0.00e+00	0.00e+00	0.00e+00
 2.52184e+16	3.73e-01	6.27e-01	4.06e-05	0.00e+00	0.00e+00	0.00e+00	0.00e+00	0.00e+00
 2.52212e+16	3.92e-01	6.08e-01	3.62e-05	0.00e+00	0.00e+00	0.00e+00	0.00e+00	0.00e+00
 2.52240e+16	4.09e-01	5.91e-01	3.25e-05	0.00e+00	0.00e+00	0.00e+00	0.00e+00	0.00e+00
 2.52266e+16	4.27e-01	5.73e-01	2.91e-05	0.00e+00	0.00e+00	0.00e+00	0.00e+00	0.00e+00
 2.52293e+16	4.47e-01	5.53e-01	2.59e-05	0.00e+00	0.00e+00	0.00e+00	0.00e+00	0.00e+00
 2.52320e+16	4.67e-01	5.33e-01	2.31e-05	0.00e+00	0.00e+00	0.00e+00	0.00e+00	0.00e+00
 2.52346e+16	4.87e-01	5.13e-01	2.05e-05	0.00e+00	0.00e+00	0.00e+00	0.00e+00	0.00e+00
 2.52371e+16	5.09e-01	4.91e-01	1.82e-05	0.00e+00	0.00e+00	0.00e+00	0.00e+00	0.00e+00
 2.52397e+16	5.32e-01	4.68e-01	1.60e-05	0.00e+00	0.00e+00	0.00e+00	0.00e+00	0.00e+00
 2.52421e+16	5.52e-01	4.48e-01	1.42e-05	0.00e+00	0.00e+00	0.00e+00	0.00e+00	0.00e+00
 2.52446e+16	5.74e-01	4.25e-01	1.25e-05	0.00e+00	0.00e+00	0.00e+00	0.00e+00	0.00e+00
 2.52470e+16	5.97e-01	4.03e-01	1.10e-05	0.00e+00	0.00e+00	0.00e+00	0.00e+00	0.00e+00
 2.52492e+16	6.17e-01	3.83e-01	9.82e-06	0.00e+00	0.00e+00	0.00e+00	0.00e+00	0.00e+00
 2.52509e+16	6.32e-01	3.68e-01	8.96e-06	0.00e+00	0.00e+00	0.00e+00	0.00e+00	0.00e+00
 2.52524e+16	6.47e-01	3.53e-01	8.20e-06	0.00e+00	0.00e+00	0.00e+00	0.00e+00	0.00e+00
 2.52540e+16	6.61e-01	3.39e-01	7.49e-06	0.00e+00	0.00e+00	0.00e+00	0.00e+00	0.00e+00
 2.52557e+16	6.78e-01	3.22e-01	6.76e-06	0.00e+00	0.00e+00	0.00e+00	0.00e+00	0.00e+00
 2.52573e+16	6.92e-01	3.08e-01	6.14e-06	0.00e+00	0.00e+00	0.00e+00	0.00e+00	0.00e+00
 2.52588e+16	7.05e-01	2.95e-01	5.63e-06	0.00e+00	0.00e+00	0.00e+00	0.00e+00	0.00e+00
 2.52603e+16	7.19e-01	2.81e-01	5.12e-06	0.00e+00	0.00e+00	0.00e+00	0.00e+00	0.00e+00
 2.52617e+16	7.31e-01	2.69e-01	4.69e-06	0.00e+00	0.00e+00	0.00e+00	0.00e+00	0.00e+00
 2.52631e+16	7.42e-01	2.58e-01	4.31e-06	0.00e+00	0.00e+00	0.00e+00	0.00e+00	0.00e+00
 2.52646e+16	7.55e-01	2.45e-01	3.92e-06	0.00e+00	0.00e+00	0.00e+00	0.00e+00	0.00e+00
 2.52659e+16	7.65e-01	2.35e-01	3.60e-06	0.00e+00	0.00e+00	0.00e+00	0.00e+00	0.00e+00
 2.52673e+16	7.74e-01	2.26e-01	3.33e-06	0.00e+00	0.00e+00	0.00e+00	0.00e+00	0.00e+00
 2.52686e+16	7.85e-01	2.15e-01	3.04e-06	0.00e+00	0.00e+00	0.00e+00	0.00e+00	0.00e+00
 2.52699e+16	7.93e-01	2.07e-01	2.81e-06	0.00e+00	0.00e+00	0.00e+00	0.00e+00	0.00e+00
 2.52712e+16	8.02e-01	1.98e-01	2.58e-06	0.00e+00	0.00e+00	0.00e+00	0.00e+00	0.00e+00
 2.52725e+16	8.09e-01	1.91e-01	2.39e-06	0.00e+00	0.00e+00	0.00e+00	0.00e+00	0.00e+00
