#depth	He	He+	He+2
 1.49634e+10	7.42e-23	7.74e-12	1.00e+00
 4.54887e+10	8.29e-23	8.38e-12	1.00e+00
 7.72350e+10	9.22e-23	9.07e-12	1.00e+00
 1.10251e+11	1.03e-22	9.81e-12	1.00e+00
 1.43812e+11	1.14e-22	1.06e-11	1.00e+00
 1.78716e+11	1.27e-22	1.15e-11	1.00e+00
 2.15791e+11	1.42e-22	1.24e-11	1.00e+00
 2.54350e+11	1.59e-22	1.34e-11	1.00e+00
 2.94450e+11	1.78e-22	1.46e-11	1.00e+00
 3.36155e+11	1.99e-22	1.58e-11	1.00e+00
 3.79528e+11	2.23e-22	1.71e-11	1.00e+00
 4.24636e+11	2.51e-22	1.85e-11	1.00e+00
 4.71548e+11	2.82e-22	2.01e-11	1.00e+00
 5.20337e+11	3.18e-22	2.17e-11	1.00e+00
 5.71077e+11	3.59e-22	2.36e-11	1.00e+00
 6.23847e+11	4.05e-22	2.56e-11	1.00e+00
 6.78728e+11	4.59e-22	2.77e-11	1.00e+00
 7.35804e+11	5.19e-22	3.01e-11	1.00e+00
 7.95163e+11	5.89e-22	3.26e-11	1.00e+00
 8.56896e+11	6.69e-22	3.54e-11	1.00e+00
 9.21098e+11	7.61e-22	3.84e-11	1.00e+00
 9.87869e+11	8.67e-22	4.17e-11	1.00e+00
 1.05731e+12	9.88e-22	4.54e-11	1.00e+00
 1.12953e+12	1.13e-21	4.93e-11	1.00e+00
 1.20464e+12	1.29e-21	5.36e-11	1.00e+00
 1.27483e+12	1.46e-21	5.78e-11	1.00e+00
 1.33689e+12	1.62e-21	6.16e-11	1.00e+00
 1.40626e+12	1.81e-21	6.62e-11	1.00e+00
 1.48935e+12	2.07e-21	7.18e-11	1.00e+00
 1.57288e+12	2.35e-21	7.78e-11	1.00e+00
 1.65016e+12	2.64e-21	8.36e-11	1.00e+00
 1.73650e+12	2.99e-21	9.03e-11	1.00e+00
 1.83589e+12	3.45e-21	9.85e-11	1.00e+00
 1.93333e+12	3.94e-21	1.07e-10	1.00e+00
 2.02572e+12	4.45e-21	1.15e-10	1.00e+00
 2.12774e+12	5.06e-21	1.25e-10	1.00e+00
 2.24278e+12	5.84e-21	1.37e-10	1.00e+00
 2.35701e+12	6.70e-21	1.49e-10	1.00e+00
 2.47582e+12	7.66e-21	1.62e-10	1.00e+00
 2.60478e+12	8.85e-21	1.77e-10	1.00e+00
 2.73532e+12	1.02e-20	1.93e-10	1.00e+00
 2.87109e+12	1.17e-20	2.11e-10	1.00e+00
 3.01586e+12	1.35e-20	2.31e-10	1.00e+00
 3.16642e+12	1.55e-20	2.53e-10	1.00e+00
 3.32300e+12	1.79e-20	2.78e-10	1.00e+00
 3.48585e+12	2.06e-20	3.05e-10	1.00e+00
 3.65521e+12	2.38e-20	3.34e-10	1.00e+00
 3.83135e+12	2.74e-20	3.66e-10	1.00e+00
 4.00080e+12	3.12e-20	3.99e-10	1.00e+00
 4.15802e+12	3.51e-20	4.31e-10	1.00e+00
 4.33527e+12	3.98e-20	4.69e-10	1.00e+00
 4.53167e+12	4.56e-20	5.14e-10	1.00e+00
 4.71745e+12	5.16e-20	5.58e-10	1.00e+00
 4.91759e+12	5.85e-20	6.08e-10	1.00e+00
 5.14422e+12	6.72e-20	6.68e-10	1.00e+00
 5.36707e+12	7.67e-20	7.30e-10	1.00e+00
 5.59883e+12	8.73e-20	7.98e-10	1.00e+00
 5.85271e+12	1.00e-19	8.78e-10	1.00e+00
 6.10760e+12	1.15e-19	9.62e-10	1.00e+00
 6.37267e+12	1.32e-19	1.05e-09	1.00e+00
 6.62931e+12	1.49e-19	1.15e-09	1.00e+00
 6.85316e+12	1.66e-19	1.23e-09	1.00e+00
 7.09892e+12	1.85e-19	1.33e-09	1.00e+00
 7.39754e+12	2.11e-19	1.46e-09	1.00e+00
 7.69893e+12	2.40e-19	1.59e-09	1.00e+00
 7.97177e+12	2.68e-19	1.72e-09	1.00e+00
 8.27347e+12	3.02e-19	1.87e-09	1.00e+00
 8.62783e+12	3.46e-19	2.05e-09	1.00e+00
 8.97767e+12	3.94e-19	2.24e-09	1.00e+00
 9.30467e+12	4.43e-19	2.43e-09	1.00e+00
 9.66994e+12	5.04e-19	2.65e-09	1.00e+00
 1.00867e+13	5.81e-19	2.91e-09	1.00e+00
 1.05002e+13	6.67e-19	3.19e-09	1.00e+00
 1.09302e+13	7.67e-19	3.49e-09	1.00e+00
 1.13974e+13	8.89e-19	3.84e-09	1.00e+00
 1.18832e+13	1.03e-18	4.22e-09	1.00e+00
 1.23885e+13	1.20e-18	4.63e-09	1.00e+00
 1.29139e+13	1.40e-18	5.08e-09	1.00e+00
 1.34604e+13	1.64e-18	5.58e-09	1.00e+00
 1.40288e+13	1.92e-18	6.12e-09	1.00e+00
 1.45985e+13	2.24e-18	6.69e-09	1.00e+00
 1.51910e+13	2.62e-18	7.30e-09	1.00e+00
 1.57944e+13	3.05e-18	7.96e-09	1.00e+00
 1.63663e+13	3.51e-18	8.61e-09	1.00e+00
 1.69953e+13	4.09e-18	9.36e-09	1.00e+00
 1.76483e+13	4.76e-18	1.02e-08	1.00e+00
 1.82257e+13	5.42e-18	1.09e-08	1.00e+00
 1.88516e+13	6.21e-18	1.17e-08	1.00e+00
 1.96044e+13	7.28e-18	1.28e-08	1.00e+00
 2.03651e+13	8.50e-18	1.39e-08	1.00e+00
 2.10713e+13	9.77e-18	1.49e-08	1.00e+00
 2.18592e+13	1.14e-17	1.62e-08	1.00e+00
 2.26854e+13	1.32e-17	1.75e-08	1.00e+00
 2.33962e+13	1.50e-17	1.87e-08	1.00e+00
 2.41504e+13	1.71e-17	2.00e-08	1.00e+00
 2.50832e+13	1.99e-17	2.16e-08	1.00e+00
 2.60258e+13	2.32e-17	2.34e-08	1.00e+00
 2.68530e+13	2.64e-17	2.50e-08	1.00e+00
 2.77527e+13	3.02e-17	2.68e-08	1.00e+00
 2.88414e+13	3.53e-17	2.90e-08	1.00e+00
 2.99369e+13	4.11e-17	3.14e-08	1.00e+00
 3.09342e+13	4.70e-17	3.36e-08	1.00e+00
 3.20425e+13	5.42e-17	3.61e-08	1.00e+00
 3.33373e+13	6.38e-17	3.92e-08	1.00e+00
 3.46190e+13	7.43e-17	4.24e-08	1.00e+00
 3.58401e+13	8.55e-17	4.55e-08	1.00e+00
 3.71918e+13	9.94e-17	4.91e-08	1.00e+00
 3.87094e+13	1.17e-16	5.33e-08	1.00e+00
 4.02479e+13	1.37e-16	5.77e-08	1.00e+00
 4.18480e+13	1.60e-16	6.25e-08	1.00e+00
 4.35518e+13	1.88e-16	6.78e-08	1.00e+00
 4.52428e+13	2.19e-16	7.33e-08	1.00e+00
 4.70014e+13	2.56e-16	7.92e-08	1.00e+00
 4.89114e+13	3.01e-16	8.58e-08	1.00e+00
 5.08462e+13	3.51e-16	9.29e-08	1.00e+00
 5.28584e+13	4.11e-16	1.01e-07	1.00e+00
 5.50027e+13	4.83e-16	1.09e-07	1.00e+00
 5.69775e+13	5.56e-16	1.17e-07	1.00e+00
 5.86897e+13	6.27e-16	1.24e-07	1.00e+00
 6.06001e+13	7.14e-16	1.33e-07	1.00e+00
 6.29284e+13	8.32e-16	1.43e-07	1.00e+00
 6.53356e+13	9.68e-16	1.55e-07	1.00e+00
 6.76028e+13	1.11e-15	1.66e-07	1.00e+00
 7.01004e+13	1.29e-15	1.79e-07	1.00e+00
 7.29344e+13	1.51e-15	1.94e-07	1.00e+00
 7.57696e+13	1.76e-15	2.09e-07	1.00e+00
 7.87183e+13	2.06e-15	2.26e-07	1.00e+00
 8.18969e+13	2.42e-15	2.45e-07	1.00e+00
 8.52027e+13	2.84e-15	2.66e-07	1.00e+00
 8.82778e+13	3.29e-15	2.86e-07	1.00e+00
 9.09709e+13	3.71e-15	3.04e-07	1.00e+00
 9.39687e+13	4.24e-15	3.25e-07	1.00e+00
 9.75913e+13	4.94e-15	3.52e-07	1.00e+00
 1.01240e+14	5.74e-15	3.79e-07	1.00e+00
 1.04565e+14	6.55e-15	4.05e-07	1.00e+00
 1.08253e+14	7.54e-15	4.35e-07	1.00e+00
 1.12560e+14	8.84e-15	4.71e-07	1.00e+00
 1.16781e+14	1.03e-14	5.08e-07	1.00e+00
 1.20725e+14	1.17e-14	5.44e-07	1.00e+00
 1.25138e+14	1.36e-14	5.85e-07	1.00e+00
 1.30174e+14	1.59e-14	6.35e-07	1.00e+00
 1.35156e+14	1.86e-14	6.85e-07	1.00e+00
 1.40338e+14	2.16e-14	7.40e-07	1.00e+00
 1.45981e+14	2.53e-14	8.02e-07	1.00e+00
 1.51726e+14	2.96e-14	8.67e-07	1.00e+00
 1.57701e+14	3.45e-14	9.38e-07	1.00e+00
 1.63826e+14	4.02e-14	1.01e-06	1.00e+00
 1.70196e+14	4.68e-14	1.10e-06	1.00e+00
 1.76646e+14	5.43e-14	1.18e-06	1.00e+00
 1.82726e+14	6.21e-14	1.26e-06	1.00e+00
 1.89436e+14	7.17e-14	1.36e-06	1.00e+00
 1.97043e+14	8.38e-14	1.47e-06	1.00e+00
 2.04571e+14	9.71e-14	1.59e-06	1.00e+00
 2.11263e+14	1.10e-13	1.69e-06	1.00e+00
 2.18260e+14	1.25e-13	1.81e-06	1.00e+00
 2.26674e+14	1.45e-13	1.95e-06	1.00e+00
 2.35037e+14	1.67e-13	2.09e-06	1.00e+00
 2.42610e+14	1.90e-13	2.23e-06	1.00e+00
 2.51052e+14	2.17e-13	2.39e-06	1.00e+00
 2.60351e+14	2.50e-13	2.57e-06	1.00e+00
 2.68903e+14	2.83e-13	2.74e-06	1.00e+00
 2.78159e+14	3.23e-13	2.94e-06	1.00e+00
 2.88491e+14	3.72e-13	3.16e-06	1.00e+00
 2.98192e+14	4.24e-13	3.37e-06	1.00e+00
 3.08769e+14	4.85e-13	3.62e-06	1.00e+00
 3.20521e+14	5.61e-13	3.90e-06	1.00e+00
 3.31484e+14	6.39e-13	4.18e-06	1.00e+00
 3.43421e+14	7.34e-13	4.49e-06	1.00e+00
 3.56762e+14	8.51e-13	4.85e-06	1.00e+00
 3.69345e+14	9.75e-13	5.20e-06	1.00e+00
 3.82856e+14	1.12e-12	5.60e-06	1.00e+00
 3.97887e+14	1.30e-12	6.06e-06	1.00e+00
 4.12430e+14	1.50e-12	6.53e-06	1.00e+00
 4.27867e+14	1.73e-12	7.04e-06	1.00e+00
 4.45012e+14	2.02e-12	7.64e-06	1.00e+00
 4.62200e+14	2.35e-12	8.26e-06	1.00e+00
 4.80076e+14	2.73e-12	8.94e-06	1.00e+00
 4.99309e+14	3.19e-12	9.71e-06	1.00e+00
 5.19311e+14	3.73e-12	1.05e-05	1.00e+00
 5.40114e+14	4.36e-12	1.15e-05	1.00e+00
 5.59957e+14	5.03e-12	1.24e-05	1.00e+00
 5.76587e+14	5.66e-12	1.32e-05	1.00e+00
 5.93588e+14	6.35e-12	1.40e-05	1.00e+00
 6.15277e+14	7.35e-12	1.52e-05	1.00e+00
 6.37588e+14	8.48e-12	1.64e-05	1.00e+00
 6.56734e+14	9.56e-12	1.75e-05	1.00e+00
 6.77238e+14	1.08e-11	1.87e-05	1.00e+00
 7.02618e+14	1.26e-11	2.02e-05	1.00e+00
 7.28391e+14	1.46e-11	2.19e-05	1.00e+00
 7.51070e+14	1.65e-11	2.34e-05	1.00e+00
 7.75672e+14	1.89e-11	2.52e-05	1.00e+00
 8.05384e+14	2.20e-11	2.73e-05	1.00e+00
 8.34850e+14	2.55e-11	2.96e-05	1.00e+00
 8.60993e+14	2.90e-11	3.17e-05	1.00e+00
 8.89706e+14	3.32e-11	3.41e-05	1.00e+00
 9.24069e+14	3.88e-11	3.71e-05	1.00e+00
 9.58139e+14	4.51e-11	4.03e-05	1.00e+00
 9.88948e+14	5.15e-11	4.32e-05	1.00e+00
 1.02315e+15	5.93e-11	4.67e-05	1.00e+00
 1.06335e+15	6.96e-11	5.09e-05	1.00e+00
 1.10290e+15	8.10e-11	5.53e-05	1.00e+00
 1.13958e+15	9.29e-11	5.95e-05	1.00e+00
 1.18073e+15	1.08e-10	6.44e-05	1.00e+00
 1.22799e+15	1.27e-10	7.04e-05	1.00e+00
 1.27445e+15	1.48e-10	7.65e-05	1.00e+00
 1.32276e+15	1.73e-10	8.31e-05	1.00e+00
 1.37570e+15	2.04e-10	9.08e-05	1.00e+00
 1.42933e+15	2.39e-10	9.89e-05	1.00e+00
 1.48511e+15	2.81e-10	1.08e-04	1.00e+00
 1.54454e+15	3.31e-10	1.18e-04	1.00e+00
 1.59598e+15	3.79e-10	1.27e-04	1.00e+00
 1.63550e+15	4.19e-10	1.34e-04	1.00e+00
 1.67779e+15	4.66e-10	1.41e-04	1.00e+00
 1.73277e+15	5.34e-10	1.52e-04	1.00e+00
 1.79262e+15	6.15e-10	1.64e-04	1.00e+00
 1.84713e+15	6.96e-10	1.75e-04	1.00e+00
 1.90633e+15	7.94e-10	1.88e-04	1.00e+00
 1.97861e+15	9.28e-10	2.04e-04	1.00e+00
 2.05085e+15	1.08e-09	2.21e-04	1.00e+00
 2.11482e+15	1.22e-09	2.36e-04	1.00e+00
 2.18507e+15	1.40e-09	2.53e-04	1.00e+00
 2.26929e+15	1.64e-09	2.75e-04	1.00e+00
 2.35295e+15	1.91e-09	2.98e-04	1.00e+00
 2.42854e+15	2.18e-09	3.19e-04	1.00e+00
 2.51237e+15	2.50e-09	3.43e-04	1.00e+00
 2.61096e+15	2.94e-09	3.73e-04	1.00e+00
 2.70810e+15	3.42e-09	4.04e-04	1.00e+00
 2.79831e+15	3.91e-09	4.33e-04	1.00e+00
 2.89945e+15	4.54e-09	4.68e-04	1.00e+00
 3.01546e+15	5.33e-09	5.09e-04	9.99e-01
 3.12968e+15	6.21e-09	5.51e-04	9.99e-01
 3.23971e+15	7.17e-09	5.93e-04	9.99e-01
 3.36057e+15	8.33e-09	6.41e-04	9.99e-01
 3.49502e+15	9.80e-09	6.97e-04	9.99e-01
 3.63485e+15	1.15e-08	7.57e-04	9.99e-01
 3.75493e+15	1.31e-08	8.10e-04	9.99e-01
 3.84540e+15	1.45e-08	8.52e-04	9.99e-01
 3.94126e+15	1.60e-08	8.97e-04	9.99e-01
 4.06586e+15	1.82e-08	9.58e-04	9.99e-01
 4.20297e+15	2.08e-08	1.03e-03	9.99e-01
 4.32913e+15	2.35e-08	1.09e-03	9.99e-01
 4.46594e+15	2.66e-08	1.16e-03	9.99e-01
 4.62021e+15	3.06e-08	1.25e-03	9.99e-01
 4.76803e+15	3.47e-08	1.33e-03	9.99e-01
 4.93106e+15	3.97e-08	1.43e-03	9.99e-01
 5.11070e+15	4.60e-08	1.54e-03	9.98e-01
 5.27646e+15	5.23e-08	1.64e-03	9.98e-01
 5.45645e+15	6.00e-08	1.76e-03	9.98e-01
 5.65621e+15	6.94e-08	1.90e-03	9.98e-01
 5.84312e+15	7.91e-08	2.03e-03	9.98e-01
 6.04755e+15	9.11e-08	2.18e-03	9.98e-01
 6.27361e+15	1.06e-07	2.35e-03	9.98e-01
 6.48469e+15	1.21e-07	2.52e-03	9.97e-01
 6.71600e+15	1.40e-07	2.71e-03	9.97e-01
 6.97254e+15	1.63e-07	2.93e-03	9.97e-01
 7.21407e+15	1.87e-07	3.14e-03	9.97e-01
 7.43590e+15	2.11e-07	3.34e-03	9.97e-01
 7.67997e+15	2.41e-07	3.58e-03	9.96e-01
 7.92574e+15	2.74e-07	3.82e-03	9.96e-01
 8.12520e+15	3.03e-07	4.02e-03	9.96e-01
 8.33599e+15	3.36e-07	4.25e-03	9.96e-01
 8.61002e+15	3.85e-07	4.57e-03	9.95e-01
 8.88988e+15	4.39e-07	4.89e-03	9.95e-01
 9.12400e+15	4.88e-07	5.17e-03	9.95e-01
 9.37503e+15	5.47e-07	5.50e-03	9.95e-01
 9.70136e+15	6.34e-07	5.95e-03	9.94e-01
 1.00327e+16	7.28e-07	6.41e-03	9.94e-01
 1.02952e+16	8.10e-07	6.80e-03	9.93e-01
 1.05613e+16	9.07e-07	7.24e-03	9.93e-01
 1.09073e+16	1.05e-06	7.86e-03	9.92e-01
 1.12554e+16	1.20e-06	8.49e-03	9.92e-01
 1.15325e+16	1.33e-06	9.03e-03	9.91e-01
 1.18188e+16	1.50e-06	9.67e-03	9.90e-01
 1.21300e+16	1.69e-06	1.04e-02	9.90e-01
 1.24097e+16	1.88e-06	1.11e-02	9.89e-01
 1.26683e+16	2.09e-06	1.18e-02	9.88e-01
 1.29633e+16	2.36e-06	1.27e-02	9.87e-01
 1.32805e+16	2.68e-06	1.38e-02	9.86e-01
 1.35584e+16	2.99e-06	1.49e-02	9.85e-01
 1.38114e+16	3.32e-06	1.59e-02	9.84e-01
 1.41001e+16	3.77e-06	1.73e-02	9.83e-01
 1.44097e+16	4.33e-06	1.90e-02	9.81e-01
 1.46780e+16	4.87e-06	2.07e-02	9.79e-01
 1.49177e+16	5.46e-06	2.24e-02	9.78e-01
 1.51495e+16	6.10e-06	2.42e-02	9.76e-01
 1.54115e+16	7.03e-06	2.68e-02	9.73e-01
 1.56894e+16	8.13e-06	2.98e-02	9.70e-01
 1.59282e+16	9.31e-06	3.30e-02	9.67e-01
 1.61395e+16	1.06e-05	3.63e-02	9.64e-01
 1.63408e+16	1.20e-05	4.00e-02	9.60e-01
 1.65684e+16	1.42e-05	4.51e-02	9.55e-01
 1.68032e+16	1.68e-05	5.14e-02	9.49e-01
 1.69934e+16	1.94e-05	5.78e-02	9.42e-01
 1.71570e+16	2.22e-05	6.45e-02	9.35e-01
 1.73398e+16	2.66e-05	7.37e-02	9.26e-01
 1.75259e+16	3.15e-05	8.53e-02	9.15e-01
 1.76772e+16	3.77e-05	9.73e-02	9.03e-01
 1.78045e+16	4.32e-05	1.10e-01	8.90e-01
 1.79397e+16	5.14e-05	1.26e-01	8.74e-01
 1.80830e+16	6.22e-05	1.48e-01	8.52e-01
 1.82022e+16	7.43e-05	1.70e-01	8.29e-01
 1.82873e+16	8.55e-05	1.90e-01	8.10e-01
 1.83441e+16	9.36e-05	2.05e-01	7.95e-01
 1.83993e+16	1.03e-04	2.21e-01	7.79e-01
 1.84709e+16	1.17e-04	2.45e-01	7.55e-01
 1.85486e+16	1.34e-04	2.75e-01	7.25e-01
 1.86163e+16	1.52e-04	3.04e-01	6.95e-01
 1.86759e+16	1.70e-04	3.34e-01	6.66e-01
 1.87427e+16	1.94e-04	3.71e-01	6.29e-01
 1.88137e+16	2.22e-04	4.14e-01	5.86e-01
 1.88753e+16	2.49e-04	4.55e-01	5.45e-01
 1.89403e+16	2.82e-04	5.01e-01	4.99e-01
 1.90108e+16	3.19e-04	5.52e-01	4.48e-01
 1.90752e+16	3.54e-04	6.00e-01	4.00e-01
 1.91459e+16	3.97e-04	6.52e-01	3.48e-01
 1.92248e+16	4.43e-04	7.06e-01	2.93e-01
 1.93020e+16	4.87e-04	7.54e-01	2.45e-01
 1.93901e+16	5.36e-04	8.03e-01	1.97e-01
 1.95047e+16	5.93e-04	8.53e-01	1.47e-01
 1.96536e+16	6.57e-04	9.00e-01	9.96e-02
 1.98184e+16	7.16e-04	9.33e-01	6.61e-02
 2.00038e+16	7.73e-04	9.57e-01	4.25e-02
 2.02448e+16	8.40e-04	9.74e-01	2.50e-02
 2.05582e+16	9.22e-04	9.86e-01	1.36e-02
 2.08743e+16	1.01e-03	9.91e-01	7.93e-03
 2.11163e+16	1.09e-03	9.93e-01	5.50e-03
 2.13161e+16	1.16e-03	9.95e-01	4.12e-03
 2.14740e+16	1.22e-03	9.95e-01	3.35e-03
 2.15837e+16	1.27e-03	9.96e-01	2.91e-03
 2.16956e+16	1.32e-03	9.96e-01	2.51e-03
 2.18411e+16	1.40e-03	9.97e-01	2.08e-03
 2.19904e+16	1.48e-03	9.97e-01	1.74e-03
 2.21079e+16	1.55e-03	9.97e-01	1.53e-03
 2.22057e+16	1.62e-03	9.97e-01	1.36e-03
 2.23148e+16	1.70e-03	9.97e-01	1.20e-03
 2.24375e+16	1.80e-03	9.97e-01	1.05e-03
 2.25385e+16	1.89e-03	9.97e-01	9.49e-04
 2.26098e+16	1.96e-03	9.97e-01	8.82e-04
 2.26819e+16	2.03e-03	9.97e-01	8.15e-04
 2.27755e+16	2.14e-03	9.97e-01	7.38e-04
 2.28698e+16	2.26e-03	9.97e-01	6.72e-04
 2.29421e+16	2.35e-03	9.97e-01	6.27e-04
 2.30033e+16	2.44e-03	9.97e-01	5.90e-04
 2.30729e+16	2.55e-03	9.97e-01	5.50e-04
 2.31501e+16	2.69e-03	9.97e-01	5.10e-04
 2.32194e+16	2.82e-03	9.97e-01	4.78e-04
 2.32793e+16	2.94e-03	9.97e-01	4.52e-04
 2.33447e+16	3.08e-03	9.96e-01	4.24e-04
 2.34157e+16	3.26e-03	9.96e-01	3.97e-04
 2.34773e+16	3.42e-03	9.96e-01	3.76e-04
 2.35299e+16	3.57e-03	9.96e-01	3.58e-04
 2.35877e+16	3.76e-03	9.96e-01	3.39e-04
 2.36509e+16	3.97e-03	9.96e-01	3.20e-04
 2.37065e+16	4.19e-03	9.96e-01	3.05e-04
 2.37547e+16	4.39e-03	9.95e-01	2.92e-04
 2.38082e+16	4.64e-03	9.95e-01	2.78e-04
 2.38664e+16	4.93e-03	9.95e-01	2.64e-04
 2.39175e+16	5.22e-03	9.95e-01	2.52e-04
 2.39621e+16	5.50e-03	9.94e-01	2.43e-04
 2.40115e+16	5.84e-03	9.94e-01	2.32e-04
 2.40657e+16	6.26e-03	9.94e-01	2.21e-04
 2.41145e+16	6.69e-03	9.93e-01	2.12e-04
 2.41581e+16	7.11e-03	9.93e-01	2.04e-04
 2.42068e+16	7.65e-03	9.92e-01	1.95e-04
 2.42610e+16	8.33e-03	9.91e-01	1.87e-04
 2.43108e+16	9.08e-03	9.91e-01	1.79e-04
 2.43554e+16	9.82e-03	9.90e-01	1.72e-04
 2.43978e+16	1.07e-02	9.89e-01	1.66e-04
 2.44400e+16	1.16e-02	9.88e-01	1.60e-04
 2.44797e+16	1.27e-02	9.87e-01	1.55e-04
 2.45150e+16	1.38e-02	9.86e-01	1.50e-04
 2.45476e+16	1.50e-02	9.85e-01	1.46e-04
 2.45795e+16	1.63e-02	9.84e-01	1.42e-04
 2.46103e+16	1.78e-02	9.82e-01	1.39e-04
 2.46397e+16	1.95e-02	9.80e-01	1.35e-04
 2.46673e+16	2.13e-02	9.79e-01	1.32e-04
 2.46936e+16	2.33e-02	9.77e-01	1.29e-04
 2.47188e+16	2.55e-02	9.74e-01	1.27e-04
 2.47430e+16	2.81e-02	9.72e-01	1.25e-04
 2.47662e+16	3.08e-02	9.69e-01	1.23e-04
 2.47887e+16	3.39e-02	9.66e-01	1.21e-04
 2.48104e+16	3.75e-02	9.62e-01	1.19e-04
 2.48312e+16	4.16e-02	9.58e-01	1.18e-04
 2.48509e+16	4.60e-02	9.54e-01	1.17e-04
 2.48701e+16	5.11e-02	9.49e-01	1.16e-04
 2.48886e+16	5.68e-02	9.43e-01	1.15e-04
 2.49060e+16	6.32e-02	9.37e-01	1.14e-04
 2.49223e+16	7.00e-02	9.30e-01	1.14e-04
 2.49378e+16	7.74e-02	9.23e-01	1.14e-04
 2.49529e+16	8.59e-02	9.14e-01	1.15e-04
 2.49676e+16	9.56e-02	9.04e-01	1.15e-04
 2.49812e+16	1.06e-01	8.94e-01	1.16e-04
 2.49940e+16	1.16e-01	8.83e-01	1.17e-04
 2.50061e+16	1.28e-01	8.72e-01	1.18e-04
 2.50169e+16	1.39e-01	8.61e-01	1.20e-04
 2.50265e+16	1.51e-01	8.49e-01	1.21e-04
 2.50356e+16	1.62e-01	8.37e-01	1.22e-04
 2.50428e+16	1.72e-01	8.28e-01	1.24e-04
 2.50475e+16	1.79e-01	8.21e-01	1.24e-04
 2.50517e+16	1.86e-01	8.14e-01	1.25e-04
 2.50566e+16	1.94e-01	8.06e-01	1.26e-04
 2.50619e+16	2.03e-01	7.97e-01	1.27e-04
 2.50671e+16	2.12e-01	7.88e-01	1.28e-04
 2.50720e+16	2.21e-01	7.78e-01	1.29e-04
 2.50767e+16	2.31e-01	7.69e-01	1.30e-04
 2.50815e+16	2.41e-01	7.59e-01	1.31e-04
 2.50862e+16	2.50e-01	7.49e-01	1.32e-04
 2.50909e+16	2.61e-01	7.39e-01	1.33e-04
 2.50956e+16	2.72e-01	7.28e-01	1.34e-04
 2.51001e+16	2.83e-01	7.17e-01	1.35e-04
 2.51045e+16	2.94e-01	7.06e-01	1.36e-04
 2.51090e+16	3.06e-01	6.94e-01	1.37e-04
 2.51135e+16	3.18e-01	6.82e-01	1.38e-04
 2.51178e+16	3.30e-01	6.69e-01	1.39e-04
 2.51221e+16	3.43e-01	6.57e-01	1.40e-04
 2.51264e+16	3.56e-01	6.44e-01	1.40e-04
 2.51306e+16	3.68e-01	6.31e-01	1.42e-04
 2.51348e+16	3.82e-01	6.18e-01	1.42e-04
 2.51389e+16	3.96e-01	6.04e-01	1.43e-04
 2.51430e+16	4.09e-01	5.91e-01	1.44e-04
 2.51470e+16	4.23e-01	5.77e-01	1.44e-04
 2.51509e+16	4.37e-01	5.63e-01	1.45e-04
 2.51549e+16	4.51e-01	5.49e-01	1.45e-04
 2.51588e+16	4.65e-01	5.35e-01	1.46e-04
 2.51626e+16	4.79e-01	5.21e-01	1.46e-04
 2.51664e+16	4.93e-01	5.06e-01	1.46e-04
 2.51701e+16	5.07e-01	4.93e-01	1.47e-04
 2.51737e+16	5.21e-01	4.79e-01	1.47e-04
 2.51773e+16	5.35e-01	4.65e-01	1.47e-04
 2.51808e+16	5.49e-01	4.51e-01	1.47e-04
 2.51843e+16	5.63e-01	4.37e-01	1.46e-04
 2.51878e+16	5.76e-01	4.24e-01	1.46e-04
 2.51910e+16	5.89e-01	4.11e-01	1.46e-04
 2.51942e+16	6.01e-01	3.99e-01	1.46e-04
 2.51974e+16	6.14e-01	3.86e-01	1.45e-04
 2.52006e+16	6.26e-01	3.74e-01	1.45e-04
 2.52037e+16	6.38e-01	3.61e-01	1.44e-04
 2.52067e+16	6.50e-01	3.50e-01	1.43e-04
 2.52098e+16	6.62e-01	3.38e-01	1.43e-04
 2.52127e+16	6.73e-01	3.27e-01	1.42e-04
 2.52156e+16	6.84e-01	3.16e-01	1.41e-04
 2.52184e+16	6.95e-01	3.05e-01	1.40e-04
 2.52212e+16	7.05e-01	2.95e-01	1.39e-04
 2.52240e+16	7.15e-01	2.85e-01	1.38e-04
 2.52266e+16	7.24e-01	2.75e-01	1.37e-04
 2.52293e+16	7.34e-01	2.66e-01	1.36e-04
 2.52320e+16	7.43e-01	2.57e-01	1.35e-04
 2.52346e+16	7.52e-01	2.48e-01	1.33e-04
 2.52371e+16	7.61e-01	2.39e-01	1.32e-04
 2.52397e+16	7.69e-01	2.31e-01	1.31e-04
 2.52421e+16	7.77e-01	2.23e-01	1.30e-04
 2.52446e+16	7.85e-01	2.15e-01	1.28e-04
 2.52470e+16	7.92e-01	2.07e-01	1.27e-04
 2.52492e+16	7.99e-01	2.01e-01	1.26e-04
 2.52509e+16	8.04e-01	1.96e-01	1.24e-04
 2.52524e+16	8.09e-01	1.91e-01	1.23e-04
 2.52540e+16	8.13e-01	1.87e-01	1.22e-04
 2.52557e+16	8.18e-01	1.82e-01	1.21e-04
 2.52573e+16	8.23e-01	1.77e-01	1.20e-04
 2.52588e+16	8.27e-01	1.73e-01	1.19e-04
 2.52603e+16	8.31e-01	1.69e-01	1.18e-04
 2.52617e+16	8.35e-01	1.65e-01	1.17e-04
 2.52631e+16	8.39e-01	1.61e-01	1.16e-04
 2.52646e+16	8.42e-01	1.58e-01	1.14e-04
 2.52659e+16	8.46e-01	1.54e-01	1.13e-04
 2.52673e+16	8.49e-01	1.51e-01	1.12e-04
 2.52686e+16	8.53e-01	1.47e-01	1.11e-04
 2.52699e+16	8.56e-01	1.44e-01	1.10e-04
 2.52712e+16	8.59e-01	1.41e-01	1.09e-04
 2.52725e+16	8.62e-01	1.38e-01	1.08e-04
 2.52738e+16	8.65e-01	1.35e-01	1.07e-04
 2.52752e+16	8.68e-01	1.32e-01	1.06e-04
 2.52765e+16	8.71e-01	1.29e-01	1.05e-04
 2.52778e+16	8.74e-01	1.26e-01	1.03e-04
 2.52793e+16	8.77e-01	1.23e-01	1.02e-04
 2.52808e+16	8.81e-01	1.19e-01	1.01e-04
 2.52825e+16	8.84e-01	1.16e-01	9.95e-05
 2.52842e+16	8.88e-01	1.12e-01	9.79e-05
 2.52862e+16	8.92e-01	1.08e-01	9.61e-05
 2.52883e+16	8.96e-01	1.04e-01	9.43e-05
 2.52903e+16	8.99e-01	1.01e-01	9.24e-05
 2.52921e+16	9.03e-01	9.72e-02	9.06e-05
 2.52938e+16	9.06e-01	9.40e-02	8.88e-05
 2.52955e+16	9.09e-01	9.09e-02	8.69e-05
 2.52972e+16	9.12e-01	8.81e-02	8.51e-05
 2.52988e+16	9.15e-01	8.54e-02	8.34e-05
 2.53002e+16	9.17e-01	8.30e-02	8.19e-05
 2.53015e+16	9.19e-01	8.09e-02	8.03e-05
 2.53027e+16	9.21e-01	7.90e-02	7.89e-05
 2.53037e+16	9.23e-01	7.73e-02	7.76e-05
 2.53047e+16	9.24e-01	7.57e-02	7.64e-05
 2.53056e+16	9.26e-01	7.43e-02	7.53e-05
 2.53064e+16	9.27e-01	7.30e-02	7.42e-05
 2.53073e+16	9.28e-01	7.16e-02	7.31e-05
 2.53083e+16	9.30e-01	7.02e-02	7.20e-05
 2.53091e+16	9.31e-01	6.89e-02	7.09e-05
 2.53099e+16	9.32e-01	6.77e-02	6.99e-05
 2.53107e+16	9.33e-01	6.66e-02	6.88e-05
 2.53113e+16	9.34e-01	6.56e-02	6.80e-05
 2.53120e+16	9.35e-01	6.46e-02	6.71e-05
 2.53130e+16	9.37e-01	6.32e-02	6.58e-05
 2.53140e+16	9.38e-01	6.18e-02	6.46e-05
 2.53149e+16	9.39e-01	6.05e-02	6.33e-05
 2.53157e+16	9.41e-01	5.94e-02	6.23e-05
 2.53165e+16	9.42e-01	5.83e-02	6.13e-05
 2.53172e+16	9.43e-01	5.74e-02	6.04e-05
 2.53178e+16	9.43e-01	5.65e-02	5.95e-05
 2.53184e+16	9.44e-01	5.57e-02	5.87e-05
 2.53189e+16	9.45e-01	5.50e-02	5.79e-05
 2.53195e+16	9.46e-01	5.42e-02	5.71e-05
 2.53201e+16	9.47e-01	5.34e-02	5.63e-05
 2.53207e+16	9.47e-01	5.26e-02	5.55e-05
 2.53212e+16	9.48e-01	5.19e-02	5.47e-05
 2.53216e+16	9.49e-01	5.13e-02	5.40e-05
 2.53222e+16	9.49e-01	5.07e-02	5.34e-05
 2.53228e+16	9.50e-01	4.97e-02	5.24e-05
 2.53235e+16	9.51e-01	4.89e-02	5.14e-05
 2.53242e+16	9.52e-01	4.81e-02	5.06e-05
 2.53248e+16	9.53e-01	4.73e-02	4.98e-05
 2.53253e+16	9.53e-01	4.67e-02	4.91e-05
 2.53258e+16	9.54e-01	4.61e-02	4.84e-05
 2.53263e+16	9.54e-01	4.55e-02	4.78e-05
 2.53267e+16	9.55e-01	4.49e-02	4.72e-05
 2.53274e+16	9.56e-01	4.41e-02	4.62e-05
 2.53281e+16	9.57e-01	4.33e-02	4.54e-05
 2.53287e+16	9.57e-01	4.26e-02	4.47e-05
 2.53293e+16	9.58e-01	4.20e-02	4.39e-05
 2.53298e+16	9.59e-01	4.14e-02	4.33e-05
 2.53302e+16	9.59e-01	4.09e-02	4.26e-05
 2.53307e+16	9.60e-01	4.04e-02	4.21e-05
 2.53311e+16	9.60e-01	3.99e-02	4.16e-05
 2.53318e+16	9.61e-01	3.92e-02	4.09e-05
 2.53324e+16	9.61e-01	3.86e-02	4.02e-05
 2.53330e+16	9.62e-01	3.80e-02	3.95e-05
 2.53336e+16	9.63e-01	3.74e-02	3.90e-05
 2.53341e+16	9.63e-01	3.69e-02	3.84e-05
 2.53346e+16	9.64e-01	3.64e-02	3.79e-05
 2.53353e+16	9.64e-01	3.57e-02	3.71e-05
 2.53361e+16	9.65e-01	3.50e-02	3.64e-05
 2.53368e+16	9.66e-01	3.44e-02	3.58e-05
 2.53374e+16	9.66e-01	3.39e-02	3.52e-05
 2.53380e+16	9.67e-01	3.34e-02	3.46e-05
 2.53385e+16	9.67e-01	3.29e-02	3.41e-05
 2.53391e+16	9.68e-01	3.24e-02	3.36e-05
 2.53397e+16	9.68e-01	3.19e-02	3.31e-05
 2.53403e+16	9.69e-01	3.14e-02	3.26e-05
 2.53408e+16	9.69e-01	3.10e-02	3.21e-05
 2.53413e+16	9.69e-01	3.06e-02	3.17e-05
 2.53421e+16	9.70e-01	3.00e-02	3.11e-05
 2.53428e+16	9.71e-01	2.94e-02	3.05e-05
 2.53436e+16	9.71e-01	2.89e-02	2.99e-05
 2.53442e+16	9.72e-01	2.85e-02	2.95e-05
 2.53448e+16	9.72e-01	2.80e-02	2.90e-05
 2.53455e+16	9.72e-01	2.76e-02	2.85e-05
 2.53462e+16	9.73e-01	2.71e-02	2.81e-05
 2.53468e+16	9.73e-01	2.67e-02	2.76e-05
 2.53475e+16	9.74e-01	2.62e-02	2.71e-05
 2.53483e+16	9.74e-01	2.58e-02	2.67e-05
 2.53490e+16	9.75e-01	2.53e-02	2.62e-05
 2.53496e+16	9.75e-01	2.50e-02	2.58e-05
 2.53503e+16	9.75e-01	2.46e-02	2.54e-05
 2.53512e+16	9.76e-01	2.40e-02	2.49e-05
 2.53521e+16	9.76e-01	2.35e-02	2.43e-05
 2.53530e+16	9.77e-01	2.31e-02	2.39e-05
 2.53538e+16	9.77e-01	2.26e-02	2.34e-05
 2.53545e+16	9.78e-01	2.23e-02	2.31e-05
 2.53553e+16	9.78e-01	2.19e-02	2.26e-05
 2.53562e+16	9.79e-01	2.15e-02	2.22e-05
 2.53570e+16	9.79e-01	2.11e-02	2.19e-05
 2.53578e+16	9.79e-01	2.07e-02	2.14e-05
 2.53588e+16	9.80e-01	2.03e-02	2.10e-05
 2.53596e+16	9.80e-01	1.99e-02	2.06e-05
 2.53605e+16	9.80e-01	1.95e-02	2.02e-05
 2.53615e+16	9.81e-01	1.91e-02	1.98e-05
 2.53624e+16	9.81e-01	1.88e-02	1.95e-05
 2.53634e+16	9.82e-01	1.84e-02	1.90e-05
 2.53645e+16	9.82e-01	1.80e-02	1.86e-05
 2.53655e+16	9.82e-01	1.76e-02	1.83e-05
 2.53665e+16	9.83e-01	1.72e-02	1.79e-05
 2.53677e+16	9.83e-01	1.69e-02	1.75e-05
 2.53687e+16	9.83e-01	1.65e-02	1.72e-05
 2.53699e+16	9.84e-01	1.61e-02	1.68e-05
 2.53711e+16	9.84e-01	1.58e-02	1.64e-05
 2.53723e+16	9.85e-01	1.55e-02	1.61e-05
 2.53735e+16	9.85e-01	1.51e-02	1.57e-05
 2.53748e+16	9.85e-01	1.47e-02	1.54e-05
 2.53761e+16	9.86e-01	1.44e-02	1.51e-05
 2.53774e+16	9.86e-01	1.41e-02	1.47e-05
 2.53788e+16	9.86e-01	1.38e-02	1.44e-05
 2.53801e+16	9.87e-01	1.35e-02	1.41e-05
 2.53816e+16	9.87e-01	1.31e-02	1.37e-05
 2.53831e+16	9.87e-01	1.28e-02	1.34e-05
 2.53845e+16	9.87e-01	1.25e-02	1.31e-05
 2.53861e+16	9.88e-01	1.22e-02	1.28e-05
 2.53878e+16	9.88e-01	1.19e-02	1.25e-05
 2.53893e+16	9.88e-01	1.17e-02	1.22e-05
 2.53909e+16	9.89e-01	1.14e-02	1.19e-05
 2.53931e+16	9.89e-01	1.11e-02	1.16e-05
 2.53955e+16	9.89e-01	1.07e-02	1.12e-05
 2.53976e+16	9.90e-01	1.05e-02	1.10e-05
 2.53995e+16	9.90e-01	1.02e-02	1.07e-05
 2.54016e+16	9.90e-01	9.95e-03	1.04e-05
 2.54044e+16	9.90e-01	9.64e-03	1.01e-05
 2.54074e+16	9.91e-01	9.36e-03	9.80e-06
 2.54101e+16	9.91e-01	9.11e-03	9.54e-06
 2.54130e+16	9.91e-01	8.85e-03	9.25e-06
 2.54162e+16	9.91e-01	8.61e-03	9.01e-06
 2.54192e+16	9.92e-01	8.41e-03	8.78e-06
 2.54224e+16	9.92e-01	8.19e-03	8.54e-06
 2.54265e+16	9.92e-01	7.94e-03	8.27e-06
 2.54319e+16	9.92e-01	7.67e-03	7.98e-06
 2.54385e+16	9.93e-01	7.40e-03	7.69e-06
 2.54460e+16	9.93e-01	7.14e-03	7.40e-06
 2.54548e+16	9.93e-01	6.90e-03	7.11e-06
 2.54645e+16	9.93e-01	6.69e-03	6.86e-06
 2.54745e+16	9.93e-01	6.52e-03	6.65e-06
 2.54860e+16	9.94e-01	6.36e-03	6.44e-06
 2.55010e+16	9.94e-01	6.21e-03	6.23e-06
 2.55204e+16	9.94e-01	6.06e-03	6.00e-06
 2.55457e+16	9.94e-01	5.90e-03	5.75e-06
 2.55785e+16	9.94e-01	5.74e-03	5.48e-06
 2.56212e+16	9.94e-01	5.56e-03	5.15e-06
 2.56767e+16	9.95e-01	5.34e-03	4.77e-06
 2.57455e+16	9.95e-01	5.10e-03	4.35e-06
 2.58204e+16	9.95e-01	4.85e-03	3.96e-06
 2.58943e+16	9.95e-01	4.63e-03	3.61e-06
 2.59672e+16	9.96e-01	4.43e-03	3.30e-06
 2.60421e+16	9.96e-01	4.22e-03	3.01e-06
 2.61204e+16	9.96e-01	4.03e-03	2.73e-06
 2.62008e+16	9.96e-01	3.83e-03	2.48e-06
 2.62822e+16	9.96e-01	3.65e-03	2.25e-06
 2.63651e+16	9.97e-01	3.48e-03	2.04e-06
 2.64497e+16	9.97e-01	3.31e-03	1.85e-06
 2.65360e+16	9.97e-01	3.15e-03	1.67e-06
 2.66241e+16	9.97e-01	2.99e-03	1.51e-06
 2.67139e+16	9.97e-01	2.84e-03	1.37e-06
 2.68055e+16	9.97e-01	2.70e-03	1.24e-06
 2.68990e+16	9.97e-01	2.57e-03	1.11e-06
 2.69944e+16	9.98e-01	2.44e-03	1.00e-06
 2.70917e+16	9.98e-01	2.31e-03	9.03e-07
 2.71913e+16	9.98e-01	2.19e-03	8.11e-07
 2.72930e+16	9.98e-01	2.08e-03	7.28e-07
 2.73967e+16	9.98e-01	1.97e-03	6.53e-07
 2.75025e+16	9.98e-01	1.86e-03	5.84e-07
 2.76107e+16	9.98e-01	1.76e-03	5.23e-07
 2.77213e+16	9.98e-01	1.66e-03	4.67e-07
 2.78344e+16	9.98e-01	1.57e-03	4.16e-07
 2.79501e+16	9.99e-01	1.49e-03	3.70e-07
 2.80684e+16	9.99e-01	1.40e-03	3.29e-07
 2.81896e+16	9.99e-01	1.32e-03	2.91e-07
 2.83137e+16	9.99e-01	1.24e-03	2.58e-07
 2.84409e+16	9.99e-01	1.17e-03	2.28e-07
 2.85715e+16	9.99e-01	1.10e-03	2.01e-07
 2.87056e+16	9.99e-01	1.03e-03	1.77e-07
 2.88435e+16	9.99e-01	9.70e-04	1.55e-07
 2.89854e+16	9.99e-01	9.09e-04	1.36e-07
 2.91314e+16	9.99e-01	8.51e-04	1.19e-07
 2.92819e+16	9.99e-01	7.96e-04	1.03e-07
 2.94365e+16	9.99e-01	7.44e-04	8.99e-08
 2.95936e+16	9.99e-01	6.94e-04	7.80e-08
 2.97565e+16	9.99e-01	6.46e-04	6.73e-08
 2.99289e+16	9.99e-01	6.00e-04	5.76e-08
 3.01089e+16	9.99e-01	5.56e-04	4.91e-08
 3.02954e+16	9.99e-01	5.14e-04	4.17e-08
 3.04895e+16	1.00e+00	4.74e-04	3.52e-08
 3.06933e+16	1.00e+00	4.35e-04	2.95e-08
 3.09073e+16	1.00e+00	3.99e-04	2.45e-08
 3.11319e+16	1.00e+00	3.64e-04	2.02e-08
 3.13704e+16	1.00e+00	3.31e-04	1.65e-08
 3.16222e+16	1.00e+00	2.99e-04	1.34e-08
 3.18900e+16	1.00e+00	2.69e-04	1.07e-08
 3.21790e+16	1.00e+00	2.40e-04	8.38e-09
 3.24894e+16	1.00e+00	2.12e-04	6.48e-09
 3.28252e+16	1.00e+00	1.86e-04	4.92e-09
 3.31928e+16	1.00e+00	1.61e-04	3.64e-09
 3.36000e+16	1.00e+00	1.37e-04	2.61e-09
 3.40571e+16	1.00e+00	1.15e-04	1.80e-09
 3.45797e+16	1.00e+00	9.33e-05	1.18e-09
 3.51818e+16	1.00e+00	7.36e-05	7.28e-10
 3.58764e+16	1.00e+00	5.59e-05	4.19e-10
 3.66413e+16	1.00e+00	4.15e-05	2.32e-10
 3.74310e+16	1.00e+00	3.06e-05	1.27e-10
 3.82360e+16	1.00e+00	2.26e-05	6.95e-11
 3.90728e+16	1.00e+00	1.65e-05	3.75e-11
 3.99583e+16	1.00e+00	1.19e-05	1.98e-11
 4.08967e+16	1.00e+00	8.46e-06	1.02e-11
 4.18926e+16	1.00e+00	5.95e-06	5.16e-12
 4.29559e+16	1.00e+00	4.12e-06	2.54e-12
 4.40819e+16	1.00e+00	2.83e-06	1.22e-12
 4.52519e+16	1.00e+00	1.94e-06	5.85e-13
 4.64452e+16	1.00e+00	1.33e-06	2.82e-13
 4.76444e+16	1.00e+00	9.21e-07	1.38e-13
 4.88930e+16	1.00e+00	6.36e-07	6.71e-14
 5.02239e+16	1.00e+00	4.33e-07	3.17e-14
 5.16153e+16	1.00e+00	2.93e-07	1.48e-14
 5.30412e+16	1.00e+00	1.99e-07	6.97e-15
 5.45105e+16	1.00e+00	1.35e-07	3.26e-15
 5.60388e+16	1.00e+00	9.17e-08	1.51e-15
 5.75974e+16	1.00e+00	6.24e-08	7.09e-16
 5.91634e+16	1.00e+00	4.28e-08	3.37e-16
 6.07295e+16	1.00e+00	2.97e-08	1.64e-16
 6.22955e+16	1.00e+00	2.08e-08	8.10e-17
 6.38616e+16	1.00e+00	1.47e-08	4.07e-17
 6.54276e+16	1.00e+00	1.05e-08	2.08e-17
 6.69937e+16	1.00e+00	7.53e-09	1.08e-17
 6.85597e+16	1.00e+00	5.45e-09	5.70e-18
 7.01258e+16	1.00e+00	3.98e-09	3.05e-18
 7.16918e+16	1.00e+00	2.93e-09	1.66e-18
 7.32579e+16	1.00e+00	2.17e-09	9.11e-19
 7.48242e+16	1.00e+00	1.62e-09	5.08e-19
 7.63904e+16	1.00e+00	1.21e-09	2.86e-19
 7.79567e+16	1.00e+00	9.15e-10	1.64e-19
 7.95229e+16	1.00e+00	6.95e-10	9.45e-20
 8.13240e+16	1.00e+00	5.06e-10	5.03e-20
 8.33908e+16	1.00e+00	3.58e-10	2.52e-20
 8.54881e+16	1.00e+00	2.54e-10	1.27e-20
 8.77366e+16	1.00e+00	1.77e-10	6.20e-21
 9.01600e+16	1.00e+00	1.22e-10	0.00e+00
 9.26185e+16	1.00e+00	8.42e-11	0.00e+00
 9.50889e+16	1.00e+00	5.86e-11	0.00e+00
 9.75591e+16	1.00e+00	4.12e-11	0.00e+00
 1.00149e+17	1.00e+00	2.87e-11	0.00e+00
 1.02883e+17	1.00e+00	1.98e-11	0.00e+00
 1.05685e+17	1.00e+00	1.37e-11	0.00e+00
 1.08527e+17	1.00e+00	9.51e-12	0.00e+00
 1.11369e+17	1.00e+00	6.67e-12	0.00e+00
 1.14211e+17	1.00e+00	4.72e-12	0.00e+00
 1.17053e+17	1.00e+00	3.38e-12	0.00e+00
 1.19895e+17	1.00e+00	2.44e-12	0.00e+00
 1.22737e+17	1.00e+00	1.79e-12	0.00e+00
 1.25579e+17	1.00e+00	1.33e-12	0.00e+00
 1.28421e+17	1.00e+00	9.97e-13	0.00e+00
 1.31407e+17	1.00e+00	7.51e-13	0.00e+00
 1.34537e+17	1.00e+00	5.70e-13	0.00e+00
 1.38064e+17	1.00e+00	4.29e-13	0.00e+00
 1.42158e+17	1.00e+00	3.17e-13	0.00e+00
 1.46351e+17	1.00e+00	2.44e-13	0.00e+00
 1.50383e+17	1.00e+00	2.00e-13	0.00e+00
 1.54305e+17	1.00e+00	1.72e-13	0.00e+00
 1.58196e+17	1.00e+00	1.54e-13	0.00e+00
 1.62044e+17	1.00e+00	1.42e-13	0.00e+00
 1.65812e+17	1.00e+00	1.33e-13	0.00e+00
 1.69467e+17	1.00e+00	1.28e-13	0.00e+00
 1.72996e+17	1.00e+00	1.24e-13	0.00e+00
 1.76394e+17	1.00e+00	1.22e-13	0.00e+00
 1.79658e+17	1.00e+00	1.21e-13	0.00e+00
 1.82779e+17	1.00e+00	1.20e-13	0.00e+00
 1.85753e+17	1.00e+00	1.20e-13	0.00e+00
 1.88580e+17	1.00e+00	1.20e-13	0.00e+00
 1.91262e+17	1.00e+00	1.20e-13	0.00e+00
 1.93808e+17	1.00e+00	1.20e-13	0.00e+00
 1.96221e+17	1.00e+00	1.21e-13	0.00e+00
 1.98503e+17	1.00e+00	1.21e-13	0.00e+00
 2.00661e+17	1.00e+00	1.22e-13	0.00e+00
 2.02699e+17	1.00e+00	1.22e-13	0.00e+00
 2.04626e+17	1.00e+00	1.23e-13	0.00e+00
 2.06448e+17	1.00e+00	1.24e-13	0.00e+00
 2.08171e+17	1.00e+00	1.24e-13	0.00e+00
 2.09799e+17	1.00e+00	1.25e-13	0.00e+00
 2.11338e+17	1.00e+00	1.25e-13	0.00e+00
 2.12794e+17	1.00e+00	1.25e-13	0.00e+00
 2.14171e+17	1.00e+00	1.26e-13	0.00e+00
 2.15476e+17	1.00e+00	1.26e-13	0.00e+00
 2.16710e+17	1.00e+00	1.27e-13	0.00e+00
 2.17880e+17	1.00e+00	1.27e-13	0.00e+00
 2.18988e+17	1.00e+00	1.27e-13	0.00e+00
 2.20038e+17	1.00e+00	1.28e-13	0.00e+00
 2.21033e+17	1.00e+00	1.28e-13	0.00e+00
 2.21978e+17	1.00e+00	1.28e-13	0.00e+00
 2.22875e+17	1.00e+00	1.28e-13	0.00e+00
 2.23727e+17	1.00e+00	1.28e-13	0.00e+00
 2.24536e+17	1.00e+00	1.29e-13	0.00e+00
 2.25304e+17	1.00e+00	1.29e-13	0.00e+00
 2.26036e+17	1.00e+00	1.29e-13	0.00e+00
 2.26732e+17	1.00e+00	1.29e-13	0.00e+00
 2.27394e+17	1.00e+00	1.29e-13	0.00e+00
 2.28026e+17	1.00e+00	1.29e-13	0.00e+00
 2.28627e+17	1.00e+00	1.30e-13	0.00e+00
 2.29201e+17	1.00e+00	1.30e-13	0.00e+00
 2.29749e+17	1.00e+00	1.30e-13	0.00e+00
 2.30273e+17	1.00e+00	1.30e-13	0.00e+00
 2.30774e+17	1.00e+00	1.30e-13	0.00e+00
 2.31253e+17	1.00e+00	1.30e-13	0.00e+00
 2.31713e+17	1.00e+00	1.30e-13	0.00e+00
 2.32153e+17	1.00e+00	1.30e-13	0.00e+00
 2.32577e+17	1.00e+00	1.30e-13	0.00e+00
 2.32984e+17	1.00e+00	1.30e-13	0.00e+00
 2.33377e+17	1.00e+00	1.30e-13	0.00e+00
 2.33756e+17	1.00e+00	1.30e-13	0.00e+00
 2.34122e+17	1.00e+00	1.31e-13	0.00e+00
 2.34477e+17	1.00e+00	1.31e-13	0.00e+00
 2.34822e+17	1.00e+00	1.31e-13	0.00e+00
 2.35157e+17	1.00e+00	1.31e-13	0.00e+00
 2.35485e+17	1.00e+00	1.31e-13	0.00e+00
 2.35806e+17	1.00e+00	1.31e-13	0.00e+00
 2.36122e+17	1.00e+00	1.31e-13	0.00e+00
 2.36433e+17	1.00e+00	1.31e-13	0.00e+00
 2.36742e+17	1.00e+00	1.31e-13	0.00e+00
 2.37050e+17	1.00e+00	1.31e-13	0.00e+00
 2.37359e+17	1.00e+00	1.31e-13	0.00e+00
 2.37670e+17	1.00e+00	1.31e-13	0.00e+00
 2.37985e+17	1.00e+00	1.31e-13	0.00e+00
 2.38309e+17	1.00e+00	1.31e-13	0.00e+00
 2.38643e+17	1.00e+00	1.30e-13	0.00e+00
 2.38991e+17	1.00e+00	1.30e-13	0.00e+00
 2.39360e+17	1.00e+00	1.30e-13	0.00e+00
 2.39755e+17	1.00e+00	1.30e-13	0.00e+00
 2.40185e+17	1.00e+00	1.30e-13	0.00e+00
 2.40661e+17	1.00e+00	1.30e-13	0.00e+00
 2.41200e+17	1.00e+00	1.29e-13	0.00e+00
 2.41825e+17	1.00e+00	1.29e-13	0.00e+00
 2.42570e+17	1.00e+00	1.28e-13	0.00e+00
 2.43486e+17	1.00e+00	1.27e-13	0.00e+00
 2.44655e+17	1.00e+00	1.26e-13	0.00e+00
 2.46172e+17	1.00e+00	1.24e-13	0.00e+00
 2.48144e+17	1.00e+00	1.20e-13	0.00e+00
 2.50707e+17	1.00e+00	1.14e-13	0.00e+00
 2.54040e+17	1.00e+00	1.07e-13	0.00e+00
 2.58372e+17	1.00e+00	9.66e-14	0.00e+00
 2.64004e+17	1.00e+00	8.41e-14	0.00e+00
 2.71326e+17	1.00e+00	6.96e-14	0.00e+00
 2.80844e+17	1.00e+00	5.37e-14	0.00e+00
 2.91948e+17	1.00e+00	3.77e-14	0.00e+00
 3.03626e+17	1.00e+00	3.17e-14	0.00e+00
 3.15771e+17	1.00e+00	2.81e-14	0.00e+00
 3.28402e+17	1.00e+00	2.48e-14	0.00e+00
 3.41538e+17	1.00e+00	2.18e-14	0.00e+00
 3.55200e+17	1.00e+00	1.88e-14	0.00e+00
 3.69408e+17	1.00e+00	1.61e-14	0.00e+00
 3.83444e+17	1.00e+00	1.36e-14	0.00e+00
 3.96081e+17	1.00e+00	1.35e-14	0.00e+00
 4.07127e+17	1.00e+00	1.53e-14	0.00e+00
 4.17268e+17	1.00e+00	1.62e-14	0.00e+00
 4.27032e+17	1.00e+00	1.56e-14	0.00e+00
 4.36397e+17	1.00e+00	1.44e-14	0.00e+00
 4.44946e+17	1.00e+00	1.36e-14	0.00e+00
 4.52410e+17	1.00e+00	1.33e-14	0.00e+00
 4.58906e+17	1.00e+00	1.32e-14	0.00e+00
 4.64326e+17	1.00e+00	1.28e-14	0.00e+00
 4.68192e+17	1.00e+00	1.28e-14	0.00e+00
 4.70549e+17	1.00e+00	1.33e-14	0.00e+00
 4.71939e+17	1.00e+00	1.37e-14	0.00e+00
 4.72773e+17	1.00e+00	1.39e-14	0.00e+00
 4.73273e+17	1.00e+00	1.40e-14	0.00e+00
 4.73639e+17	1.00e+00	1.41e-14	0.00e+00
 4.74025e+17	1.00e+00	1.42e-14	0.00e+00
 4.74447e+17	1.00e+00	1.42e-14	0.00e+00
 4.74840e+17	1.00e+00	1.42e-14	0.00e+00
 4.75179e+17	1.00e+00	1.42e-14	0.00e+00
 4.75493e+17	1.00e+00	1.42e-14	0.00e+00
 4.75795e+17	1.00e+00	1.42e-14	0.00e+00
 4.76081e+17	1.00e+00	1.42e-14	0.00e+00
 4.76349e+17	1.00e+00	1.42e-14	0.00e+00
 4.76606e+17	1.00e+00	1.42e-14	0.00e+00
 4.76843e+17	1.00e+00	1.41e-14	0.00e+00
 4.77065e+17	1.00e+00	1.41e-14	0.00e+00
 4.77280e+17	1.00e+00	1.41e-14	0.00e+00
 4.77492e+17	1.00e+00	1.41e-14	0.00e+00
 4.77696e+17	1.00e+00	1.40e-14	0.00e+00
 4.77880e+17	1.00e+00	1.40e-14	0.00e+00
 4.78052e+17	1.00e+00	1.39e-14	0.00e+00
 4.78229e+17	1.00e+00	1.39e-14	0.00e+00
 4.78407e+17	1.00e+00	1.39e-14	0.00e+00
 4.78570e+17	1.00e+00	1.38e-14	0.00e+00
 4.78722e+17	1.00e+00	1.38e-14	0.00e+00
 4.78869e+17	1.00e+00	1.37e-14	0.00e+00
 4.79015e+17	1.00e+00	1.37e-14	0.00e+00
 4.79160e+17	1.00e+00	1.37e-14	0.00e+00
 4.79305e+17	1.00e+00	1.36e-14	0.00e+00
 4.79448e+17	1.00e+00	1.36e-14	0.00e+00
 4.79583e+17	1.00e+00	1.35e-14	0.00e+00
 4.79712e+17	1.00e+00	1.35e-14	0.00e+00
 4.79846e+17	1.00e+00	1.35e-14	0.00e+00
 4.79985e+17	1.00e+00	1.34e-14	0.00e+00
 4.80121e+17	1.00e+00	1.34e-14	0.00e+00
 4.80251e+17	1.00e+00	1.33e-14	0.00e+00
 4.80379e+17	1.00e+00	1.33e-14	0.00e+00
 4.80511e+17	1.00e+00	1.32e-14	0.00e+00
 4.80649e+17	1.00e+00	1.32e-14	0.00e+00
 4.80789e+17	1.00e+00	1.31e-14	0.00e+00
 4.80923e+17	1.00e+00	1.30e-14	0.00e+00
 4.81055e+17	1.00e+00	1.30e-14	0.00e+00
 4.81194e+17	1.00e+00	1.29e-14	0.00e+00
 4.81338e+17	1.00e+00	1.29e-14	0.00e+00
 4.81482e+17	1.00e+00	1.28e-14	0.00e+00
 4.81626e+17	1.00e+00	1.27e-14	0.00e+00
 4.81776e+17	1.00e+00	1.27e-14	0.00e+00
 4.81940e+17	1.00e+00	1.26e-14	0.00e+00
 4.82106e+17	1.00e+00	1.25e-14	0.00e+00
 4.82261e+17	1.00e+00	1.24e-14	0.00e+00
 4.82421e+17	1.00e+00	1.24e-14	0.00e+00
 4.82593e+17	1.00e+00	1.23e-14	0.00e+00
 4.82765e+17	1.00e+00	1.22e-14	0.00e+00
 4.82930e+17	1.00e+00	1.21e-14	0.00e+00
 4.83103e+17	1.00e+00	1.20e-14	0.00e+00
 4.83293e+17	1.00e+00	1.19e-14	0.00e+00
 4.83482e+17	1.00e+00	1.18e-14	0.00e+00
 4.83670e+17	1.00e+00	1.17e-14	0.00e+00
 4.83868e+17	1.00e+00	1.16e-14	0.00e+00
 4.84075e+17	1.00e+00	1.15e-14	0.00e+00
 4.84293e+17	1.00e+00	1.14e-14	0.00e+00
 4.84510e+17	1.00e+00	1.13e-14	0.00e+00
 4.84726e+17	1.00e+00	1.12e-14	0.00e+00
 4.84947e+17	1.00e+00	1.10e-14	0.00e+00
 4.85175e+17	1.00e+00	1.09e-14	0.00e+00
 4.85414e+17	1.00e+00	1.08e-14	0.00e+00
 4.85656e+17	1.00e+00	1.07e-14	0.00e+00
 4.85905e+17	1.00e+00	1.05e-14	0.00e+00
 4.86163e+17	1.00e+00	1.04e-14	0.00e+00
 4.86431e+17	1.00e+00	1.02e-14	0.00e+00
 4.86708e+17	1.00e+00	1.01e-14	0.00e+00
 4.86988e+17	1.00e+00	9.90e-15	0.00e+00
 4.87270e+17	1.00e+00	9.74e-15	0.00e+00
 4.87562e+17	1.00e+00	9.58e-15	0.00e+00
 4.87863e+17	1.00e+00	9.41e-15	0.00e+00
 4.88181e+17	1.00e+00	9.23e-15	0.00e+00
 4.88500e+17	1.00e+00	9.05e-15	0.00e+00
 4.88823e+17	1.00e+00	8.87e-15	0.00e+00
 4.89166e+17	1.00e+00	8.68e-15	0.00e+00
 4.89515e+17	1.00e+00	8.47e-15	0.00e+00
 4.89855e+17	1.00e+00	8.29e-15	0.00e+00
 4.90203e+17	1.00e+00	8.09e-15	0.00e+00
 4.90577e+17	1.00e+00	7.89e-15	0.00e+00
 4.90961e+17	1.00e+00	7.67e-15	0.00e+00
 4.91341e+17	1.00e+00	7.47e-15	0.00e+00
 4.91727e+17	1.00e+00	7.26e-15	0.00e+00
 4.92128e+17	1.00e+00	7.05e-15	0.00e+00
 4.92542e+17	1.00e+00	6.83e-15	0.00e+00
 4.92965e+17	1.00e+00	6.61e-15	0.00e+00
 4.93395e+17	1.00e+00	6.39e-15	0.00e+00
 4.93834e+17	1.00e+00	6.18e-15	0.00e+00
 4.94284e+17	1.00e+00	5.95e-15	0.00e+00
 4.94739e+17	1.00e+00	5.72e-15	0.00e+00
 4.95197e+17	1.00e+00	5.51e-15	0.00e+00
 4.95674e+17	1.00e+00	5.29e-15	0.00e+00
 4.96169e+17	1.00e+00	5.05e-15	0.00e+00
 4.96663e+17	1.00e+00	4.83e-15	0.00e+00
 4.97160e+17	1.00e+00	4.62e-15	0.00e+00
 4.97690e+17	1.00e+00	4.40e-15	0.00e+00
 4.98246e+17	1.00e+00	4.16e-15	0.00e+00
 4.98786e+17	1.00e+00	3.94e-15	0.00e+00
 4.99323e+17	1.00e+00	3.74e-15	0.00e+00
 4.99893e+17	1.00e+00	3.53e-15	0.00e+00
 5.00492e+17	1.00e+00	3.32e-15	0.00e+00
 5.01121e+17	1.00e+00	3.11e-15	0.00e+00
 5.01766e+17	1.00e+00	2.89e-15	0.00e+00
 5.02396e+17	1.00e+00	2.69e-15	0.00e+00
 5.03032e+17	1.00e+00	2.51e-15	0.00e+00
 5.03667e+17	1.00e+00	2.33e-15	0.00e+00
 5.04257e+17	1.00e+00	2.17e-15	0.00e+00
 5.04775e+17	1.00e+00	2.03e-15	0.00e+00
 5.05236e+17	1.00e+00	1.91e-15	0.00e+00
 5.05673e+17	1.00e+00	1.81e-15	0.00e+00
 5.06103e+17	1.00e+00	1.72e-15	0.00e+00
 5.06519e+17	1.00e+00	1.63e-15	0.00e+00
 5.06911e+17	1.00e+00	1.55e-15	0.00e+00
 5.07280e+17	1.00e+00	1.47e-15	0.00e+00
 5.07633e+17	1.00e+00	1.40e-15	0.00e+00
 5.07975e+17	1.00e+00	1.34e-15	0.00e+00
 5.08306e+17	1.00e+00	1.28e-15	0.00e+00
 5.08624e+17	1.00e+00	1.22e-15	0.00e+00
 5.08929e+17	1.00e+00	1.17e-15	0.00e+00
 5.09222e+17	1.00e+00	1.12e-15	0.00e+00
 5.09505e+17	1.00e+00	1.08e-15	0.00e+00
 5.09779e+17	1.00e+00	1.03e-15	0.00e+00
 5.10044e+17	1.00e+00	9.93e-16	0.00e+00
 5.10300e+17	1.00e+00	9.53e-16	0.00e+00
 5.10546e+17	1.00e+00	9.17e-16	0.00e+00
 5.10784e+17	1.00e+00	8.83e-16	0.00e+00
 5.11017e+17	1.00e+00	8.50e-16	0.00e+00
 5.11244e+17	1.00e+00	8.19e-16	0.00e+00
 5.11466e+17	1.00e+00	7.91e-16	0.00e+00
 5.11679e+17	1.00e+00	7.62e-16	0.00e+00
 5.11883e+17	1.00e+00	7.35e-16	0.00e+00
 5.12082e+17	1.00e+00	7.11e-16	0.00e+00
 5.12279e+17	1.00e+00	6.86e-16	0.00e+00
 5.12472e+17	1.00e+00	6.64e-16	0.00e+00
 5.12660e+17	1.00e+00	6.42e-16	0.00e+00
 5.12844e+17	1.00e+00	6.21e-16	0.00e+00
 5.13053e+17	1.00e+00	6.01e-16	0.00e+00
 5.13325e+17	1.00e+00	5.77e-16	0.00e+00
 5.13679e+17	1.00e+00	5.43e-16	0.00e+00
 5.14138e+17	1.00e+00	5.06e-16	0.00e+00
 5.14735e+17	1.00e+00	4.58e-16	0.00e+00
 5.15512e+17	1.00e+00	4.02e-16	0.00e+00
 5.16409e+17	1.00e+00	3.39e-16	0.00e+00
 5.17236e+17	1.00e+00	2.83e-16	0.00e+00
 5.17884e+17	1.00e+00	2.44e-16	0.00e+00
 5.18408e+17	1.00e+00	2.18e-16	0.00e+00
 5.18916e+17	1.00e+00	1.97e-16	0.00e+00
 5.19477e+17	1.00e+00	1.77e-16	0.00e+00
 5.20083e+17	1.00e+00	1.57e-16	0.00e+00
 5.20682e+17	1.00e+00	1.38e-16	0.00e+00
 5.21248e+17	1.00e+00	1.23e-16	0.00e+00
 5.21798e+17	1.00e+00	1.10e-16	0.00e+00
 5.22363e+17	1.00e+00	9.79e-17	0.00e+00
 5.22956e+17	1.00e+00	8.69e-17	0.00e+00
 5.23574e+17	1.00e+00	7.66e-17	0.00e+00
 5.24209e+17	1.00e+00	6.73e-17	0.00e+00
