#depth	O	O+	O+2	O+3	O+4	O+5	O+6	O+7	O+8	O[1]	O[2]	O[3]
 1.49634e+10	0.00e+00	4.48e-45	1.79e-34	7.40e-25	3.52e-16	1.55e-08	1.00e+00	0.00e+00	0.00e+00	0.00e+00	0.00e+00	0.00e+00
 4.54887e+10	0.00e+00	0.00e+00	2.45e-34	9.38e-25	4.13e-16	1.67e-08	1.00e+00	1.34e-09	0.00e+00	0.00e+00	0.00e+00	0.00e+00
 7.72350e+10	0.00e+00	9.86e-45	3.36e-34	1.19e-24	4.83e-16	1.81e-08	1.00e+00	0.00e+00	0.00e+00	0.00e+00	0.00e+00	0.00e+00
 1.10251e+11	0.00e+00	0.00e+00	4.61e-34	1.51e-24	5.66e-16	1.96e-08	1.00e+00	0.00e+00	0.00e+00	0.00e+00	0.00e+00	0.00e+00
 1.43812e+11	0.00e+00	2.15e-44	6.27e-34	1.90e-24	6.61e-16	2.12e-08	1.00e+00	0.00e+00	0.00e+00	0.00e+00	0.00e+00	0.00e+00
 1.78716e+11	0.00e+00	0.00e+00	8.54e-34	2.39e-24	7.72e-16	2.29e-08	1.00e+00	0.00e+00	0.00e+00	0.00e+00	0.00e+00	0.00e+00
 2.15791e+11	0.00e+00	4.69e-44	1.17e-33	3.03e-24	9.04e-16	2.48e-08	1.00e+00	0.00e+00	0.00e+00	0.00e+00	0.00e+00	0.00e+00
 2.54350e+11	0.00e+00	0.00e+00	1.61e-33	3.85e-24	1.06e-15	2.69e-08	1.00e+00	0.00e+00	0.00e+00	0.00e+00	0.00e+00	0.00e+00
 2.94450e+11	0.00e+00	1.03e-43	2.20e-33	4.88e-24	1.24e-15	2.91e-08	1.00e+00	0.00e+00	0.00e+00	0.00e+00	0.00e+00	0.00e+00
 3.36155e+11	0.00e+00	0.00e+00	3.03e-33	6.19e-24	1.46e-15	3.15e-08	1.00e+00	0.00e+00	0.00e+00	0.00e+00	0.00e+00	0.00e+00
 3.79528e+11	0.00e+00	2.28e-43	4.15e-33	7.86e-24	1.71e-15	3.41e-08	1.00e+00	0.00e+00	0.00e+00	0.00e+00	0.00e+00	0.00e+00
 4.24636e+11	0.00e+00	0.00e+00	5.70e-33	9.97e-24	2.00e-15	3.70e-08	1.00e+00	0.00e+00	0.00e+00	0.00e+00	0.00e+00	0.00e+00
 4.71548e+11	0.00e+00	5.03e-43	7.83e-33	1.27e-23	2.35e-15	4.01e-08	1.00e+00	0.00e+00	0.00e+00	0.00e+00	0.00e+00	0.00e+00
 5.20337e+11	0.00e+00	0.00e+00	1.08e-32	1.61e-23	2.76e-15	4.34e-08	1.00e+00	0.00e+00	0.00e+00	0.00e+00	0.00e+00	0.00e+00
 5.71077e+11	0.00e+00	1.11e-42	1.48e-32	2.04e-23	3.24e-15	4.70e-08	1.00e+00	0.00e+00	0.00e+00	0.00e+00	0.00e+00	0.00e+00
 6.23847e+11	0.00e+00	0.00e+00	2.03e-32	2.60e-23	3.81e-15	5.10e-08	1.00e+00	0.00e+00	0.00e+00	0.00e+00	0.00e+00	0.00e+00
 6.78728e+11	0.00e+00	2.46e-42	2.80e-32	3.30e-23	4.47e-15	5.53e-08	1.00e+00	0.00e+00	0.00e+00	0.00e+00	0.00e+00	0.00e+00
 7.35804e+11	0.00e+00	0.00e+00	3.85e-32	4.20e-23	5.25e-15	6.00e-08	1.00e+00	0.00e+00	0.00e+00	0.00e+00	0.00e+00	0.00e+00
 7.95163e+11	0.00e+00	5.45e-42	5.29e-32	5.34e-23	6.18e-15	6.50e-08	1.00e+00	0.00e+00	0.00e+00	0.00e+00	0.00e+00	0.00e+00
 8.56896e+11	0.00e+00	0.00e+00	7.29e-32	6.80e-23	7.26e-15	7.06e-08	1.00e+00	0.00e+00	0.00e+00	0.00e+00	0.00e+00	0.00e+00
 9.21098e+11	0.00e+00	1.21e-41	1.00e-31	8.65e-23	8.55e-15	7.66e-08	1.00e+00	0.00e+00	0.00e+00	0.00e+00	0.00e+00	0.00e+00
 9.87869e+11	0.00e+00	0.00e+00	1.38e-31	1.10e-22	1.01e-14	8.32e-08	1.00e+00	0.00e+00	0.00e+00	0.00e+00	0.00e+00	0.00e+00
 1.05731e+12	0.00e+00	2.70e-41	1.91e-31	1.41e-22	1.18e-14	9.03e-08	1.00e+00	0.00e+00	0.00e+00	0.00e+00	0.00e+00	0.00e+00
 1.12953e+12	0.00e+00	0.00e+00	2.63e-31	1.79e-22	1.40e-14	9.81e-08	1.00e+00	0.00e+00	0.00e+00	0.00e+00	0.00e+00	0.00e+00
 1.20464e+12	0.00e+00	6.02e-41	3.64e-31	2.29e-22	1.65e-14	1.07e-07	1.00e+00	0.00e+00	0.00e+00	0.00e+00	0.00e+00	0.00e+00
 1.27483e+12	0.00e+00	0.00e+00	4.86e-31	2.85e-22	1.91e-14	1.15e-07	1.00e+00	0.00e+00	0.00e+00	0.00e+00	0.00e+00	0.00e+00
 1.33689e+12	0.00e+00	1.18e-40	6.24e-31	3.44e-22	2.17e-14	1.23e-07	1.00e+00	0.00e+00	0.00e+00	0.00e+00	0.00e+00	0.00e+00
 1.40626e+12	0.00e+00	0.00e+00	8.18e-31	4.23e-22	2.49e-14	1.31e-07	1.00e+00	0.00e+00	0.00e+00	0.00e+00	0.00e+00	0.00e+00
 1.48935e+12	0.00e+00	2.43e-40	1.12e-30	5.36e-22	2.93e-14	1.43e-07	1.00e+00	0.00e+00	0.00e+00	0.00e+00	0.00e+00	0.00e+00
 1.57288e+12	0.00e+00	0.00e+00	1.51e-30	6.74e-22	3.42e-14	1.54e-07	1.00e+00	0.00e+00	0.00e+00	0.00e+00	0.00e+00	0.00e+00
 1.65016e+12	0.00e+00	4.97e-40	1.99e-30	8.29e-22	3.94e-14	1.66e-07	1.00e+00	0.00e+00	0.00e+00	0.00e+00	0.00e+00	0.00e+00
 1.73650e+12	0.00e+00	0.00e+00	2.67e-30	1.04e-21	4.58e-14	1.79e-07	1.00e+00	0.00e+00	0.00e+00	0.00e+00	0.00e+00	0.00e+00
 1.83589e+12	0.00e+00	1.07e-39	3.70e-30	1.33e-21	5.43e-14	1.95e-07	1.00e+00	0.00e+00	0.00e+00	0.00e+00	0.00e+00	0.00e+00
 1.93333e+12	0.00e+00	0.00e+00	5.03e-30	1.68e-21	6.37e-14	2.12e-07	1.00e+00	0.00e+00	0.00e+00	0.00e+00	0.00e+00	0.00e+00
 2.02572e+12	0.00e+00	2.23e-39	6.67e-30	2.08e-21	7.37e-14	2.28e-07	1.00e+00	0.00e+00	0.00e+00	0.00e+00	0.00e+00	0.00e+00
 2.12774e+12	0.00e+00	0.00e+00	9.03e-30	2.62e-21	8.64e-14	2.47e-07	1.00e+00	0.00e+00	0.00e+00	0.00e+00	0.00e+00	0.00e+00
 2.24278e+12	0.00e+00	4.86e-39	1.25e-29	3.37e-21	1.02e-13	2.70e-07	1.00e+00	0.00e+00	0.00e+00	0.00e+00	0.00e+00	0.00e+00
 2.35701e+12	0.00e+00	0.00e+00	1.71e-29	4.28e-21	1.21e-13	2.94e-07	1.00e+00	0.00e+00	0.00e+00	0.00e+00	0.00e+00	0.00e+00
 2.47582e+12	0.00e+00	1.06e-38	2.35e-29	5.44e-21	1.42e-13	3.19e-07	1.00e+00	0.00e+00	0.00e+00	0.00e+00	0.00e+00	0.00e+00
 2.60478e+12	0.00e+00	0.00e+00	3.26e-29	6.99e-21	1.69e-13	3.49e-07	1.00e+00	0.00e+00	0.00e+00	0.00e+00	0.00e+00	0.00e+00
 2.73532e+12	0.00e+00	2.35e-38	4.48e-29	8.92e-21	2.00e-13	3.80e-07	1.00e+00	0.00e+00	0.00e+00	0.00e+00	0.00e+00	0.00e+00
 2.87109e+12	0.00e+00	0.00e+00	6.18e-29	1.14e-20	2.38e-13	4.15e-07	1.00e+00	0.00e+00	0.00e+00	0.00e+00	0.00e+00	0.00e+00
 3.01586e+12	0.00e+00	5.22e-38	8.57e-29	1.47e-20	2.82e-13	4.54e-07	1.00e+00	0.00e+00	0.00e+00	0.00e+00	0.00e+00	0.00e+00
 3.16642e+12	0.00e+00	0.00e+00	1.19e-28	1.89e-20	3.37e-13	4.97e-07	1.00e+00	0.00e+00	0.00e+00	0.00e+00	0.00e+00	0.00e+00
 3.32300e+12	0.00e+00	1.17e-37	1.65e-28	2.43e-20	4.01e-13	5.45e-07	1.00e+00	0.00e+00	0.00e+00	0.00e+00	0.00e+00	0.00e+00
 3.48585e+12	0.00e+00	0.00e+00	2.29e-28	3.13e-20	4.78e-13	5.96e-07	1.00e+00	0.00e+00	0.00e+00	0.00e+00	0.00e+00	0.00e+00
 3.65521e+12	0.00e+00	2.61e-37	3.17e-28	4.02e-20	5.69e-13	6.52e-07	1.00e+00	0.00e+00	0.00e+00	0.00e+00	0.00e+00	0.00e+00
 3.83135e+12	0.00e+00	0.00e+00	4.40e-28	5.18e-20	6.80e-13	7.16e-07	1.00e+00	0.00e+00	0.00e+00	0.00e+00	0.00e+00	0.00e+00
 4.00080e+12	0.00e+00	5.64e-37	5.95e-28	6.54e-20	8.00e-13	7.79e-07	1.00e+00	0.00e+00	0.00e+00	0.00e+00	0.00e+00	0.00e+00
 4.15802e+12	0.00e+00	0.00e+00	7.78e-28	8.05e-20	9.25e-13	8.40e-07	1.00e+00	0.00e+00	0.00e+00	0.00e+00	0.00e+00	0.00e+00
 4.33527e+12	0.00e+00	1.12e-36	1.04e-27	1.01e-19	1.09e-12	9.14e-07	1.00e+00	0.00e+00	0.00e+00	0.00e+00	0.00e+00	0.00e+00
 4.53167e+12	0.00e+00	0.00e+00	1.43e-27	1.29e-19	1.29e-12	9.99e-07	1.00e+00	0.00e+00	0.00e+00	0.00e+00	0.00e+00	0.00e+00
 4.71745e+12	0.00e+00	2.33e-36	1.90e-27	1.61e-19	1.51e-12	1.08e-06	1.00e+00	0.00e+00	0.00e+00	0.00e+00	0.00e+00	0.00e+00
 4.91759e+12	6.36e-46	3.34e-36	2.55e-27	2.02e-19	1.77e-12	1.18e-06	1.00e+00	0.00e+00	0.00e+00	0.00e+00	0.00e+00	0.00e+00
 5.14422e+12	0.00e+00	0.00e+00	3.51e-27	2.60e-19	2.11e-12	1.30e-06	1.00e+00	0.00e+00	0.00e+00	0.00e+00	0.00e+00	0.00e+00
 5.36707e+12	0.00e+00	7.13e-36	4.75e-27	3.29e-19	2.50e-12	1.41e-06	1.00e+00	0.00e+00	0.00e+00	0.00e+00	0.00e+00	0.00e+00
 5.59883e+12	2.44e-45	1.03e-35	6.43e-27	4.17e-19	2.95e-12	1.55e-06	1.00e+00	0.00e+00	0.00e+00	0.00e+00	0.00e+00	0.00e+00
 5.85271e+12	0.00e+00	0.00e+00	8.83e-27	5.34e-19	3.52e-12	1.70e-06	1.00e+00	0.00e+00	0.00e+00	0.00e+00	0.00e+00	0.00e+00
 6.10760e+12	0.00e+00	2.19e-35	1.20e-26	6.79e-19	4.18e-12	1.86e-06	1.00e+00	0.00e+00	0.00e+00	0.00e+00	0.00e+00	0.00e+00
 6.37267e+12	9.27e-45	3.17e-35	1.63e-26	8.62e-19	4.95e-12	2.03e-06	1.00e+00	0.00e+00	0.00e+00	0.00e+00	0.00e+00	0.00e+00
 6.62931e+12	0.00e+00	4.46e-35	2.16e-26	1.08e-18	5.81e-12	2.21e-06	1.00e+00	0.00e+00	0.00e+00	0.00e+00	0.00e+00	0.00e+00
 6.85316e+12	1.96e-44	5.95e-35	2.74e-26	1.30e-18	6.64e-12	2.38e-06	1.00e+00	0.00e+00	0.00e+00	0.00e+00	0.00e+00	0.00e+00
 7.09892e+12	0.00e+00	8.07e-35	3.53e-26	1.59e-18	7.65e-12	2.57e-06	1.00e+00	0.00e+00	0.00e+00	0.00e+00	0.00e+00	0.00e+00
 7.39754e+12	4.29e-44	1.15e-34	4.74e-26	2.00e-18	9.05e-12	2.81e-06	1.00e+00	0.00e+00	0.00e+00	0.00e+00	0.00e+00	0.00e+00
 7.69893e+12	0.00e+00	1.63e-34	6.31e-26	2.51e-18	1.06e-11	3.06e-06	1.00e+00	0.00e+00	0.00e+00	0.00e+00	0.00e+00	0.00e+00
 7.97177e+12	9.18e-44	2.19e-34	8.10e-26	3.06e-18	1.23e-11	3.31e-06	1.00e+00	0.00e+00	0.00e+00	0.00e+00	0.00e+00	0.00e+00
 8.27347e+12	0.00e+00	3.02e-34	1.06e-25	3.78e-18	1.43e-11	3.59e-06	1.00e+00	0.00e+00	0.00e+00	0.00e+00	0.00e+00	0.00e+00
 8.62783e+12	2.04e-43	4.32e-34	1.42e-25	4.80e-18	1.69e-11	3.94e-06	1.00e+00	0.00e+00	0.00e+00	0.00e+00	0.00e+00	0.00e+00
 8.97767e+12	0.00e+00	6.06e-34	1.89e-25	6.01e-18	1.99e-11	4.30e-06	1.00e+00	0.00e+00	0.00e+00	0.00e+00	0.00e+00	0.00e+00
 9.30467e+12	4.36e-43	8.21e-34	2.44e-25	7.37e-18	2.31e-11	4.66e-06	1.00e+00	0.00e+00	0.00e+00	0.00e+00	0.00e+00	0.00e+00
 9.66994e+12	0.00e+00	1.14e-33	3.21e-25	9.17e-18	2.70e-11	5.08e-06	1.00e+00	0.00e+00	0.00e+00	0.00e+00	0.00e+00	0.00e+00
 1.00867e+13	9.75e-43	1.63e-33	4.33e-25	1.17e-17	3.21e-11	5.58e-06	1.00e+00	0.00e+00	0.00e+00	0.00e+00	0.00e+00	0.00e+00
 1.05002e+13	0.00e+00	2.28e-33	5.76e-25	1.46e-17	3.78e-11	6.10e-06	1.00e+00	0.00e+00	0.00e+00	0.00e+00	0.00e+00	0.00e+00
 1.09302e+13	2.16e-42	3.20e-33	7.65e-25	1.84e-17	4.45e-11	6.68e-06	1.00e+00	0.00e+00	0.00e+00	0.00e+00	0.00e+00	0.00e+00
 1.13974e+13	0.00e+00	4.55e-33	1.03e-24	2.33e-17	5.28e-11	7.34e-06	1.00e+00	0.00e+00	0.00e+00	0.00e+00	0.00e+00	0.00e+00
 1.18832e+13	4.91e-42	6.45e-33	1.38e-24	2.96e-17	6.25e-11	8.06e-06	1.00e+00	0.00e+00	0.00e+00	0.00e+00	0.00e+00	0.00e+00
 1.23885e+13	0.00e+00	9.15e-33	1.85e-24	3.74e-17	7.41e-11	8.84e-06	1.00e+00	0.00e+00	0.00e+00	0.00e+00	0.00e+00	0.00e+00
 1.29139e+13	1.11e-41	1.30e-32	2.49e-24	4.74e-17	8.77e-11	9.70e-06	1.00e+00	0.00e+00	0.00e+00	0.00e+00	0.00e+00	0.00e+00
 1.34604e+13	0.00e+00	1.83e-32	3.33e-24	6.00e-17	1.04e-10	1.06e-05	1.00e+00	0.00e+00	0.00e+00	0.00e+00	0.00e+00	0.00e+00
 1.40288e+13	2.49e-41	2.59e-32	4.46e-24	7.59e-17	1.23e-10	1.17e-05	1.00e+00	0.00e+00	0.00e+00	0.00e+00	0.00e+00	0.00e+00
 1.45985e+13	0.00e+00	3.62e-32	5.92e-24	9.51e-17	1.44e-10	1.28e-05	1.00e+00	0.00e+00	0.00e+00	0.00e+00	0.00e+00	0.00e+00
 1.51910e+13	5.45e-41	5.06e-32	7.85e-24	1.19e-16	1.69e-10	1.39e-05	1.00e+00	0.00e+00	0.00e+00	0.00e+00	0.00e+00	0.00e+00
 1.57944e+13	0.00e+00	7.02e-32	1.03e-23	1.49e-16	1.97e-10	1.52e-05	1.00e+00	0.00e+00	0.00e+00	0.00e+00	0.00e+00	0.00e+00
 1.63663e+13	1.14e-40	9.49e-32	1.33e-23	1.82e-16	2.28e-10	1.64e-05	1.00e+00	0.00e+00	0.00e+00	0.00e+00	0.00e+00	0.00e+00
 1.69953e+13	0.00e+00	1.31e-31	1.75e-23	2.26e-16	2.65e-10	1.78e-05	1.00e+00	0.00e+00	0.00e+00	0.00e+00	0.00e+00	0.00e+00
 1.76483e+13	2.40e-40	1.80e-31	2.29e-23	2.80e-16	3.08e-10	1.94e-05	1.00e+00	0.00e+00	0.00e+00	0.00e+00	0.00e+00	0.00e+00
 1.82257e+13	0.00e+00	2.37e-31	2.88e-23	3.37e-16	3.50e-10	2.08e-05	1.00e+00	0.00e+00	0.00e+00	0.00e+00	0.00e+00	0.00e+00
 1.88516e+13	4.65e-40	3.17e-31	3.67e-23	4.09e-16	4.00e-10	2.24e-05	1.00e+00	0.00e+00	0.00e+00	0.00e+00	0.00e+00	0.00e+00
 1.96044e+13	0.00e+00	4.45e-31	4.87e-23	5.11e-16	4.67e-10	2.44e-05	1.00e+00	0.00e+00	0.00e+00	0.00e+00	0.00e+00	0.00e+00
 2.03651e+13	1.02e-39	6.18e-31	6.42e-23	6.36e-16	5.44e-10	2.64e-05	1.00e+00	0.00e+00	0.00e+00	0.00e+00	0.00e+00	0.00e+00
 2.10713e+13	0.00e+00	8.31e-31	8.22e-23	7.73e-16	6.22e-10	2.85e-05	1.00e+00	0.00e+00	0.00e+00	0.00e+00	0.00e+00	0.00e+00
 2.18592e+13	2.10e-39	1.15e-30	1.07e-22	9.55e-16	7.19e-10	3.08e-05	1.00e+00	0.00e+00	0.00e+00	0.00e+00	0.00e+00	0.00e+00
 2.26854e+13	0.00e+00	1.59e-30	1.41e-22	1.18e-15	8.33e-10	3.33e-05	1.00e+00	0.00e+00	0.00e+00	0.00e+00	0.00e+00	0.00e+00
 2.33962e+13	4.23e-39	2.08e-30	1.77e-22	1.41e-15	9.42e-10	3.56e-05	1.00e+00	0.00e+00	0.00e+00	0.00e+00	0.00e+00	0.00e+00
 2.41504e+13	0.00e+00	2.77e-30	2.23e-22	1.70e-15	1.07e-09	3.81e-05	1.00e+00	0.00e+00	0.00e+00	0.00e+00	0.00e+00	0.00e+00
 2.50832e+13	8.76e-39	3.87e-30	2.95e-22	2.11e-15	1.24e-09	4.12e-05	1.00e+00	0.00e+00	0.00e+00	0.00e+00	0.00e+00	0.00e+00
 2.60258e+13	0.00e+00	5.39e-30	3.88e-22	2.61e-15	1.43e-09	4.46e-05	1.00e+00	0.00e+00	0.00e+00	0.00e+00	0.00e+00	0.00e+00
 2.68530e+13	1.80e-38	7.14e-30	4.90e-22	3.13e-15	1.62e-09	4.76e-05	1.00e+00	0.00e+00	0.00e+00	0.00e+00	0.00e+00	0.00e+00
 2.77527e+13	0.00e+00	9.63e-30	6.26e-22	3.79e-15	1.85e-09	5.10e-05	1.00e+00	0.00e+00	0.00e+00	0.00e+00	0.00e+00	0.00e+00
 2.88414e+13	3.86e-38	1.36e-29	8.35e-22	4.74e-15	2.15e-09	5.53e-05	1.00e+00	0.00e+00	0.00e+00	0.00e+00	0.00e+00	0.00e+00
 2.99369e+13	0.00e+00	1.92e-29	1.10e-21	5.89e-15	2.49e-09	5.98e-05	1.00e+00	0.00e+00	0.00e+00	0.00e+00	0.00e+00	0.00e+00
 3.09342e+13	8.22e-38	2.59e-29	1.41e-21	7.12e-15	2.83e-09	6.40e-05	1.00e+00	0.00e+00	0.00e+00	0.00e+00	0.00e+00	0.00e+00
 3.20425e+13	0.00e+00	3.58e-29	1.84e-21	8.74e-15	3.26e-09	6.88e-05	1.00e+00	0.00e+00	0.00e+00	0.00e+00	0.00e+00	0.00e+00
 3.33373e+13	1.86e-37	5.16e-29	2.49e-21	1.10e-14	3.81e-09	7.47e-05	1.00e+00	0.00e+00	0.00e+00	0.00e+00	0.00e+00	0.00e+00
 3.46190e+13	0.00e+00	7.33e-29	3.31e-21	1.37e-14	4.42e-09	8.07e-05	1.00e+00	0.00e+00	0.00e+00	0.00e+00	0.00e+00	0.00e+00
 3.58401e+13	4.13e-37	1.01e-28	4.31e-21	1.68e-14	5.06e-09	8.67e-05	1.00e+00	0.00e+00	0.00e+00	0.00e+00	0.00e+00	0.00e+00
 3.71918e+13	0.00e+00	1.43e-28	5.72e-21	2.09e-14	5.86e-09	9.35e-05	1.00e+00	0.00e+00	0.00e+00	0.00e+00	0.00e+00	0.00e+00
 3.87094e+13	9.68e-37	2.08e-28	7.76e-21	2.64e-14	6.86e-09	1.02e-04	1.00e+00	0.00e+00	0.00e+00	0.00e+00	0.00e+00	0.00e+00
 4.02479e+13	0.00e+00	3.00e-28	1.05e-20	3.32e-14	8.00e-09	1.10e-04	1.00e+00	0.00e+00	0.00e+00	0.00e+00	0.00e+00	0.00e+00
 4.18480e+13	2.32e-36	4.34e-28	1.41e-20	4.17e-14	9.33e-09	1.19e-04	1.00e+00	0.00e+00	0.00e+00	0.00e+00	0.00e+00	0.00e+00
 4.35518e+13	0.00e+00	6.33e-28	1.92e-20	5.27e-14	1.09e-08	1.29e-04	1.00e+00	0.00e+00	0.00e+00	0.00e+00	0.00e+00	0.00e+00
 4.52428e+13	5.58e-36	9.08e-28	2.57e-20	6.59e-14	1.27e-08	1.40e-04	1.00e+00	0.00e+00	0.00e+00	0.00e+00	0.00e+00	0.00e+00
 4.70014e+13	0.00e+00	1.30e-27	3.45e-20	8.24e-14	1.48e-08	1.51e-04	1.00e+00	0.00e+00	0.00e+00	0.00e+00	0.00e+00	0.00e+00
 4.89114e+13	1.35e-35	1.90e-27	4.69e-20	1.04e-13	1.73e-08	1.63e-04	1.00e+00	0.00e+00	0.00e+00	0.00e+00	0.00e+00	0.00e+00
 5.08462e+13	0.00e+00	2.76e-27	6.33e-20	1.31e-13	2.01e-08	1.77e-04	1.00e+00	0.00e+00	0.00e+00	0.00e+00	0.00e+00	0.00e+00
 5.28584e+13	3.25e-35	3.99e-27	8.55e-20	1.65e-13	2.35e-08	1.91e-04	1.00e+00	0.00e+00	0.00e+00	0.00e+00	0.00e+00	0.00e+00
 5.50027e+13	5.10e-35	5.83e-27	1.16e-19	2.08e-13	2.75e-08	2.08e-04	1.00e+00	0.00e+00	0.00e+00	0.00e+00	0.00e+00	0.00e+00
 5.69775e+13	7.61e-35	8.17e-27	1.53e-19	2.56e-13	3.16e-08	2.23e-04	1.00e+00	0.00e+00	0.00e+00	0.00e+00	0.00e+00	0.00e+00
 5.86897e+13	1.07e-34	1.09e-26	1.92e-19	3.05e-13	3.55e-08	2.37e-04	1.00e+00	0.00e+00	0.00e+00	0.00e+00	0.00e+00	0.00e+00
 6.06001e+13	1.53e-34	1.47e-26	2.46e-19	3.68e-13	4.03e-08	2.53e-04	1.00e+00	0.00e+00	0.00e+00	0.00e+00	0.00e+00	0.00e+00
 6.29284e+13	2.35e-34	2.11e-26	3.30e-19	4.60e-13	4.68e-08	2.73e-04	1.00e+00	0.00e+00	0.00e+00	0.00e+00	0.00e+00	0.00e+00
 6.53356e+13	3.60e-34	3.02e-26	4.41e-19	5.74e-13	5.43e-08	2.95e-04	1.00e+00	0.00e+00	0.00e+00	0.00e+00	0.00e+00	0.00e+00
 6.76028e+13	5.31e-34	4.18e-26	5.75e-19	7.03e-13	6.21e-08	3.16e-04	1.00e+00	0.00e+00	0.00e+00	0.00e+00	0.00e+00	0.00e+00
 7.01004e+13	8.01e-34	5.91e-26	7.61e-19	8.71e-13	7.17e-08	3.40e-04	1.00e+00	0.00e+00	0.00e+00	0.00e+00	0.00e+00	0.00e+00
 7.29344e+13	1.25e-33	8.63e-26	1.03e-18	1.10e-12	8.39e-08	3.69e-04	1.00e+00	0.00e+00	0.00e+00	0.00e+00	0.00e+00	0.00e+00
 7.57696e+13	1.93e-33	1.24e-25	1.39e-18	1.38e-12	9.76e-08	3.99e-04	1.00e+00	0.00e+00	0.00e+00	0.00e+00	0.00e+00	0.00e+00
 7.87183e+13	2.98e-33	1.79e-25	1.87e-18	1.73e-12	1.14e-07	4.31e-04	1.00e+00	0.00e+00	0.00e+00	0.00e+00	0.00e+00	0.00e+00
 8.18969e+13	4.66e-33	2.61e-25	2.54e-18	2.18e-12	1.33e-07	4.67e-04	1.00e+00	0.00e+00	0.00e+00	0.00e+00	0.00e+00	0.00e+00
 8.52027e+13	7.30e-33	3.80e-25	3.45e-18	2.76e-12	1.55e-07	5.07e-04	9.99e-01	0.00e+00	0.00e+00	0.00e+00	0.00e+00	0.00e+00
 8.82778e+13	1.09e-32	5.34e-25	4.55e-18	3.40e-12	1.79e-07	5.45e-04	9.99e-01	0.00e+00	0.00e+00	0.00e+00	0.00e+00	0.00e+00
 9.09709e+13	1.54e-32	7.11e-25	5.74e-18	4.07e-12	2.01e-07	5.79e-04	9.99e-01	0.00e+00	0.00e+00	0.00e+00	0.00e+00	0.00e+00
 9.39687e+13	2.22e-32	9.69e-25	7.38e-18	4.93e-12	2.29e-07	6.19e-04	9.99e-01	0.00e+00	0.00e+00	0.00e+00	0.00e+00	0.00e+00
 9.75913e+13	3.40e-32	1.39e-24	9.90e-18	6.16e-12	2.66e-07	6.69e-04	9.99e-01	0.00e+00	0.00e+00	0.00e+00	0.00e+00	0.00e+00
 1.01240e+14	5.16e-32	1.97e-24	1.32e-17	7.66e-12	3.08e-07	7.21e-04	9.99e-01	0.00e+00	0.00e+00	0.00e+00	0.00e+00	0.00e+00
 1.04565e+14	7.45e-32	2.69e-24	1.69e-17	9.28e-12	3.50e-07	7.70e-04	9.99e-01	0.00e+00	0.00e+00	0.00e+00	0.00e+00	0.00e+00
 1.08253e+14	1.10e-31	3.75e-24	2.22e-17	1.14e-11	4.02e-07	8.27e-04	9.99e-01	0.00e+00	0.00e+00	0.00e+00	0.00e+00	0.00e+00
 1.12560e+14	1.73e-31	5.49e-24	3.03e-17	1.44e-11	4.69e-07	8.96e-04	9.99e-01	0.00e+00	0.00e+00	0.00e+00	0.00e+00	0.00e+00
 1.16781e+14	2.62e-31	7.77e-24	4.00e-17	1.79e-11	5.43e-07	9.66e-04	9.99e-01	0.00e+00	0.00e+00	0.00e+00	0.00e+00	0.00e+00
 1.20725e+14	3.84e-31	1.07e-23	5.19e-17	2.18e-11	6.19e-07	1.03e-03	9.99e-01	0.00e+00	0.00e+00	0.00e+00	0.00e+00	0.00e+00
 1.25138e+14	5.79e-31	1.51e-23	6.87e-17	2.69e-11	7.14e-07	1.11e-03	9.99e-01	0.00e+00	0.00e+00	0.00e+00	0.00e+00	0.00e+00
 1.30174e+14	9.09e-31	2.21e-23	9.34e-17	3.40e-11	8.35e-07	1.21e-03	9.99e-01	0.00e+00	0.00e+00	0.00e+00	0.00e+00	0.00e+00
 1.35156e+14	1.40e-30	3.18e-23	1.25e-16	4.25e-11	9.70e-07	1.30e-03	9.99e-01	0.00e+00	0.00e+00	0.00e+00	0.00e+00	0.00e+00
 1.40338e+14	2.17e-30	4.58e-23	1.68e-16	5.32e-11	1.13e-06	1.40e-03	9.99e-01	0.00e+00	0.00e+00	0.00e+00	0.00e+00	0.00e+00
 1.45981e+14	3.42e-30	6.72e-23	2.30e-16	6.72e-11	1.32e-06	1.52e-03	9.98e-01	0.00e+00	0.00e+00	0.00e+00	0.00e+00	0.00e+00
 1.51726e+14	5.35e-30	9.78e-23	3.11e-16	8.45e-11	1.53e-06	1.64e-03	9.98e-01	0.00e+00	0.00e+00	0.00e+00	0.00e+00	0.00e+00
 1.57701e+14	8.38e-30	1.43e-22	4.21e-16	1.06e-10	1.79e-06	1.78e-03	9.98e-01	0.00e+00	0.00e+00	0.00e+00	0.00e+00	0.00e+00
 1.63826e+14	1.31e-29	2.07e-22	5.69e-16	1.33e-10	2.08e-06	1.92e-03	9.98e-01	0.00e+00	0.00e+00	0.00e+00	0.00e+00	0.00e+00
 1.70196e+14	2.04e-29	3.01e-22	7.69e-16	1.67e-10	2.42e-06	2.07e-03	9.98e-01	0.00e+00	0.00e+00	0.00e+00	0.00e+00	0.00e+00
 1.76646e+14	3.16e-29	4.34e-22	1.03e-15	2.09e-10	2.81e-06	2.23e-03	9.98e-01	0.00e+00	0.00e+00	0.00e+00	0.00e+00	0.00e+00
 1.82726e+14	4.71e-29	6.05e-22	1.35e-15	2.55e-10	3.21e-06	2.39e-03	9.98e-01	0.00e+00	0.00e+00	0.00e+00	0.00e+00	0.00e+00
 1.89436e+14	7.20e-29	8.63e-22	1.79e-15	3.17e-10	3.70e-06	2.57e-03	9.97e-01	0.00e+00	0.00e+00	0.00e+00	0.00e+00	0.00e+00
 1.97043e+14	1.15e-28	1.27e-21	2.45e-15	4.00e-10	4.33e-06	2.78e-03	9.97e-01	0.00e+00	0.00e+00	0.00e+00	0.00e+00	0.00e+00
 2.04571e+14	1.78e-28	1.84e-21	3.30e-15	5.01e-10	5.03e-06	2.99e-03	9.97e-01	0.00e+00	0.00e+00	0.00e+00	0.00e+00	0.00e+00
 2.11263e+14	2.61e-28	2.53e-21	4.26e-15	6.06e-10	5.71e-06	3.19e-03	9.97e-01	0.00e+00	0.00e+00	0.00e+00	0.00e+00	0.00e+00
 2.18260e+14	3.84e-28	3.49e-21	5.51e-15	7.36e-10	6.50e-06	3.40e-03	9.97e-01	0.00e+00	0.00e+00	0.00e+00	0.00e+00	0.00e+00
 2.26674e+14	6.01e-28	5.08e-21	7.44e-15	9.22e-10	7.55e-06	3.67e-03	9.96e-01	0.00e+00	0.00e+00	0.00e+00	0.00e+00	0.00e+00
 2.35037e+14	9.24e-28	7.27e-21	9.93e-15	1.14e-09	8.72e-06	3.94e-03	9.96e-01	0.00e+00	0.00e+00	0.00e+00	0.00e+00	0.00e+00
 2.42610e+14	1.35e-27	9.95e-21	1.28e-14	1.38e-09	9.89e-06	4.20e-03	9.96e-01	0.00e+00	0.00e+00	0.00e+00	0.00e+00	0.00e+00
 2.51052e+14	2.02e-27	1.40e-20	1.67e-14	1.70e-09	1.13e-05	4.49e-03	9.95e-01	0.00e+00	0.00e+00	0.00e+00	0.00e+00	0.00e+00
 2.60351e+14	3.10e-27	2.00e-20	2.23e-14	2.11e-09	1.31e-05	4.83e-03	9.95e-01	0.00e+00	0.00e+00	0.00e+00	0.00e+00	0.00e+00
 2.68903e+14	4.56e-27	2.75e-20	2.89e-14	2.55e-09	1.49e-05	5.15e-03	9.95e-01	0.00e+00	0.00e+00	0.00e+00	0.00e+00	0.00e+00
 2.78159e+14	6.79e-27	3.84e-20	3.77e-14	3.12e-09	1.70e-05	5.51e-03	9.94e-01	0.00e+00	0.00e+00	0.00e+00	0.00e+00	0.00e+00
 2.88491e+14	1.05e-26	5.51e-20	5.04e-14	3.88e-09	1.97e-05	5.93e-03	9.94e-01	0.00e+00	0.00e+00	0.00e+00	0.00e+00	0.00e+00
 2.98192e+14	1.54e-26	7.62e-20	6.55e-14	4.72e-09	2.24e-05	6.33e-03	9.94e-01	0.00e+00	0.00e+00	0.00e+00	0.00e+00	0.00e+00
 3.08769e+14	2.32e-26	1.07e-19	8.62e-14	5.81e-09	2.57e-05	6.79e-03	9.93e-01	0.00e+00	0.00e+00	0.00e+00	0.00e+00	0.00e+00
 3.20521e+14	3.60e-26	1.55e-19	1.16e-13	7.26e-09	2.99e-05	7.32e-03	9.93e-01	0.00e+00	0.00e+00	0.00e+00	0.00e+00	0.00e+00
 3.31484e+14	5.32e-26	2.15e-19	1.51e-13	8.86e-09	3.41e-05	7.83e-03	9.92e-01	0.00e+00	0.00e+00	0.00e+00	0.00e+00	0.00e+00
 3.43421e+14	8.03e-26	3.04e-19	1.99e-13	1.09e-08	3.93e-05	8.40e-03	9.92e-01	0.00e+00	0.00e+00	0.00e+00	0.00e+00	0.00e+00
 3.56762e+14	1.25e-25	4.40e-19	2.69e-13	1.37e-08	4.57e-05	9.08e-03	9.91e-01	0.00e+00	0.00e+00	0.00e+00	0.00e+00	0.00e+00
 3.69345e+14	1.86e-25	6.16e-19	3.53e-13	1.69e-08	5.24e-05	9.73e-03	9.90e-01	0.00e+00	0.00e+00	0.00e+00	0.00e+00	0.00e+00
 3.82856e+14	2.81e-25	8.71e-19	4.68e-13	2.09e-08	6.04e-05	1.05e-02	9.89e-01	0.00e+00	0.00e+00	0.00e+00	0.00e+00	0.00e+00
 3.97887e+14	4.37e-25	1.26e-18	6.32e-13	2.62e-08	7.03e-05	1.13e-02	9.89e-01	0.00e+00	0.00e+00	0.00e+00	0.00e+00	0.00e+00
 4.12430e+14	6.56e-25	1.78e-18	8.35e-13	3.24e-08	8.11e-05	1.22e-02	9.88e-01	0.00e+00	0.00e+00	0.00e+00	0.00e+00	0.00e+00
 4.27867e+14	1.00e-24	2.54e-18	1.11e-12	4.03e-08	9.38e-05	1.31e-02	9.87e-01	0.00e+00	0.00e+00	0.00e+00	0.00e+00	0.00e+00
 4.45012e+14	1.55e-24	3.68e-18	1.51e-12	5.09e-08	1.10e-04	1.42e-02	9.86e-01	0.00e+00	0.00e+00	0.00e+00	0.00e+00	0.00e+00
 4.62200e+14	2.38e-24	5.29e-18	2.02e-12	6.37e-08	1.27e-04	1.54e-02	9.84e-01	0.00e+00	0.00e+00	0.00e+00	0.00e+00	0.00e+00
 4.80076e+14	3.63e-24	7.57e-18	2.71e-12	7.98e-08	1.48e-04	1.66e-02	9.83e-01	0.00e+00	0.00e+00	0.00e+00	0.00e+00	0.00e+00
 4.99309e+14	5.60e-24	1.09e-17	3.67e-12	1.01e-07	1.73e-04	1.80e-02	9.82e-01	0.00e+00	0.00e+00	0.00e+00	0.00e+00	0.00e+00
 5.19311e+14	8.63e-24	1.58e-17	4.97e-12	1.27e-07	2.02e-04	1.96e-02	9.80e-01	0.00e+00	0.00e+00	0.00e+00	0.00e+00	0.00e+00
 5.40114e+14	1.32e-23	2.28e-17	6.71e-12	1.60e-07	2.35e-04	2.12e-02	9.79e-01	0.00e+00	0.00e+00	0.00e+00	0.00e+00	0.00e+00
 5.59957e+14	1.96e-23	3.19e-17	8.85e-12	1.98e-07	2.71e-04	2.29e-02	9.77e-01	0.00e+00	0.00e+00	0.00e+00	0.00e+00	0.00e+00
 5.76587e+14	2.69e-23	4.18e-17	1.11e-11	2.35e-07	3.04e-04	2.43e-02	9.75e-01	0.00e+00	0.00e+00	0.00e+00	0.00e+00	0.00e+00
 5.93588e+14	3.67e-23	5.47e-17	1.38e-11	2.79e-07	3.41e-04	2.59e-02	9.74e-01	0.00e+00	0.00e+00	0.00e+00	0.00e+00	0.00e+00
 6.15277e+14	5.37e-23	7.59e-17	1.81e-11	3.45e-07	3.92e-04	2.79e-02	9.72e-01	0.00e+00	0.00e+00	0.00e+00	0.00e+00	0.00e+00
 6.37588e+14	7.82e-23	1.05e-16	2.37e-11	4.26e-07	4.51e-04	3.01e-02	9.69e-01	0.00e+00	0.00e+00	0.00e+00	0.00e+00	0.00e+00
 6.56734e+14	1.07e-22	1.38e-16	2.97e-11	5.06e-07	5.06e-04	3.20e-02	9.67e-01	0.00e+00	0.00e+00	0.00e+00	0.00e+00	0.00e+00
 6.77238e+14	1.47e-22	1.82e-16	3.75e-11	6.07e-07	5.71e-04	3.42e-02	9.65e-01	0.00e+00	0.00e+00	0.00e+00	0.00e+00	0.00e+00
 7.02618e+14	2.16e-22	2.53e-16	4.95e-11	7.53e-07	6.59e-04	3.70e-02	9.62e-01	0.00e+00	0.00e+00	0.00e+00	0.00e+00	0.00e+00
 7.28391e+14	3.13e-22	3.51e-16	6.50e-11	9.31e-07	7.59e-04	3.99e-02	9.59e-01	0.00e+00	0.00e+00	0.00e+00	0.00e+00	0.00e+00
 7.51070e+14	4.30e-22	4.63e-16	8.20e-11	1.11e-06	8.55e-04	4.26e-02	9.57e-01	0.00e+00	0.00e+00	0.00e+00	0.00e+00	0.00e+00
 7.75672e+14	5.92e-22	6.15e-16	1.04e-10	1.35e-06	9.69e-04	4.57e-02	9.53e-01	0.00e+00	0.00e+00	0.00e+00	0.00e+00	0.00e+00
 8.05384e+14	8.74e-22	8.64e-16	1.39e-10	1.68e-06	1.12e-03	4.94e-02	9.49e-01	0.00e+00	0.00e+00	0.00e+00	0.00e+00	0.00e+00
 8.34850e+14	1.26e-21	1.19e-15	1.82e-10	2.07e-06	1.29e-03	5.34e-02	9.45e-01	0.00e+00	0.00e+00	0.00e+00	0.00e+00	0.00e+00
 8.60993e+14	1.73e-21	1.57e-15	2.29e-10	2.48e-06	1.45e-03	5.69e-02	9.42e-01	0.00e+00	0.00e+00	0.00e+00	0.00e+00	0.00e+00
 8.89706e+14	2.40e-21	2.11e-15	2.93e-10	3.01e-06	1.64e-03	6.10e-02	9.37e-01	0.00e+00	0.00e+00	0.00e+00	0.00e+00	0.00e+00
 9.24069e+14	3.51e-21	2.96e-15	3.90e-10	3.76e-06	1.90e-03	6.61e-02	9.32e-01	0.00e+00	0.00e+00	0.00e+00	0.00e+00	0.00e+00
 9.58139e+14	5.06e-21	4.09e-15	5.13e-10	4.64e-06	2.18e-03	7.13e-02	9.26e-01	0.00e+00	0.00e+00	0.00e+00	0.00e+00	0.00e+00
 9.88948e+14	6.94e-21	5.42e-15	6.50e-10	5.58e-06	2.46e-03	7.62e-02	9.21e-01	0.00e+00	0.00e+00	0.00e+00	0.00e+00	0.00e+00
 1.02315e+15	9.78e-21	7.36e-15	8.41e-10	6.80e-06	2.80e-03	8.18e-02	9.15e-01	0.00e+00	0.00e+00	0.00e+00	0.00e+00	0.00e+00
 1.06335e+15	1.44e-20	1.04e-14	1.13e-09	8.51e-06	3.24e-03	8.86e-02	9.08e-01	0.00e+00	0.00e+00	0.00e+00	0.00e+00	0.00e+00
 1.10290e+15	2.08e-20	1.45e-14	1.48e-09	1.05e-05	3.72e-03	9.55e-02	9.01e-01	0.00e+00	0.00e+00	0.00e+00	0.00e+00	0.00e+00
 1.13958e+15	2.90e-20	1.94e-14	1.90e-09	1.27e-05	4.20e-03	1.02e-01	8.94e-01	0.00e+00	0.00e+00	0.00e+00	0.00e+00	0.00e+00
 1.18073e+15	4.15e-20	2.68e-14	2.48e-09	1.56e-05	4.80e-03	1.10e-01	8.86e-01	0.00e+00	0.00e+00	0.00e+00	0.00e+00	0.00e+00
 1.22799e+15	6.17e-20	3.83e-14	3.35e-09	1.96e-05	5.55e-03	1.19e-01	8.76e-01	0.00e+00	0.00e+00	0.00e+00	0.00e+00	0.00e+00
 1.27445e+15	9.01e-20	5.37e-14	4.43e-09	2.43e-05	6.37e-03	1.28e-01	8.66e-01	0.00e+00	0.00e+00	0.00e+00	0.00e+00	0.00e+00
 1.32276e+15	1.32e-19	7.53e-14	5.88e-09	3.01e-05	7.30e-03	1.37e-01	8.55e-01	0.00e+00	0.00e+00	0.00e+00	0.00e+00	0.00e+00
 1.37570e+15	1.97e-19	1.08e-13	7.92e-09	3.76e-05	8.43e-03	1.48e-01	8.44e-01	0.00e+00	0.00e+00	0.00e+00	0.00e+00	0.00e+00
 1.42933e+15	2.91e-19	1.53e-13	1.06e-08	4.68e-05	9.68e-03	1.59e-01	8.31e-01	0.00e+00	0.00e+00	0.00e+00	0.00e+00	0.00e+00
 1.48511e+15	4.32e-19	2.18e-13	1.41e-08	5.82e-05	1.11e-02	1.71e-01	8.18e-01	0.00e+00	0.00e+00	0.00e+00	0.00e+00	0.00e+00
 1.54454e+15	6.48e-19	3.13e-13	1.90e-08	7.27e-05	1.28e-02	1.84e-01	8.04e-01	0.00e+00	0.00e+00	0.00e+00	0.00e+00	0.00e+00
 1.59598e+15	9.09e-19	4.23e-13	2.44e-08	8.74e-05	1.44e-02	1.95e-01	7.91e-01	0.00e+00	0.00e+00	0.00e+00	0.00e+00	0.00e+00
 1.63550e+15	1.17e-18	5.31e-13	2.93e-08	1.00e-04	1.57e-02	2.03e-01	7.81e-01	0.00e+00	0.00e+00	0.00e+00	0.00e+00	0.00e+00
 1.67779e+15	1.53e-18	6.72e-13	3.56e-08	1.16e-04	1.71e-02	2.12e-01	7.70e-01	0.00e+00	0.00e+00	0.00e+00	0.00e+00	0.00e+00
 1.73277e+15	2.14e-18	9.06e-13	4.54e-08	1.38e-04	1.91e-02	2.24e-01	7.56e-01	0.00e+00	0.00e+00	0.00e+00	0.00e+00	0.00e+00
 1.79262e+15	3.06e-18	1.24e-12	5.86e-08	1.67e-04	2.15e-02	2.37e-01	7.41e-01	0.00e+00	0.00e+00	0.00e+00	0.00e+00	0.00e+00
 1.84713e+15	4.20e-18	1.64e-12	7.33e-08	1.97e-04	2.38e-02	2.49e-01	7.27e-01	0.00e+00	0.00e+00	0.00e+00	0.00e+00	0.00e+00
 1.90633e+15	5.85e-18	2.20e-12	9.28e-08	2.34e-04	2.65e-02	2.62e-01	7.11e-01	0.00e+00	0.00e+00	0.00e+00	0.00e+00	0.00e+00
 1.97861e+15	8.67e-18	3.10e-12	1.23e-07	2.87e-04	3.01e-02	2.77e-01	6.92e-01	0.00e+00	0.00e+00	0.00e+00	0.00e+00	0.00e+00
 2.05085e+15	1.27e-17	4.32e-12	1.60e-07	3.48e-04	3.38e-02	2.93e-01	6.73e-01	0.00e+00	0.00e+00	0.00e+00	0.00e+00	0.00e+00
 2.11482e+15	1.76e-17	5.74e-12	2.01e-07	4.10e-04	3.74e-02	3.06e-01	6.56e-01	0.00e+00	0.00e+00	0.00e+00	0.00e+00	0.00e+00
 2.18507e+15	2.53e-17	7.76e-12	2.55e-07	4.88e-04	4.16e-02	3.20e-01	6.38e-01	0.00e+00	0.00e+00	1.45e-17	7.68e-18	2.73e-18
 2.26929e+15	3.77e-17	1.10e-11	3.37e-07	5.96e-04	4.69e-02	3.37e-01	6.16e-01	0.00e+00	0.00e+00	2.15e-17	1.15e-17	4.03e-18
 2.35295e+15	5.54e-17	1.53e-11	4.39e-07	7.21e-04	5.25e-02	3.52e-01	5.94e-01	0.00e+00	0.00e+00	3.17e-17	1.69e-17	5.90e-18
 2.42854e+15	7.75e-17	2.05e-11	5.52e-07	8.49e-04	5.78e-02	3.66e-01	5.75e-01	0.00e+00	0.00e+00	4.44e-17	2.36e-17	8.22e-18
 2.51237e+15	1.11e-16	2.79e-11	7.04e-07	1.01e-03	6.41e-02	3.81e-01	5.54e-01	0.00e+00	0.00e+00	6.39e-17	3.39e-17	1.18e-17
 2.61096e+15	1.68e-16	3.96e-11	9.28e-07	1.23e-03	7.18e-02	3.97e-01	5.30e-01	0.00e+00	0.00e+00	9.65e-17	5.10e-17	1.76e-17
 2.70810e+15	2.48e-16	5.50e-11	1.20e-06	1.47e-03	7.99e-02	4.12e-01	5.06e-01	0.00e+00	0.00e+00	1.43e-16	7.52e-17	2.59e-17
 2.79831e+15	3.52e-16	7.38e-11	1.51e-06	1.73e-03	8.77e-02	4.25e-01	4.85e-01	0.00e+00	0.00e+00	2.02e-16	1.07e-16	3.67e-17
 2.89945e+15	5.12e-16	1.01e-10	1.94e-06	2.06e-03	9.68e-02	4.39e-01	4.62e-01	0.00e+00	0.00e+00	2.95e-16	1.55e-16	5.32e-17
 3.01546e+15	7.77e-16	1.44e-10	2.55e-06	2.49e-03	1.08e-01	4.53e-01	4.36e-01	0.00e+00	0.00e+00	4.48e-16	2.35e-16	8.04e-17
 3.12968e+15	1.16e-15	2.00e-10	3.30e-06	2.98e-03	1.19e-01	4.66e-01	4.12e-01	0.00e+00	0.00e+00	6.67e-16	3.50e-16	1.19e-16
 3.23971e+15	1.66e-15	2.70e-10	4.17e-06	3.50e-03	1.30e-01	4.76e-01	3.90e-01	0.00e+00	0.00e+00	9.60e-16	5.04e-16	1.71e-16
 3.36057e+15	2.45e-15	3.72e-10	5.33e-06	4.15e-03	1.43e-01	4.87e-01	3.66e-01	0.00e+00	0.00e+00	1.41e-15	7.43e-16	2.52e-16
 3.49502e+15	3.71e-15	5.22e-10	6.93e-06	4.96e-03	1.57e-01	4.96e-01	3.41e-01	0.00e+00	0.00e+00	2.14e-15	1.12e-15	3.79e-16
 3.63485e+15	5.60e-15	7.31e-10	8.98e-06	5.91e-03	1.73e-01	5.04e-01	3.17e-01	0.00e+00	0.00e+00	3.23e-15	1.70e-15	5.71e-16
 3.75493e+15	7.87e-15	9.65e-10	1.11e-05	6.82e-03	1.86e-01	5.10e-01	2.98e-01	0.00e+00	0.00e+00	4.54e-15	2.38e-15	8.02e-16
 3.84540e+15	1.01e-14	1.18e-09	1.30e-05	7.57e-03	1.96e-01	5.13e-01	2.83e-01	0.00e+00	0.00e+00	5.82e-15	3.05e-15	1.03e-15
 3.94126e+15	1.30e-14	1.45e-09	1.52e-05	8.41e-03	2.07e-01	5.15e-01	2.69e-01	0.00e+00	0.00e+00	7.53e-15	3.95e-15	1.32e-15
 4.06586e+15	1.80e-14	1.88e-09	1.85e-05	9.59e-03	2.22e-01	5.17e-01	2.51e-01	0.00e+00	0.00e+00	1.04e-14	5.45e-15	1.82e-15
 4.20297e+15	2.53e-14	2.47e-09	2.29e-05	1.10e-02	2.37e-01	5.18e-01	2.33e-01	0.00e+00	0.00e+00	1.46e-14	7.68e-15	2.56e-15
 4.32913e+15	3.43e-14	3.15e-09	2.75e-05	1.24e-02	2.52e-01	5.18e-01	2.18e-01	0.00e+00	0.00e+00	1.98e-14	1.04e-14	3.47e-15
 4.46594e+15	4.73e-14	4.06e-09	3.34e-05	1.41e-02	2.68e-01	5.16e-01	2.02e-01	0.00e+00	0.00e+00	2.73e-14	1.43e-14	4.77e-15
 4.62021e+15	6.68e-14	5.34e-09	4.12e-05	1.62e-02	2.85e-01	5.13e-01	1.85e-01	0.00e+00	0.00e+00	3.86e-14	2.02e-14	6.73e-15
 4.76803e+15	9.18e-14	6.86e-09	4.99e-05	1.83e-02	3.02e-01	5.09e-01	1.71e-01	0.00e+00	0.00e+00	5.31e-14	2.78e-14	9.24e-15
 4.93106e+15	1.29e-13	8.98e-09	6.11e-05	2.08e-02	3.20e-01	5.03e-01	1.56e-01	0.00e+00	0.00e+00	7.48e-14	3.92e-14	1.30e-14
 5.11070e+15	1.86e-13	1.19e-08	7.57e-05	2.38e-02	3.40e-01	4.96e-01	1.41e-01	0.00e+00	0.00e+00	1.08e-13	5.63e-14	1.86e-14
 5.27646e+15	2.56e-13	1.53e-08	9.14e-05	2.68e-02	3.57e-01	4.87e-01	1.28e-01	0.00e+00	0.00e+00	1.49e-13	7.78e-14	2.57e-14
 5.45645e+15	3.61e-13	2.00e-08	1.11e-04	3.04e-02	3.76e-01	4.78e-01	1.16e-01	0.00e+00	0.00e+00	2.09e-13	1.09e-13	3.61e-14
 5.65621e+15	5.17e-13	2.64e-08	1.37e-04	3.45e-02	3.96e-01	4.66e-01	1.03e-01	0.00e+00	0.00e+00	3.00e-13	1.57e-13	5.17e-14
 5.84312e+15	7.15e-13	3.39e-08	1.65e-04	3.87e-02	4.14e-01	4.54e-01	9.30e-02	0.00e+00	0.00e+00	4.14e-13	2.17e-13	7.15e-14
 6.04755e+15	1.01e-12	4.42e-08	2.01e-04	4.36e-02	4.33e-01	4.40e-01	8.28e-02	0.00e+00	0.00e+00	5.86e-13	3.07e-13	1.01e-13
 6.27361e+15	1.45e-12	5.84e-08	2.48e-04	4.94e-02	4.53e-01	4.25e-01	7.29e-02	0.00e+00	0.00e+00	8.43e-13	4.41e-13	1.45e-13
 6.48469e+15	2.01e-12	7.50e-08	2.98e-04	5.51e-02	4.70e-01	4.10e-01	6.47e-02	0.00e+00	0.00e+00	1.17e-12	6.12e-13	2.01e-13
 6.71600e+15	2.86e-12	9.77e-08	3.63e-04	6.18e-02	4.88e-01	3.93e-01	5.67e-02	0.00e+00	0.00e+00	1.66e-12	8.67e-13	2.85e-13
 6.97254e+15	4.12e-12	1.29e-07	4.46e-04	6.97e-02	5.06e-01	3.75e-01	4.91e-02	0.00e+00	0.00e+00	2.39e-12	1.25e-12	4.10e-13
 7.21407e+15	5.74e-12	1.66e-07	5.37e-04	7.76e-02	5.22e-01	3.57e-01	4.29e-02	0.00e+00	0.00e+00	3.33e-12	1.74e-12	5.71e-13
 7.43590e+15	7.70e-12	2.08e-07	6.33e-04	8.52e-02	5.35e-01	3.42e-01	3.78e-02	0.00e+00	0.00e+00	4.47e-12	2.34e-12	7.65e-13
 7.67997e+15	1.06e-11	2.64e-07	7.55e-04	9.40e-02	5.48e-01	3.24e-01	3.30e-02	0.00e+00	0.00e+00	6.14e-12	3.21e-12	1.05e-12
 7.92574e+15	1.43e-11	3.31e-07	8.94e-04	1.03e-01	5.60e-01	3.08e-01	2.87e-02	0.00e+00	0.00e+00	8.28e-12	4.33e-12	1.42e-12
 8.12520e+15	1.81e-11	3.97e-07	1.02e-03	1.11e-01	5.68e-01	2.94e-01	2.57e-02	0.00e+00	0.00e+00	1.05e-11	5.50e-12	1.80e-12
 8.33599e+15	2.32e-11	4.78e-07	1.17e-03	1.20e-01	5.76e-01	2.80e-01	2.28e-02	0.00e+00	0.00e+00	1.35e-11	7.05e-12	2.30e-12
 8.61002e+15	3.19e-11	6.07e-07	1.40e-03	1.31e-01	5.85e-01	2.63e-01	1.95e-02	0.00e+00	0.00e+00	1.85e-11	9.69e-12	3.16e-12
 8.88988e+15	4.30e-11	7.62e-07	1.65e-03	1.44e-01	5.92e-01	2.46e-01	1.67e-02	0.00e+00	0.00e+00	2.50e-11	1.31e-11	4.26e-12
 9.12400e+15	5.48e-11	9.16e-07	1.90e-03	1.54e-01	5.97e-01	2.32e-01	1.47e-02	0.00e+00	0.00e+00	3.18e-11	1.67e-11	5.44e-12
 9.37503e+15	7.14e-11	1.12e-06	2.19e-03	1.66e-01	6.01e-01	2.18e-01	1.27e-02	0.00e+00	0.00e+00	4.15e-11	2.17e-11	7.08e-12
 9.70136e+15	9.98e-11	1.44e-06	2.64e-03	1.82e-01	6.04e-01	2.00e-01	1.06e-02	0.00e+00	0.00e+00	5.80e-11	3.04e-11	9.90e-12
 1.00327e+16	1.36e-10	1.82e-06	3.15e-03	1.99e-01	6.05e-01	1.84e-01	8.82e-03	0.00e+00	0.00e+00	7.91e-11	4.14e-11	1.35e-11
 1.02952e+16	1.73e-10	2.18e-06	3.61e-03	2.12e-01	6.05e-01	1.71e-01	7.62e-03	0.00e+00	0.00e+00	1.00e-10	5.26e-11	1.71e-11
 1.05613e+16	2.22e-10	2.63e-06	4.15e-03	2.27e-01	6.03e-01	1.59e-01	6.55e-03	0.00e+00	0.00e+00	1.29e-10	6.76e-11	2.20e-11
 1.09073e+16	3.06e-10	3.35e-06	4.95e-03	2.46e-01	5.99e-01	1.44e-01	5.37e-03	0.00e+00	0.00e+00	1.78e-10	9.31e-11	3.03e-11
 1.12554e+16	4.09e-10	4.18e-06	5.87e-03	2.66e-01	5.93e-01	1.31e-01	4.42e-03	0.00e+00	0.00e+00	2.37e-10	1.24e-10	4.06e-11
 1.15325e+16	5.12e-10	4.98e-06	6.70e-03	2.82e-01	5.87e-01	1.21e-01	3.79e-03	0.00e+00	0.00e+00	2.98e-10	1.56e-10	5.09e-11
 1.18188e+16	6.57e-10	6.00e-06	7.70e-03	2.99e-01	5.79e-01	1.11e-01	3.21e-03	0.00e+00	0.00e+00	3.82e-10	2.00e-10	6.53e-11
 1.21300e+16	8.42e-10	7.27e-06	8.91e-03	3.18e-01	5.69e-01	1.01e-01	2.69e-03	0.00e+00	0.00e+00	4.90e-10	2.57e-10	8.37e-11
 1.24097e+16	1.05e-09	8.62e-06	1.02e-02	3.36e-01	5.60e-01	9.24e-02	2.29e-03	0.00e+00	0.00e+00	6.11e-10	3.21e-10	1.05e-10
 1.26683e+16	1.30e-09	1.01e-05	1.15e-02	3.52e-01	5.49e-01	8.51e-02	1.96e-03	0.00e+00	0.00e+00	7.56e-10	3.96e-10	1.29e-10
 1.29633e+16	1.66e-09	1.22e-05	1.32e-02	3.71e-01	5.37e-01	7.71e-02	1.65e-03	0.00e+00	0.00e+00	9.63e-10	5.05e-10	1.65e-10
 1.32805e+16	2.14e-09	1.48e-05	1.53e-02	3.92e-01	5.22e-01	6.93e-02	1.36e-03	0.00e+00	0.00e+00	1.24e-09	6.53e-10	2.13e-10
 1.35584e+16	2.65e-09	1.75e-05	1.74e-02	4.10e-01	5.08e-01	6.30e-02	1.15e-03	0.00e+00	0.00e+00	1.54e-09	8.09e-10	2.64e-10
 1.38114e+16	3.25e-09	2.05e-05	1.95e-02	4.27e-01	4.95e-01	5.76e-02	9.86e-04	0.00e+00	0.00e+00	1.89e-09	9.91e-10	3.24e-10
 1.41001e+16	4.13e-09	2.46e-05	2.24e-02	4.47e-01	4.78e-01	5.17e-02	8.21e-04	0.00e+00	0.00e+00	2.40e-09	1.26e-09	4.11e-10
 1.44097e+16	5.34e-09	3.00e-05	2.61e-02	4.68e-01	4.60e-01	4.59e-02	6.73e-04	0.00e+00	0.00e+00	3.11e-09	1.63e-09	5.33e-10
 1.46780e+16	6.63e-09	3.54e-05	2.97e-02	4.85e-01	4.43e-01	4.14e-02	5.66e-04	0.00e+00	0.00e+00	3.86e-09	2.03e-09	6.61e-10
 1.49177e+16	8.14e-09	4.15e-05	3.35e-02	5.01e-01	4.27e-01	3.75e-02	4.82e-04	0.00e+00	0.00e+00	4.73e-09	2.48e-09	8.12e-10
 1.51495e+16	9.86e-09	4.83e-05	3.76e-02	5.17e-01	4.11e-01	3.40e-02	4.12e-04	0.00e+00	0.00e+00	5.74e-09	3.01e-09	9.84e-10
 1.54115e+16	1.28e-08	5.86e-05	4.33e-02	5.34e-01	3.92e-01	3.02e-02	3.40e-04	0.00e+00	0.00e+00	7.42e-09	3.90e-09	1.27e-09
 1.56894e+16	1.62e-08	7.08e-05	5.03e-02	5.52e-01	3.71e-01	2.66e-02	2.79e-04	0.00e+00	0.00e+00	9.42e-09	4.95e-09	1.62e-09
 1.59282e+16	2.03e-08	8.44e-05	5.75e-02	5.66e-01	3.52e-01	2.36e-02	2.33e-04	0.00e+00	0.00e+00	1.18e-08	6.21e-09	2.03e-09
 1.61395e+16	2.53e-08	9.99e-05	6.51e-02	5.79e-01	3.35e-01	2.11e-02	1.96e-04	0.00e+00	0.00e+00	1.47e-08	7.74e-09	2.53e-09
 1.63408e+16	3.09e-08	1.17e-04	7.35e-02	5.90e-01	3.18e-01	1.89e-02	1.67e-04	0.00e+00	0.00e+00	1.80e-08	9.44e-09	3.09e-09
 1.65684e+16	4.07e-08	1.44e-04	8.53e-02	6.01e-01	2.97e-01	1.65e-02	1.35e-04	0.00e+00	0.00e+00	2.37e-08	1.24e-08	4.07e-09
 1.68032e+16	5.29e-08	1.76e-04	9.96e-02	6.11e-01	2.75e-01	1.43e-02	1.09e-04	0.00e+00	0.00e+00	3.08e-08	1.62e-08	5.29e-09
 1.69934e+16	6.54e-08	2.09e-04	1.14e-01	6.17e-01	2.57e-01	1.25e-02	9.11e-05	0.00e+00	0.00e+00	3.80e-08	2.00e-08	6.55e-09
 1.71570e+16	7.79e-08	2.41e-04	1.28e-01	6.21e-01	2.40e-01	1.11e-02	7.68e-05	0.00e+00	0.00e+00	4.53e-08	2.38e-08	7.81e-09
 1.73398e+16	1.06e-07	3.02e-04	1.49e-01	6.22e-01	2.20e-01	9.51e-03	6.17e-05	0.00e+00	0.00e+00	6.17e-08	3.24e-08	1.06e-08
 1.75259e+16	1.29e-07	3.57e-04	1.73e-01	6.20e-01	1.99e-01	8.09e-03	4.96e-05	0.00e+00	0.00e+00	7.51e-08	3.95e-08	1.29e-08
 1.76772e+16	1.74e-07	4.44e-04	1.98e-01	6.14e-01	1.81e-01	6.92e-03	4.01e-05	0.00e+00	0.00e+00	1.01e-07	5.32e-08	1.75e-08
 1.78045e+16	2.03e-07	5.05e-04	2.22e-01	6.06e-01	1.65e-01	6.02e-03	3.33e-05	0.00e+00	0.00e+00	1.18e-07	6.21e-08	2.04e-08
 1.79397e+16	2.57e-07	6.05e-04	2.53e-01	5.93e-01	1.48e-01	5.06e-03	2.65e-05	0.00e+00	0.00e+00	1.49e-07	7.86e-08	2.58e-08
 1.80830e+16	3.31e-07	7.35e-04	2.92e-01	5.74e-01	1.29e-01	4.13e-03	2.04e-05	0.00e+00	0.00e+00	1.92e-07	1.01e-07	3.33e-08
 1.82022e+16	4.19e-07	8.78e-04	3.31e-01	5.52e-01	1.12e-01	3.39e-03	1.59e-05	0.00e+00	0.00e+00	2.44e-07	1.28e-07	4.22e-08
 1.82873e+16	5.22e-07	1.02e-03	3.63e-01	5.32e-01	1.01e-01	2.89e-03	1.30e-05	0.00e+00	0.00e+00	3.04e-07	1.60e-07	5.26e-08
 1.83441e+16	5.86e-07	1.12e-03	3.87e-01	5.17e-01	9.27e-02	2.58e-03	1.12e-05	0.00e+00	0.00e+00	3.41e-07	1.79e-07	5.90e-08
 1.83993e+16	6.59e-07	1.22e-03	4.11e-01	5.01e-01	8.48e-02	2.28e-03	9.62e-06	0.00e+00	0.00e+00	3.84e-07	2.02e-07	6.65e-08
 1.84709e+16	7.75e-07	1.37e-03	4.45e-01	4.77e-01	7.47e-02	1.91e-03	7.74e-06	0.00e+00	0.00e+00	4.51e-07	2.37e-07	7.82e-08
 1.85486e+16	9.23e-07	1.56e-03	4.85e-01	4.48e-01	6.42e-02	1.56e-03	6.02e-06	0.00e+00	0.00e+00	5.37e-07	2.83e-07	9.33e-08
 1.86163e+16	1.07e-06	1.73e-03	5.21e-01	4.20e-01	5.54e-02	1.28e-03	4.73e-06	0.00e+00	0.00e+00	6.24e-07	3.29e-07	1.09e-07
 1.86759e+16	1.23e-06	1.91e-03	5.55e-01	3.94e-01	4.78e-02	1.05e-03	3.74e-06	0.00e+00	0.00e+00	7.15e-07	3.77e-07	1.25e-07
 1.87427e+16	1.44e-06	2.13e-03	5.95e-01	3.62e-01	3.97e-02	8.25e-04	2.78e-06	0.00e+00	0.00e+00	8.40e-07	4.43e-07	1.46e-07
 1.88137e+16	1.70e-06	2.38e-03	6.38e-01	3.27e-01	3.22e-02	6.26e-04	1.99e-06	0.00e+00	0.00e+00	9.90e-07	5.23e-07	1.73e-07
 1.88753e+16	1.95e-06	2.61e-03	6.75e-01	2.96e-01	2.62e-02	4.80e-04	1.45e-06	0.00e+00	0.00e+00	1.14e-06	6.00e-07	1.98e-07
 1.89403e+16	2.27e-06	2.88e-03	7.13e-01	2.63e-01	2.06e-02	3.52e-04	1.00e-06	0.00e+00	0.00e+00	1.32e-06	6.98e-07	2.31e-07
 1.90108e+16	2.64e-06	3.16e-03	7.52e-01	2.29e-01	1.57e-02	2.47e-04	6.57e-07	0.00e+00	0.00e+00	1.53e-06	8.10e-07	2.69e-07
 1.90752e+16	3.01e-06	3.43e-03	7.85e-01	1.99e-01	1.19e-02	1.74e-04	0.00e+00	0.00e+00	0.00e+00	1.75e-06	9.24e-07	3.07e-07
 1.91459e+16	3.47e-06	3.74e-03	8.19e-01	1.69e-01	8.62e-03	1.14e-04	0.00e+00	0.00e+00	0.00e+00	2.02e-06	1.07e-06	3.55e-07
 1.92248e+16	4.02e-06	4.07e-03	8.51e-01	1.39e-01	5.94e-03	7.04e-05	0.00e+00	0.00e+00	0.00e+00	2.34e-06	1.24e-06	4.12e-07
 1.93020e+16	4.59e-06	4.38e-03	8.77e-01	1.15e-01	4.06e-03	4.30e-05	0.00e+00	0.00e+00	0.00e+00	2.67e-06	1.41e-06	4.72e-07
 1.93901e+16	5.30e-06	4.73e-03	9.01e-01	9.13e-02	2.59e-03	2.39e-05	0.00e+00	0.00e+00	0.00e+00	3.08e-06	1.63e-06	5.45e-07
 1.95047e+16	6.25e-06	5.15e-03	9.25e-01	6.82e-02	1.45e-03	1.11e-05	0.00e+00	0.00e+00	0.00e+00	3.63e-06	1.93e-06	6.44e-07
 1.96536e+16	7.55e-06	5.65e-03	9.46e-01	4.75e-02	6.97e-04	4.17e-06	0.00e+00	0.00e+00	0.00e+00	4.39e-06	2.33e-06	7.80e-07
 1.98184e+16	9.10e-06	6.16e-03	9.60e-01	3.30e-02	3.29e-04	1.50e-06	0.00e+00	0.00e+00	0.00e+00	5.29e-06	2.81e-06	9.41e-07
 2.00038e+16	1.10e-05	6.72e-03	9.70e-01	2.29e-02	1.50e-04	5.00e-07	0.00e+00	0.00e+00	0.00e+00	6.41e-06	3.40e-06	1.14e-06
 2.02448e+16	1.40e-05	7.47e-03	9.77e-01	1.54e-02	6.12e-05	0.00e+00	0.00e+00	0.00e+00	0.00e+00	8.14e-06	4.32e-06	1.45e-06
 2.05582e+16	1.89e-05	8.53e-03	9.81e-01	1.02e-02	2.27e-05	0.00e+00	0.00e+00	0.00e+00	0.00e+00	1.10e-05	5.84e-06	1.96e-06
 2.08743e+16	2.61e-05	9.85e-03	9.83e-01	7.39e-03	9.94e-06	0.00e+00	0.00e+00	0.00e+00	0.00e+00	1.52e-05	8.06e-06	2.71e-06
 2.11163e+16	3.39e-05	1.11e-02	9.83e-01	6.01e-03	5.72e-06	0.00e+00	0.00e+00	0.00e+00	0.00e+00	1.97e-05	1.05e-05	3.51e-06
 2.13161e+16	4.24e-05	1.23e-02	9.83e-01	5.13e-03	3.71e-06	0.00e+00	0.00e+00	0.00e+00	0.00e+00	2.46e-05	1.31e-05	4.39e-06
 2.14740e+16	5.09e-05	1.34e-02	9.82e-01	4.60e-03	2.74e-06	0.00e+00	0.00e+00	0.00e+00	0.00e+00	2.96e-05	1.57e-05	5.26e-06
 2.15837e+16	5.80e-05	1.43e-02	9.81e-01	4.26e-03	2.21e-06	0.00e+00	0.00e+00	0.00e+00	0.00e+00	3.37e-05	1.79e-05	5.99e-06
 2.16956e+16	6.63e-05	1.53e-02	9.81e-01	3.93e-03	1.77e-06	0.00e+00	0.00e+00	0.00e+00	0.00e+00	3.86e-05	2.04e-05	6.86e-06
