#depth	C	C+	C+2	C+3	C+4	C+5	C+6	C[1]	C[2]	C[3]	C+[1]	C+[2]	CO
 1.49634e+10	0.00e+00	4.89e-32	7.20e-22	1.93e-12	2.33e-02	9.65e-01	1.18e-02	0.00e+00	0.00e+00	0.00e+00	0.00e+00	0.00e+00	7.85e-163
 4.54887e+10	5.64e-43	6.71e-32	9.12e-22	2.26e-12	2.52e-02	9.64e-01	1.09e-02	0.00e+00	0.00e+00	0.00e+00	0.00e+00	0.00e+00	7.54e-228
 7.72350e+10	0.00e+00	9.21e-32	1.16e-21	2.65e-12	2.73e-02	9.63e-01	1.01e-02	0.00e+00	0.00e+00	0.00e+00	0.00e+00	0.00e+00	9.81e-162
 1.10251e+11	1.25e-42	1.27e-31	1.47e-21	3.11e-12	2.96e-02	9.61e-01	9.29e-03	0.00e+00	0.00e+00	0.00e+00	0.00e+00	0.00e+00	3.62e-227
 1.43812e+11	0.00e+00	1.72e-31	1.85e-21	3.63e-12	3.20e-02	9.59e-01	8.58e-03	0.00e+00	0.00e+00	0.00e+00	0.00e+00	0.00e+00	1.19e-160
 1.78716e+11	2.71e-42	2.35e-31	2.34e-21	4.24e-12	3.46e-02	9.57e-01	7.92e-03	0.00e+00	0.00e+00	0.00e+00	0.00e+00	0.00e+00	1.70e-226
 2.15791e+11	0.00e+00	3.24e-31	2.98e-21	4.98e-12	3.75e-02	9.55e-01	7.30e-03	0.00e+00	0.00e+00	0.00e+00	0.00e+00	0.00e+00	1.45e-159
 2.54350e+11	6.00e-42	4.45e-31	3.78e-21	5.84e-12	4.06e-02	9.53e-01	6.72e-03	0.00e+00	0.00e+00	0.00e+00	0.00e+00	0.00e+00	7.88e-226
 2.94450e+11	0.00e+00	6.12e-31	4.80e-21	6.84e-12	4.39e-02	9.50e-01	6.19e-03	0.00e+00	0.00e+00	0.00e+00	0.00e+00	0.00e+00	1.81e-158
 3.36155e+11	1.33e-41	8.41e-31	6.10e-21	8.03e-12	4.76e-02	9.47e-01	5.70e-03	0.00e+00	0.00e+00	0.00e+00	0.00e+00	0.00e+00	3.72e-225
 3.79528e+11	0.00e+00	1.16e-30	7.75e-21	9.42e-12	5.15e-02	9.43e-01	5.24e-03	0.00e+00	0.00e+00	0.00e+00	0.00e+00	0.00e+00	2.28e-157
 4.24636e+11	2.95e-41	1.59e-30	9.84e-21	1.10e-11	5.58e-02	9.39e-01	4.82e-03	0.00e+00	0.00e+00	0.00e+00	0.00e+00	0.00e+00	1.73e-224
 4.71548e+11	0.00e+00	2.19e-30	1.25e-20	1.30e-11	6.04e-02	9.35e-01	4.43e-03	0.00e+00	0.00e+00	0.00e+00	0.00e+00	0.00e+00	2.89e-156
 5.20337e+11	6.56e-41	3.02e-30	1.59e-20	1.52e-11	6.54e-02	9.31e-01	4.07e-03	0.00e+00	0.00e+00	0.00e+00	0.00e+00	0.00e+00	7.94e-224
 5.71077e+11	0.00e+00	4.16e-30	2.02e-20	1.78e-11	7.08e-02	9.25e-01	3.73e-03	0.00e+00	0.00e+00	0.00e+00	0.00e+00	0.00e+00	3.66e-155
 6.23847e+11	1.46e-40	5.73e-30	2.57e-20	2.09e-11	7.66e-02	9.20e-01	3.42e-03	0.00e+00	0.00e+00	0.00e+00	0.00e+00	0.00e+00	3.55e-223
 6.78728e+11	0.00e+00	7.90e-30	3.27e-20	2.46e-11	8.29e-02	9.14e-01	3.14e-03	0.00e+00	0.00e+00	0.00e+00	0.00e+00	0.00e+00	4.68e-154
 7.35804e+11	3.26e-40	1.09e-29	4.17e-20	2.88e-11	8.97e-02	9.07e-01	2.87e-03	0.00e+00	0.00e+00	0.00e+00	0.00e+00	0.00e+00	1.50e-222
 7.95163e+11	0.00e+00	1.50e-29	5.30e-20	3.39e-11	9.71e-02	9.00e-01	2.63e-03	0.00e+00	0.00e+00	0.00e+00	0.00e+00	0.00e+00	6.01e-153
 8.56896e+11	7.30e-40	2.07e-29	6.75e-20	3.97e-11	1.05e-01	8.93e-01	2.40e-03	0.00e+00	0.00e+00	0.00e+00	0.00e+00	0.00e+00	6.38e-222
 9.21098e+11	0.00e+00	2.86e-29	8.60e-20	4.66e-11	1.14e-01	8.84e-01	2.19e-03	0.00e+00	0.00e+00	0.00e+00	0.00e+00	0.00e+00	7.77e-152
 9.87869e+11	1.64e-39	3.95e-29	1.09e-19	5.47e-11	1.23e-01	8.75e-01	2.00e-03	0.00e+00	0.00e+00	0.00e+00	0.00e+00	0.00e+00	1.54e-221
 1.05731e+12	0.00e+00	5.46e-29	1.39e-19	6.42e-11	1.33e-01	8.66e-01	1.82e-03	0.00e+00	0.00e+00	0.00e+00	0.00e+00	0.00e+00	1.01e-150
 1.12953e+12	3.68e-39	7.55e-29	1.78e-19	7.53e-11	1.43e-01	8.55e-01	1.66e-03	0.00e+00	0.00e+00	0.00e+00	0.00e+00	0.00e+00	5.54e-221
 1.20464e+12	0.00e+00	1.04e-28	2.27e-19	8.84e-11	1.55e-01	8.44e-01	1.51e-03	0.00e+00	0.00e+00	0.00e+00	0.00e+00	0.00e+00	1.33e-149
 1.27483e+12	7.96e-39	1.40e-28	2.82e-19	1.02e-10	1.65e-01	8.33e-01	1.38e-03	0.00e+00	0.00e+00	0.00e+00	0.00e+00	0.00e+00	0.00e+00
 1.33689e+12	0.00e+00	1.79e-28	3.39e-19	1.15e-10	1.75e-01	8.23e-01	1.28e-03	0.00e+00	0.00e+00	0.00e+00	0.00e+00	0.00e+00	1.14e-148
 1.40626e+12	1.53e-38	2.35e-28	4.16e-19	1.32e-10	1.87e-01	8.12e-01	1.18e-03	0.00e+00	0.00e+00	0.00e+00	0.00e+00	0.00e+00	0.00e+00
 1.48935e+12	0.00e+00	3.22e-28	5.25e-19	1.53e-10	2.00e-01	7.98e-01	1.07e-03	0.00e+00	0.00e+00	0.00e+00	0.00e+00	0.00e+00	1.17e-147
 1.57288e+12	3.31e-38	4.36e-28	6.59e-19	1.78e-10	2.15e-01	7.84e-01	9.69e-04	0.00e+00	0.00e+00	0.00e+00	0.00e+00	0.00e+00	0.00e+00
 1.65016e+12	0.00e+00	5.72e-28	8.06e-19	2.03e-10	2.28e-01	7.71e-01	8.88e-04	0.00e+00	0.00e+00	0.00e+00	0.00e+00	0.00e+00	1.16e-146
 1.73650e+12	6.73e-38	7.66e-28	1.00e-18	2.34e-10	2.43e-01	7.56e-01	8.07e-04	0.00e+00	0.00e+00	0.00e+00	0.00e+00	0.00e+00	0.00e+00
 1.83589e+12	0.00e+00	1.06e-27	1.28e-18	2.73e-10	2.61e-01	7.39e-01	7.24e-04	0.00e+00	0.00e+00	0.00e+00	0.00e+00	0.00e+00	1.38e-145
 1.93333e+12	1.49e-37	1.44e-27	1.60e-18	3.17e-10	2.78e-01	7.21e-01	6.52e-04	0.00e+00	0.00e+00	0.00e+00	0.00e+00	0.00e+00	0.00e+00
 2.02572e+12	0.00e+00	1.90e-27	1.97e-18	3.62e-10	2.95e-01	7.05e-01	5.91e-04	0.00e+00	0.00e+00	0.00e+00	0.00e+00	0.00e+00	1.45e-144
 2.12774e+12	3.08e-37	2.56e-27	2.46e-18	4.17e-10	3.13e-01	6.86e-01	5.32e-04	0.00e+00	0.00e+00	0.00e+00	0.00e+00	0.00e+00	0.00e+00
 2.24278e+12	0.00e+00	3.54e-27	3.12e-18	4.85e-10	3.34e-01	6.65e-01	4.73e-04	0.00e+00	0.00e+00	0.00e+00	0.00e+00	0.00e+00	1.77e-143
 2.35701e+12	6.80e-37	4.81e-27	3.92e-18	5.61e-10	3.55e-01	6.45e-01	4.22e-04	0.00e+00	0.00e+00	0.00e+00	0.00e+00	0.00e+00	0.00e+00
 2.47582e+12	0.00e+00	6.53e-27	4.91e-18	6.47e-10	3.76e-01	6.23e-01	3.75e-04	0.00e+00	0.00e+00	0.00e+00	0.00e+00	0.00e+00	2.14e-142
 2.60478e+12	1.50e-36	8.99e-27	6.22e-18	7.50e-10	3.99e-01	6.00e-01	3.31e-04	0.00e+00	0.00e+00	0.00e+00	0.00e+00	0.00e+00	0.00e+00
 2.73532e+12	0.00e+00	1.22e-26	7.80e-18	8.64e-10	4.22e-01	5.78e-01	2.93e-04	0.00e+00	0.00e+00	0.00e+00	0.00e+00	0.00e+00	2.78e-141
 2.87109e+12	3.28e-36	1.67e-26	9.79e-18	9.96e-10	4.45e-01	5.55e-01	2.58e-04	0.00e+00	0.00e+00	0.00e+00	0.00e+00	0.00e+00	0.00e+00
 3.01586e+12	0.00e+00	2.28e-26	1.23e-17	1.15e-09	4.69e-01	5.31e-01	2.26e-04	0.00e+00	0.00e+00	0.00e+00	0.00e+00	0.00e+00	3.60e-140
 3.16642e+12	7.26e-36	3.12e-26	1.55e-17	1.32e-09	4.94e-01	5.06e-01	1.97e-04	0.00e+00	0.00e+00	0.00e+00	0.00e+00	0.00e+00	0.00e+00
 3.32300e+12	0.00e+00	4.26e-26	1.95e-17	1.52e-09	5.18e-01	4.82e-01	1.71e-04	0.00e+00	0.00e+00	0.00e+00	0.00e+00	0.00e+00	4.83e-139
 3.48585e+12	1.60e-35	5.80e-26	2.44e-17	1.75e-09	5.42e-01	4.57e-01	1.49e-04	0.00e+00	0.00e+00	0.00e+00	0.00e+00	0.00e+00	0.00e+00
 3.65521e+12	0.00e+00	7.85e-26	3.04e-17	1.99e-09	5.66e-01	4.34e-01	1.29e-04	0.00e+00	0.00e+00	0.00e+00	0.00e+00	0.00e+00	6.32e-138
 3.83135e+12	3.48e-35	1.07e-25	3.80e-17	2.28e-09	5.90e-01	4.09e-01	1.11e-04	0.00e+00	0.00e+00	0.00e+00	0.00e+00	0.00e+00	0.00e+00
 4.00080e+12	0.00e+00	1.41e-25	4.66e-17	2.58e-09	6.12e-01	3.88e-01	9.69e-05	0.00e+00	0.00e+00	0.00e+00	0.00e+00	0.00e+00	7.54e-137
 4.15802e+12	6.83e-35	1.81e-25	5.57e-17	2.87e-09	6.31e-01	3.69e-01	8.56e-05	0.00e+00	0.00e+00	0.00e+00	0.00e+00	0.00e+00	0.00e+00
 4.33527e+12	9.67e-35	2.37e-25	6.79e-17	3.22e-09	6.52e-01	3.48e-01	7.44e-05	0.00e+00	0.00e+00	0.00e+00	0.00e+00	0.00e+00	2.73e-117
 4.53167e+12	1.40e-34	3.16e-25	8.35e-17	3.64e-09	6.73e-01	3.27e-01	6.40e-05	0.00e+00	0.00e+00	0.00e+00	0.00e+00	0.00e+00	0.00e+00
 4.71745e+12	1.95e-34	4.10e-25	1.01e-16	4.06e-09	6.92e-01	3.08e-01	5.57e-05	0.00e+00	0.00e+00	0.00e+00	0.00e+00	0.00e+00	2.12e-116
 4.91759e+12	2.74e-34	5.35e-25	1.22e-16	4.54e-09	7.10e-01	2.90e-01	4.81e-05	0.00e+00	0.00e+00	0.00e+00	0.00e+00	0.00e+00	3.95e-98
 5.14422e+12	3.98e-34	7.16e-25	1.51e-16	5.12e-09	7.30e-01	2.70e-01	4.09e-05	0.00e+00	0.00e+00	0.00e+00	0.00e+00	0.00e+00	0.00e+00
 5.36707e+12	5.65e-34	9.40e-25	1.83e-16	5.73e-09	7.48e-01	2.52e-01	3.50e-05	0.00e+00	0.00e+00	0.00e+00	0.00e+00	0.00e+00	4.91e-115
 5.59883e+12	8.00e-34	1.23e-24	2.22e-16	6.41e-09	7.65e-01	2.35e-01	3.00e-05	0.00e+00	0.00e+00	0.00e+00	0.00e+00	0.00e+00	5.53e-97
 5.85271e+12	1.15e-33	1.64e-24	2.73e-16	7.20e-09	7.82e-01	2.18e-01	2.53e-05	0.00e+00	0.00e+00	0.00e+00	0.00e+00	0.00e+00	0.00e+00
 6.10760e+12	1.63e-33	2.15e-24	3.32e-16	8.04e-09	7.98e-01	2.02e-01	2.15e-05	0.00e+00	0.00e+00	0.00e+00	0.00e+00	0.00e+00	1.16e-113
 6.37267e+12	2.31e-33	2.81e-24	4.03e-16	8.97e-09	8.12e-01	1.88e-01	1.83e-05	0.00e+00	0.00e+00	0.00e+00	0.00e+00	0.00e+00	7.68e-96
 6.62931e+12	3.20e-33	3.62e-24	4.82e-16	9.93e-09	8.25e-01	1.75e-01	1.56e-05	0.00e+00	0.00e+00	0.00e+00	0.00e+00	0.00e+00	8.68e-113
 6.85316e+12	4.19e-33	4.46e-24	5.60e-16	1.08e-08	8.36e-01	1.64e-01	1.37e-05	0.00e+00	0.00e+00	0.00e+00	0.00e+00	0.00e+00	3.35e-95
 7.09892e+12	5.58e-33	5.57e-24	6.57e-16	1.18e-08	8.46e-01	1.54e-01	1.19e-05	0.00e+00	0.00e+00	0.00e+00	0.00e+00	0.00e+00	4.65e-112
 7.39754e+12	7.79e-33	7.22e-24	7.92e-16	1.31e-08	8.58e-01	1.42e-01	1.01e-05	0.00e+00	0.00e+00	0.00e+00	0.00e+00	0.00e+00	1.57e-94
 7.69893e+12	1.08e-32	9.28e-24	9.49e-16	1.45e-08	8.68e-01	1.31e-01	8.56e-06	0.00e+00	0.00e+00	0.00e+00	0.00e+00	0.00e+00	3.40e-111
 7.97177e+12	1.43e-32	1.15e-23	1.11e-15	1.58e-08	8.77e-01	1.23e-01	7.42e-06	0.00e+00	0.00e+00	0.00e+00	0.00e+00	0.00e+00	7.04e-94
 8.27347e+12	1.92e-32	1.46e-23	1.31e-15	1.73e-08	8.86e-01	1.14e-01	6.36e-06	0.00e+00	0.00e+00	0.00e+00	0.00e+00	0.00e+00	1.98e-110
 8.62783e+12	2.69e-32	1.89e-23	1.58e-15	1.92e-08	8.95e-01	1.05e-01	5.33e-06	0.00e+00	0.00e+00	0.00e+00	0.00e+00	0.00e+00	3.42e-93
 8.97767e+12	3.69e-32	2.42e-23	1.89e-15	2.12e-08	9.03e-01	9.67e-02	4.51e-06	0.00e+00	0.00e+00	0.00e+00	0.00e+00	0.00e+00	1.46e-109
 9.30467e+12	4.91e-32	3.02e-23	2.22e-15	2.31e-08	9.10e-01	8.99e-02	3.88e-06	0.00e+00	0.00e+00	0.00e+00	0.00e+00	0.00e+00	1.53e-92
 9.66994e+12	6.66e-32	3.83e-23	2.63e-15	2.54e-08	9.17e-01	8.30e-02	3.29e-06	0.00e+00	0.00e+00	0.00e+00	0.00e+00	0.00e+00	8.89e-109
 1.00867e+13	9.29e-32	4.96e-23	3.17e-15	2.81e-08	9.24e-01	7.60e-02	2.75e-06	0.00e+00	0.00e+00	0.00e+00	0.00e+00	0.00e+00	7.54e-92
 1.05002e+13	1.27e-31	6.34e-23	3.78e-15	3.10e-08	9.30e-01	6.99e-02	2.31e-06	0.00e+00	0.00e+00	0.00e+00	0.00e+00	0.00e+00	6.57e-108
 1.09302e+13	1.74e-31	8.09e-23	4.51e-15	3.42e-08	9.36e-01	6.42e-02	1.94e-06	0.00e+00	0.00e+00	0.00e+00	0.00e+00	0.00e+00	3.64e-91
 1.13974e+13	2.42e-31	1.04e-22	5.42e-15	3.78e-08	9.41e-01	5.87e-02	1.62e-06	0.00e+00	0.00e+00	0.00e+00	0.00e+00	0.00e+00	4.79e-107
 1.18832e+13	3.34e-31	1.34e-22	6.50e-15	4.17e-08	9.46e-01	5.37e-02	1.35e-06	0.00e+00	0.00e+00	0.00e+00	0.00e+00	0.00e+00	1.86e-90
 1.23885e+13	4.60e-31	1.72e-22	7.79e-15	4.60e-08	9.51e-01	4.91e-02	1.13e-06	0.00e+00	0.00e+00	0.00e+00	0.00e+00	0.00e+00	3.58e-106
 1.29139e+13	6.33e-31	2.21e-22	9.33e-15	5.07e-08	9.55e-01	4.50e-02	9.43e-07	0.00e+00	0.00e+00	0.00e+00	0.00e+00	0.00e+00	9.34e-90
 1.34604e+13	8.70e-31	2.83e-22	1.11e-14	5.59e-08	9.59e-01	4.11e-02	0.00e+00	0.00e+00	0.00e+00	0.00e+00	0.00e+00	0.00e+00	2.64e-105
 1.40288e+13	1.19e-30	3.61e-22	1.33e-14	6.16e-08	9.62e-01	3.76e-02	0.00e+00	0.00e+00	0.00e+00	0.00e+00	0.00e+00	0.00e+00	4.63e-89
 1.45985e+13	1.61e-30	4.57e-22	1.58e-14	6.75e-08	9.65e-01	3.45e-02	0.00e+00	0.00e+00	0.00e+00	0.00e+00	0.00e+00	0.00e+00	1.86e-104
 1.51910e+13	2.18e-30	5.78e-22	1.87e-14	7.40e-08	9.68e-01	3.17e-02	0.00e+00	0.00e+00	0.00e+00	0.00e+00	0.00e+00	0.00e+00	2.16e-88
 1.57944e+13	2.93e-30	7.27e-22	2.20e-14	8.09e-08	9.71e-01	2.92e-02	0.00e+00	0.00e+00	0.00e+00	0.00e+00	0.00e+00	0.00e+00	1.23e-103
 1.63663e+13	3.83e-30	8.95e-22	2.56e-14	8.77e-08	9.73e-01	2.70e-02	0.00e+00	0.00e+00	0.00e+00	0.00e+00	0.00e+00	0.00e+00	9.12e-88
 1.69953e+13	5.09e-30	1.12e-21	3.00e-14	9.55e-08	9.75e-01	2.49e-02	0.00e+00	0.00e+00	0.00e+00	0.00e+00	0.00e+00	0.00e+00	7.19e-103
 1.76483e+13	6.75e-30	1.39e-21	3.51e-14	1.04e-07	9.77e-01	2.30e-02	0.00e+00	0.00e+00	0.00e+00	0.00e+00	0.00e+00	0.00e+00	3.94e-87
 1.82257e+13	8.60e-30	1.68e-21	4.02e-14	1.12e-07	9.79e-01	2.15e-02	0.00e+00	0.00e+00	0.00e+00	0.00e+00	0.00e+00	0.00e+00	3.87e-102
 1.88516e+13	1.11e-29	2.04e-21	4.62e-14	1.20e-07	9.80e-01	2.00e-02	0.00e+00	0.00e+00	0.00e+00	0.00e+00	0.00e+00	0.00e+00	1.42e-86
 1.96044e+13	1.49e-29	2.56e-21	5.43e-14	1.31e-07	9.82e-01	1.84e-02	0.00e+00	0.00e+00	0.00e+00	0.00e+00	0.00e+00	0.00e+00	2.25e-101
 2.03651e+13	1.98e-29	3.20e-21	6.36e-14	1.43e-07	9.83e-01	1.69e-02	0.00e+00	0.00e+00	0.00e+00	0.00e+00	0.00e+00	0.00e+00	6.44e-86
 2.10713e+13	2.55e-29	3.89e-21	7.32e-14	1.54e-07	9.84e-01	1.58e-02	0.00e+00	0.00e+00	0.00e+00	0.00e+00	0.00e+00	0.00e+00	1.29e-100
 2.18592e+13	3.37e-29	4.82e-21	8.51e-14	1.67e-07	9.85e-01	1.46e-02	0.00e+00	0.00e+00	0.00e+00	0.00e+00	0.00e+00	0.00e+00	2.60e-85
 2.26854e+13	4.45e-29	5.97e-21	9.91e-14	1.81e-07	9.87e-01	1.35e-02	0.00e+00	0.00e+00	0.00e+00	0.00e+00	0.00e+00	0.00e+00	7.76e-100
 2.33962e+13	5.61e-29	7.14e-21	1.12e-13	1.93e-07	9.87e-01	1.26e-02	0.00e+00	0.00e+00	0.00e+00	0.00e+00	0.00e+00	0.00e+00	9.98e-85
 2.41504e+13	7.12e-29	8.58e-21	1.28e-13	2.07e-07	9.88e-01	1.18e-02	0.00e+00	0.00e+00	0.00e+00	0.00e+00	0.00e+00	0.00e+00	3.58e-99
 2.50832e+13	9.47e-29	1.07e-20	1.49e-13	2.24e-07	9.89e-01	1.09e-02	0.00e+00	0.00e+00	0.00e+00	0.00e+00	0.00e+00	0.00e+00	4.00e-84
 2.60258e+13	1.25e-28	1.32e-20	1.73e-13	2.43e-07	9.90e-01	1.01e-02	0.00e+00	0.00e+00	0.00e+00	0.00e+00	0.00e+00	0.00e+00	2.23e-98
 2.68530e+13	1.58e-28	1.59e-20	1.97e-13	2.60e-07	9.91e-01	9.48e-03	0.00e+00	0.00e+00	0.00e+00	0.00e+00	0.00e+00	0.00e+00	1.57e-83
 2.77527e+13	2.03e-28	1.92e-20	2.25e-13	2.78e-07	9.91e-01	8.86e-03	0.00e+00	0.00e+00	0.00e+00	0.00e+00	0.00e+00	0.00e+00	1.08e-97
 2.88414e+13	2.72e-28	2.40e-20	2.63e-13	3.02e-07	9.92e-01	8.18e-03	0.00e+00	0.00e+00	0.00e+00	0.00e+00	0.00e+00	0.00e+00	6.66e-83
 2.99369e+13	3.61e-28	2.98e-20	3.05e-13	3.26e-07	9.92e-01	7.57e-03	0.00e+00	0.00e+00	0.00e+00	0.00e+00	0.00e+00	0.00e+00	7.01e-97
 3.09342e+13	4.63e-28	3.60e-20	3.48e-13	3.50e-07	9.93e-01	7.08e-03	0.00e+00	0.00e+00	0.00e+00	0.00e+00	0.00e+00	0.00e+00	2.77e-82
 3.20425e+13	6.06e-28	4.42e-20	4.01e-13	3.76e-07	9.93e-01	6.58e-03	0.00e+00	0.00e+00	0.00e+00	0.00e+00	0.00e+00	0.00e+00	3.78e-96
 3.33373e+13	8.19e-28	5.56e-20	4.71e-13	4.09e-07	9.94e-01	6.07e-03	0.00e+00	0.00e+00	0.00e+00	0.00e+00	0.00e+00	0.00e+00	1.28e-81
 3.46190e+13	1.09e-27	6.93e-20	5.47e-13	4.42e-07	9.94e-01	5.62e-03	0.00e+00	0.00e+00	0.00e+00	0.00e+00	0.00e+00	0.00e+00	2.58e-95
 3.58401e+13	1.42e-27	8.48e-20	6.29e-13	4.75e-07	9.95e-01	5.23e-03	0.00e+00	0.00e+00	0.00e+00	0.00e+00	0.00e+00	0.00e+00	5.73e-81
 3.71918e+13	1.89e-27	1.05e-19	7.29e-13	5.12e-07	9.95e-01	4.85e-03	0.00e+00	0.00e+00	0.00e+00	0.00e+00	0.00e+00	0.00e+00	1.55e-94
 3.87094e+13	2.57e-27	1.33e-19	8.56e-13	5.57e-07	9.96e-01	4.47e-03	0.00e+00	0.00e+00	0.00e+00	0.00e+00	0.00e+00	0.00e+00	2.82e-80
 4.02479e+13	3.47e-27	1.67e-19	1.00e-12	6.03e-07	9.96e-01	4.13e-03	0.00e+00	0.00e+00	0.00e+00	0.00e+00	0.00e+00	0.00e+00	1.12e-93
 4.18480e+13	4.68e-27	2.09e-19	1.17e-12	6.53e-07	9.96e-01	3.82e-03	0.00e+00	0.00e+00	0.00e+00	0.00e+00	0.00e+00	0.00e+00	1.44e-79
 4.35518e+13	6.37e-27	2.64e-19	1.37e-12	7.09e-07	9.96e-01	3.52e-03	0.00e+00	0.00e+00	0.00e+00	0.00e+00	0.00e+00	0.00e+00	8.11e-93
 4.52428e+13	8.55e-27	3.30e-19	1.60e-12	7.66e-07	9.97e-01	3.26e-03	0.00e+00	0.00e+00	0.00e+00	0.00e+00	0.00e+00	0.00e+00	7.35e-79
 4.70014e+13	1.15e-26	4.13e-19	1.86e-12	8.28e-07	9.97e-01	3.01e-03	0.00e+00	0.00e+00	0.00e+00	0.00e+00	0.00e+00	0.00e+00	5.53e-92
 4.89114e+13	1.56e-26	5.22e-19	2.18e-12	8.98e-07	9.97e-01	2.78e-03	0.00e+00	0.00e+00	0.00e+00	0.00e+00	0.00e+00	0.00e+00	3.78e-78
 5.08462e+13	2.11e-26	6.55e-19	2.54e-12	9.72e-07	9.97e-01	2.57e-03	0.00e+00	0.00e+00	0.00e+00	0.00e+00	0.00e+00	0.00e+00	4.02e-91
 5.28584e+13	2.85e-26	8.22e-19	2.97e-12	1.05e-06	9.98e-01	2.37e-03	0.00e+00	0.00e+00	0.00e+00	0.00e+00	0.00e+00	0.00e+00	1.94e-77
 5.50027e+13	3.87e-26	1.04e-18	3.48e-12	1.14e-06	9.98e-01	2.19e-03	0.00e+00	0.00e+00	0.00e+00	0.00e+00	0.00e+00	0.00e+00	4.49e-77
 5.69775e+13	5.09e-26	1.28e-18	4.01e-12	1.23e-06	9.98e-01	2.04e-03	0.00e+00	0.00e+00	0.00e+00	0.00e+00	0.00e+00	0.00e+00	9.44e-77
 5.86897e+13	6.41e-26	1.52e-18	4.51e-12	1.30e-06	9.98e-01	1.92e-03	0.00e+00	0.00e+00	0.00e+00	0.00e+00	0.00e+00	0.00e+00	1.77e-76
 6.06001e+13	8.21e-26	1.83e-18	5.13e-12	1.39e-06	9.98e-01	1.80e-03	0.00e+00	0.00e+00	0.00e+00	0.00e+00	0.00e+00	0.00e+00	3.47e-76
 6.29284e+13	1.10e-25	2.29e-18	5.96e-12	1.50e-06	9.98e-01	1.67e-03	0.00e+00	0.00e+00	0.00e+00	0.00e+00	0.00e+00	0.00e+00	7.66e-76
 6.53356e+13	1.47e-25	2.85e-18	6.93e-12	1.62e-06	9.98e-01	1.54e-03	0.00e+00	0.00e+00	0.00e+00	0.00e+00	0.00e+00	0.00e+00	1.69e-75
 6.76028e+13	1.91e-25	3.48e-18	7.94e-12	1.74e-06	9.99e-01	1.44e-03	0.00e+00	0.00e+00	0.00e+00	0.00e+00	0.00e+00	0.00e+00	3.48e-75
 7.01004e+13	2.54e-25	4.31e-18	9.18e-12	1.87e-06	9.99e-01	1.34e-03	0.00e+00	0.00e+00	0.00e+00	0.00e+00	0.00e+00	0.00e+00	7.47e-75
 7.29344e+13	3.44e-25	5.43e-18	1.08e-11	2.03e-06	9.99e-01	1.23e-03	0.00e+00	0.00e+00	0.00e+00	0.00e+00	0.00e+00	0.00e+00	1.72e-74
 7.57696e+13	4.63e-25	6.80e-18	1.25e-11	2.20e-06	9.99e-01	1.14e-03	0.00e+00	0.00e+00	0.00e+00	0.00e+00	0.00e+00	0.00e+00	3.85e-74
 7.87183e+13	6.22e-25	8.50e-18	1.46e-11	2.37e-06	9.99e-01	1.06e-03	0.00e+00	0.00e+00	0.00e+00	0.00e+00	0.00e+00	0.00e+00	8.59e-74
 8.18969e+13	8.44e-25	1.07e-17	1.71e-11	2.57e-06	9.99e-01	9.73e-04	0.00e+00	0.00e+00	0.00e+00	0.00e+00	0.00e+00	0.00e+00	1.98e-73
 8.52027e+13	1.15e-24	1.35e-17	2.00e-11	2.79e-06	9.99e-01	8.97e-04	0.00e+00	0.00e+00	0.00e+00	0.00e+00	0.00e+00	0.00e+00	4.55e-73
 8.82778e+13	1.51e-24	1.67e-17	2.31e-11	3.00e-06	9.99e-01	8.34e-04	0.00e+00	0.00e+00	0.00e+00	0.00e+00	0.00e+00	0.00e+00	9.60e-73
 9.09709e+13	1.90e-24	1.99e-17	2.60e-11	3.19e-06	9.99e-01	7.85e-04	0.00e+00	0.00e+00	0.00e+00	0.00e+00	0.00e+00	0.00e+00	1.81e-72
 9.39687e+13	2.45e-24	2.40e-17	2.97e-11	3.41e-06	9.99e-01	7.34e-04	0.00e+00	0.00e+00	0.00e+00	0.00e+00	0.00e+00	0.00e+00	3.58e-72
 9.75913e+13	3.28e-24	3.00e-17	3.45e-11	3.69e-06	9.99e-01	6.79e-04	0.00e+00	0.00e+00	0.00e+00	0.00e+00	0.00e+00	0.00e+00	7.93e-72
 1.01240e+14	4.35e-24	3.72e-17	4.00e-11	3.98e-06	9.99e-01	6.30e-04	0.00e+00	0.00e+00	0.00e+00	0.00e+00	0.00e+00	0.00e+00	1.72e-71
 1.04565e+14	5.59e-24	4.50e-17	4.55e-11	4.25e-06	9.99e-01	5.90e-04	0.00e+00	0.00e+00	0.00e+00	0.00e+00	1.45e-17	3.05e-17	3.41e-71
 1.08253e+14	7.32e-24	5.51e-17	5.23e-11	4.56e-06	9.99e-01	5.49e-04	0.00e+00	0.00e+00	0.00e+00	0.00e+00	1.83e-17	3.68e-17	7.08e-71
 1.12560e+14	9.90e-24	6.94e-17	6.12e-11	4.94e-06	9.99e-01	5.07e-04	0.00e+00	0.00e+00	0.00e+00	0.00e+00	2.30e-17	4.63e-17	1.63e-70
 1.16781e+14	1.32e-23	8.62e-17	7.10e-11	5.33e-06	1.00e+00	4.70e-04	0.00e+00	0.00e+00	0.00e+00	0.00e+00	2.86e-17	5.76e-17	3.53e-70
 1.20725e+14	1.71e-23	1.05e-16	8.11e-11	5.71e-06	1.00e+00	4.39e-04	0.00e+00	0.00e+00	0.00e+00	0.00e+00	3.48e-17	7.00e-17	7.14e-70
 1.25138e+14	2.26e-23	1.30e-16	9.36e-11	6.14e-06	1.00e+00	4.08e-04	0.00e+00	0.00e+00	0.00e+00	0.00e+00	4.30e-17	8.65e-17	1.53e-69
 1.30174e+14	3.07e-23	1.63e-16	1.10e-10	6.66e-06	1.00e+00	3.77e-04	0.00e+00	0.00e+00	0.00e+00	0.00e+00	5.43e-17	1.09e-16	3.54e-69
 1.35156e+14	4.12e-23	2.04e-16	1.28e-10	7.19e-06	1.00e+00	3.49e-04	0.00e+00	0.00e+00	0.00e+00	0.00e+00	6.78e-17	1.36e-16	7.90e-69
 1.40338e+14	5.53e-23	2.55e-16	1.48e-10	7.77e-06	1.00e+00	3.23e-04	0.00e+00	0.00e+00	0.00e+00	0.00e+00	8.47e-17	1.70e-16	1.76e-68
 1.45981e+14	7.53e-23	3.22e-16	1.74e-10	8.42e-06	1.00e+00	2.98e-04	0.00e+00	0.00e+00	0.00e+00	0.00e+00	1.07e-16	2.15e-16	4.10e-68
 1.51726e+14	1.02e-22	4.05e-16	2.03e-10	9.11e-06	1.00e+00	2.76e-04	0.00e+00	0.00e+00	0.00e+00	0.00e+00	1.34e-16	2.71e-16	9.38e-68
 1.57701e+14	1.38e-22	5.09e-16	2.37e-10	9.85e-06	1.00e+00	2.55e-04	0.00e+00	0.00e+00	0.00e+00	0.00e+00	1.69e-16	3.40e-16	2.15e-67
 1.63826e+14	1.86e-22	6.39e-16	2.76e-10	1.06e-05	1.00e+00	2.36e-04	0.00e+00	0.00e+00	0.00e+00	0.00e+00	2.12e-16	4.27e-16	4.90e-67
 1.70196e+14	2.52e-22	8.02e-16	3.22e-10	1.15e-05	1.00e+00	2.19e-04	0.00e+00	0.00e+00	0.00e+00	0.00e+00	2.66e-16	5.36e-16	1.12e-66
 1.76646e+14	3.38e-22	1.00e-15	3.74e-10	1.24e-05	1.00e+00	2.03e-04	0.00e+00	0.00e+00	0.00e+00	0.00e+00	3.32e-16	6.69e-16	2.49e-66
 1.82726e+14	4.42e-22	1.22e-15	4.28e-10	1.33e-05	1.00e+00	1.90e-04	0.00e+00	0.00e+00	0.00e+00	0.00e+00	4.06e-16	8.18e-16	5.19e-66
 1.89436e+14	5.88e-22	1.52e-15	4.95e-10	1.43e-05	1.00e+00	1.76e-04	0.00e+00	0.00e+00	0.00e+00	0.00e+00	5.04e-16	1.01e-15	1.14e-65
 1.97043e+14	8.02e-22	1.92e-15	5.79e-10	1.55e-05	1.00e+00	1.63e-04	0.00e+00	0.00e+00	0.00e+00	0.00e+00	6.37e-16	1.28e-15	2.67e-65
 2.04571e+14	1.08e-21	2.40e-15	6.73e-10	1.67e-05	1.00e+00	1.51e-04	0.00e+00	0.00e+00	0.00e+00	0.00e+00	7.96e-16	1.60e-15	6.03e-65
 2.11263e+14	1.39e-21	2.91e-15	7.65e-10	1.78e-05	1.00e+00	1.42e-04	0.00e+00	0.00e+00	0.00e+00	0.00e+00	9.64e-16	1.94e-15	1.21e-64
 2.18260e+14	1.80e-21	3.53e-15	8.72e-10	1.90e-05	1.00e+00	1.33e-04	0.00e+00	0.00e+00	0.00e+00	0.00e+00	1.17e-15	2.36e-15	2.47e-64
 2.26674e+14	2.44e-21	4.42e-15	1.01e-09	2.05e-05	1.00e+00	1.23e-04	0.00e+00	0.00e+00	0.00e+00	0.00e+00	1.47e-15	2.95e-15	5.62e-64
 2.35037e+14	3.25e-21	5.49e-15	1.17e-09	2.20e-05	1.00e+00	1.14e-04	0.00e+00	0.00e+00	0.00e+00	0.00e+00	1.82e-15	3.67e-15	1.24e-63
 2.42610e+14	4.18e-21	6.63e-15	1.33e-09	2.35e-05	1.00e+00	1.07e-04	0.00e+00	0.00e+00	0.00e+00	0.00e+00	2.20e-15	4.43e-15	2.47e-63
 2.51052e+14	5.48e-21	8.12e-15	1.52e-09	2.52e-05	1.00e+00	1.00e-04	0.00e+00	0.00e+00	0.00e+00	0.00e+00	2.69e-15	5.43e-15	5.21e-63
 2.60351e+14	7.30e-21	1.01e-14	1.76e-09	2.71e-05	1.00e+00	9.32e-05	0.00e+00	0.00e+00	0.00e+00	0.00e+00	3.35e-15	6.74e-15	1.15e-62
 2.68903e+14	9.44e-21	1.22e-14	2.00e-09	2.89e-05	1.00e+00	8.73e-05	0.00e+00	0.00e+00	0.00e+00	0.00e+00	4.06e-15	8.17e-15	2.32e-62
 2.78159e+14	1.23e-20	1.50e-14	2.29e-09	3.09e-05	1.00e+00	8.16e-05	0.00e+00	0.00e+00	0.00e+00	0.00e+00	4.96e-15	9.99e-15	4.84e-62
 2.88491e+14	1.65e-20	1.86e-14	2.65e-09	3.32e-05	1.00e+00	7.58e-05	0.00e+00	0.00e+00	0.00e+00	0.00e+00	6.16e-15	1.24e-14	1.07e-61
 2.98192e+14	2.14e-20	2.26e-14	3.03e-09	3.55e-05	1.00e+00	7.09e-05	0.00e+00	0.00e+00	0.00e+00	0.00e+00	7.50e-15	1.51e-14	2.19e-61
 3.08769e+14	2.81e-20	2.78e-14	3.48e-09	3.81e-05	1.00e+00	6.61e-05	0.00e+00	0.00e+00	0.00e+00	0.00e+00	9.22e-15	1.86e-14	4.66e-61
 3.20521e+14	3.78e-20	3.47e-14	4.04e-09	4.11e-05	1.00e+00	6.13e-05	0.00e+00	0.00e+00	0.00e+00	0.00e+00	1.15e-14	2.32e-14	1.04e-60
 3.31484e+14	4.92e-20	4.23e-14	4.62e-09	4.40e-05	1.00e+00	5.73e-05	0.00e+00	0.00e+00	0.00e+00	0.00e+00	1.40e-14	2.83e-14	2.15e-60
 3.43421e+14	6.49e-20	5.22e-14	5.33e-09	4.72e-05	1.00e+00	5.33e-05	0.00e+00	0.00e+00	0.00e+00	0.00e+00	1.73e-14	3.49e-14	4.60e-60
 3.56762e+14	8.74e-20	6.54e-14	6.20e-09	5.10e-05	1.00e+00	4.93e-05	0.00e+00	0.00e+00	0.00e+00	0.00e+00	2.17e-14	4.37e-14	1.04e-59
 3.69345e+14	1.15e-19	8.02e-14	7.13e-09	5.48e-05	1.00e+00	4.59e-05	0.00e+00	0.00e+00	0.00e+00	0.00e+00	2.66e-14	5.36e-14	2.18e-59
 3.82856e+14	1.51e-19	9.91e-14	8.23e-09	5.90e-05	1.00e+00	4.27e-05	0.00e+00	0.00e+00	0.00e+00	0.00e+00	3.28e-14	6.63e-14	4.69e-59
 3.97887e+14	2.04e-19	1.24e-13	9.61e-09	6.38e-05	1.00e+00	3.94e-05	0.00e+00	0.00e+00	0.00e+00	0.00e+00	4.12e-14	8.32e-14	1.06e-58
 4.12430e+14	2.70e-19	1.54e-13	1.11e-08	6.87e-05	1.00e+00	3.66e-05	0.00e+00	0.00e+00	0.00e+00	0.00e+00	5.08e-14	1.03e-13	2.27e-58
 4.27867e+14	3.59e-19	1.91e-13	1.29e-08	7.41e-05	1.00e+00	3.39e-05	0.00e+00	0.00e+00	0.00e+00	0.00e+00	6.31e-14	1.28e-13	4.96e-58
 4.45012e+14	4.85e-19	2.40e-13	1.51e-08	8.04e-05	1.00e+00	3.12e-05	0.00e+00	0.00e+00	0.00e+00	0.00e+00	7.94e-14	1.61e-13	1.13e-57
 4.62200e+14	6.49e-19	3.00e-13	1.76e-08	8.70e-05	1.00e+00	2.89e-05	0.00e+00	0.00e+00	0.00e+00	0.00e+00	9.91e-14	2.00e-13	2.50e-57
 4.80076e+14	8.68e-19	3.74e-13	2.05e-08	9.42e-05	1.00e+00	2.67e-05	0.00e+00	0.00e+00	0.00e+00	0.00e+00	1.24e-13	2.50e-13	5.52e-57
 4.99309e+14	1.17e-18	4.70e-13	2.40e-08	1.02e-04	1.00e+00	2.46e-05	0.00e+00	0.00e+00	0.00e+00	0.00e+00	1.55e-13	3.14e-13	1.25e-56
 5.19311e+14	1.57e-18	5.90e-13	2.81e-08	1.11e-04	1.00e+00	2.26e-05	0.00e+00	0.00e+00	0.00e+00	0.00e+00	1.95e-13	3.95e-13	2.80e-56
 5.40114e+14	2.12e-18	7.41e-13	3.30e-08	1.21e-04	1.00e+00	2.08e-05	0.00e+00	0.00e+00	0.00e+00	0.00e+00	2.45e-13	4.96e-13	6.29e-56
 5.59957e+14	2.78e-18	9.14e-13	3.81e-08	1.30e-04	1.00e+00	1.93e-05	0.00e+00	0.00e+00	0.00e+00	0.00e+00	3.02e-13	6.12e-13	1.32e-55
 5.76587e+14	3.46e-18	1.08e-12	4.30e-08	1.39e-04	1.00e+00	1.81e-05	0.00e+00	0.00e+00	0.00e+00	0.00e+00	3.57e-13	7.24e-13	2.40e-55
 5.93588e+14	4.29e-18	1.28e-12	4.83e-08	1.48e-04	1.00e+00	1.70e-05	0.00e+00	0.00e+00	0.00e+00	0.00e+00	4.22e-13	8.56e-13	4.33e-55
 6.15277e+14	5.60e-18	1.57e-12	5.59e-08	1.60e-04	1.00e+00	1.58e-05	0.00e+00	0.00e+00	0.00e+00	0.00e+00	5.19e-13	1.05e-12	8.92e-55
 6.37588e+14	7.27e-18	1.92e-12	6.46e-08	1.73e-04	1.00e+00	1.46e-05	0.00e+00	0.00e+00	0.00e+00	0.00e+00	6.36e-13	1.29e-12	1.83e-54
 6.56734e+14	9.04e-18	2.28e-12	7.29e-08	1.84e-04	1.00e+00	1.37e-05	0.00e+00	0.00e+00	0.00e+00	0.00e+00	7.52e-13	1.53e-12	3.31e-54
 6.77238e+14	1.13e-17	2.71e-12	8.26e-08	1.97e-04	1.00e+00	1.29e-05	0.00e+00	0.00e+00	0.00e+00	0.00e+00	8.95e-13	1.82e-12	6.09e-54
 7.02618e+14	1.47e-17	3.34e-12	9.59e-08	2.14e-04	1.00e+00	1.19e-05	0.00e+00	0.00e+00	0.00e+00	0.00e+00	1.10e-12	2.24e-12	1.27e-53
 7.28391e+14	1.91e-17	4.09e-12	1.11e-07	2.31e-04	1.00e+00	1.10e-05	0.00e+00	0.00e+00	0.00e+00	0.00e+00	1.35e-12	2.74e-12	2.59e-53
 7.51070e+14	2.39e-17	4.87e-12	1.26e-07	2.48e-04	1.00e+00	1.03e-05	0.00e+00	0.00e+00	0.00e+00	0.00e+00	1.61e-12	3.26e-12	4.78e-53
 7.75672e+14	2.98e-17	5.82e-12	1.43e-07	2.66e-04	1.00e+00	9.64e-06	0.00e+00	0.00e+00	0.00e+00	0.00e+00	1.92e-12	3.90e-12	8.89e-53
 8.05384e+14	3.91e-17	7.18e-12	1.67e-07	2.89e-04	1.00e+00	8.91e-06	0.00e+00	0.00e+00	0.00e+00	0.00e+00	2.37e-12	4.82e-12	1.88e-52
 8.34850e+14	5.03e-17	8.77e-12	1.93e-07	3.14e-04	1.00e+00	8.25e-06	0.00e+00	4.19e-18	1.26e-17	2.10e-17	2.89e-12	5.88e-12	3.80e-52
 8.60993e+14	6.25e-17	1.04e-11	2.19e-07	3.36e-04	1.00e+00	7.73e-06	0.00e+00	5.22e-18	1.57e-17	2.62e-17	3.43e-12	6.98e-12	7.00e-52
 8.89706e+14	7.84e-17	1.25e-11	2.50e-07	3.62e-04	1.00e+00	7.21e-06	0.00e+00	6.55e-18	1.97e-17	3.28e-17	4.11e-12	8.37e-12	1.33e-51
 9.24069e+14	1.02e-16	1.54e-11	2.92e-07	3.94e-04	1.00e+00	6.67e-06	0.00e+00	8.53e-18	2.56e-17	4.28e-17	5.07e-12	1.03e-11	2.79e-51
 9.58139e+14	1.31e-16	1.88e-11	3.38e-07	4.27e-04	1.00e+00	6.18e-06	0.00e+00	1.10e-17	3.29e-17	5.50e-17	6.18e-12	1.26e-11	5.68e-51
 9.88948e+14	1.62e-16	2.23e-11	3.84e-07	4.59e-04	1.00e+00	5.79e-06	0.00e+00	1.36e-17	4.09e-17	6.83e-17	7.35e-12	1.50e-11	1.06e-50
 1.02315e+15	2.05e-16	2.69e-11	4.41e-07	4.96e-04	9.99e-01	5.40e-06	0.00e+00	1.72e-17	5.17e-17	8.63e-17	8.85e-12	1.80e-11	2.06e-50
 1.06335e+15	2.67e-16	3.32e-11	5.15e-07	5.41e-04	9.99e-01	4.99e-06	0.00e+00	2.24e-17	6.73e-17	1.12e-16	1.09e-11	2.23e-11	4.42e-50
 1.10290e+15	3.42e-16	4.05e-11	5.98e-07	5.88e-04	9.99e-01	4.64e-06	0.00e+00	2.88e-17	8.63e-17	1.44e-16	1.33e-11	2.72e-11	9.11e-50
 1.13958e+15	4.26e-16	4.84e-11	6.82e-07	6.34e-04	9.99e-01	4.35e-06	0.00e+00	3.59e-17	1.08e-16	1.80e-16	1.59e-11	3.25e-11	1.74e-49
 1.18073e+15	5.41e-16	5.87e-11	7.87e-07	6.87e-04	9.99e-01	4.05e-06	0.00e+00	4.56e-17	1.37e-16	2.29e-16	1.93e-11	3.94e-11	3.54e-49
 1.22799e+15	7.04e-16	7.26e-11	9.21e-07	7.51e-04	9.99e-01	3.76e-06	0.00e+00	5.95e-17	1.79e-16	2.98e-16	2.39e-11	4.87e-11	7.76e-49
 1.27445e+15	9.03e-16	8.88e-11	1.07e-06	8.17e-04	9.99e-01	3.50e-06	0.00e+00	7.64e-17	2.29e-16	3.83e-16	2.92e-11	5.96e-11	1.64e-48
 1.32276e+15	1.16e-15	1.09e-10	1.24e-06	8.89e-04	9.99e-01	3.27e-06	0.00e+00	9.80e-17	2.94e-16	4.92e-16	3.57e-11	7.29e-11	3.48e-48
 1.37570e+15	1.50e-15	1.34e-10	1.45e-06	9.72e-04	9.99e-01	3.04e-06	0.00e+00	1.28e-16	3.83e-16	6.39e-16	4.42e-11	9.01e-11	7.73e-48
 1.42933e+15	1.94e-15	1.65e-10	1.69e-06	1.06e-03	9.99e-01	2.84e-06	0.00e+00	1.65e-16	4.94e-16	8.26e-16	5.43e-11	1.11e-10	1.69e-47
 1.48511e+15	2.50e-15	2.03e-10	1.97e-06	1.16e-03	9.99e-01	2.66e-06	0.00e+00	2.13e-16	6.38e-16	1.07e-15	6.68e-11	1.36e-10	3.71e-47
 1.54454e+15	3.25e-15	2.51e-10	2.31e-06	1.26e-03	9.99e-01	2.50e-06	0.00e+00	2.76e-16	8.29e-16	1.39e-15	8.27e-11	1.69e-10	8.43e-47
 1.59598e+15	3.96e-15	3.00e-10	2.63e-06	1.36e-03	9.99e-01	2.37e-06	0.00e+00	3.37e-16	1.01e-15	1.69e-15	9.87e-11	2.01e-10	1.66e-46
 1.63550e+15	4.65e-15	3.42e-10	2.90e-06	1.44e-03	9.99e-01	2.28e-06	0.00e+00	3.97e-16	1.19e-15	1.99e-15	1.13e-10	2.30e-10	2.79e-46
 1.67779e+15	5.50e-15	3.93e-10	3.21e-06	1.52e-03	9.98e-01	2.20e-06	0.00e+00	4.70e-16	1.41e-15	2.36e-15	1.29e-10	2.64e-10	4.79e-46
 1.73277e+15	6.80e-15	4.68e-10	3.65e-06	1.64e-03	9.98e-01	2.09e-06	0.00e+00	5.81e-16	1.74e-15	2.91e-15	1.54e-10	3.14e-10	9.51e-46
 1.79262e+15	8.51e-15	5.64e-10	4.18e-06	1.77e-03	9.98e-01	2.00e-06	0.00e+00	7.28e-16	2.19e-15	3.65e-15	1.86e-10	3.78e-10	1.97e-45
 1.84713e+15	1.04e-14	6.64e-10	4.70e-06	1.89e-03	9.98e-01	1.92e-06	0.00e+00	8.88e-16	2.67e-15	4.45e-15	2.19e-10	4.45e-10	3.75e-45
 1.90633e+15	1.27e-14	7.88e-10	5.33e-06	2.03e-03	9.98e-01	1.84e-06	0.00e+00	1.09e-15	3.28e-15	5.48e-15	2.60e-10	5.29e-10	7.39e-45
 1.97861e+15	1.63e-14	9.65e-10	6.18e-06	2.20e-03	9.98e-01	1.76e-06	0.00e+00	1.40e-15	4.19e-15	7.00e-15	3.18e-10	6.47e-10	1.65e-44
 2.05085e+15	2.05e-14	1.17e-09	7.13e-06	2.39e-03	9.98e-01	1.69e-06	0.00e+00	1.77e-15	5.30e-15	8.85e-15	3.87e-10	7.88e-10	3.60e-44
 2.11482e+15	2.52e-14	1.39e-09	8.05e-06	2.56e-03	9.97e-01	1.64e-06	0.00e+00	2.16e-15	6.50e-15	1.08e-14	4.58e-10	9.33e-10	7.02e-44
 2.18507e+15	3.12e-14	1.67e-09	9.16e-06	2.75e-03	9.97e-01	1.59e-06	0.00e+00	2.69e-15	8.08e-15	1.35e-14	5.49e-10	1.12e-09	1.46e-43
 2.26929e+15	4.00e-14	2.05e-09	1.06e-05	2.99e-03	9.97e-01	1.54e-06	0.00e+00	3.45e-15	1.04e-14	1.73e-14	6.76e-10	1.38e-09	3.32e-43
 2.35295e+15	5.06e-14	2.51e-09	1.23e-05	3.24e-03	9.97e-01	1.49e-06	0.00e+00	4.37e-15	1.31e-14	2.19e-14	8.26e-10	1.68e-09	7.31e-43
 2.42854e+15	6.22e-14	2.99e-09	1.39e-05	3.48e-03	9.97e-01	1.46e-06	0.00e+00	5.38e-15	1.61e-14	2.70e-14	9.85e-10	2.00e-09	1.46e-42
 2.51237e+15	7.80e-14	3.61e-09	1.59e-05	3.75e-03	9.96e-01	1.43e-06	0.00e+00	6.75e-15	2.02e-14	3.38e-14	1.19e-09	2.42e-09	3.07e-42
 2.61096e+15	1.00e-13	4.47e-09	1.86e-05	4.08e-03	9.96e-01	1.40e-06	0.00e+00	8.67e-15	2.60e-14	4.34e-14	1.47e-09	3.00e-09	7.11e-42
 2.70810e+15	1.27e-13	5.48e-09	2.15e-05	4.42e-03	9.96e-01	1.37e-06	0.00e+00	1.10e-14	3.30e-14	5.52e-14	1.81e-09	3.67e-09	1.58e-41
 2.79831e+15	1.58e-13	6.59e-09	2.44e-05	4.75e-03	9.95e-01	1.36e-06	0.00e+00	1.37e-14	4.11e-14	6.85e-14	2.18e-09	4.42e-09	3.22e-41
 2.89945e+15	1.98e-13	8.02e-09	2.81e-05	5.14e-03	9.95e-01	1.33e-06	0.00e+00	1.72e-14	5.17e-14	8.62e-14	2.65e-09	5.38e-09	6.84e-41
 3.01546e+15	2.56e-13	1.00e-08	3.29e-05	5.60e-03	9.94e-01	1.32e-06	0.00e+00	2.23e-14	6.69e-14	1.12e-13	3.30e-09	6.70e-09	1.60e-40
 3.12968e+15	3.25e-13	1.24e-08	3.81e-05	6.08e-03	9.94e-01	1.31e-06	0.00e+00	2.83e-14	8.50e-14	1.42e-13	4.09e-09	8.29e-09	3.59e-40
 3.23971e+15	4.07e-13	1.50e-08	4.37e-05	6.55e-03	9.93e-01	1.30e-06	0.00e+00	3.55e-14	1.06e-13	1.78e-13	4.96e-09	1.01e-08	7.56e-40
 3.36057e+15	5.16e-13	1.85e-08	5.06e-05	7.10e-03	9.93e-01	1.30e-06	0.00e+00	4.50e-14	1.35e-13	2.26e-13	6.10e-09	1.24e-08	1.67e-39
 3.49502e+15	6.63e-13	2.31e-08	5.91e-05	7.73e-03	9.92e-01	1.29e-06	0.00e+00	5.80e-14	1.74e-13	2.90e-13	7.62e-09	1.55e-08	3.87e-39
 3.63485e+15	8.57e-13	2.89e-08	6.91e-05	8.42e-03	9.92e-01	1.29e-06	0.00e+00	7.50e-14	2.25e-13	3.75e-13	9.54e-09	1.93e-08	8.96e-39
 3.75493e+15	1.05e-12	3.47e-08	7.87e-05	9.05e-03	9.91e-01	1.30e-06	0.00e+00	9.19e-14	2.76e-13	4.60e-13	1.15e-08	2.33e-08	1.78e-38
 3.84540e+15	1.22e-12	3.98e-08	8.65e-05	9.53e-03	9.90e-01	1.30e-06	0.00e+00	1.07e-13	3.21e-13	5.36e-13	1.31e-08	2.66e-08	2.94e-38
 3.94126e+15	1.43e-12	4.58e-08	9.55e-05	1.01e-02	9.90e-01	1.31e-06	0.00e+00	1.26e-13	3.77e-13	6.30e-13	1.51e-08	3.06e-08	4.96e-38
 4.06586e+15	1.76e-12	5.46e-08	1.08e-04	1.08e-02	9.89e-01	1.30e-06	0.00e+00	1.54e-13	4.63e-13	7.73e-13	1.81e-08	3.66e-08	9.46e-38
 4.20297e+15	2.18e-12	6.60e-08	1.23e-04	1.16e-02	9.88e-01	1.30e-06	0.00e+00	1.91e-13	5.73e-13	9.57e-13	2.18e-08	4.42e-08	1.88e-37
 4.32913e+15	2.63e-12	7.82e-08	1.39e-04	1.23e-02	9.88e-01	1.31e-06	0.00e+00	2.31e-13	6.94e-13	1.16e-12	2.59e-08	5.24e-08	3.47e-37
 4.46594e+15	3.22e-12	9.35e-08	1.57e-04	1.32e-02	9.87e-01	1.32e-06	0.00e+00	2.83e-13	8.49e-13	1.42e-12	3.09e-08	6.26e-08	6.64e-37
 4.62021e+15	3.99e-12	1.14e-07	1.80e-04	1.42e-02	9.86e-01	1.32e-06	0.00e+00	3.51e-13	1.05e-12	1.76e-12	3.76e-08	7.60e-08	1.33e-36
 4.76803e+15	4.87e-12	1.36e-07	2.04e-04	1.52e-02	9.85e-01	1.33e-06	0.00e+00	4.29e-13	1.29e-12	2.15e-12	4.50e-08	9.10e-08	2.51e-36
 4.93106e+15	6.06e-12	1.65e-07	2.34e-04	1.64e-02	9.83e-01	1.34e-06	0.00e+00	5.34e-13	1.60e-12	2.67e-12	5.46e-08	1.10e-07	5.02e-36
 5.11070e+15	7.63e-12	2.03e-07	2.70e-04	1.77e-02	9.82e-01	1.34e-06	0.00e+00	6.73e-13	2.02e-12	3.37e-12	6.72e-08	1.36e-07	1.04e-35
 5.27646e+15	9.36e-12	2.44e-07	3.07e-04	1.90e-02	9.81e-01	1.35e-06	0.00e+00	8.27e-13	2.48e-12	4.14e-12	8.08e-08	1.63e-07	1.97e-35
 5.45645e+15	1.17e-11	2.97e-07	3.52e-04	2.05e-02	9.79e-01	1.36e-06	0.00e+00	1.03e-12	3.10e-12	5.16e-12	9.83e-08	1.98e-07	3.92e-35
 5.65621e+15	1.47e-11	3.65e-07	4.07e-04	2.22e-02	9.77e-01	1.37e-06	0.00e+00	1.30e-12	3.90e-12	6.50e-12	1.21e-07	2.44e-07	8.01e-35
 5.84312e+15	1.81e-11	4.41e-07	4.65e-04	2.38e-02	9.76e-01	1.37e-06	0.00e+00	1.60e-12	4.81e-12	8.03e-12	1.46e-07	2.95e-07	1.53e-34
 6.04755e+15	2.27e-11	5.40e-07	5.35e-04	2.57e-02	9.74e-01	1.38e-06	0.00e+00	2.01e-12	6.04e-12	1.01e-11	1.79e-07	3.61e-07	3.06e-34
 6.27361e+15	2.88e-11	6.68e-07	6.21e-04	2.79e-02	9.71e-01	1.39e-06	0.00e+00	2.56e-12	7.67e-12	1.28e-11	2.21e-07	4.47e-07	6.28e-34
 6.48469e+15	3.57e-11	8.10e-07	7.10e-04	3.00e-02	9.69e-01	1.39e-06	0.00e+00	3.17e-12	9.51e-12	1.59e-11	2.68e-07	5.41e-07	1.20e-33
 6.71600e+15	4.52e-11	9.96e-07	8.21e-04	3.25e-02	9.67e-01	1.40e-06	0.00e+00	4.01e-12	1.20e-11	2.01e-11	3.30e-07	6.66e-07	2.41e-33
 6.97254e+15	5.76e-11	1.24e-06	9.58e-04	3.54e-02	9.64e-01	1.40e-06	0.00e+00	5.12e-12	1.54e-11	2.56e-11	4.11e-07	8.29e-07	4.83e-33
 7.21407e+15	7.21e-11	1.51e-06	1.10e-03	3.83e-02	9.61e-01	1.41e-06	0.00e+00	6.42e-12	1.93e-11	3.21e-11	5.02e-07	1.01e-06	9.29e-33
 7.43590e+15	8.80e-11	1.81e-06	1.25e-03	4.10e-02	9.58e-01	1.41e-06	0.00e+00	7.84e-12	2.35e-11	3.92e-11	6.00e-07	1.21e-06	1.65e-32
 7.67997e+15	1.10e-10	2.19e-06	1.43e-03	4.42e-02	9.54e-01	1.41e-06	0.00e+00	9.78e-12	2.94e-11	4.90e-11	7.28e-07	1.47e-06	3.10e-32
 7.92574e+15	1.34e-10	2.64e-06	1.63e-03	4.76e-02	9.51e-01	1.41e-06	0.00e+00	1.20e-11	3.60e-11	6.00e-11	8.75e-07	1.76e-06	5.56e-32
 8.12520e+15	1.60e-10	3.05e-06	1.81e-03	5.04e-02	9.48e-01	1.42e-06	0.00e+00	1.43e-11	4.28e-11	7.14e-11	1.01e-06	2.04e-06	8.83e-32
 8.33599e+15	1.90e-10	3.56e-06	2.02e-03	5.36e-02	9.44e-01	1.42e-06	0.00e+00	1.70e-11	5.11e-11	8.51e-11	1.18e-06	2.38e-06	1.45e-31
 8.61002e+15	2.40e-10	4.34e-06	2.33e-03	5.79e-02	9.40e-01	1.42e-06	0.00e+00	2.15e-11	6.44e-11	1.07e-10	1.44e-06	2.90e-06	2.70e-31
 8.88988e+15	2.97e-10	5.25e-06	2.67e-03	6.25e-02	9.35e-01	1.42e-06	0.00e+00	2.66e-11	7.99e-11	1.33e-10	1.74e-06	3.50e-06	4.82e-31
 9.12400e+15	3.54e-10	6.13e-06	2.98e-03	6.65e-02	9.30e-01	1.41e-06	0.00e+00	3.17e-11	9.51e-11	1.59e-10	2.03e-06	4.09e-06	7.77e-31
 9.37503e+15	4.30e-10	7.25e-06	3.36e-03	7.11e-02	9.26e-01	1.41e-06	0.00e+00	3.86e-11	1.16e-10	1.93e-10	2.41e-06	4.84e-06	1.31e-30
 9.70136e+15	5.56e-10	8.99e-06	3.93e-03	7.75e-02	9.19e-01	1.41e-06	0.00e+00	5.00e-11	1.50e-10	2.50e-10	2.99e-06	6.00e-06	2.50e-30
 1.00327e+16	7.04e-10	1.10e-05	4.56e-03	8.42e-02	9.11e-01	1.40e-06	0.00e+00	6.33e-11	1.90e-10	3.17e-10	3.66e-06	7.35e-06	4.55e-30
 1.02952e+16	8.47e-10	1.29e-05	5.12e-03	8.98e-02	9.05e-01	1.40e-06	0.00e+00	7.63e-11	2.29e-10	3.82e-10	4.29e-06	8.61e-06	7.21e-30
 1.05613e+16	1.03e-09	1.52e-05	5.77e-03	9.60e-02	8.98e-01	1.39e-06	0.00e+00	9.29e-11	2.79e-10	4.64e-10	5.05e-06	1.02e-05	1.18e-29
 1.09073e+16	1.32e-09	1.88e-05	6.73e-03	1.04e-01	8.89e-01	1.38e-06	0.00e+00	1.20e-10	3.59e-10	5.98e-10	6.24e-06	1.25e-05	2.20e-29
 1.12554e+16	1.67e-09	2.29e-05	7.81e-03	1.13e-01	8.79e-01	1.37e-06	0.00e+00	1.51e-10	4.54e-10	7.57e-10	7.62e-06	1.53e-05	3.83e-29
 1.15325e+16	2.01e-09	2.68e-05	8.79e-03	1.21e-01	8.70e-01	1.37e-06	0.00e+00	1.82e-10	5.47e-10	9.12e-10	8.91e-06	1.79e-05	5.92e-29
 1.18188e+16	2.48e-09	3.17e-05	9.96e-03	1.29e-01	8.61e-01	1.36e-06	0.00e+00	2.24e-10	6.73e-10	1.12e-09	1.05e-05	2.12e-05	9.60e-29
 1.21300e+16	3.03e-09	3.77e-05	1.14e-02	1.39e-01	8.50e-01	1.35e-06	0.00e+00	2.75e-10	8.24e-10	1.37e-09	1.26e-05	2.52e-05	1.55e-28
 1.24097e+16	3.66e-09	4.41e-05	1.28e-02	1.48e-01	8.39e-01	1.34e-06	0.00e+00	3.32e-10	9.96e-10	1.66e-09	1.47e-05	2.94e-05	2.37e-28
 1.26683e+16	4.41e-09	5.11e-05	1.43e-02	1.57e-01	8.29e-01	1.34e-06	0.00e+00	4.01e-10	1.20e-09	2.01e-09	1.70e-05	3.41e-05	3.54e-28
 1.29633e+16	5.40e-09	6.06e-05	1.63e-02	1.68e-01	8.16e-01	1.33e-06	0.00e+00	4.91e-10	1.47e-09	2.46e-09	2.02e-05	4.04e-05	5.67e-28
 1.32805e+16	6.74e-09	7.24e-05	1.86e-02	1.80e-01	8.01e-01	1.32e-06	0.00e+00	6.14e-10	1.84e-09	3.07e-09	2.41e-05	4.83e-05	9.16e-28
 1.35584e+16	8.17e-09	8.45e-05	2.10e-02	1.92e-01	7.87e-01	1.32e-06	0.00e+00	7.45e-10	2.23e-09	3.73e-09	2.81e-05	5.64e-05	1.38e-27
 1.38114e+16	9.81e-09	9.76e-05	2.35e-02	2.03e-01	7.73e-01	1.32e-06	0.00e+00	8.95e-10	2.68e-09	4.47e-09	3.25e-05	6.51e-05	2.02e-27
 1.41001e+16	1.20e-08	1.16e-04	2.68e-02	2.17e-01	7.56e-01	1.31e-06	0.00e+00	1.10e-09	3.30e-09	5.50e-09	3.85e-05	7.72e-05	3.21e-27
 1.44097e+16	1.51e-08	1.39e-04	3.08e-02	2.33e-01	7.37e-01	1.31e-06	0.00e+00	1.38e-09	4.15e-09	6.92e-09	4.62e-05	9.25e-05	5.18e-27
 1.46780e+16	1.84e-08	1.62e-04	3.48e-02	2.47e-01	7.18e-01	1.32e-06	0.00e+00	1.69e-09	5.06e-09	8.44e-09	5.40e-05	1.08e-04	7.76e-27
 1.49177e+16	2.22e-08	1.87e-04	3.90e-02	2.60e-01	7.01e-01	1.32e-06	0.00e+00	2.03e-09	6.10e-09	1.02e-08	6.23e-05	1.25e-04	1.14e-26
 1.51495e+16	2.63e-08	2.15e-04	4.35e-02	2.74e-01	6.82e-01	1.32e-06	0.00e+00	2.41e-09	7.23e-09	1.20e-08	7.16e-05	1.43e-04	1.63e-26
 1.54115e+16	3.30e-08	2.55e-04	4.96e-02	2.91e-01	6.59e-01	1.33e-06	0.00e+00	3.03e-09	9.07e-09	1.51e-08	8.51e-05	1.70e-04	2.63e-26
 1.56894e+16	4.06e-08	3.02e-04	5.68e-02	3.10e-01	6.33e-01	1.33e-06	1.73e-12	3.73e-09	1.12e-08	1.86e-08	1.01e-04	2.02e-04	4.06e-26
 1.59282e+16	4.94e-08	3.53e-04	6.41e-02	3.27e-01	6.08e-01	1.34e-06	0.00e+00	4.54e-09	1.36e-08	2.27e-08	1.18e-04	2.35e-04	6.14e-26
 1.61395e+16	6.01e-08	4.08e-04	7.16e-02	3.44e-01	5.84e-01	1.38e-06	0.00e+00	5.53e-09	1.66e-08	2.76e-08	1.36e-04	2.72e-04	9.14e-26
 1.63408e+16	7.09e-08	4.66e-04	7.96e-02	3.59e-01	5.60e-01	1.38e-06	2.15e-12	6.53e-09	1.96e-08	3.26e-08	1.55e-04	3.11e-04	1.31e-25
 1.65684e+16	8.84e-08	5.52e-04	9.04e-02	3.80e-01	5.29e-01	1.40e-06	0.00e+00	8.14e-09	2.44e-08	4.07e-08	1.84e-04	3.68e-04	2.14e-25
 1.68032e+16	1.10e-07	6.52e-04	1.03e-01	4.00e-01	4.97e-01	1.44e-06	2.64e-12	1.02e-08	3.05e-08	5.08e-08	2.17e-04	4.34e-04	3.38e-25
 1.69934e+16	1.31e-07	7.45e-04	1.15e-01	4.17e-01	4.68e-01	1.46e-06	0.00e+00	1.21e-08	3.62e-08	6.03e-08	2.48e-04	4.97e-04	4.89e-25
 1.71570e+16	1.55e-07	8.33e-04	1.26e-01	4.33e-01	4.41e-01	1.49e-06	3.20e-12	1.43e-08	4.28e-08	7.14e-08	2.78e-04	5.55e-04	6.68e-25
 1.73398e+16	1.90e-07	9.81e-04	1.41e-01	4.51e-01	4.07e-01	1.56e-06	0.00e+00	1.76e-08	5.27e-08	8.78e-08	3.27e-04	6.54e-04	1.13e-24
 1.75259e+16	2.28e-07	1.11e-03	1.56e-01	4.69e-01	3.73e-01	1.57e-06	4.23e-12	2.11e-08	6.33e-08	1.06e-07	3.69e-04	7.38e-04	1.57e-24
 1.76772e+16	2.73e-07	1.28e-03	1.72e-01	4.84e-01	3.42e-01	1.65e-06	0.00e+00	2.53e-08	7.59e-08	1.27e-07	4.27e-04	8.54e-04	2.56e-24
 1.78045e+16	3.13e-07	1.40e-03	1.85e-01	4.97e-01	3.16e-01	1.67e-06	5.72e-12	2.90e-08	8.69e-08	1.45e-07	4.66e-04	9.31e-04	3.28e-24
 1.79397e+16	3.68e-07	1.57e-03	2.02e-01	5.11e-01	2.86e-01	1.69e-06	0.00e+00	3.41e-08	1.02e-07	1.71e-07	5.23e-04	1.05e-03	4.80e-24
 1.80830e+16	4.38e-07	1.77e-03	2.20e-01	5.25e-01	2.53e-01	1.72e-06	7.66e-12	4.06e-08	1.22e-07	2.03e-07	5.89e-04	1.18e-03	7.18e-24
 1.82022e+16	5.09e-07	1.96e-03	2.36e-01	5.36e-01	2.25e-01	1.76e-06	0.00e+00	4.73e-08	1.42e-07	2.36e-07	6.54e-04	1.31e-03	1.03e-23
 1.82873e+16	5.79e-07	2.14e-03	2.49e-01	5.44e-01	2.05e-01	1.85e-06	1.11e-11	5.39e-08	1.62e-07	2.69e-07	7.14e-04	1.43e-03	1.45e-23
 1.83441e+16	6.23e-07	2.24e-03	2.58e-01	5.49e-01	1.92e-01	1.87e-06	0.00e+00	5.80e-08	1.74e-07	2.90e-07	7.49e-04	1.50e-03	1.72e-23
 1.83993e+16	6.72e-07	2.36e-03	2.66e-01	5.53e-01	1.78e-01	1.87e-06	0.00e+00	6.26e-08	1.88e-07	3.13e-07	7.86e-04	1.57e-03	2.06e-23
 1.84709e+16	7.43e-07	2.51e-03	2.78e-01	5.59e-01	1.61e-01	1.85e-06	0.00e+00	6.93e-08	2.08e-07	3.46e-07	8.38e-04	1.67e-03	2.63e-23
 1.85486e+16	8.46e-07	2.68e-03	2.90e-01	5.65e-01	1.43e-01	1.84e-06	0.00e+00	7.90e-08	2.37e-07	3.94e-07	8.96e-04	1.79e-03	3.42e-23
