#depth	He	He+	He+2
 1.49634e+10	1.51e-23	1.88e-12	1.00e+00
 4.54887e+10	1.69e-23	2.04e-12	1.00e+00
 7.72350e+10	1.87e-23	2.20e-12	1.00e+00
 1.10251e+11	2.07e-23	2.38e-12	1.00e+00
 1.41245e+11	2.27e-23	2.56e-12	1.00e+00
 1.68866e+11	2.46e-23	2.72e-12	1.00e+00
 1.99823e+11	2.68e-23	2.91e-12	1.00e+00
 2.36630e+11	2.96e-23	3.14e-12	1.00e+00
 2.73423e+11	3.26e-23	3.38e-12	1.00e+00
 3.07636e+11	3.56e-23	3.61e-12	1.00e+00
 3.45816e+11	3.90e-23	3.87e-12	1.00e+00
 3.89576e+11	4.33e-23	4.19e-12	1.00e+00
 4.32616e+11	4.78e-23	4.52e-12	1.00e+00
 4.77378e+11	5.28e-23	4.87e-12	1.00e+00
 5.26400e+11	5.87e-23	5.27e-12	1.00e+00
 5.76036e+11	6.52e-23	5.69e-12	1.00e+00
 6.27658e+11	7.24e-23	6.15e-12	1.00e+00
 6.82691e+11	8.07e-23	6.65e-12	1.00e+00
 7.39925e+11	9.01e-23	7.20e-12	1.00e+00
 7.99449e+11	1.01e-22	7.80e-12	1.00e+00
 8.61354e+11	1.13e-22	8.44e-12	1.00e+00
 9.25735e+11	1.26e-22	9.14e-12	1.00e+00
 9.92691e+11	1.41e-22	9.90e-12	1.00e+00
 1.06233e+12	1.59e-22	1.07e-11	1.00e+00
 1.13475e+12	1.78e-22	1.16e-11	1.00e+00
 1.21006e+12	2.01e-22	1.26e-11	1.00e+00
 1.28839e+12	2.26e-22	1.36e-11	1.00e+00
 1.36510e+12	2.54e-22	1.47e-11	1.00e+00
 1.43620e+12	2.81e-22	1.57e-11	1.00e+00
 1.51489e+12	3.14e-22	1.69e-11	1.00e+00
 1.60542e+12	3.56e-22	1.83e-11	1.00e+00
 1.69454e+12	4.02e-22	1.98e-11	1.00e+00
 1.78722e+12	4.53e-22	2.14e-11	1.00e+00
 1.88863e+12	5.16e-22	2.32e-11	1.00e+00
 1.99170e+12	5.86e-22	2.51e-11	1.00e+00
 2.09889e+12	6.67e-22	2.72e-11	1.00e+00
 2.21277e+12	7.62e-22	2.95e-11	1.00e+00
 2.33121e+12	8.72e-22	3.20e-11	1.00e+00
 2.45439e+12	9.99e-22	3.47e-11	1.00e+00
 2.58249e+12	1.15e-21	3.77e-11	1.00e+00
 2.71572e+12	1.32e-21	4.09e-11	1.00e+00
 2.85427e+12	1.51e-21	4.45e-11	1.00e+00
 2.99837e+12	1.74e-21	4.83e-11	1.00e+00
 3.13412e+12	1.99e-21	5.21e-11	1.00e+00
 3.25593e+12	2.22e-21	5.57e-11	1.00e+00
 3.39280e+12	2.50e-21	5.98e-11	1.00e+00
 3.55453e+12	2.89e-21	6.50e-11	1.00e+00
 3.71611e+12	3.32e-21	7.03e-11	1.00e+00
 3.86834e+12	3.76e-21	7.56e-11	1.00e+00
 4.03718e+12	4.29e-21	8.18e-11	1.00e+00
 4.22859e+12	4.98e-21	8.91e-11	1.00e+00
 4.41993e+12	5.75e-21	9.68e-11	1.00e+00
 4.61893e+12	6.63e-21	1.05e-10	1.00e+00
 4.83361e+12	7.71e-21	1.15e-10	1.00e+00
 5.03490e+12	8.84e-21	1.24e-10	1.00e+00
 5.21448e+12	9.93e-21	1.33e-10	1.00e+00
 5.41627e+12	1.13e-20	1.43e-10	1.00e+00
 5.65589e+12	1.30e-20	1.56e-10	1.00e+00
 5.89651e+12	1.51e-20	1.70e-10	1.00e+00
 6.12074e+12	1.71e-20	1.83e-10	1.00e+00
 6.36948e+12	1.96e-20	1.98e-10	1.00e+00
 6.65418e+12	2.28e-20	2.17e-10	1.00e+00
 6.93329e+12	2.63e-20	2.37e-10	1.00e+00
 7.22356e+12	3.03e-20	2.58e-10	1.00e+00
 7.54243e+12	3.52e-20	2.83e-10	1.00e+00
 7.86251e+12	4.08e-20	3.09e-10	1.00e+00
 8.19540e+12	4.70e-20	3.38e-10	1.00e+00
 8.55315e+12	5.46e-20	3.71e-10	1.00e+00
 8.90710e+12	6.28e-20	4.06e-10	1.00e+00
 9.27520e+12	7.21e-20	4.44e-10	1.00e+00
 9.67614e+12	8.35e-20	4.88e-10	1.00e+00
 1.00931e+13	9.65e-20	5.37e-10	1.00e+00
 1.05268e+13	1.11e-19	5.91e-10	1.00e+00
 1.09778e+13	1.28e-19	6.50e-10	1.00e+00
 1.14468e+13	1.48e-19	7.17e-10	1.00e+00
 1.18715e+13	1.67e-19	7.80e-10	1.00e+00
 1.22263e+13	1.84e-19	8.35e-10	1.00e+00
 1.26153e+13	2.03e-19	8.99e-10	1.00e+00
 1.31068e+13	2.31e-19	9.84e-10	1.00e+00
 1.36189e+13	2.62e-19	1.08e-09	1.00e+00
 1.40569e+13	2.90e-19	1.16e-09	1.00e+00
 1.45114e+13	3.21e-19	1.25e-09	1.00e+00
 1.50786e+13	3.64e-19	1.37e-09	1.00e+00
 1.56536e+13	4.12e-19	1.50e-09	1.00e+00
 1.61532e+13	4.56e-19	1.62e-09	1.00e+00
 1.66938e+13	5.07e-19	1.75e-09	1.00e+00
 1.73543e+13	5.75e-19	1.92e-09	1.00e+00
 1.80275e+13	6.51e-19	2.10e-09	1.00e+00
 1.86427e+13	7.25e-19	2.27e-09	1.00e+00
 1.93259e+13	8.15e-19	2.48e-09	1.00e+00
 2.01213e+13	9.31e-19	2.72e-09	1.00e+00
 2.09087e+13	1.06e-18	2.98e-09	1.00e+00
 2.16609e+13	1.19e-18	3.24e-09	1.00e+00
 2.24906e+13	1.35e-18	3.54e-09	1.00e+00
 2.34201e+13	1.56e-18	3.89e-09	1.00e+00
 2.43542e+13	1.79e-18	4.26e-09	1.00e+00
 2.51916e+13	2.01e-18	4.60e-09	1.00e+00
 2.59016e+13	2.22e-18	4.91e-09	1.00e+00
 2.66669e+13	2.47e-18	5.24e-09	1.00e+00
 2.76565e+13	2.82e-18	5.70e-09	1.00e+00
 2.86881e+13	3.23e-18	6.20e-09	1.00e+00
 2.95724e+13	3.62e-18	6.64e-09	1.00e+00
 3.05145e+13	4.07e-18	7.13e-09	1.00e+00
 3.16828e+13	4.69e-18	7.76e-09	1.00e+00
 3.28829e+13	5.41e-18	8.43e-09	1.00e+00
 3.39635e+13	6.13e-18	9.07e-09	1.00e+00
 3.51514e+13	7.01e-18	9.79e-09	1.00e+00
 3.64498e+13	8.09e-18	1.06e-08	1.00e+00
 3.76308e+13	9.17e-18	1.14e-08	1.00e+00
 3.89051e+13	1.05e-17	1.23e-08	1.00e+00
 4.03344e+13	1.21e-17	1.33e-08	1.00e+00
 4.16883e+13	1.38e-17	1.43e-08	1.00e+00
 4.31712e+13	1.59e-17	1.54e-08	1.00e+00
 4.48134e+13	1.85e-17	1.67e-08	1.00e+00
 4.63407e+13	2.12e-17	1.80e-08	1.00e+00
 4.80039e+13	2.44e-17	1.95e-08	1.00e+00
 4.98668e+13	2.86e-17	2.11e-08	1.00e+00
 5.16298e+13	3.29e-17	2.28e-08	1.00e+00
 5.35342e+13	3.82e-17	2.46e-08	1.00e+00
 5.56563e+13	4.48e-17	2.68e-08	1.00e+00
 5.77005e+13	5.19e-17	2.90e-08	1.00e+00
 5.98755e+13	6.05e-17	3.13e-08	1.00e+00
 6.23005e+13	7.12e-17	3.41e-08	1.00e+00
 6.47316e+13	8.34e-17	3.70e-08	1.00e+00
 6.72599e+13	9.76e-17	4.02e-08	1.00e+00
 6.99802e+13	1.15e-16	4.37e-08	1.00e+00
 7.28094e+13	1.35e-16	4.75e-08	1.00e+00
 7.55922e+13	1.58e-16	5.14e-08	1.00e+00
 7.81918e+13	1.81e-16	5.52e-08	1.00e+00
 8.05436e+13	2.05e-16	5.87e-08	1.00e+00
 8.30571e+13	2.32e-16	6.26e-08	1.00e+00
 8.61823e+13	2.70e-16	6.76e-08	1.00e+00
 8.93059e+13	3.13e-16	7.29e-08	1.00e+00
 9.19831e+13	3.53e-16	7.74e-08	1.00e+00
 9.48768e+13	4.00e-16	8.25e-08	1.00e+00
 9.84575e+13	4.66e-16	8.92e-08	1.00e+00
 1.02040e+14	5.38e-16	9.60e-08	1.00e+00
 1.05134e+14	6.07e-16	1.02e-07	1.00e+00
 1.08482e+14	6.90e-16	1.09e-07	1.00e+00
 1.12596e+14	8.02e-16	1.17e-07	1.00e+00
 1.16746e+14	9.29e-16	1.26e-07	1.00e+00
 1.20420e+14	1.05e-15	1.35e-07	1.00e+00
 1.24439e+14	1.20e-15	1.44e-07	1.00e+00
 1.29260e+14	1.40e-15	1.55e-07	1.00e+00
 1.34063e+14	1.62e-15	1.67e-07	1.00e+00
 1.38433e+14	1.84e-15	1.78e-07	1.00e+00
 1.43302e+14	2.11e-15	1.91e-07	1.00e+00
 1.48990e+14	2.47e-15	2.07e-07	1.00e+00
 1.54600e+14	2.86e-15	2.23e-07	1.00e+00
 1.59903e+14	3.27e-15	2.38e-07	1.00e+00
 1.65798e+14	3.78e-15	2.56e-07	1.00e+00
 1.72460e+14	4.43e-15	2.78e-07	1.00e+00
 1.79144e+14	5.15e-15	3.00e-07	1.00e+00
 1.86095e+14	5.99e-15	3.23e-07	1.00e+00
 1.93569e+14	7.01e-15	3.50e-07	1.00e+00
 2.00801e+14	8.11e-15	3.77e-07	1.00e+00
 2.07597e+14	9.26e-15	4.03e-07	1.00e+00
 2.15205e+14	1.07e-14	4.33e-07	1.00e+00
 2.22878e+14	1.23e-14	4.65e-07	1.00e+00
 2.29241e+14	1.37e-14	4.92e-07	1.00e+00
 2.35968e+14	1.54e-14	5.21e-07	1.00e+00
 2.44580e+14	1.78e-14	5.61e-07	1.00e+00
 2.53606e+14	2.06e-14	6.03e-07	1.00e+00
 2.61573e+14	2.33e-14	6.42e-07	1.00e+00
 2.70204e+14	2.65e-14	6.86e-07	1.00e+00
 2.80599e+14	3.08e-14	7.41e-07	1.00e+00
 2.91117e+14	3.57e-14	7.99e-07	1.00e+00
 3.00945e+14	4.08e-14	8.55e-07	1.00e+00
 3.11904e+14	4.71e-14	9.21e-07	1.00e+00
 3.23551e+14	5.47e-14	9.94e-07	1.00e+00
 3.33896e+14	6.20e-14	1.06e-06	1.00e+00
 3.45002e+14	7.07e-14	1.13e-06	1.00e+00
 3.58320e+14	8.24e-14	1.23e-06	1.00e+00
 3.71436e+14	9.53e-14	1.32e-06	1.00e+00
 3.83110e+14	1.08e-13	1.41e-06	1.00e+00
 3.95986e+14	1.23e-13	1.51e-06	1.00e+00
 4.11344e+14	1.44e-13	1.63e-06	1.00e+00
 4.26579e+14	1.66e-13	1.76e-06	1.00e+00
 4.40477e+14	1.89e-13	1.88e-06	1.00e+00
 4.55986e+14	2.17e-13	2.02e-06	1.00e+00
 4.74062e+14	2.53e-13	2.19e-06	1.00e+00
 4.91831e+14	2.93e-13	2.37e-06	1.00e+00
 5.08599e+14	3.34e-13	2.54e-06	1.00e+00
 5.27261e+14	3.86e-13	2.73e-06	1.00e+00
 5.48382e+14	4.50e-13	2.96e-06	1.00e+00
 5.69510e+14	5.22e-13	3.20e-06	1.00e+00
 5.89320e+14	5.97e-13	3.44e-06	1.00e+00
 6.10759e+14	6.86e-13	3.70e-06	1.00e+00
 6.34721e+14	7.97e-13	4.00e-06	1.00e+00
 6.57094e+14	9.10e-13	4.30e-06	1.00e+00
 6.77810e+14	1.03e-12	4.58e-06	1.00e+00
 6.97806e+14	1.15e-12	4.86e-06	1.00e+00
 7.20077e+14	1.29e-12	5.18e-06	1.00e+00
 7.44713e+14	1.47e-12	5.55e-06	1.00e+00
 7.67626e+14	1.65e-12	5.90e-06	1.00e+00
 7.92615e+14	1.87e-12	6.30e-06	1.00e+00
 8.20765e+14	2.13e-12	6.77e-06	1.00e+00
 8.47569e+14	2.41e-12	7.23e-06	1.00e+00
 8.76960e+14	2.73e-12	7.75e-06	1.00e+00
 9.09333e+14	3.14e-12	8.35e-06	1.00e+00
 9.39052e+14	3.53e-12	8.91e-06	1.00e+00
 9.71152e+14	4.01e-12	9.54e-06	1.00e+00
 1.00712e+15	4.59e-12	1.03e-05	1.00e+00
 1.04104e+15	5.19e-12	1.10e-05	1.00e+00
 1.07805e+15	5.90e-12	1.18e-05	1.00e+00
 1.11916e+15	6.79e-12	1.27e-05	1.00e+00
 1.15749e+15	7.68e-12	1.36e-05	1.00e+00
 1.19915e+15	8.77e-12	1.47e-05	1.00e+00
 1.24583e+15	1.01e-11	1.59e-05	1.00e+00
 1.29009e+15	1.15e-11	1.71e-05	1.00e+00
 1.33744e+15	1.31e-11	1.84e-05	1.00e+00
 1.39097e+15	1.52e-11	1.99e-05	1.00e+00
 1.44367e+15	1.75e-11	2.16e-05	1.00e+00
 1.49847e+15	2.01e-11	2.33e-05	1.00e+00
 1.55844e+15	2.34e-11	2.53e-05	1.00e+00
 1.61763e+15	2.70e-11	2.74e-05	1.00e+00
 1.66681e+15	3.02e-11	2.92e-05	1.00e+00
 1.70654e+15	3.31e-11	3.07e-05	1.00e+00
 1.75066e+15	3.65e-11	3.24e-05	1.00e+00
 1.80801e+15	4.14e-11	3.48e-05	1.00e+00
 1.86947e+15	4.72e-11	3.74e-05	1.00e+00
 1.92395e+15	5.29e-11	3.98e-05	1.00e+00
 1.98247e+15	5.95e-11	4.24e-05	1.00e+00
 2.05587e+15	6.88e-11	4.60e-05	1.00e+00
 2.13036e+15	7.94e-11	4.97e-05	1.00e+00
 2.19486e+15	8.95e-11	5.31e-05	1.00e+00
 2.26461e+15	1.02e-10	5.69e-05	1.00e+00
 2.35013e+15	1.18e-10	6.18e-05	1.00e+00
 2.43653e+15	1.37e-10	6.70e-05	1.00e+00
 2.51332e+15	1.56e-10	7.18e-05	1.00e+00
 2.59721e+15	1.79e-10	7.73e-05	1.00e+00
 2.69753e+15	2.10e-10	8.41e-05	1.00e+00
 2.79677e+15	2.44e-10	9.13e-05	1.00e+00
 2.88627e+15	2.79e-10	9.80e-05	1.00e+00
 2.98558e+15	3.22e-10	1.06e-04	1.00e+00
 3.10256e+15	3.79e-10	1.15e-04	1.00e+00
 3.21800e+15	4.43e-10	1.25e-04	1.00e+00
 3.32516e+15	5.09e-10	1.35e-04	1.00e+00
 3.44530e+15	5.93e-10	1.46e-04	1.00e+00
 3.58314e+15	7.03e-10	1.60e-04	1.00e+00
 3.71879e+15	8.25e-10	1.74e-04	1.00e+00
 3.85987e+15	9.68e-10	1.89e-04	1.00e+00
 3.98837e+15	1.12e-09	2.04e-04	1.00e+00
 4.08425e+15	1.23e-09	2.15e-04	1.00e+00
 4.18332e+15	1.37e-09	2.27e-04	1.00e+00
 4.31210e+15	1.56e-09	2.43e-04	1.00e+00
 4.45152e+15	1.79e-09	2.61e-04	1.00e+00
 4.57734e+15	2.02e-09	2.77e-04	1.00e+00
 4.71348e+15	2.30e-09	2.96e-04	1.00e+00
 4.88625e+15	2.68e-09	3.21e-04	1.00e+00
 5.06018e+15	3.12e-09	3.47e-04	1.00e+00
 5.20624e+15	3.53e-09	3.70e-04	1.00e+00
 5.36253e+15	4.01e-09	3.95e-04	1.00e+00
 5.55991e+15	4.69e-09	4.28e-04	1.00e+00
 5.76680e+15	5.48e-09	4.64e-04	1.00e+00
 5.95278e+15	6.28e-09	4.98e-04	1.00e+00
 6.15545e+15	7.25e-09	5.36e-04	9.99e-01
 6.39543e+15	8.54e-09	5.83e-04	9.99e-01
 6.63025e+15	9.95e-09	6.31e-04	9.99e-01
 6.84334e+15	1.14e-08	6.75e-04	9.99e-01
 7.08182e+15	1.32e-08	7.28e-04	9.99e-01
 7.36097e+15	1.55e-08	7.92e-04	9.99e-01
 7.63491e+15	1.80e-08	8.57e-04	9.99e-01
 7.89091e+15	2.07e-08	9.19e-04	9.99e-01
 8.17767e+15	2.41e-08	9.93e-04	9.99e-01
 8.45255e+15	2.76e-08	1.07e-03	9.99e-01
 8.65669e+15	3.05e-08	1.12e-03	9.99e-01
 8.86284e+15	3.38e-08	1.18e-03	9.99e-01
 9.13084e+15	3.82e-08	1.26e-03	9.99e-01
 9.42039e+15	4.35e-08	1.34e-03	9.99e-01
 9.67949e+15	4.87e-08	1.42e-03	9.99e-01
 9.95787e+15	5.48e-08	1.51e-03	9.98e-01
 1.03175e+16	6.36e-08	1.63e-03	9.98e-01
 1.06803e+16	7.33e-08	1.75e-03	9.98e-01
 1.09756e+16	8.19e-08	1.86e-03	9.98e-01
 1.12859e+16	9.21e-08	1.97e-03	9.98e-01
 1.16892e+16	1.07e-07	2.13e-03	9.98e-01
 1.21091e+16	1.23e-07	2.29e-03	9.98e-01
 1.24649e+16	1.38e-07	2.43e-03	9.98e-01
 1.28420e+16	1.57e-07	2.60e-03	9.97e-01
 1.33163e+16	1.82e-07	2.81e-03	9.97e-01
 1.37864e+16	2.09e-07	3.03e-03	9.97e-01
 1.41762e+16	2.34e-07	3.21e-03	9.97e-01
 1.45919e+16	2.65e-07	3.43e-03	9.97e-01
 1.50586e+16	3.01e-07	3.68e-03	9.96e-01
 1.55028e+16	3.39e-07	3.92e-03	9.96e-01
 1.58909e+16	3.74e-07	4.15e-03	9.96e-01
 1.62950e+16	4.17e-07	4.40e-03	9.96e-01
 1.67330e+16	4.65e-07	4.68e-03	9.95e-01
 1.71382e+16	5.14e-07	4.95e-03	9.95e-01
 1.75881e+16	5.77e-07	5.29e-03	9.95e-01
 1.80685e+16	6.47e-07	5.65e-03	9.94e-01
 1.85024e+16	7.16e-07	6.00e-03	9.94e-01
 1.89800e+16	8.06e-07	6.44e-03	9.94e-01
 1.94967e+16	9.10e-07	6.93e-03	9.93e-01
 1.99694e+16	1.01e-06	7.42e-03	9.93e-01
 2.04035e+16	1.12e-06	7.91e-03	9.92e-01
 2.08822e+16	1.27e-06	8.53e-03	9.91e-01
 2.13907e+16	1.43e-06	9.22e-03	9.91e-01
 2.18289e+16	1.59e-06	9.89e-03	9.90e-01
 2.22284e+16	1.76e-06	1.06e-02	9.89e-01
 2.26866e+16	1.98e-06	1.15e-02	9.89e-01
 2.31799e+16	2.26e-06	1.25e-02	9.87e-01
 2.35886e+16	2.52e-06	1.35e-02	9.86e-01
 2.39234e+16	2.77e-06	1.45e-02	9.86e-01
 2.42927e+16	3.10e-06	1.56e-02	9.84e-01
 2.46999e+16	3.53e-06	1.71e-02	9.83e-01
 2.50620e+16	3.95e-06	1.86e-02	9.81e-01
 2.53773e+16	4.40e-06	2.01e-02	9.80e-01
 2.57261e+16	4.99e-06	2.21e-02	9.78e-01
 2.60968e+16	5.78e-06	2.46e-02	9.75e-01
 2.64070e+16	6.52e-06	2.70e-02	9.73e-01
 2.66722e+16	7.27e-06	2.94e-02	9.71e-01
 2.69676e+16	8.36e-06	3.26e-02	9.67e-01
 2.72795e+16	9.73e-06	3.67e-02	9.63e-01
 2.75401e+16	1.10e-05	4.07e-02	9.59e-01
 2.77650e+16	1.27e-05	4.50e-02	9.55e-01
 2.79771e+16	1.42e-05	4.97e-02	9.50e-01
 2.82137e+16	1.66e-05	5.60e-02	9.44e-01
 2.84597e+16	1.96e-05	6.41e-02	9.36e-01
 2.86577e+16	2.31e-05	7.22e-02	9.28e-01
 2.88136e+16	2.62e-05	7.99e-02	9.20e-01
 2.89752e+16	3.01e-05	8.94e-02	9.11e-01
 2.91550e+16	3.56e-05	1.02e-01	8.98e-01
 2.93145e+16	4.13e-05	1.16e-01	8.84e-01
 2.94485e+16	4.82e-05	1.30e-01	8.70e-01
 2.95670e+16	5.49e-05	1.45e-01	8.55e-01
 2.96946e+16	6.36e-05	1.65e-01	8.35e-01
 2.98321e+16	7.64e-05	1.90e-01	8.10e-01
 2.99454e+16	8.82e-05	2.15e-01	7.85e-01
 3.00303e+16	9.98e-05	2.36e-01	7.64e-01
 3.00937e+16	1.09e-04	2.54e-01	7.46e-01
 3.01545e+16	1.20e-04	2.73e-01	7.27e-01
 3.02221e+16	1.32e-04	2.96e-01	7.03e-01
 3.02985e+16	1.49e-04	3.26e-01	6.74e-01
 3.03773e+16	1.67e-04	3.58e-01	6.42e-01
 3.04430e+16	1.85e-04	3.88e-01	6.12e-01
 3.05123e+16	2.06e-04	4.23e-01	5.77e-01
 3.05872e+16	2.31e-04	4.61e-01	5.39e-01
 3.06541e+16	2.54e-04	4.98e-01	5.02e-01
 3.07260e+16	2.83e-04	5.39e-01	4.61e-01
 3.08052e+16	3.14e-04	5.84e-01	4.16e-01
 3.08796e+16	3.45e-04	6.26e-01	3.74e-01
 3.09619e+16	3.80e-04	6.71e-01	3.28e-01
 3.10543e+16	4.20e-04	7.18e-01	2.81e-01
 3.11450e+16	4.58e-04	7.61e-01	2.39e-01
 3.12481e+16	5.00e-04	8.03e-01	1.96e-01
 3.13821e+16	5.50e-04	8.48e-01	1.51e-01
 3.15321e+16	5.99e-04	8.87e-01	1.13e-01
 3.17030e+16	6.49e-04	9.19e-01	8.08e-02
 3.19251e+16	7.07e-04	9.46e-01	5.34e-02
 3.22138e+16	7.74e-04	9.67e-01	3.25e-02
 3.25336e+16	8.45e-04	9.79e-01	1.99e-02
 3.28265e+16	9.13e-04	9.86e-01	1.33e-02
 3.30908e+16	9.82e-04	9.89e-01	9.54e-03
 3.33852e+16	1.07e-03	9.92e-01	6.70e-03
 3.36362e+16	1.15e-03	9.94e-01	5.19e-03
 3.37670e+16	1.20e-03	9.94e-01	4.58e-03
 3.38733e+16	1.24e-03	9.95e-01	4.09e-03
 3.40114e+16	1.30e-03	9.95e-01	3.55e-03
 3.41909e+16	1.38e-03	9.96e-01	2.98e-03
 3.43688e+16	1.48e-03	9.96e-01	2.54e-03
 3.44990e+16	1.56e-03	9.96e-01	2.27e-03
 3.46046e+16	1.62e-03	9.96e-01	2.07e-03
 3.47237e+16	1.71e-03	9.96e-01	1.86e-03
 3.48456e+16	1.80e-03	9.97e-01	1.69e-03
 3.49411e+16	1.88e-03	9.97e-01	1.56e-03
 3.50199e+16	1.95e-03	9.97e-01	1.47e-03
 3.51074e+16	2.04e-03	9.97e-01	1.36e-03
 3.52060e+16	2.14e-03	9.97e-01	1.26e-03
 3.52960e+16	2.25e-03	9.97e-01	1.17e-03
 3.53730e+16	2.35e-03	9.97e-01	1.11e-03
 3.54558e+16	2.46e-03	9.97e-01	1.04e-03
 3.55456e+16	2.59e-03	9.96e-01	9.67e-04
 3.56231e+16	2.72e-03	9.96e-01	9.14e-04
 3.56887e+16	2.84e-03	9.96e-01	8.71e-04
 3.57602e+16	2.97e-03	9.96e-01	8.24e-04
 3.58385e+16	3.14e-03	9.96e-01	7.77e-04
 3.59076e+16	3.30e-03	9.96e-01	7.40e-04
 3.59667e+16	3.45e-03	9.96e-01	7.09e-04
 3.60307e+16	3.62e-03	9.96e-01	6.76e-04
 3.61009e+16	3.84e-03	9.96e-01	6.43e-04
 3.61626e+16	4.05e-03	9.95e-01	6.16e-04
 3.62155e+16	4.24e-03	9.95e-01	5.93e-04
 3.62735e+16	4.47e-03	9.95e-01	5.68e-04
 3.63369e+16	4.75e-03	9.95e-01	5.43e-04
 3.63930e+16	5.03e-03	9.94e-01	5.23e-04
 3.64412e+16	5.29e-03	9.94e-01	5.06e-04
 3.64939e+16	5.60e-03	9.94e-01	4.87e-04
 3.65524e+16	5.99e-03	9.94e-01	4.67e-04
 3.66051e+16	6.39e-03	9.93e-01	4.51e-04
 3.66508e+16	6.77e-03	9.93e-01	4.37e-04
 3.67011e+16	7.24e-03	9.92e-01	4.22e-04
 3.67574e+16	7.84e-03	9.92e-01	4.06e-04
 3.68094e+16	8.50e-03	9.91e-01	3.92e-04
 3.68567e+16	9.16e-03	9.90e-01	3.79e-04
 3.69099e+16	1.00e-02	9.90e-01	3.65e-04
 3.69664e+16	1.11e-02	9.89e-01	3.52e-04
 3.70122e+16	1.23e-02	9.87e-01	3.41e-04
 3.70480e+16	1.32e-02	9.86e-01	3.34e-04
 3.70858e+16	1.44e-02	9.85e-01	3.25e-04
 3.71280e+16	1.60e-02	9.84e-01	3.15e-04
 3.71653e+16	1.77e-02	9.82e-01	3.08e-04
 3.71955e+16	1.93e-02	9.80e-01	3.02e-04
 3.72214e+16	2.09e-02	9.79e-01	2.97e-04
 3.72494e+16	2.29e-02	9.77e-01	2.92e-04
 3.72857e+16	2.59e-02	9.74e-01	2.85e-04
 3.73214e+16	2.96e-02	9.70e-01	2.80e-04
 3.73467e+16	3.31e-02	9.67e-01	2.76e-04
 3.73655e+16	3.58e-02	9.64e-01	2.74e-04
 3.73854e+16	3.92e-02	9.61e-01	2.71e-04
 3.74113e+16	4.43e-02	9.55e-01	2.69e-04
 3.74375e+16	5.08e-02	9.49e-01	2.67e-04
 3.74571e+16	5.69e-02	9.43e-01	2.66e-04
 3.74722e+16	6.21e-02	9.38e-01	2.66e-04
 3.74882e+16	6.84e-02	9.31e-01	2.67e-04
 3.75090e+16	7.79e-02	9.22e-01	2.68e-04
 3.75293e+16	8.93e-02	9.10e-01	2.70e-04
 3.75438e+16	9.93e-02	9.00e-01	2.72e-04
 3.75553e+16	1.08e-01	8.92e-01	2.75e-04
 3.75668e+16	1.17e-01	8.82e-01	2.78e-04
 3.75790e+16	1.29e-01	8.71e-01	2.81e-04
 3.75910e+16	1.41e-01	8.58e-01	2.86e-04
 3.76015e+16	1.54e-01	8.46e-01	2.90e-04
 3.76105e+16	1.65e-01	8.34e-01	2.94e-04
 3.76173e+16	1.75e-01	8.25e-01	2.97e-04
 3.76219e+16	1.82e-01	8.18e-01	2.99e-04
 3.76263e+16	1.88e-01	8.11e-01	3.01e-04
 3.76314e+16	1.97e-01	8.03e-01	3.03e-04
 3.76369e+16	2.06e-01	7.94e-01	3.06e-04
 3.76421e+16	2.15e-01	7.84e-01	3.09e-04
 3.76470e+16	2.24e-01	7.75e-01	3.12e-04
 3.76519e+16	2.34e-01	7.66e-01	3.15e-04
 3.76568e+16	2.44e-01	7.56e-01	3.18e-04
 3.76616e+16	2.54e-01	7.45e-01	3.20e-04
 3.76664e+16	2.65e-01	7.35e-01	3.24e-04
 3.76711e+16	2.76e-01	7.24e-01	3.26e-04
 3.76758e+16	2.87e-01	7.13e-01	3.29e-04
 3.76804e+16	2.99e-01	7.01e-01	3.32e-04
 3.76848e+16	3.10e-01	6.90e-01	3.35e-04
 3.76894e+16	3.22e-01	6.77e-01	3.37e-04
 3.76938e+16	3.35e-01	6.65e-01	3.40e-04
 3.76982e+16	3.47e-01	6.52e-01	3.42e-04
 3.77025e+16	3.60e-01	6.40e-01	3.45e-04
 3.77068e+16	3.73e-01	6.26e-01	3.47e-04
 3.77111e+16	3.87e-01	6.13e-01	3.49e-04
 3.77153e+16	4.00e-01	5.99e-01	3.51e-04
 3.77194e+16	4.14e-01	5.86e-01	3.53e-04
 3.77235e+16	4.28e-01	5.72e-01	3.55e-04
 3.77276e+16	4.42e-01	5.58e-01	3.57e-04
 3.77316e+16	4.56e-01	5.43e-01	3.58e-04
 3.77355e+16	4.70e-01	5.29e-01	3.59e-04
 3.77394e+16	4.84e-01	5.15e-01	3.61e-04
 3.77433e+16	4.99e-01	5.01e-01	3.62e-04
 3.77471e+16	5.13e-01	4.86e-01	3.62e-04
 3.77509e+16	5.27e-01	4.72e-01	3.63e-04
 3.77545e+16	5.41e-01	4.59e-01	3.63e-04
 3.77581e+16	5.55e-01	4.45e-01	3.63e-04
 3.77616e+16	5.68e-01	4.32e-01	3.63e-04
 3.77651e+16	5.81e-01	4.18e-01	3.63e-04
 3.77684e+16	5.94e-01	4.05e-01	3.62e-04
 3.77717e+16	6.07e-01	3.93e-01	3.62e-04
 3.77750e+16	6.19e-01	3.80e-01	3.61e-04
 3.77782e+16	6.32e-01	3.68e-01	3.59e-04
 3.77814e+16	6.44e-01	3.56e-01	3.57e-04
 3.77845e+16	6.56e-01	3.44e-01	3.56e-04
 3.77875e+16	6.67e-01	3.32e-01	3.54e-04
 3.77905e+16	6.79e-01	3.21e-01	3.52e-04
 3.77935e+16	6.89e-01	3.10e-01	3.50e-04
 3.77964e+16	7.00e-01	3.00e-01	3.47e-04
 3.77993e+16	7.10e-01	2.89e-01	3.45e-04
 3.78021e+16	7.20e-01	2.79e-01	3.42e-04
 3.78049e+16	7.30e-01	2.70e-01	3.39e-04
 3.78076e+16	7.39e-01	2.60e-01	3.36e-04
 3.78104e+16	7.49e-01	2.51e-01	3.33e-04
 3.78131e+16	7.57e-01	2.42e-01	3.30e-04
 3.78158e+16	7.66e-01	2.33e-01	3.26e-04
 3.78184e+16	7.74e-01	2.25e-01	3.23e-04
 3.78210e+16	7.83e-01	2.17e-01	3.19e-04
 3.78236e+16	7.91e-01	2.09e-01	3.15e-04
 3.78261e+16	7.98e-01	2.01e-01	3.11e-04
 3.78287e+16	8.06e-01	1.94e-01	3.07e-04
 3.78309e+16	8.12e-01	1.88e-01	3.04e-04
 3.78324e+16	8.16e-01	1.84e-01	3.01e-04
 3.78339e+16	8.20e-01	1.79e-01	2.98e-04
 3.78354e+16	8.25e-01	1.75e-01	2.95e-04
 3.78371e+16	8.29e-01	1.71e-01	2.91e-04
 3.78387e+16	8.33e-01	1.67e-01	2.88e-04
 3.78401e+16	8.37e-01	1.63e-01	2.85e-04
 3.78416e+16	8.41e-01	1.59e-01	2.82e-04
 3.78431e+16	8.44e-01	1.55e-01	2.79e-04
 3.78445e+16	8.48e-01	1.52e-01	2.76e-04
 3.78459e+16	8.51e-01	1.48e-01	2.74e-04
 3.78473e+16	8.55e-01	1.45e-01	2.71e-04
 3.78486e+16	8.58e-01	1.42e-01	2.68e-04
 3.78500e+16	8.61e-01	1.39e-01	2.65e-04
 3.78514e+16	8.64e-01	1.35e-01	2.61e-04
 3.78528e+16	8.67e-01	1.32e-01	2.58e-04
 3.78542e+16	8.70e-01	1.29e-01	2.55e-04
 3.78556e+16	8.74e-01	1.26e-01	2.52e-04
 3.78571e+16	8.77e-01	1.23e-01	2.48e-04
 3.78586e+16	8.80e-01	1.20e-01	2.45e-04
 3.78603e+16	8.83e-01	1.16e-01	2.41e-04
 3.78622e+16	8.87e-01	1.13e-01	2.37e-04
 3.78642e+16	8.91e-01	1.09e-01	2.32e-04
 3.78664e+16	8.95e-01	1.05e-01	2.27e-04
 3.78686e+16	8.99e-01	1.01e-01	2.22e-04
 3.78706e+16	9.02e-01	9.73e-02	2.17e-04
 3.78725e+16	9.06e-01	9.40e-02	2.11e-04
 3.78744e+16	9.09e-01	9.09e-02	2.07e-04
 3.78762e+16	9.12e-01	8.79e-02	2.02e-04
 3.78780e+16	9.15e-01	8.51e-02	1.97e-04
 3.78796e+16	9.17e-01	8.26e-02	1.93e-04
 3.78810e+16	9.19e-01	8.04e-02	1.88e-04
 3.78823e+16	9.21e-01	7.84e-02	1.85e-04
 3.78835e+16	9.23e-01	7.67e-02	1.81e-04
 3.78846e+16	9.25e-01	7.51e-02	1.78e-04
 3.78856e+16	9.26e-01	7.36e-02	1.75e-04
 3.78867e+16	9.28e-01	7.21e-02	1.72e-04
 3.78879e+16	9.29e-01	7.05e-02	1.69e-04
 3.78889e+16	9.31e-01	6.91e-02	1.66e-04
 3.78899e+16	9.32e-01	6.78e-02	1.63e-04
 3.78908e+16	9.33e-01	6.65e-02	1.60e-04
 3.78918e+16	9.35e-01	6.53e-02	1.58e-04
 3.78928e+16	9.36e-01	6.39e-02	1.55e-04
 3.78938e+16	9.37e-01	6.28e-02	1.52e-04
 3.78946e+16	9.38e-01	6.17e-02	1.50e-04
 3.78954e+16	9.39e-01	6.07e-02	1.47e-04
 3.78963e+16	9.40e-01	5.96e-02	1.45e-04
 3.78972e+16	9.41e-01	5.85e-02	1.42e-04
 3.78981e+16	9.42e-01	5.75e-02	1.40e-04
 3.78989e+16	9.43e-01	5.66e-02	1.38e-04
 3.78996e+16	9.44e-01	5.57e-02	1.35e-04
 3.79003e+16	9.45e-01	5.49e-02	1.33e-04
 3.79012e+16	9.46e-01	5.39e-02	1.31e-04
 3.79019e+16	9.47e-01	5.31e-02	1.29e-04
 3.79026e+16	9.48e-01	5.23e-02	1.27e-04
 3.79034e+16	9.48e-01	5.15e-02	1.25e-04
 3.79042e+16	9.49e-01	5.06e-02	1.23e-04
 3.79049e+16	9.50e-01	4.98e-02	1.21e-04
 3.79056e+16	9.51e-01	4.91e-02	1.19e-04
 3.79062e+16	9.51e-01	4.84e-02	1.17e-04
 3.79069e+16	9.52e-01	4.77e-02	1.15e-04
 3.79076e+16	9.53e-01	4.70e-02	1.13e-04
 3.79083e+16	9.54e-01	4.63e-02	1.11e-04
 3.79089e+16	9.54e-01	4.58e-02	1.10e-04
 3.79095e+16	9.55e-01	4.51e-02	1.08e-04
 3.79103e+16	9.55e-01	4.44e-02	1.07e-04
 3.79109e+16	9.56e-01	4.38e-02	1.05e-04
 3.79116e+16	9.57e-01	4.31e-02	1.03e-04
 3.79124e+16	9.57e-01	4.25e-02	1.01e-04
 3.79131e+16	9.58e-01	4.18e-02	9.97e-05
 3.79137e+16	9.59e-01	4.13e-02	9.81e-05
 3.79144e+16	9.59e-01	4.07e-02	9.66e-05
 3.79152e+16	9.60e-01	4.00e-02	9.49e-05
 3.79158e+16	9.60e-01	3.94e-02	9.34e-05
 3.79165e+16	9.61e-01	3.90e-02	9.22e-05
 3.79171e+16	9.62e-01	3.84e-02	9.06e-05
 3.79179e+16	9.62e-01	3.78e-02	8.91e-05
 3.79186e+16	9.63e-01	3.73e-02	8.77e-05
 3.79193e+16	9.63e-01	3.67e-02	8.63e-05
 3.79201e+16	9.64e-01	3.62e-02	8.48e-05
 3.79208e+16	9.64e-01	3.57e-02	8.36e-05
 3.79216e+16	9.65e-01	3.51e-02	8.21e-05
 3.79224e+16	9.65e-01	3.45e-02	8.06e-05
 3.79232e+16	9.66e-01	3.40e-02	7.94e-05
 3.79241e+16	9.66e-01	3.35e-02	7.79e-05
 3.79250e+16	9.67e-01	3.29e-02	7.65e-05
 3.79258e+16	9.68e-01	3.24e-02	7.53e-05
 3.79267e+16	9.68e-01	3.18e-02	7.38e-05
 3.79277e+16	9.69e-01	3.13e-02	7.24e-05
 3.79286e+16	9.69e-01	3.08e-02	7.12e-05
 3.79296e+16	9.70e-01	3.02e-02	6.98e-05
 3.79307e+16	9.70e-01	2.97e-02	6.84e-05
 3.79316e+16	9.71e-01	2.92e-02	6.72e-05
 3.79325e+16	9.71e-01	2.88e-02	6.61e-05
 3.79335e+16	9.72e-01	2.83e-02	6.49e-05
 3.79345e+16	9.72e-01	2.78e-02	6.37e-05
 3.79355e+16	9.73e-01	2.74e-02	6.27e-05
 3.79365e+16	9.73e-01	2.69e-02	6.15e-05
 3.79376e+16	9.73e-01	2.65e-02	6.03e-05
 3.79387e+16	9.74e-01	2.61e-02	5.93e-05
 3.79398e+16	9.74e-01	2.56e-02	5.82e-05
 3.79410e+16	9.75e-01	2.52e-02	5.71e-05
 3.79421e+16	9.75e-01	2.48e-02	5.61e-05
 3.79433e+16	9.76e-01	2.43e-02	5.50e-05
 3.79446e+16	9.76e-01	2.39e-02	5.40e-05
 3.79458e+16	9.76e-01	2.35e-02	5.31e-05
 3.79471e+16	9.77e-01	2.31e-02	5.20e-05
 3.79488e+16	9.77e-01	2.26e-02	5.08e-05
 3.79506e+16	9.78e-01	2.21e-02	4.96e-05
 3.79522e+16	9.78e-01	2.17e-02	4.86e-05
 3.79537e+16	9.79e-01	2.13e-02	4.77e-05
 3.79554e+16	9.79e-01	2.09e-02	4.66e-05
 3.79572e+16	9.79e-01	2.05e-02	4.57e-05
 3.79588e+16	9.80e-01	2.02e-02	4.49e-05
 3.79606e+16	9.80e-01	1.98e-02	4.39e-05
 3.79629e+16	9.81e-01	1.93e-02	4.28e-05
 3.79654e+16	9.81e-01	1.89e-02	4.18e-05
 3.79677e+16	9.81e-01	1.86e-02	4.10e-05
 3.79702e+16	9.82e-01	1.82e-02	4.00e-05
 3.79728e+16	9.82e-01	1.78e-02	3.91e-05
 3.79753e+16	9.82e-01	1.75e-02	3.84e-05
 3.79780e+16	9.83e-01	1.71e-02	3.75e-05
 3.79814e+16	9.83e-01	1.68e-02	3.66e-05
 3.79852e+16	9.84e-01	1.64e-02	3.58e-05
 3.79886e+16	9.84e-01	1.61e-02	3.50e-05
 3.79924e+16	9.84e-01	1.58e-02	3.42e-05
 3.79973e+16	9.85e-01	1.55e-02	3.34e-05
 3.80025e+16	9.85e-01	1.52e-02	3.27e-05
 3.80073e+16	9.85e-01	1.49e-02	3.21e-05
 3.80125e+16	9.85e-01	1.47e-02	3.14e-05
 3.80194e+16	9.86e-01	1.44e-02	3.07e-05
 3.80282e+16	9.86e-01	1.41e-02	2.99e-05
 3.80378e+16	9.86e-01	1.39e-02	2.93e-05
 3.80483e+16	9.86e-01	1.37e-02	2.87e-05
 3.80619e+16	9.87e-01	1.34e-02	2.79e-05
 3.80797e+16	9.87e-01	1.32e-02	2.71e-05
 3.81027e+16	9.87e-01	1.29e-02	2.63e-05
 3.81327e+16	9.87e-01	1.26e-02	2.52e-05
 3.81650e+16	9.88e-01	1.24e-02	2.43e-05
 3.82005e+16	9.88e-01	1.21e-02	2.33e-05
 3.82387e+16	9.88e-01	1.19e-02	2.23e-05
 3.82735e+16	9.88e-01	1.16e-02	2.15e-05
 3.83117e+16	9.89e-01	1.14e-02	2.05e-05
 3.83529e+16	9.89e-01	1.11e-02	1.96e-05
 3.83904e+16	9.89e-01	1.09e-02	1.89e-05
 3.84315e+16	9.89e-01	1.06e-02	1.80e-05
 3.84758e+16	9.90e-01	1.04e-02	1.72e-05
 3.85162e+16	9.90e-01	1.02e-02	1.65e-05
 3.85604e+16	9.90e-01	9.91e-03	1.57e-05
 3.86081e+16	9.90e-01	9.67e-03	1.49e-05
 3.86516e+16	9.91e-01	9.46e-03	1.43e-05
 3.86992e+16	9.91e-01	9.22e-03	1.36e-05
 3.87506e+16	9.91e-01	8.98e-03	1.29e-05
 3.87973e+16	9.91e-01	8.77e-03	1.23e-05
 3.88486e+16	9.91e-01	8.54e-03	1.17e-05
 3.89039e+16	9.92e-01	8.30e-03	1.10e-05
 3.89542e+16	9.92e-01	8.11e-03	1.05e-05
 3.90094e+16	9.92e-01	7.88e-03	9.95e-06
 3.90690e+16	9.92e-01	7.66e-03	9.40e-06
 3.91232e+16	9.93e-01	7.46e-03	8.94e-06
 3.91826e+16	9.93e-01	7.25e-03	8.43e-06
 3.92598e+16	9.93e-01	6.97e-03	7.81e-06
 3.93491e+16	9.93e-01	6.68e-03	7.19e-06
 3.94408e+16	9.94e-01	6.41e-03	6.61e-06
 3.95350e+16	9.94e-01	6.14e-03	6.07e-06
 3.96332e+16	9.94e-01	5.87e-03	5.57e-06
 3.97353e+16	9.94e-01	5.61e-03	5.09e-06
 3.98411e+16	9.95e-01	5.36e-03	4.64e-06
 3.99506e+16	9.95e-01	5.11e-03	4.23e-06
 4.00626e+16	9.95e-01	4.88e-03	3.85e-06
 4.01765e+16	9.95e-01	4.65e-03	3.50e-06
 4.02925e+16	9.96e-01	4.43e-03	3.18e-06
 4.04109e+16	9.96e-01	4.22e-03	2.89e-06
 4.05318e+16	9.96e-01	4.02e-03	2.63e-06
 4.06549e+16	9.96e-01	3.83e-03	2.38e-06
 4.07804e+16	9.96e-01	3.65e-03	2.16e-06
 4.09083e+16	9.97e-01	3.47e-03	1.96e-06
 4.10388e+16	9.97e-01	3.30e-03	1.77e-06
 4.11717e+16	9.97e-01	3.14e-03	1.61e-06
 4.13052e+16	9.97e-01	2.99e-03	1.46e-06
 4.14407e+16	9.97e-01	2.84e-03	1.32e-06
 4.15814e+16	9.97e-01	2.70e-03	1.19e-06
 4.17258e+16	9.97e-01	2.56e-03	1.07e-06
 4.18726e+16	9.98e-01	2.43e-03	9.65e-07
 4.20220e+16	9.98e-01	2.31e-03	8.68e-07
 4.21743e+16	9.98e-01	2.19e-03	7.80e-07
 4.23298e+16	9.98e-01	2.07e-03	7.01e-07
 4.24886e+16	9.98e-01	1.96e-03	6.28e-07
 4.26506e+16	9.98e-01	1.86e-03	5.63e-07
 4.28162e+16	9.98e-01	1.76e-03	5.03e-07
 4.29854e+16	9.98e-01	1.66e-03	4.50e-07
 4.31584e+16	9.98e-01	1.57e-03	4.01e-07
 4.33352e+16	9.99e-01	1.48e-03	3.57e-07
 4.35161e+16	9.99e-01	1.40e-03	3.18e-07
 4.37011e+16	9.99e-01	1.32e-03	2.82e-07
 4.38907e+16	9.99e-01	1.24e-03	2.50e-07
 4.40850e+16	9.99e-01	1.17e-03	2.21e-07
 4.42840e+16	9.99e-01	1.10e-03	1.95e-07
 4.44881e+16	9.99e-01	1.03e-03	1.72e-07
 4.46979e+16	9.99e-01	9.70e-04	1.51e-07
 4.49134e+16	9.99e-01	9.09e-04	1.32e-07
 4.51351e+16	9.99e-01	8.51e-04	1.16e-07
 4.53633e+16	9.99e-01	7.96e-04	1.01e-07
 4.55985e+16	9.99e-01	7.44e-04	8.76e-08
 4.58377e+16	9.99e-01	6.95e-04	7.60e-08
 4.60825e+16	9.99e-01	6.47e-04	6.58e-08
 4.63402e+16	9.99e-01	6.02e-04	5.65e-08
 4.66107e+16	9.99e-01	5.58e-04	4.83e-08
 4.68910e+16	9.99e-01	5.16e-04	4.11e-08
 4.71814e+16	1.00e+00	4.76e-04	3.48e-08
 4.74843e+16	1.00e+00	4.38e-04	2.92e-08
 4.78022e+16	1.00e+00	4.02e-04	2.44e-08
 4.81360e+16	1.00e+00	3.67e-04	2.02e-08
 4.84862e+16	1.00e+00	3.34e-04	1.66e-08
 4.88577e+16	1.00e+00	3.03e-04	1.35e-08
 4.92503e+16	1.00e+00	2.73e-04	1.09e-08
 4.96683e+16	1.00e+00	2.45e-04	8.63e-09
 5.01193e+16	1.00e+00	2.17e-04	6.73e-09
 5.06040e+16	1.00e+00	1.91e-04	5.16e-09
 5.11295e+16	1.00e+00	1.67e-04	3.87e-09
 5.17059e+16	1.00e+00	1.43e-04	2.82e-09
 5.23464e+16	1.00e+00	1.21e-04	2.00e-09
 5.30679e+16	1.00e+00	9.98e-05	1.35e-09
 5.38976e+16	1.00e+00	8.00e-05	8.59e-10
 5.48479e+16	1.00e+00	6.21e-05	5.15e-10
 5.59193e+16	1.00e+00	4.67e-05	2.91e-10
 5.70780e+16	1.00e+00	3.44e-05	1.59e-10
 5.82709e+16	1.00e+00	2.52e-05	8.59e-11
 5.94969e+16	1.00e+00	1.84e-05	4.60e-11
 6.07844e+16	1.00e+00	1.32e-05	2.42e-11
 6.21550e+16	1.00e+00	9.37e-06	1.23e-11
 6.36174e+16	1.00e+00	6.54e-06	6.11e-12
 6.51550e+16	1.00e+00	4.52e-06	2.98e-12
 6.67211e+16	1.00e+00	3.14e-06	1.46e-12
 6.82872e+16	1.00e+00	2.20e-06	7.30e-13
 6.98533e+16	1.00e+00	1.56e-06	3.71e-13
 7.14194e+16	1.00e+00	1.11e-06	1.91e-13
 7.29855e+16	1.00e+00	7.96e-07	1.00e-13
 7.45516e+16	1.00e+00	5.76e-07	5.35e-14
 7.61177e+16	1.00e+00	4.21e-07	2.90e-14
 7.76838e+16	1.00e+00	3.10e-07	1.59e-14
 7.92498e+16	1.00e+00	2.30e-07	8.85e-15
 8.08159e+16	1.00e+00	1.72e-07	5.00e-15
 8.26169e+16	1.00e+00	1.23e-07	2.58e-15
 8.46835e+16	1.00e+00	8.51e-08	1.26e-15
 8.67807e+16	1.00e+00	5.95e-08	6.23e-16
 8.88779e+16	1.00e+00	4.20e-08	3.14e-16
 9.11619e+16	1.00e+00	2.89e-08	1.50e-16
 9.36326e+16	1.00e+00	1.97e-08	7.03e-17
 9.61032e+16	1.00e+00	1.36e-08	3.36e-17
 9.86797e+16	1.00e+00	9.27e-09	1.58e-17
 1.01401e+17	1.00e+00	6.30e-09	7.36e-18
 1.04203e+17	1.00e+00	4.28e-09	3.42e-18
 1.07045e+17	1.00e+00	2.93e-09	1.61e-18
 1.09887e+17	1.00e+00	2.03e-09	7.76e-19
 1.12729e+17	1.00e+00	1.42e-09	3.81e-19
 1.15571e+17	1.00e+00	1.00e-09	1.90e-19
 1.18413e+17	1.00e+00	7.11e-10	9.68e-20
 1.21256e+17	1.00e+00	5.11e-10	5.00e-20
 1.24098e+17	1.00e+00	3.69e-10	2.63e-20
 1.26941e+17	1.00e+00	2.69e-10	1.40e-20
 1.29783e+17	1.00e+00	1.98e-10	7.58e-21
 1.32626e+17	1.00e+00	1.46e-10	0.00e+00
 1.35468e+17	1.00e+00	1.09e-10	0.00e+00
 1.38454e+17	1.00e+00	8.03e-11	0.00e+00
 1.41584e+17	1.00e+00	5.90e-11	0.00e+00
 1.44715e+17	1.00e+00	4.37e-11	0.00e+00
 1.47845e+17	1.00e+00	3.27e-11	0.00e+00
 1.51374e+17	1.00e+00	2.36e-11	0.00e+00
 1.55303e+17	1.00e+00	1.68e-11	0.00e+00
 1.59386e+17	1.00e+00	1.19e-11	0.00e+00
 1.63684e+17	1.00e+00	8.52e-12	0.00e+00
 1.68086e+17	1.00e+00	6.17e-12	0.00e+00
 1.72550e+17	1.00e+00	4.58e-12	0.00e+00
 1.77123e+17	1.00e+00	3.48e-12	0.00e+00
 1.81784e+17	1.00e+00	2.72e-12	0.00e+00
 1.86444e+17	1.00e+00	2.21e-12	0.00e+00
 1.91265e+17	1.00e+00	1.85e-12	0.00e+00
 1.96318e+17	1.00e+00	1.58e-12	0.00e+00
 2.01492e+17	1.00e+00	1.38e-12	0.00e+00
 2.06792e+17	1.00e+00	1.25e-12	0.00e+00
 2.12258e+17	1.00e+00	1.15e-12	0.00e+00
 2.17818e+17	1.00e+00	1.08e-12	0.00e+00
 2.23307e+17	1.00e+00	1.03e-12	0.00e+00
 2.28657e+17	1.00e+00	1.01e-12	0.00e+00
 2.33879e+17	1.00e+00	1.01e-12	0.00e+00
 2.38976e+17	1.00e+00	1.00e-12	0.00e+00
 2.43921e+17	1.00e+00	1.01e-12	0.00e+00
 2.48685e+17	1.00e+00	1.01e-12	0.00e+00
 2.53257e+17	1.00e+00	1.02e-12	0.00e+00
 2.57619e+17	1.00e+00	1.04e-12	0.00e+00
 2.61765e+17	1.00e+00	1.05e-12	0.00e+00
 2.65705e+17	1.00e+00	1.07e-12	0.00e+00
 2.69448e+17	1.00e+00	1.09e-12	0.00e+00
 2.72998e+17	1.00e+00	1.10e-12	0.00e+00
 2.76357e+17	1.00e+00	1.12e-12	0.00e+00
 2.79527e+17	1.00e+00	1.14e-12	0.00e+00
 2.82520e+17	1.00e+00	1.15e-12	0.00e+00
 2.85346e+17	1.00e+00	1.17e-12	0.00e+00
 2.88015e+17	1.00e+00	1.19e-12	0.00e+00
 2.90534e+17	1.00e+00	1.20e-12	0.00e+00
 2.92913e+17	1.00e+00	1.21e-12	0.00e+00
 2.95159e+17	1.00e+00	1.23e-12	0.00e+00
 2.97280e+17	1.00e+00	1.24e-12	0.00e+00
 2.99284e+17	1.00e+00	1.25e-12	0.00e+00
 3.01179e+17	1.00e+00	1.26e-12	0.00e+00
 3.02970e+17	1.00e+00	1.27e-12	0.00e+00
 3.04665e+17	1.00e+00	1.28e-12	0.00e+00
 3.06268e+17	1.00e+00	1.29e-12	0.00e+00
 3.07786e+17	1.00e+00	1.30e-12	0.00e+00
 3.09223e+17	1.00e+00	1.31e-12	0.00e+00
 3.10586e+17	1.00e+00	1.32e-12	0.00e+00
 3.11878e+17	1.00e+00	1.33e-12	0.00e+00
 3.13104e+17	1.00e+00	1.33e-12	0.00e+00
 3.14267e+17	1.00e+00	1.34e-12	0.00e+00
 3.15371e+17	1.00e+00	1.34e-12	0.00e+00
 3.16419e+17	1.00e+00	1.35e-12	0.00e+00
 3.17416e+17	1.00e+00	1.36e-12	0.00e+00
 3.18364e+17	1.00e+00	1.36e-12	0.00e+00
 3.19266e+17	1.00e+00	1.37e-12	0.00e+00
 3.20125e+17	1.00e+00	1.37e-12	0.00e+00
 3.20944e+17	1.00e+00	1.37e-12	0.00e+00
 3.21724e+17	1.00e+00	1.38e-12	0.00e+00
 3.22468e+17	1.00e+00	1.38e-12	0.00e+00
 3.23178e+17	1.00e+00	1.38e-12	0.00e+00
 3.23857e+17	1.00e+00	1.39e-12	0.00e+00
 3.24507e+17	1.00e+00	1.39e-12	0.00e+00
 3.25129e+17	1.00e+00	1.39e-12	0.00e+00
 3.25725e+17	1.00e+00	1.40e-12	0.00e+00
 3.26296e+17	1.00e+00	1.40e-12	0.00e+00
 3.26846e+17	1.00e+00	1.40e-12	0.00e+00
 3.27374e+17	1.00e+00	1.40e-12	0.00e+00
 3.27884e+17	1.00e+00	1.41e-12	0.00e+00
 3.28375e+17	1.00e+00	1.41e-12	0.00e+00
 3.28850e+17	1.00e+00	1.41e-12	0.00e+00
 3.29311e+17	1.00e+00	1.41e-12	0.00e+00
 3.29758e+17	1.00e+00	1.41e-12	0.00e+00
 3.30193e+17	1.00e+00	1.42e-12	0.00e+00
 3.30619e+17	1.00e+00	1.42e-12	0.00e+00
 3.31035e+17	1.00e+00	1.42e-12	0.00e+00
 3.31444e+17	1.00e+00	1.42e-12	0.00e+00
 3.31847e+17	1.00e+00	1.42e-12	0.00e+00
 3.32247e+17	1.00e+00	1.42e-12	0.00e+00
 3.32645e+17	1.00e+00	1.42e-12	0.00e+00
 3.33043e+17	1.00e+00	1.42e-12	0.00e+00
 3.33444e+17	1.00e+00	1.42e-12	0.00e+00
 3.33851e+17	1.00e+00	1.42e-12	0.00e+00
 3.34266e+17	1.00e+00	1.42e-12	0.00e+00
 3.34693e+17	1.00e+00	1.42e-12	0.00e+00
 3.35138e+17	1.00e+00	1.42e-12	0.00e+00
 3.35606e+17	1.00e+00	1.42e-12	0.00e+00
 3.36105e+17	1.00e+00	1.42e-12	0.00e+00
 3.36645e+17	1.00e+00	1.42e-12	0.00e+00
 3.37237e+17	1.00e+00	1.42e-12	0.00e+00
 3.37901e+17	1.00e+00	1.42e-12	0.00e+00
 3.38662e+17	1.00e+00	1.41e-12	0.00e+00
 3.39553e+17	1.00e+00	1.41e-12	0.00e+00
 3.40628e+17	1.00e+00	1.39e-12	0.00e+00
 3.41967e+17	1.00e+00	1.38e-12	0.00e+00
 3.43684e+17	1.00e+00	1.35e-12	0.00e+00
 3.45917e+17	1.00e+00	1.31e-12	0.00e+00
 3.48819e+17	1.00e+00	1.24e-12	0.00e+00
 3.52593e+17	1.00e+00	1.15e-12	0.00e+00
 3.57498e+17	1.00e+00	1.04e-12	0.00e+00
 3.63875e+17	1.00e+00	8.94e-13	0.00e+00
 3.72165e+17	1.00e+00	7.28e-13	0.00e+00
 3.82942e+17	1.00e+00	5.51e-13	0.00e+00
 3.96814e+17	1.00e+00	3.76e-13	0.00e+00
 4.12686e+17	1.00e+00	2.32e-13	0.00e+00
 4.29194e+17	1.00e+00	2.02e-13	0.00e+00
 4.46361e+17	1.00e+00	1.79e-13	0.00e+00
 4.64216e+17	1.00e+00	1.57e-13	0.00e+00
 4.82784e+17	1.00e+00	1.36e-13	0.00e+00
 5.02096e+17	1.00e+00	1.18e-13	0.00e+00
 5.22180e+17	1.00e+00	1.00e-13	0.00e+00
 5.43067e+17	1.00e+00	8.44e-14	0.00e+00
 5.64790e+17	1.00e+00	7.01e-14	0.00e+00
 5.86486e+17	1.00e+00	5.73e-14	0.00e+00
 6.06347e+17	1.00e+00	5.96e-14	0.00e+00
 6.23688e+17	1.00e+00	7.99e-14	0.00e+00
 6.39341e+17	1.00e+00	9.95e-14	0.00e+00
 6.54309e+17	1.00e+00	1.06e-13	0.00e+00
 6.68871e+17	1.00e+00	9.97e-14	0.00e+00
 6.82444e+17	1.00e+00	9.56e-14	0.00e+00
 6.94347e+17	1.00e+00	1.01e-13	0.00e+00
 7.04499e+17	1.00e+00	1.13e-13	0.00e+00
 7.13382e+17	1.00e+00	1.21e-13	0.00e+00
 7.21093e+17	1.00e+00	1.21e-13	0.00e+00
 7.26855e+17	1.00e+00	1.25e-13	0.00e+00
 7.30350e+17	1.00e+00	1.39e-13	0.00e+00
 7.32330e+17	1.00e+00	1.50e-13	0.00e+00
 7.33518e+17	1.00e+00	1.57e-13	0.00e+00
 7.34230e+17	1.00e+00	1.61e-13	0.00e+00
 7.34705e+17	1.00e+00	1.63e-13	0.00e+00
 7.35125e+17	1.00e+00	1.65e-13	0.00e+00
 7.35601e+17	1.00e+00	1.66e-13	0.00e+00
 7.36158e+17	1.00e+00	1.68e-13	0.00e+00
 7.36677e+17	1.00e+00	1.68e-13	0.00e+00
 7.37077e+17	1.00e+00	1.69e-13	0.00e+00
 7.37415e+17	1.00e+00	1.69e-13	0.00e+00
 7.37752e+17	1.00e+00	1.70e-13	0.00e+00
 7.38109e+17	1.00e+00	1.70e-13	0.00e+00
 7.38471e+17	1.00e+00	1.70e-13	0.00e+00
 7.38790e+17	1.00e+00	1.70e-13	0.00e+00
 7.39055e+17	1.00e+00	1.69e-13	0.00e+00
 7.39299e+17	1.00e+00	1.69e-13	0.00e+00
 7.39555e+17	1.00e+00	1.69e-13	0.00e+00
 7.39839e+17	1.00e+00	1.69e-13	0.00e+00
 7.40116e+17	1.00e+00	1.68e-13	0.00e+00
 7.40349e+17	1.00e+00	1.68e-13	0.00e+00
 7.40546e+17	1.00e+00	1.68e-13	0.00e+00
 7.40752e+17	1.00e+00	1.67e-13	0.00e+00
 7.40974e+17	1.00e+00	1.67e-13	0.00e+00
 7.41192e+17	1.00e+00	1.67e-13	0.00e+00
 7.41391e+17	1.00e+00	1.66e-13	0.00e+00
 7.41574e+17	1.00e+00	1.66e-13	0.00e+00
 7.41761e+17	1.00e+00	1.65e-13	0.00e+00
 7.41953e+17	1.00e+00	1.65e-13	0.00e+00
 7.42145e+17	1.00e+00	1.64e-13	0.00e+00
 7.42326e+17	1.00e+00	1.64e-13	0.00e+00
 7.42502e+17	1.00e+00	1.63e-13	0.00e+00
 7.42682e+17	1.00e+00	1.63e-13	0.00e+00
 7.42864e+17	1.00e+00	1.62e-13	0.00e+00
 7.43047e+17	1.00e+00	1.62e-13	0.00e+00
 7.43230e+17	1.00e+00	1.61e-13	0.00e+00
 7.43404e+17	1.00e+00	1.60e-13	0.00e+00
 7.43574e+17	1.00e+00	1.60e-13	0.00e+00
 7.43748e+17	1.00e+00	1.59e-13	0.00e+00
 7.43942e+17	1.00e+00	1.58e-13	0.00e+00
 7.44151e+17	1.00e+00	1.57e-13	0.00e+00
 7.44344e+17	1.00e+00	1.57e-13	0.00e+00
 7.44516e+17	1.00e+00	1.56e-13	0.00e+00
 7.44700e+17	1.00e+00	1.55e-13	0.00e+00
 7.44907e+17	1.00e+00	1.54e-13	0.00e+00
 7.45133e+17	1.00e+00	1.53e-13	0.00e+00
 7.45365e+17	1.00e+00	1.52e-13	0.00e+00
 7.45570e+17	1.00e+00	1.51e-13	0.00e+00
 7.45766e+17	1.00e+00	1.50e-13	0.00e+00
 7.45985e+17	1.00e+00	1.49e-13	0.00e+00
 7.46210e+17	1.00e+00	1.48e-13	0.00e+00
 7.46444e+17	1.00e+00	1.47e-13	0.00e+00
 7.46699e+17	1.00e+00	1.46e-13	0.00e+00
 7.46951e+17	1.00e+00	1.45e-13	0.00e+00
 7.47180e+17	1.00e+00	1.44e-13	0.00e+00
 7.47418e+17	1.00e+00	1.42e-13	0.00e+00
 7.47696e+17	1.00e+00	1.41e-13	0.00e+00
 7.47999e+17	1.00e+00	1.39e-13	0.00e+00
 7.48283e+17	1.00e+00	1.38e-13	0.00e+00
 7.48549e+17	1.00e+00	1.36e-13	0.00e+00
 7.48828e+17	1.00e+00	1.35e-13	0.00e+00
 7.49132e+17	1.00e+00	1.34e-13	0.00e+00
 7.49465e+17	1.00e+00	1.32e-13	0.00e+00
 7.49801e+17	1.00e+00	1.30e-13	0.00e+00
 7.50128e+17	1.00e+00	1.28e-13	0.00e+00
 7.50451e+17	1.00e+00	1.26e-13	0.00e+00
 7.50784e+17	1.00e+00	1.25e-13	0.00e+00
 7.51139e+17	1.00e+00	1.23e-13	0.00e+00
 7.51506e+17	1.00e+00	1.21e-13	0.00e+00
 7.51884e+17	1.00e+00	1.18e-13	0.00e+00
 7.52271e+17	1.00e+00	1.16e-13	0.00e+00
 7.52679e+17	1.00e+00	1.14e-13	0.00e+00
 7.53099e+17	1.00e+00	1.12e-13	0.00e+00
 7.53503e+17	1.00e+00	1.10e-13	0.00e+00
 7.53915e+17	1.00e+00	1.07e-13	0.00e+00
 7.54363e+17	1.00e+00	1.05e-13	0.00e+00
 7.54822e+17	1.00e+00	1.02e-13	0.00e+00
 7.55277e+17	1.00e+00	1.00e-13	0.00e+00
 7.55736e+17	1.00e+00	9.76e-14	0.00e+00
 7.56211e+17	1.00e+00	9.51e-14	0.00e+00
 7.56709e+17	1.00e+00	9.25e-14	0.00e+00
 7.57220e+17	1.00e+00	8.98e-14	0.00e+00
 7.57731e+17	1.00e+00	8.71e-14	0.00e+00
 7.58235e+17	1.00e+00	8.45e-14	0.00e+00
 7.58759e+17	1.00e+00	8.20e-14	0.00e+00
 7.59321e+17	1.00e+00	7.92e-14	0.00e+00
 7.59901e+17	1.00e+00	7.63e-14	0.00e+00
 7.60471e+17	1.00e+00	7.35e-14	0.00e+00
 7.61037e+17	1.00e+00	7.08e-14	0.00e+00
 7.61619e+17	1.00e+00	6.81e-14	0.00e+00
 7.62229e+17	1.00e+00	6.54e-14	0.00e+00
 7.62855e+17	1.00e+00	6.25e-14	0.00e+00
 7.63491e+17	1.00e+00	5.97e-14	0.00e+00
 7.64128e+17	1.00e+00	5.69e-14	0.00e+00
 7.64762e+17	1.00e+00	5.43e-14	0.00e+00
 7.65410e+17	1.00e+00	5.17e-14	0.00e+00
 7.66104e+17	1.00e+00	4.90e-14	0.00e+00
 7.66824e+17	1.00e+00	4.61e-14	0.00e+00
 7.67511e+17	1.00e+00	4.35e-14	0.00e+00
 7.68183e+17	1.00e+00	4.11e-14	0.00e+00
 7.68887e+17	1.00e+00	3.87e-14	0.00e+00
 7.69641e+17	1.00e+00	3.63e-14	0.00e+00
 7.70437e+17	1.00e+00	3.38e-14	0.00e+00
 7.71254e+17	1.00e+00	3.12e-14	0.00e+00
 7.72057e+17	1.00e+00	2.89e-14	0.00e+00
 7.72815e+17	1.00e+00	2.67e-14	0.00e+00
 7.73495e+17	1.00e+00	2.48e-14	0.00e+00
 7.74093e+17	1.00e+00	2.33e-14	0.00e+00
 7.74633e+17	1.00e+00	2.19e-14	0.00e+00
 7.75146e+17	1.00e+00	2.07e-14	0.00e+00
 7.75639e+17	1.00e+00	1.97e-14	0.00e+00
 7.76113e+17	1.00e+00	1.87e-14	0.00e+00
 7.76563e+17	1.00e+00	1.77e-14	0.00e+00
 7.76985e+17	1.00e+00	1.69e-14	0.00e+00
 7.77383e+17	1.00e+00	1.61e-14	0.00e+00
 7.77764e+17	1.00e+00	1.54e-14	0.00e+00
 7.78134e+17	1.00e+00	1.48e-14	0.00e+00
 7.78493e+17	1.00e+00	1.41e-14	0.00e+00
 7.78837e+17	1.00e+00	1.36e-14	0.00e+00
 7.79164e+17	1.00e+00	1.30e-14	0.00e+00
 7.79480e+17	1.00e+00	1.25e-14	0.00e+00
 7.79785e+17	1.00e+00	1.20e-14	0.00e+00
 7.80083e+17	1.00e+00	1.16e-14	0.00e+00
 7.80371e+17	1.00e+00	1.12e-14	0.00e+00
 7.80650e+17	1.00e+00	1.08e-14	0.00e+00
 7.80918e+17	1.00e+00	1.04e-14	0.00e+00
 7.81179e+17	1.00e+00	1.00e-14	0.00e+00
 7.81433e+17	1.00e+00	9.68e-15	0.00e+00
