#depth	O	O+	O+2	O+3	O+4	O+5	O+6	O+7	O+8	O[1]	O[2]	O[3]
 1.49634e+10	0.00e+00	4.92e-45	1.47e-34	4.10e-25	1.69e-16	9.38e-09	1.00e+00	1.06e-06	0.00e+00	0.00e+00	0.00e+00	0.00e+00
 4.54887e+10	0.00e+00	0.00e+00	2.01e-34	5.20e-25	1.98e-16	1.02e-08	1.00e+00	9.79e-07	1.81e-16	0.00e+00	0.00e+00	0.00e+00
 7.72350e+10	0.00e+00	1.09e-44	2.76e-34	6.61e-25	2.32e-16	1.10e-08	1.00e+00	0.00e+00	0.00e+00	0.00e+00	0.00e+00	0.00e+00
 1.10251e+11	0.00e+00	0.00e+00	3.80e-34	8.39e-25	2.72e-16	1.19e-08	1.00e+00	0.00e+00	0.00e+00	0.00e+00	0.00e+00	0.00e+00
 1.42251e+11	0.00e+00	2.34e-44	5.11e-34	1.05e-24	3.16e-16	1.28e-08	1.00e+00	0.00e+00	0.00e+00	0.00e+00	0.00e+00	0.00e+00
 1.71592e+11	0.00e+00	0.00e+00	6.64e-34	1.28e-24	3.61e-16	1.37e-08	1.00e+00	0.00e+00	0.00e+00	0.00e+00	0.00e+00	0.00e+00
 2.04189e+11	0.00e+00	4.63e-44	8.82e-34	1.58e-24	4.16e-16	1.47e-08	1.00e+00	0.00e+00	0.00e+00	0.00e+00	0.00e+00	0.00e+00
 2.42029e+11	0.00e+00	0.00e+00	1.21e-33	2.00e-24	4.88e-16	1.60e-08	1.00e+00	0.00e+00	0.00e+00	0.00e+00	0.00e+00	0.00e+00
 2.79526e+11	0.00e+00	1.00e-43	1.64e-33	2.51e-24	5.68e-16	1.72e-08	1.00e+00	0.00e+00	0.00e+00	0.00e+00	0.00e+00	0.00e+00
 3.18523e+11	0.00e+00	0.00e+00	2.22e-33	3.16e-24	6.61e-16	1.86e-08	1.00e+00	0.00e+00	0.00e+00	0.00e+00	0.00e+00	0.00e+00
 3.61191e+11	0.00e+00	2.18e-43	3.05e-33	4.02e-24	7.77e-16	2.01e-08	1.00e+00	0.00e+00	0.00e+00	0.00e+00	0.00e+00	0.00e+00
 4.04389e+11	0.00e+00	0.00e+00	4.17e-33	5.08e-24	9.09e-16	2.18e-08	1.00e+00	0.00e+00	0.00e+00	0.00e+00	0.00e+00	0.00e+00
 4.49315e+11	0.00e+00	4.76e-43	5.69e-33	6.43e-24	1.06e-15	2.36e-08	1.00e+00	0.00e+00	0.00e+00	0.00e+00	0.00e+00	0.00e+00
 4.97215e+11	0.00e+00	0.00e+00	7.85e-33	8.18e-24	1.25e-15	2.56e-08	1.00e+00	0.00e+00	0.00e+00	0.00e+00	0.00e+00	0.00e+00
 5.47030e+11	0.00e+00	1.06e-42	1.08e-32	1.04e-23	1.47e-15	2.78e-08	1.00e+00	0.00e+00	0.00e+00	0.00e+00	0.00e+00	0.00e+00
 5.98838e+11	0.00e+00	0.00e+00	1.49e-32	1.33e-23	1.73e-15	3.01e-08	1.00e+00	0.00e+00	0.00e+00	0.00e+00	0.00e+00	0.00e+00
 6.52718e+11	0.00e+00	2.37e-42	2.06e-32	1.69e-23	2.04e-15	3.27e-08	1.00e+00	0.00e+00	0.00e+00	0.00e+00	0.00e+00	0.00e+00
 7.08754e+11	0.00e+00	0.00e+00	2.84e-32	2.16e-23	2.40e-15	3.55e-08	1.00e+00	0.00e+00	0.00e+00	0.00e+00	0.00e+00	0.00e+00
 7.67031e+11	0.00e+00	5.31e-42	3.93e-32	2.76e-23	2.83e-15	3.86e-08	1.00e+00	0.00e+00	0.00e+00	0.00e+00	0.00e+00	0.00e+00
 8.27639e+11	0.00e+00	0.00e+00	5.43e-32	3.52e-23	3.33e-15	4.19e-08	1.00e+00	0.00e+00	0.00e+00	0.00e+00	0.00e+00	0.00e+00
 8.84658e+11	0.00e+00	1.15e-41	7.28e-32	4.39e-23	3.87e-15	4.51e-08	1.00e+00	0.00e+00	0.00e+00	0.00e+00	0.00e+00	0.00e+00
 9.35702e+11	0.00e+00	0.00e+00	9.40e-32	5.32e-23	4.40e-15	4.82e-08	1.00e+00	0.00e+00	0.00e+00	0.00e+00	0.00e+00	0.00e+00
 9.93025e+11	0.00e+00	2.23e-41	1.24e-31	6.57e-23	5.07e-15	5.17e-08	1.00e+00	0.00e+00	0.00e+00	0.00e+00	0.00e+00	0.00e+00
 1.06090e+12	0.00e+00	0.00e+00	1.70e-31	8.35e-23	5.96e-15	5.61e-08	1.00e+00	0.00e+00	0.00e+00	0.00e+00	0.00e+00	0.00e+00
 1.12908e+12	0.00e+00	4.87e-41	2.32e-31	1.05e-22	6.98e-15	6.08e-08	1.00e+00	0.00e+00	0.00e+00	0.00e+00	0.00e+00	0.00e+00
 1.19314e+12	0.00e+00	0.00e+00	3.07e-31	1.30e-22	8.05e-15	6.53e-08	1.00e+00	0.00e+00	0.00e+00	0.00e+00	0.00e+00	0.00e+00
 1.26395e+12	0.00e+00	1.00e-40	4.14e-31	1.63e-22	9.38e-15	7.06e-08	1.00e+00	0.00e+00	0.00e+00	0.00e+00	0.00e+00	0.00e+00
 1.34443e+12	0.00e+00	0.00e+00	5.75e-31	2.09e-22	1.11e-14	7.68e-08	1.00e+00	0.00e+00	0.00e+00	0.00e+00	0.00e+00	0.00e+00
 1.42485e+12	0.00e+00	2.24e-40	7.88e-31	2.66e-22	1.31e-14	8.34e-08	1.00e+00	0.00e+00	0.00e+00	0.00e+00	0.00e+00	0.00e+00
 1.50849e+12	0.00e+00	0.00e+00	1.08e-30	3.38e-22	1.54e-14	9.05e-08	1.00e+00	0.00e+00	0.00e+00	0.00e+00	0.00e+00	0.00e+00
 1.59875e+12	0.00e+00	5.01e-40	1.51e-30	4.35e-22	1.82e-14	9.87e-08	1.00e+00	0.00e+00	0.00e+00	0.00e+00	0.00e+00	0.00e+00
 1.68332e+12	0.00e+00	0.00e+00	2.03e-30	5.45e-22	2.12e-14	1.07e-07	1.00e+00	0.00e+00	0.00e+00	0.00e+00	0.00e+00	0.00e+00
 1.75870e+12	0.00e+00	1.00e-39	2.62e-30	6.63e-22	2.42e-14	1.14e-07	1.00e+00	0.00e+00	0.00e+00	0.00e+00	0.00e+00	0.00e+00
 1.84339e+12	0.00e+00	0.00e+00	3.48e-30	8.21e-22	2.81e-14	1.23e-07	1.00e+00	0.00e+00	0.00e+00	0.00e+00	0.00e+00	0.00e+00
 1.94405e+12	0.00e+00	2.12e-39	4.80e-30	1.05e-21	3.32e-14	1.34e-07	1.00e+00	0.00e+00	0.00e+00	0.00e+00	0.00e+00	0.00e+00
 2.04527e+12	0.00e+00	0.00e+00	6.57e-30	1.33e-21	3.90e-14	1.45e-07	1.00e+00	0.00e+00	0.00e+00	0.00e+00	0.00e+00	0.00e+00
 2.13990e+12	0.00e+00	4.46e-39	8.72e-30	1.65e-21	4.53e-14	1.57e-07	1.00e+00	0.00e+00	0.00e+00	0.00e+00	0.00e+00	0.00e+00
 2.24478e+12	0.00e+00	0.00e+00	1.18e-29	2.08e-21	5.30e-14	1.70e-07	1.00e+00	0.00e+00	0.00e+00	0.00e+00	0.00e+00	0.00e+00
 2.36450e+12	0.00e+00	9.83e-39	1.65e-29	2.69e-21	6.32e-14	1.86e-07	1.00e+00	0.00e+00	0.00e+00	0.00e+00	0.00e+00	0.00e+00
 2.48208e+12	0.00e+00	0.00e+00	2.26e-29	3.43e-21	7.46e-14	2.02e-07	1.00e+00	0.00e+00	0.00e+00	0.00e+00	0.00e+00	0.00e+00
 2.59518e+12	0.00e+00	2.09e-38	3.04e-29	4.29e-21	8.71e-14	2.19e-07	1.00e+00	0.00e+00	0.00e+00	0.00e+00	0.00e+00	0.00e+00
 2.71972e+12	0.00e+00	0.00e+00	4.15e-29	5.45e-21	1.03e-13	2.38e-07	1.00e+00	0.00e+00	0.00e+00	0.00e+00	0.00e+00	0.00e+00
 2.85843e+12	0.00e+00	4.67e-38	5.80e-29	7.06e-21	1.23e-13	2.61e-07	1.00e+00	0.00e+00	0.00e+00	0.00e+00	0.00e+00	0.00e+00
 2.99836e+12	0.00e+00	0.00e+00	8.03e-29	9.06e-21	1.46e-13	2.86e-07	1.00e+00	0.00e+00	0.00e+00	0.00e+00	0.00e+00	0.00e+00
 3.14389e+12	0.00e+00	1.04e-37	1.11e-28	1.16e-20	1.74e-13	3.13e-07	1.00e+00	0.00e+00	0.00e+00	0.00e+00	0.00e+00	0.00e+00
 3.29399e+12	0.00e+00	0.00e+00	1.54e-28	1.49e-20	2.07e-13	3.42e-07	1.00e+00	0.00e+00	0.00e+00	0.00e+00	0.00e+00	0.00e+00
 3.44120e+12	0.00e+00	2.27e-37	2.09e-28	1.89e-20	2.44e-13	3.73e-07	1.00e+00	0.00e+00	0.00e+00	0.00e+00	0.00e+00	0.00e+00
 3.59989e+12	0.00e+00	0.00e+00	2.87e-28	2.42e-20	2.90e-13	4.08e-07	1.00e+00	0.00e+00	0.00e+00	0.00e+00	0.00e+00	0.00e+00
 3.77381e+12	0.00e+00	5.06e-37	4.00e-28	3.14e-20	3.48e-13	4.48e-07	1.00e+00	0.00e+00	0.00e+00	0.00e+00	0.00e+00	0.00e+00
 3.95469e+12	0.00e+00	0.00e+00	5.59e-28	4.06e-20	4.17e-13	4.93e-07	1.00e+00	0.00e+00	0.00e+00	0.00e+00	0.00e+00	0.00e+00
 4.14280e+12	0.00e+00	1.15e-36	7.79e-28	5.27e-20	5.01e-13	5.43e-07	1.00e+00	0.00e+00	0.00e+00	0.00e+00	0.00e+00	0.00e+00
 4.33844e+12	0.00e+00	0.00e+00	1.09e-27	6.82e-20	6.02e-13	5.98e-07	1.00e+00	0.00e+00	0.00e+00	0.00e+00	0.00e+00	0.00e+00
 4.51528e+12	0.00e+00	2.44e-36	1.45e-27	8.55e-20	7.07e-13	6.51e-07	1.00e+00	0.00e+00	0.00e+00	0.00e+00	0.00e+00	0.00e+00
 4.66245e+12	1.05e-45	3.24e-36	1.83e-27	1.02e-19	8.05e-13	6.97e-07	1.00e+00	0.00e+00	0.00e+00	0.00e+00	0.00e+00	0.00e+00
 4.82360e+12	0.00e+00	0.00e+00	2.33e-27	1.24e-19	9.24e-13	7.50e-07	1.00e+00	0.00e+00	0.00e+00	0.00e+00	0.00e+00	0.00e+00
 5.02794e+12	0.00e+00	6.29e-36	3.15e-27	1.57e-19	1.10e-12	8.21e-07	1.00e+00	0.00e+00	0.00e+00	0.00e+00	0.00e+00	0.00e+00
 5.24124e+12	3.57e-45	9.06e-36	4.25e-27	2.00e-19	1.30e-12	8.99e-07	1.00e+00	0.00e+00	0.00e+00	0.00e+00	0.00e+00	0.00e+00
 5.42207e+12	0.00e+00	0.00e+00	5.44e-27	2.42e-19	1.49e-12	9.70e-07	1.00e+00	0.00e+00	0.00e+00	0.00e+00	0.00e+00	0.00e+00
 5.60785e+12	0.00e+00	1.64e-35	6.93e-27	2.94e-19	1.72e-12	1.04e-06	1.00e+00	0.00e+00	0.00e+00	0.00e+00	0.00e+00	0.00e+00
 5.84208e+12	1.10e-44	2.33e-35	9.31e-27	3.71e-19	2.04e-12	1.15e-06	1.00e+00	0.00e+00	0.00e+00	0.00e+00	0.00e+00	0.00e+00
 6.08016e+12	0.00e+00	0.00e+00	1.24e-26	4.67e-19	2.41e-12	1.25e-06	1.00e+00	0.00e+00	0.00e+00	0.00e+00	0.00e+00	0.00e+00
 6.28400e+12	0.00e+00	4.38e-35	1.57e-26	5.64e-19	2.76e-12	1.35e-06	1.00e+00	0.00e+00	0.00e+00	0.00e+00	0.00e+00	0.00e+00
 6.50247e+12	3.29e-44	5.88e-35	2.01e-26	6.86e-19	3.18e-12	1.46e-06	1.00e+00	0.00e+00	0.00e+00	0.00e+00	0.00e+00	0.00e+00
 6.77343e+12	0.00e+00	8.33e-35	2.69e-26	8.66e-19	3.77e-12	1.60e-06	1.00e+00	0.00e+00	0.00e+00	0.00e+00	0.00e+00	0.00e+00
 7.05149e+12	7.43e-44	1.17e-34	3.58e-26	1.09e-18	4.47e-12	1.76e-06	1.00e+00	0.00e+00	0.00e+00	0.00e+00	0.00e+00	0.00e+00
 7.30124e+12	0.00e+00	1.57e-34	4.58e-26	1.33e-18	5.16e-12	1.90e-06	1.00e+00	0.00e+00	0.00e+00	0.00e+00	0.00e+00	0.00e+00
 7.57532e+12	1.52e-43	2.15e-34	5.94e-26	1.64e-18	6.02e-12	2.07e-06	1.00e+00	0.00e+00	0.00e+00	0.00e+00	0.00e+00	0.00e+00
 7.89980e+12	0.00e+00	3.05e-34	7.97e-26	2.08e-18	7.17e-12	2.28e-06	1.00e+00	0.00e+00	0.00e+00	0.00e+00	0.00e+00	0.00e+00
 8.22517e+12	3.40e-43	4.27e-34	1.06e-25	2.62e-18	8.47e-12	2.50e-06	1.00e+00	0.00e+00	0.00e+00	0.00e+00	0.00e+00	0.00e+00
 8.53319e+12	0.00e+00	5.79e-34	1.37e-25	3.22e-18	9.87e-12	2.72e-06	1.00e+00	0.00e+00	0.00e+00	0.00e+00	0.00e+00	0.00e+00
 8.87409e+12	7.12e-43	8.01e-34	1.80e-25	4.02e-18	1.16e-11	2.97e-06	1.00e+00	0.00e+00	0.00e+00	0.00e+00	0.00e+00	0.00e+00
 9.25899e+12	0.00e+00	1.14e-33	2.42e-25	5.11e-18	1.38e-11	3.28e-06	1.00e+00	0.00e+00	0.00e+00	0.00e+00	0.00e+00	0.00e+00
 9.64275e+12	1.58e-42	1.58e-33	3.21e-25	6.43e-18	1.63e-11	3.60e-06	1.00e+00	0.00e+00	0.00e+00	0.00e+00	0.00e+00	0.00e+00
 9.98142e+12	0.00e+00	2.10e-33	4.08e-25	7.81e-18	1.88e-11	3.89e-06	1.00e+00	0.00e+00	0.00e+00	0.00e+00	0.00e+00	0.00e+00
 1.02653e+13	2.88e-42	2.64e-33	4.95e-25	9.15e-18	2.11e-11	4.15e-06	1.00e+00	0.00e+00	0.00e+00	0.00e+00	0.00e+00	0.00e+00
 1.05708e+13	0.00e+00	3.36e-33	6.07e-25	1.08e-17	2.38e-11	4.43e-06	1.00e+00	0.00e+00	0.00e+00	0.00e+00	0.00e+00	0.00e+00
 1.09679e+13	5.40e-42	4.54e-33	7.83e-25	1.33e-17	2.76e-11	4.82e-06	1.00e+00	0.00e+00	0.00e+00	0.00e+00	0.00e+00	0.00e+00
 1.13833e+13	0.00e+00	6.14e-33	1.01e-24	1.64e-17	3.21e-11	5.25e-06	1.00e+00	0.00e+00	0.00e+00	0.00e+00	0.00e+00	0.00e+00
 1.17375e+13	1.03e-41	7.88e-33	1.25e-24	1.95e-17	3.63e-11	5.63e-06	1.00e+00	0.00e+00	0.00e+00	0.00e+00	0.00e+00	0.00e+00
 1.21129e+13	0.00e+00	1.02e-32	1.56e-24	2.32e-17	4.13e-11	6.04e-06	1.00e+00	0.00e+00	0.00e+00	0.00e+00	0.00e+00	0.00e+00
 1.25866e+13	1.99e-41	1.39e-32	2.03e-24	2.88e-17	4.82e-11	6.59e-06	1.00e+00	0.00e+00	0.00e+00	0.00e+00	0.00e+00	0.00e+00
 1.30747e+13	0.00e+00	1.89e-32	2.64e-24	3.57e-17	5.62e-11	7.19e-06	1.00e+00	0.00e+00	0.00e+00	0.00e+00	0.00e+00	0.00e+00
 1.35028e+13	3.85e-41	2.46e-32	3.30e-24	4.28e-17	6.39e-11	7.73e-06	1.00e+00	0.00e+00	0.00e+00	0.00e+00	0.00e+00	0.00e+00
 1.39662e+13	0.00e+00	3.24e-32	4.17e-24	5.18e-17	7.32e-11	8.34e-06	1.00e+00	0.00e+00	0.00e+00	0.00e+00	0.00e+00	0.00e+00
 1.44798e+13	7.43e-41	4.34e-32	5.35e-24	6.35e-17	8.46e-11	9.05e-06	1.00e+00	0.00e+00	0.00e+00	0.00e+00	0.00e+00	0.00e+00
 1.49561e+13	0.00e+00	5.65e-32	6.70e-24	7.62e-17	9.62e-11	9.73e-06	1.00e+00	0.00e+00	0.00e+00	0.00e+00	0.00e+00	0.00e+00
 1.54725e+13	1.39e-40	7.46e-32	8.49e-24	9.23e-17	1.10e-10	1.05e-05	1.00e+00	0.00e+00	0.00e+00	0.00e+00	0.00e+00	0.00e+00
 1.60467e+13	0.00e+00	1.00e-31	1.09e-23	1.13e-16	1.27e-10	1.14e-05	1.00e+00	0.00e+00	0.00e+00	0.00e+00	0.00e+00	0.00e+00
 1.65821e+13	2.67e-40	1.31e-31	1.38e-23	1.37e-16	1.45e-10	1.23e-05	1.00e+00	0.00e+00	0.00e+00	0.00e+00	0.00e+00	0.00e+00
 1.71643e+13	0.00e+00	1.74e-31	1.75e-23	1.66e-16	1.66e-10	1.33e-05	1.00e+00	0.00e+00	0.00e+00	0.00e+00	0.00e+00	0.00e+00
 1.78120e+13	5.25e-40	2.36e-31	2.27e-23	2.05e-16	1.93e-10	1.44e-05	1.00e+00	0.00e+00	0.00e+00	0.00e+00	0.00e+00	0.00e+00
 1.84176e+13	0.00e+00	3.11e-31	2.87e-23	2.48e-16	2.20e-10	1.55e-05	1.00e+00	0.00e+00	0.00e+00	0.00e+00	0.00e+00	0.00e+00
 1.90776e+13	1.01e-39	4.16e-31	3.68e-23	3.03e-16	2.53e-10	1.68e-05	1.00e+00	0.00e+00	0.00e+00	0.00e+00	0.00e+00	0.00e+00
 1.98146e+13	0.00e+00	5.69e-31	4.80e-23	3.76e-16	2.94e-10	1.82e-05	1.00e+00	0.00e+00	0.00e+00	0.00e+00	0.00e+00	0.00e+00
 2.05080e+13	2.02e-39	7.58e-31	6.13e-23	4.57e-16	3.37e-10	1.97e-05	1.00e+00	0.00e+00	0.00e+00	0.00e+00	0.00e+00	0.00e+00
 2.12659e+13	0.00e+00	1.03e-30	7.94e-23	5.63e-16	3.88e-10	2.13e-05	1.00e+00	0.00e+00	0.00e+00	0.00e+00	0.00e+00	0.00e+00
 2.21148e+13	4.18e-39	1.43e-30	1.05e-22	7.04e-16	4.53e-10	2.33e-05	1.00e+00	0.00e+00	0.00e+00	0.00e+00	0.00e+00	0.00e+00
 2.29190e+13	0.00e+00	1.93e-30	1.35e-22	8.64e-16	5.22e-10	2.51e-05	1.00e+00	0.00e+00	0.00e+00	0.00e+00	0.00e+00	0.00e+00
 2.37838e+13	8.54e-39	2.65e-30	1.77e-22	1.07e-15	6.03e-10	2.73e-05	1.00e+00	0.00e+00	0.00e+00	0.00e+00	0.00e+00	0.00e+00
 2.47651e+13	0.00e+00	3.73e-30	2.37e-22	1.35e-15	7.07e-10	2.98e-05	1.00e+00	0.00e+00	0.00e+00	0.00e+00	0.00e+00	0.00e+00
 2.57320e+13	1.86e-38	5.18e-30	3.12e-22	1.68e-15	8.22e-10	3.24e-05	1.00e+00	0.00e+00	0.00e+00	0.00e+00	0.00e+00	0.00e+00
 2.67377e+13	0.00e+00	7.21e-30	4.13e-22	2.10e-15	9.56e-10	3.52e-05	1.00e+00	0.00e+00	0.00e+00	0.00e+00	0.00e+00	0.00e+00
 2.78371e+13	4.08e-38	1.02e-29	5.54e-22	2.65e-15	1.12e-09	3.84e-05	1.00e+00	0.00e+00	0.00e+00	0.00e+00	0.00e+00	0.00e+00
 2.89805e+13	0.00e+00	1.46e-29	7.46e-22	3.34e-15	1.31e-09	4.18e-05	1.00e+00	0.00e+00	0.00e+00	0.00e+00	0.00e+00	0.00e+00
 3.00971e+13	9.05e-38	2.03e-29	9.84e-22	4.16e-15	1.52e-09	4.54e-05	1.00e+00	0.00e+00	0.00e+00	0.00e+00	0.00e+00	0.00e+00
 3.11135e+13	0.00e+00	2.73e-29	1.26e-21	5.04e-15	1.73e-09	4.87e-05	1.00e+00	0.00e+00	0.00e+00	0.00e+00	0.00e+00	0.00e+00
 3.20186e+13	1.72e-37	3.53e-29	1.56e-21	5.96e-15	1.94e-09	5.18e-05	1.00e+00	0.00e+00	0.00e+00	0.00e+00	0.00e+00	0.00e+00
 3.29899e+13	0.00e+00	4.61e-29	1.95e-21	7.09e-15	2.18e-09	5.51e-05	1.00e+00	0.00e+00	0.00e+00	0.00e+00	0.00e+00	0.00e+00
 3.42247e+13	3.48e-37	6.45e-29	2.57e-21	8.78e-15	2.52e-09	5.95e-05	1.00e+00	0.00e+00	0.00e+00	0.00e+00	0.00e+00	0.00e+00
 3.54800e+13	0.00e+00	8.86e-29	3.35e-21	1.08e-14	2.90e-09	6.43e-05	1.00e+00	0.00e+00	0.00e+00	0.00e+00	0.00e+00	0.00e+00
 3.65355e+13	6.90e-37	1.16e-28	4.19e-21	1.29e-14	3.25e-09	6.84e-05	1.00e+00	0.00e+00	0.00e+00	0.00e+00	0.00e+00	0.00e+00
 3.76535e+13	0.00e+00	1.53e-28	5.26e-21	1.53e-14	3.66e-09	7.28e-05	1.00e+00	0.00e+00	0.00e+00	0.00e+00	0.00e+00	0.00e+00
 3.90661e+13	1.43e-36	2.16e-28	6.97e-21	1.90e-14	4.23e-09	7.85e-05	1.00e+00	0.00e+00	0.00e+00	0.00e+00	0.00e+00	0.00e+00
 4.05138e+13	0.00e+00	3.00e-28	9.16e-21	2.35e-14	4.88e-09	8.48e-05	1.00e+00	0.00e+00	0.00e+00	0.00e+00	0.00e+00	0.00e+00
 4.17510e+13	2.93e-36	3.98e-28	1.15e-20	2.81e-14	5.49e-09	9.02e-05	1.00e+00	0.00e+00	0.00e+00	0.00e+00	0.00e+00	0.00e+00
 4.30621e+13	0.00e+00	5.32e-28	1.46e-20	3.37e-14	6.20e-09	9.61e-05	1.00e+00	0.00e+00	0.00e+00	0.00e+00	0.00e+00	0.00e+00
 4.46942e+13	6.27e-36	7.57e-28	1.95e-20	4.19e-14	7.18e-09	1.04e-04	1.00e+00	0.00e+00	0.00e+00	0.00e+00	0.00e+00	0.00e+00
 4.63671e+13	0.00e+00	1.06e-27	2.58e-20	5.20e-14	8.29e-09	1.12e-04	1.00e+00	0.00e+00	0.00e+00	0.00e+00	0.00e+00	0.00e+00
 4.78322e+13	1.33e-35	1.43e-27	3.28e-20	6.25e-14	9.37e-09	1.19e-04	1.00e+00	0.00e+00	0.00e+00	0.00e+00	0.00e+00	0.00e+00
 4.94038e+13	0.00e+00	1.95e-27	4.22e-20	7.56e-14	1.06e-08	1.27e-04	1.00e+00	0.00e+00	0.00e+00	0.00e+00	0.00e+00	0.00e+00
 5.13129e+13	2.96e-35	2.81e-27	5.67e-20	9.45e-14	1.24e-08	1.37e-04	1.00e+00	0.00e+00	0.00e+00	0.00e+00	0.00e+00	0.00e+00
 5.32536e+13	4.48e-35	3.99e-27	7.55e-20	1.18e-13	1.43e-08	1.48e-04	1.00e+00	0.00e+00	0.00e+00	0.00e+00	0.00e+00	0.00e+00
 5.50203e+13	6.53e-35	5.47e-27	9.75e-20	1.43e-13	1.63e-08	1.58e-04	1.00e+00	0.00e+00	0.00e+00	0.00e+00	0.00e+00	0.00e+00
 5.69680e+13	9.77e-35	7.67e-27	1.28e-19	1.75e-13	1.87e-08	1.70e-04	1.00e+00	0.00e+00	0.00e+00	0.00e+00	0.00e+00	0.00e+00
 5.92452e+13	1.54e-34	1.13e-26	1.74e-19	2.21e-13	2.18e-08	1.83e-04	1.00e+00	0.00e+00	0.00e+00	0.00e+00	0.00e+00	0.00e+00
 6.15054e+13	2.39e-34	1.62e-26	2.34e-19	2.76e-13	2.53e-08	1.97e-04	1.00e+00	0.00e+00	0.00e+00	0.00e+00	0.00e+00	0.00e+00
 6.36564e+13	3.56e-34	2.26e-26	3.06e-19	3.38e-13	2.89e-08	2.12e-04	1.00e+00	0.00e+00	0.00e+00	0.00e+00	0.00e+00	0.00e+00
 6.60331e+13	5.45e-34	3.24e-26	4.08e-19	4.20e-13	3.34e-08	2.27e-04	1.00e+00	0.00e+00	0.00e+00	0.00e+00	0.00e+00	0.00e+00
 6.87043e+13	8.71e-34	4.78e-26	5.59e-19	5.31e-13	3.91e-08	2.46e-04	1.00e+00	0.00e+00	0.00e+00	0.00e+00	0.00e+00	0.00e+00
 7.14111e+13	1.38e-33	7.02e-26	7.59e-19	6.68e-13	4.55e-08	2.65e-04	1.00e+00	0.00e+00	0.00e+00	0.00e+00	0.00e+00	0.00e+00
 7.42261e+13	2.18e-33	1.03e-25	1.03e-18	8.40e-13	5.31e-08	2.86e-04	1.00e+00	0.00e+00	0.00e+00	0.00e+00	0.00e+00	0.00e+00
 7.72251e+13	3.49e-33	1.52e-25	1.41e-18	1.06e-12	6.21e-08	3.10e-04	1.00e+00	0.00e+00	0.00e+00	0.00e+00	0.00e+00	0.00e+00
 8.03440e+13	5.57e-33	2.25e-25	1.93e-18	1.34e-12	7.26e-08	3.35e-04	1.00e+00	0.00e+00	0.00e+00	0.00e+00	0.00e+00	0.00e+00
 8.33698e+13	8.63e-33	3.24e-25	2.59e-18	1.67e-12	8.40e-08	3.60e-04	1.00e+00	0.00e+00	0.00e+00	0.00e+00	0.00e+00	0.00e+00
 8.62252e+13	1.28e-32	4.50e-25	3.38e-18	2.05e-12	9.60e-08	3.85e-04	1.00e+00	0.00e+00	0.00e+00	0.00e+00	0.00e+00	0.00e+00
 8.89233e+13	1.85e-32	6.12e-25	4.32e-18	2.46e-12	1.08e-07	4.08e-04	1.00e+00	0.00e+00	0.00e+00	0.00e+00	0.00e+00	0.00e+00
 9.18636e+13	2.75e-32	8.48e-25	5.61e-18	2.98e-12	1.23e-07	4.35e-04	1.00e+00	0.00e+00	0.00e+00	0.00e+00	0.00e+00	0.00e+00
 9.51409e+13	4.12e-32	1.19e-24	7.39e-18	3.67e-12	1.42e-07	4.67e-04	1.00e+00	0.00e+00	0.00e+00	0.00e+00	0.00e+00	0.00e+00
 9.82190e+13	6.03e-32	1.64e-24	9.53e-18	4.44e-12	1.61e-07	4.97e-04	1.00e+00	0.00e+00	0.00e+00	0.00e+00	0.00e+00	0.00e+00
 1.01583e+14	9.07e-32	2.29e-24	1.25e-17	5.42e-12	1.84e-07	5.30e-04	9.99e-01	0.00e+00	0.00e+00	0.00e+00	0.00e+00	0.00e+00
 1.05381e+14	1.40e-31	3.29e-24	1.67e-17	6.74e-12	2.12e-07	5.70e-04	9.99e-01	0.00e+00	0.00e+00	0.00e+00	0.00e+00	0.00e+00
 1.09029e+14	2.07e-31	4.58e-24	2.18e-17	8.25e-12	2.43e-07	6.10e-04	9.99e-01	0.00e+00	0.00e+00	0.00e+00	0.00e+00	0.00e+00
 1.13013e+14	3.17e-31	6.53e-24	2.91e-17	1.02e-11	2.80e-07	6.55e-04	9.99e-01	0.00e+00	0.00e+00	0.00e+00	0.00e+00	0.00e+00
 1.17563e+14	5.08e-31	9.67e-24	3.98e-17	1.29e-11	3.28e-07	7.08e-04	9.99e-01	0.00e+00	0.00e+00	0.00e+00	0.00e+00	0.00e+00
 1.22017e+14	7.75e-31	1.38e-23	5.33e-17	1.61e-11	3.80e-07	7.62e-04	9.99e-01	0.00e+00	0.00e+00	0.00e+00	0.00e+00	0.00e+00
 1.26648e+14	1.22e-30	2.01e-23	7.18e-17	2.01e-11	4.40e-07	8.20e-04	9.99e-01	0.00e+00	0.00e+00	0.00e+00	0.00e+00	0.00e+00
 1.31311e+14	1.82e-30	2.83e-23	9.54e-17	2.50e-11	5.08e-07	8.82e-04	9.99e-01	0.00e+00	0.00e+00	0.00e+00	0.00e+00	0.00e+00
 1.35421e+14	2.64e-30	3.85e-23	1.22e-16	3.00e-11	5.74e-07	9.37e-04	9.99e-01	0.00e+00	0.00e+00	0.00e+00	0.00e+00	0.00e+00
 1.39894e+14	3.80e-30	5.24e-23	1.58e-16	3.64e-11	6.53e-07	1.00e-03	9.99e-01	0.00e+00	0.00e+00	0.00e+00	0.00e+00	0.00e+00
 1.45286e+14	5.96e-30	7.63e-23	2.13e-16	4.56e-11	7.58e-07	1.08e-03	9.99e-01	0.00e+00	0.00e+00	0.00e+00	0.00e+00	0.00e+00
 1.50642e+14	8.93e-30	1.07e-22	2.83e-16	5.65e-11	8.75e-07	1.16e-03	9.99e-01	0.00e+00	0.00e+00	0.00e+00	0.00e+00	0.00e+00
 1.55428e+14	1.28e-29	1.45e-22	3.62e-16	6.81e-11	9.91e-07	1.23e-03	9.99e-01	0.00e+00	0.00e+00	0.00e+00	0.00e+00	0.00e+00
 1.60700e+14	1.87e-29	2.01e-22	4.72e-16	8.30e-11	1.13e-06	1.32e-03	9.99e-01	0.00e+00	0.00e+00	0.00e+00	0.00e+00	0.00e+00
 1.66968e+14	2.95e-29	2.93e-22	6.39e-16	1.04e-10	1.32e-06	1.42e-03	9.99e-01	0.00e+00	0.00e+00	0.00e+00	0.00e+00	0.00e+00
 1.73177e+14	4.40e-29	4.12e-22	8.51e-16	1.30e-10	1.52e-06	1.53e-03	9.98e-01	0.00e+00	0.00e+00	0.00e+00	0.00e+00	0.00e+00
 1.78839e+14	6.44e-29	5.67e-22	1.10e-15	1.57e-10	1.73e-06	1.64e-03	9.98e-01	0.00e+00	0.00e+00	0.00e+00	0.00e+00	0.00e+00
 1.85145e+14	9.41e-29	7.83e-22	1.44e-15	1.93e-10	1.98e-06	1.75e-03	9.98e-01	0.00e+00	0.00e+00	0.00e+00	0.00e+00	0.00e+00
 1.92499e+14	1.49e-28	1.15e-21	1.97e-15	2.43e-10	2.32e-06	1.90e-03	9.98e-01	0.00e+00	0.00e+00	0.00e+00	0.00e+00	0.00e+00
 1.99741e+14	2.22e-28	1.62e-21	2.63e-15	3.03e-10	2.68e-06	2.04e-03	9.98e-01	0.00e+00	0.00e+00	0.00e+00	0.00e+00	0.00e+00
 2.06565e+14	3.29e-28	2.25e-21	3.43e-15	3.70e-10	3.07e-06	2.19e-03	9.98e-01	0.00e+00	0.00e+00	0.00e+00	0.00e+00	0.00e+00
 2.14148e+14	4.86e-28	3.15e-21	4.55e-15	4.59e-10	3.54e-06	2.35e-03	9.98e-01	0.00e+00	0.00e+00	0.00e+00	0.00e+00	0.00e+00
 2.22744e+14	7.69e-28	4.62e-21	6.22e-15	5.80e-10	4.14e-06	2.55e-03	9.97e-01	0.00e+00	0.00e+00	0.00e+00	0.00e+00	0.00e+00
 2.31334e+14	1.15e-27	6.53e-21	8.36e-15	7.27e-10	4.81e-06	2.75e-03	9.97e-01	0.00e+00	0.00e+00	0.00e+00	0.00e+00	0.00e+00
 2.39349e+14	1.69e-27	9.05e-21	1.10e-14	8.90e-10	5.50e-06	2.94e-03	9.97e-01	0.00e+00	0.00e+00	0.00e+00	0.00e+00	0.00e+00
 2.48035e+14	2.56e-27	1.28e-20	1.45e-14	1.10e-09	6.34e-06	3.16e-03	9.97e-01	0.00e+00	0.00e+00	0.00e+00	0.00e+00	0.00e+00
 2.57986e+14	3.88e-27	1.84e-20	1.98e-14	1.39e-09	7.41e-06	3.42e-03	9.97e-01	0.00e+00	0.00e+00	0.00e+00	0.00e+00	0.00e+00
 2.67362e+14	5.89e-27	2.61e-20	2.63e-14	1.72e-09	8.54e-06	3.68e-03	9.96e-01	0.00e+00	0.00e+00	0.00e+00	0.00e+00	0.00e+00
 2.75802e+14	8.13e-27	3.45e-20	3.35e-14	2.07e-09	9.66e-06	3.92e-03	9.96e-01	0.00e+00	0.00e+00	0.00e+00	0.00e+00	0.00e+00
 2.83784e+14	1.14e-26	4.57e-20	4.20e-14	2.46e-09	1.08e-05	4.15e-03	9.96e-01	0.00e+00	0.00e+00	0.00e+00	0.00e+00	0.00e+00
 2.92624e+14	1.57e-26	6.04e-20	5.35e-14	2.95e-09	1.22e-05	4.41e-03	9.96e-01	0.00e+00	0.00e+00	0.00e+00	0.00e+00	0.00e+00
 3.02469e+14	2.30e-26	8.34e-20	6.95e-14	3.59e-09	1.39e-05	4.71e-03	9.95e-01	0.00e+00	0.00e+00	0.00e+00	0.00e+00	0.00e+00
 3.11758e+14	3.15e-26	1.10e-19	8.82e-14	4.30e-09	1.57e-05	5.01e-03	9.95e-01	0.00e+00	0.00e+00	0.00e+00	0.00e+00	0.00e+00
 3.21969e+14	4.58e-26	1.50e-19	1.14e-13	5.21e-09	1.79e-05	5.35e-03	9.95e-01	0.00e+00	0.00e+00	0.00e+00	0.00e+00	0.00e+00
 3.33388e+14	6.58e-26	2.05e-19	1.50e-13	6.41e-09	2.05e-05	5.74e-03	9.94e-01	0.00e+00	0.00e+00	0.00e+00	0.00e+00	0.00e+00
 3.44165e+14	9.34e-26	2.77e-19	1.92e-13	7.75e-09	2.33e-05	6.12e-03	9.94e-01	0.00e+00	0.00e+00	0.00e+00	0.00e+00	0.00e+00
 3.55962e+14	1.37e-25	3.83e-19	2.51e-13	9.47e-09	2.66e-05	6.55e-03	9.93e-01	0.00e+00	0.00e+00	0.00e+00	0.00e+00	0.00e+00
 3.69051e+14	1.98e-25	5.29e-19	3.33e-13	1.17e-08	3.07e-05	7.04e-03	9.93e-01	0.00e+00	0.00e+00	0.00e+00	0.00e+00	0.00e+00
 3.81191e+14	2.89e-25	7.25e-19	4.31e-13	1.42e-08	3.49e-05	7.51e-03	9.92e-01	0.00e+00	0.00e+00	0.00e+00	0.00e+00	0.00e+00
 3.94344e+14	4.09e-25	9.83e-19	5.62e-13	1.74e-08	3.99e-05	8.05e-03	9.92e-01	0.00e+00	0.00e+00	0.00e+00	0.00e+00	0.00e+00
 4.08992e+14	6.17e-25	1.39e-18	7.49e-13	2.16e-08	4.61e-05	8.66e-03	9.91e-01	0.00e+00	0.00e+00	0.00e+00	0.00e+00	0.00e+00
 4.22728e+14	8.62e-25	1.87e-18	9.70e-13	2.63e-08	5.26e-05	9.27e-03	9.91e-01	0.00e+00	0.00e+00	0.00e+00	0.00e+00	0.00e+00
 4.37730e+14	1.27e-24	2.60e-18	1.28e-12	3.24e-08	6.03e-05	9.94e-03	9.90e-01	0.00e+00	0.00e+00	0.00e+00	0.00e+00	0.00e+00
 4.54416e+14	1.86e-24	3.63e-18	1.71e-12	4.05e-08	7.00e-05	1.07e-02	9.89e-01	0.00e+00	0.00e+00	0.00e+00	0.00e+00	0.00e+00
 4.69964e+14	2.71e-24	5.00e-18	2.23e-12	4.94e-08	7.99e-05	1.15e-02	9.88e-01	0.00e+00	0.00e+00	0.00e+00	0.00e+00	0.00e+00
 4.86848e+14	3.85e-24	6.82e-18	2.93e-12	6.10e-08	9.19e-05	1.23e-02	9.88e-01	0.00e+00	0.00e+00	0.00e+00	0.00e+00	0.00e+00
 5.05715e+14	5.79e-24	9.69e-18	3.95e-12	7.64e-08	1.07e-04	1.33e-02	9.87e-01	0.00e+00	0.00e+00	0.00e+00	0.00e+00	0.00e+00
 5.23547e+14	8.22e-24	1.32e-17	5.18e-12	9.39e-08	1.22e-04	1.43e-02	9.86e-01	0.00e+00	0.00e+00	0.00e+00	0.00e+00	0.00e+00
 5.42712e+14	1.22e-23	1.85e-17	6.86e-12	1.16e-07	1.41e-04	1.54e-02	9.84e-01	0.00e+00	0.00e+00	0.00e+00	0.00e+00	0.00e+00
 5.64451e+14	1.79e-23	2.60e-17	9.30e-12	1.47e-07	1.65e-04	1.67e-02	9.83e-01	0.00e+00	0.00e+00	0.00e+00	0.00e+00	0.00e+00
 5.85691e+14	2.67e-23	3.67e-17	1.24e-11	1.83e-07	1.91e-04	1.80e-02	9.82e-01	0.00e+00	0.00e+00	0.00e+00	0.00e+00	0.00e+00
 6.07780e+14	3.82e-23	5.05e-17	1.65e-11	2.27e-07	2.20e-04	1.94e-02	9.80e-01	0.00e+00	0.00e+00	0.00e+00	0.00e+00	0.00e+00
 6.32121e+14	5.79e-23	7.25e-17	2.24e-11	2.87e-07	2.57e-04	2.11e-02	9.79e-01	0.00e+00	0.00e+00	0.00e+00	0.00e+00	0.00e+00
 6.56120e+14	8.24e-23	9.97e-17	2.98e-11	3.58e-07	2.98e-04	2.28e-02	9.77e-01	0.00e+00	0.00e+00	0.00e+00	0.00e+00	0.00e+00
 6.75841e+14	1.12e-22	1.30e-16	3.75e-11	4.26e-07	3.35e-04	2.42e-02	9.75e-01	0.00e+00	0.00e+00	0.00e+00	0.00e+00	0.00e+00
 6.91520e+14	1.40e-22	1.59e-16	4.48e-11	4.88e-07	3.66e-04	2.54e-02	9.74e-01	0.00e+00	0.00e+00	0.00e+00	0.00e+00	0.00e+00
 7.08882e+14	1.80e-22	1.99e-16	5.42e-11	5.65e-07	4.03e-04	2.67e-02	9.73e-01	0.00e+00	0.00e+00	0.00e+00	0.00e+00	0.00e+00
 7.31453e+14	2.43e-22	2.60e-16	6.89e-11	6.80e-07	4.56e-04	2.86e-02	9.71e-01	0.00e+00	0.00e+00	0.00e+00	0.00e+00	0.00e+00
 7.55707e+14	3.35e-22	3.46e-16	8.86e-11	8.25e-07	5.18e-04	3.06e-02	9.69e-01	0.00e+00	0.00e+00	0.00e+00	0.00e+00	0.00e+00
 7.77310e+14	4.44e-22	4.45e-16	1.10e-10	9.74e-07	5.78e-04	3.24e-02	9.67e-01	0.00e+00	0.00e+00	0.00e+00	0.00e+00	0.00e+00
 8.00552e+14	5.84e-22	5.72e-16	1.38e-10	1.16e-06	6.48e-04	3.45e-02	9.65e-01	0.00e+00	0.00e+00	0.00e+00	0.00e+00	0.00e+00
 8.29978e+14	8.28e-22	7.83e-16	1.82e-10	1.43e-06	7.46e-04	3.73e-02	9.62e-01	0.00e+00	0.00e+00	0.00e+00	0.00e+00	0.00e+00
 8.59817e+14	1.16e-21	1.07e-15	2.38e-10	1.77e-06	8.56e-04	4.01e-02	9.59e-01	0.00e+00	0.00e+00	0.00e+00	0.00e+00	0.00e+00
 8.85149e+14	1.55e-21	1.38e-15	2.97e-10	2.10e-06	9.58e-04	4.27e-02	9.56e-01	0.00e+00	0.00e+00	0.00e+00	0.00e+00	0.00e+00
 9.12249e+14	2.07e-21	1.79e-15	3.75e-10	2.50e-06	1.08e-03	4.54e-02	9.53e-01	0.00e+00	0.00e+00	0.00e+00	0.00e+00	0.00e+00
 9.46132e+14	2.92e-21	2.45e-15	4.95e-10	3.10e-06	1.24e-03	4.91e-02	9.50e-01	0.00e+00	0.00e+00	0.00e+00	0.00e+00	0.00e+00
 9.80951e+14	4.14e-21	3.37e-15	6.53e-10	3.84e-06	1.43e-03	5.31e-02	9.46e-01	0.00e+00	0.00e+00	0.00e+00	0.00e+00	0.00e+00
 1.01158e+15	5.57e-21	4.41e-15	8.27e-10	4.60e-06	1.60e-03	5.66e-02	9.42e-01	0.00e+00	0.00e+00	0.00e+00	0.00e+00	0.00e+00
 1.04465e+15	7.55e-21	5.84e-15	1.06e-09	5.56e-06	1.82e-03	6.05e-02	9.38e-01	0.00e+00	0.00e+00	0.00e+00	0.00e+00	0.00e+00
 1.08462e+15	1.09e-20	8.15e-15	1.41e-09	6.94e-06	2.10e-03	6.55e-02	9.32e-01	0.00e+00	0.00e+00	0.00e+00	0.00e+00	0.00e+00
 1.12430e+15	1.53e-20	1.12e-14	1.86e-09	8.57e-06	2.41e-03	7.07e-02	9.27e-01	0.00e+00	0.00e+00	0.00e+00	0.00e+00	0.00e+00
 1.15953e+15	2.08e-20	1.47e-14	2.36e-09	1.03e-05	2.71e-03	7.53e-02	9.22e-01	0.00e+00	0.00e+00	0.00e+00	0.00e+00	0.00e+00
 1.19826e+15	2.84e-20	1.96e-14	3.03e-09	1.24e-05	3.07e-03	8.07e-02	9.16e-01	0.00e+00	0.00e+00	0.00e+00	0.00e+00	0.00e+00
 1.24457e+15	4.10e-20	2.75e-14	4.06e-09	1.55e-05	3.54e-03	8.72e-02	9.09e-01	0.00e+00	0.00e+00	0.00e+00	0.00e+00	0.00e+00
 1.29068e+15	5.86e-20	3.82e-14	5.37e-09	1.92e-05	4.06e-03	9.40e-02	9.02e-01	0.00e+00	0.00e+00	0.00e+00	0.00e+00	0.00e+00
 1.33282e+15	7.96e-20	5.06e-14	6.88e-09	2.32e-05	4.58e-03	1.00e-01	8.95e-01	0.00e+00	0.00e+00	0.00e+00	0.00e+00	0.00e+00
 1.37982e+15	1.13e-19	6.97e-14	8.99e-09	2.84e-05	5.22e-03	1.07e-01	8.87e-01	0.00e+00	0.00e+00	0.00e+00	0.00e+00	0.00e+00
 1.43453e+15	1.67e-19	9.93e-14	1.21e-08	3.56e-05	6.03e-03	1.16e-01	8.78e-01	0.00e+00	0.00e+00	0.00e+00	0.00e+00	0.00e+00
 1.48838e+15	2.42e-19	1.39e-13	1.61e-08	4.41e-05	6.92e-03	1.25e-01	8.68e-01	0.00e+00	0.00e+00	0.00e+00	0.00e+00	0.00e+00
 1.53946e+15	3.40e-19	1.89e-13	2.09e-08	5.36e-05	7.84e-03	1.33e-01	8.59e-01	0.00e+00	0.00e+00	0.00e+00	0.00e+00	0.00e+00
 1.59615e+15	4.88e-19	2.64e-13	2.77e-08	6.61e-05	8.95e-03	1.43e-01	8.48e-01	0.00e+00	0.00e+00	0.00e+00	0.00e+00	0.00e+00
 1.64968e+15	6.74e-19	3.54e-13	3.57e-08	7.98e-05	1.01e-02	1.52e-01	8.38e-01	0.00e+00	0.00e+00	0.00e+00	0.00e+00	0.00e+00
 1.68981e+15	8.67e-19	4.44e-13	4.30e-08	9.17e-05	1.10e-02	1.59e-01	8.30e-01	0.00e+00	0.00e+00	0.00e+00	0.00e+00	0.00e+00
 1.73100e+15	1.13e-18	5.61e-13	5.18e-08	1.05e-04	1.20e-02	1.67e-01	8.21e-01	0.00e+00	0.00e+00	0.00e+00	0.00e+00	0.00e+00
 1.78455e+15	1.55e-18	7.46e-13	6.55e-08	1.25e-04	1.34e-02	1.76e-01	8.10e-01	0.00e+00	0.00e+00	0.00e+00	0.00e+00	0.00e+00
 1.84236e+15	2.10e-18	9.87e-13	8.36e-08	1.50e-04	1.50e-02	1.86e-01	7.99e-01	0.00e+00	0.00e+00	0.00e+00	0.00e+00	0.00e+00
 1.89428e+15	2.82e-18	1.28e-12	1.04e-07	1.76e-04	1.66e-02	1.96e-01	7.87e-01	0.00e+00	0.00e+00	0.00e+00	0.00e+00	0.00e+00
 1.95039e+15	3.90e-18	1.71e-12	1.30e-07	2.07e-04	1.84e-02	2.06e-01	7.75e-01	0.00e+00	0.00e+00	0.00e+00	0.00e+00	0.00e+00
 2.02175e+15	5.73e-18	2.40e-12	1.71e-07	2.54e-04	2.09e-02	2.19e-01	7.60e-01	0.00e+00	0.00e+00	0.00e+00	0.00e+00	0.00e+00
 2.09382e+15	8.03e-18	3.27e-12	2.23e-07	3.08e-04	2.36e-02	2.32e-01	7.44e-01	0.00e+00	0.00e+00	0.00e+00	0.00e+00	0.00e+00
 2.15453e+15	1.10e-17	4.29e-12	2.77e-07	3.61e-04	2.60e-02	2.43e-01	7.31e-01	0.00e+00	0.00e+00	0.00e+00	0.00e+00	0.00e+00
 2.21962e+15	1.50e-17	5.67e-12	3.48e-07	4.26e-04	2.88e-02	2.55e-01	7.16e-01	0.00e+00	0.00e+00	0.00e+00	0.00e+00	0.00e+00
 2.30156e+15	2.31e-17	8.12e-12	4.58e-07	5.20e-04	3.26e-02	2.70e-01	6.97e-01	0.00e+00	0.00e+00	1.33e-17	7.02e-18	2.49e-18
 2.38724e+15	3.29e-17	1.12e-11	6.02e-07	6.34e-04	3.68e-02	2.84e-01	6.78e-01	0.00e+00	0.00e+00	1.88e-17	1.00e-17	3.53e-18
 2.46414e+15	4.65e-17	1.51e-11	7.64e-07	7.53e-04	4.08e-02	2.98e-01	6.61e-01	0.00e+00	0.00e+00	2.66e-17	1.41e-17	4.96e-18
 2.54777e+15	6.65e-17	2.06e-11	9.80e-07	9.01e-04	4.55e-02	3.12e-01	6.42e-01	0.00e+00	0.00e+00	3.81e-17	2.02e-17	7.06e-18
 2.64696e+15	1.04e-16	3.01e-11	1.30e-06	1.10e-03	5.15e-02	3.28e-01	6.19e-01	0.00e+00	0.00e+00	6.00e-17	3.17e-17	1.10e-17
 2.74453e+15	1.53e-16	4.18e-11	1.70e-06	1.34e-03	5.77e-02	3.44e-01	5.97e-01	0.00e+00	0.00e+00	8.79e-17	4.64e-17	1.61e-17
 2.83332e+15	2.16e-16	5.63e-11	2.15e-06	1.58e-03	6.37e-02	3.57e-01	5.78e-01	0.00e+00	0.00e+00	1.24e-16	6.57e-17	2.26e-17
 2.93253e+15	3.05e-16	7.60e-11	2.76e-06	1.88e-03	7.07e-02	3.71e-01	5.56e-01	0.00e+00	0.00e+00	1.75e-16	9.24e-17	3.18e-17
 3.04839e+15	4.83e-16	1.11e-10	3.66e-06	2.30e-03	7.94e-02	3.88e-01	5.30e-01	0.00e+00	0.00e+00	2.78e-16	1.47e-16	5.01e-17
 3.16247e+15	7.21e-16	1.56e-10	4.76e-06	2.76e-03	8.84e-02	4.02e-01	5.07e-01	0.00e+00	0.00e+00	4.16e-16	2.19e-16	7.46e-17
 3.27033e+15	1.04e-15	2.11e-10	6.04e-06	3.26e-03	9.73e-02	4.15e-01	4.85e-01	0.00e+00	0.00e+00	5.98e-16	3.14e-16	1.07e-16
 3.39040e+15	1.52e-15	2.91e-10	7.78e-06	3.90e-03	1.08e-01	4.28e-01	4.61e-01	0.00e+00	0.00e+00	8.75e-16	4.60e-16	1.56e-16
 3.52604e+15	2.35e-15	4.18e-10	1.02e-05	4.71e-03	1.20e-01	4.41e-01	4.34e-01	0.00e+00	0.00e+00	1.35e-15	7.12e-16	2.40e-16
 3.64000e+15	3.31e-15	5.56e-10	1.28e-05	5.48e-03	1.30e-01	4.51e-01	4.13e-01	0.00e+00	0.00e+00	1.91e-15	1.01e-15	3.39e-16
 3.72217e+15	4.21e-15	6.77e-10	1.49e-05	6.09e-03	1.38e-01	4.57e-01	3.98e-01	0.00e+00	0.00e+00	2.43e-15	1.28e-15	4.30e-16
 3.80813e+15	5.39e-15	8.30e-10	1.74e-05	6.78e-03	1.47e-01	4.64e-01	3.83e-01	0.00e+00	0.00e+00	3.12e-15	1.64e-15	5.50e-16
 3.91986e+15	7.09e-15	1.05e-09	2.11e-05	7.74e-03	1.58e-01	4.70e-01	3.64e-01	0.00e+00	0.00e+00	4.10e-15	2.15e-15	7.21e-16
 4.04441e+15	1.03e-14	1.41e-09	2.61e-05	8.93e-03	1.70e-01	4.77e-01	3.44e-01	0.00e+00	0.00e+00	5.97e-15	3.14e-15	1.05e-15
 4.16058e+15	1.35e-14	1.76e-09	3.15e-05	1.01e-02	1.82e-01	4.82e-01	3.26e-01	0.00e+00	0.00e+00	7.78e-15	4.08e-15	1.36e-15
 4.28654e+15	1.93e-14	2.34e-09	3.84e-05	1.16e-02	1.95e-01	4.87e-01	3.06e-01	0.00e+00	0.00e+00	1.11e-14	5.85e-15	1.95e-15
 4.42748e+15	2.72e-14	3.08e-09	4.74e-05	1.33e-02	2.10e-01	4.90e-01	2.87e-01	0.00e+00	0.00e+00	1.57e-14	8.26e-15	2.75e-15
 4.56117e+15	3.59e-14	3.89e-09	5.74e-05	1.51e-02	2.24e-01	4.92e-01	2.69e-01	0.00e+00	0.00e+00	2.08e-14	1.09e-14	3.62e-15
 4.70823e+15	5.01e-14	5.08e-09	7.03e-05	1.73e-02	2.39e-01	4.93e-01	2.50e-01	0.00e+00	0.00e+00	2.90e-14	1.52e-14	5.04e-15
 4.87278e+15	7.55e-14	6.96e-09	8.76e-05	2.00e-02	2.57e-01	4.93e-01	2.30e-01	0.00e+00	0.00e+00	4.37e-14	2.29e-14	7.59e-15
 5.02751e+15	1.04e-13	8.97e-09	1.06e-04	2.27e-02	2.73e-01	4.91e-01	2.13e-01	0.00e+00	0.00e+00	6.00e-14	3.15e-14	1.04e-14
 5.19607e+15	1.42e-13	1.16e-08	1.31e-04	2.59e-02	2.90e-01	4.87e-01	1.96e-01	0.00e+00	0.00e+00	8.22e-14	4.31e-14	1.42e-14
 5.38215e+15	2.15e-13	1.59e-08	1.63e-04	2.98e-02	3.10e-01	4.82e-01	1.78e-01	0.00e+00	0.00e+00	1.25e-13	6.54e-14	2.16e-14
 5.55369e+15	2.95e-13	2.04e-08	1.96e-04	3.36e-02	3.27e-01	4.76e-01	1.63e-01	0.00e+00	0.00e+00	1.71e-13	8.96e-14	2.95e-14
 5.73938e+15	4.02e-13	2.61e-08	2.39e-04	3.80e-02	3.45e-01	4.68e-01	1.49e-01	0.00e+00	0.00e+00	2.33e-13	1.22e-13	4.02e-14
 5.94606e+15	6.11e-13	3.57e-08	2.96e-04	4.34e-02	3.64e-01	4.58e-01	1.33e-01	0.00e+00	0.00e+00	3.54e-13	1.85e-13	6.09e-14
 6.13937e+15	8.38e-13	4.57e-08	3.57e-04	4.88e-02	3.82e-01	4.48e-01	1.21e-01	0.00e+00	0.00e+00	4.86e-13	2.55e-13	8.36e-14
 6.34999e+15	1.15e-12	5.87e-08	4.35e-04	5.50e-02	4.00e-01	4.36e-01	1.08e-01	0.00e+00	0.00e+00	6.65e-13	3.48e-13	1.14e-13
 6.58367e+15	1.76e-12	8.04e-08	5.37e-04	6.25e-02	4.20e-01	4.22e-01	9.55e-02	0.00e+00	0.00e+00	1.02e-12	5.34e-13	1.75e-13
 6.79207e+15	2.41e-12	1.02e-07	6.42e-04	6.94e-02	4.36e-01	4.09e-01	8.56e-02	0.00e+00	0.00e+00	1.40e-12	7.33e-13	2.40e-13
 6.97889e+15	3.19e-12	1.27e-07	7.49e-04	7.61e-02	4.50e-01	3.96e-01	7.75e-02	0.00e+00	0.00e+00	1.85e-12	9.69e-13	3.17e-13
 7.19293e+15	4.31e-12	1.59e-07	8.88e-04	8.40e-02	4.64e-01	3.82e-01	6.91e-02	0.00e+00	0.00e+00	2.50e-12	1.31e-12	4.28e-13
 7.46020e+15	6.37e-12	2.14e-07	1.09e-03	9.47e-02	4.81e-01	3.63e-01	5.98e-02	0.00e+00	0.00e+00	3.70e-12	1.94e-12	6.33e-13
 7.72639e+15	8.95e-12	2.77e-07	1.32e-03	1.06e-01	4.96e-01	3.45e-01	5.19e-02	0.00e+00	0.00e+00	5.20e-12	2.72e-12	8.89e-13
 7.93383e+15	1.14e-11	3.34e-07	1.53e-03	1.15e-01	5.06e-01	3.31e-01	4.65e-02	0.00e+00	0.00e+00	6.63e-12	3.47e-12	1.13e-12
 8.13520e+15	1.48e-11	4.06e-07	1.76e-03	1.24e-01	5.16e-01	3.17e-01	4.17e-02	0.00e+00	0.00e+00	8.58e-12	4.49e-12	1.46e-12
 8.39698e+15	2.16e-11	5.33e-07	2.11e-03	1.36e-01	5.26e-01	2.99e-01	3.60e-02	0.00e+00	0.00e+00	1.26e-11	6.58e-12	2.14e-12
 8.65112e+15	2.87e-11	6.62e-07	2.47e-03	1.49e-01	5.35e-01	2.83e-01	3.14e-02	0.00e+00	0.00e+00	1.67e-11	8.73e-12	2.84e-12
 8.85231e+15	3.55e-11	7.79e-07	2.80e-03	1.59e-01	5.40e-01	2.70e-01	2.82e-02	0.00e+00	0.00e+00	2.06e-11	1.08e-11	3.51e-12
 9.07083e+15	4.55e-11	9.40e-07	3.21e-03	1.70e-01	5.46e-01	2.56e-01	2.50e-02	0.00e+00	0.00e+00	2.64e-11	1.39e-11	4.51e-12
 9.35491e+15	6.64e-11	1.23e-06	3.82e-03	1.86e-01	5.51e-01	2.39e-01	2.12e-02	0.00e+00	0.00e+00	3.86e-11	2.02e-11	6.58e-12
 9.63828e+15	8.89e-11	1.53e-06	4.48e-03	2.01e-01	5.54e-01	2.22e-01	1.82e-02	0.00e+00	0.00e+00	5.17e-11	2.71e-11	8.81e-12
 9.86412e+15	1.10e-10	1.81e-06	5.09e-03	2.14e-01	5.55e-01	2.09e-01	1.61e-02	0.00e+00	0.00e+00	6.42e-11	3.36e-11	1.09e-11
 1.01011e+16	1.42e-10	2.19e-06	5.82e-03	2.29e-01	5.55e-01	1.96e-01	1.40e-02	0.00e+00	0.00e+00	8.26e-11	4.32e-11	1.41e-11
 1.04092e+16	2.11e-10	2.89e-06	6.94e-03	2.48e-01	5.54e-01	1.80e-01	1.17e-02	0.00e+00	0.00e+00	1.23e-10	6.43e-11	2.09e-11
 1.07184e+16	2.88e-10	3.64e-06	8.17e-03	2.67e-01	5.50e-01	1.65e-01	9.81e-03	0.00e+00	0.00e+00	1.67e-10	8.77e-11	2.85e-11
 1.09653e+16	3.71e-10	4.39e-06	9.31e-03	2.83e-01	5.46e-01	1.53e-01	8.50e-03	0.00e+00	0.00e+00	2.16e-10	1.13e-10	3.68e-11
 1.11880e+16	4.67e-10	5.21e-06	1.05e-02	2.98e-01	5.41e-01	1.43e-01	7.46e-03	0.00e+00	0.00e+00	2.72e-10	1.42e-10	4.63e-11
 1.14430e+16	5.76e-10	6.16e-06	1.20e-02	3.15e-01	5.35e-01	1.32e-01	6.43e-03	0.00e+00	0.00e+00	3.35e-10	1.76e-10	5.71e-11
 1.17273e+16	8.20e-10	7.88e-06	1.39e-02	3.34e-01	5.26e-01	1.21e-01	5.39e-03	0.00e+00	0.00e+00	4.77e-10	2.50e-10	8.14e-11
 1.19835e+16	1.00e-09	9.26e-06	1.59e-02	3.52e-01	5.17e-01	1.11e-01	4.64e-03	0.00e+00	0.00e+00	5.84e-10	3.06e-10	9.95e-11
 1.22125e+16	1.33e-09	1.13e-05	1.79e-02	3.68e-01	5.07e-01	1.02e-01	4.00e-03	0.00e+00	0.00e+00	7.73e-10	4.05e-10	1.32e-10
 1.24721e+16	1.75e-09	1.39e-05	2.06e-02	3.87e-01	4.95e-01	9.34e-02	3.39e-03	0.00e+00	0.00e+00	1.02e-09	5.35e-10	1.74e-10
 1.27482e+16	2.35e-09	1.72e-05	2.39e-02	4.07e-01	4.82e-01	8.44e-02	2.84e-03	0.00e+00	0.00e+00	1.37e-09	7.16e-10	2.33e-10
 1.29856e+16	3.09e-09	2.09e-05	2.72e-02	4.25e-01	4.69e-01	7.70e-02	2.42e-03	0.00e+00	0.00e+00	1.80e-09	9.43e-10	3.07e-10
 1.31964e+16	3.83e-09	2.46e-05	3.05e-02	4.40e-01	4.56e-01	7.09e-02	2.10e-03	0.00e+00	0.00e+00	2.23e-09	1.17e-09	3.81e-10
 1.33972e+16	4.62e-09	2.85e-05	3.40e-02	4.55e-01	4.44e-01	6.53e-02	1.83e-03	0.00e+00	0.00e+00	2.68e-09	1.41e-09	4.59e-10
 1.36223e+16	6.28e-09	3.54e-05	3.89e-02	4.72e-01	4.28e-01	5.91e-02	1.55e-03	0.00e+00	0.00e+00	3.65e-09	1.92e-09	6.25e-10
 1.38652e+16	8.35e-09	4.37e-05	4.47e-02	4.89e-01	4.11e-01	5.30e-02	1.30e-03	0.00e+00	0.00e+00	4.86e-09	2.55e-09	8.30e-10
 1.40803e+16	1.03e-08	5.16e-05	5.08e-02	5.05e-01	3.95e-01	4.80e-02	1.11e-03	0.00e+00	0.00e+00	6.01e-09	3.16e-09	1.03e-09
 1.42774e+16	1.40e-08	6.39e-05	5.76e-02	5.19e-01	3.79e-01	4.34e-02	9.40e-04	0.00e+00	0.00e+00	8.16e-09	4.28e-09	1.40e-09
 1.44686e+16	1.87e-08	7.83e-05	6.53e-02	5.32e-01	3.63e-01	3.91e-02	7.97e-04	0.00e+00	0.00e+00	1.09e-08	5.71e-09	1.86e-09
 1.46489e+16	2.38e-08	9.37e-05	7.35e-02	5.43e-01	3.47e-01	3.54e-02	6.82e-04	0.00e+00	0.00e+00	1.38e-08	7.27e-09	2.37e-09
 1.48168e+16	2.95e-08	1.10e-04	8.24e-02	5.54e-01	3.31e-01	3.21e-02	5.88e-04	0.00e+00	0.00e+00	1.72e-08	9.03e-09	2.94e-09
 1.50030e+16	3.68e-08	1.31e-04	9.41e-02	5.64e-01	3.12e-01	2.85e-02	4.94e-04	0.00e+00	0.00e+00	2.14e-08	1.13e-08	3.67e-09
 1.52056e+16	4.97e-08	1.64e-04	1.09e-01	5.74e-01	2.91e-01	2.49e-02	4.03e-04	0.00e+00	0.00e+00	2.89e-08	1.52e-08	4.96e-09
 1.53798e+16	6.69e-08	2.04e-04	1.25e-01	5.80e-01	2.72e-01	2.18e-02	3.33e-04	0.00e+00	0.00e+00	3.89e-08	2.05e-08	6.68e-09
 1.55224e+16	9.52e-08	2.59e-04	1.42e-01	5.83e-01	2.55e-01	1.93e-02	2.78e-04	0.00e+00	0.00e+00	5.54e-08	2.91e-08	9.51e-09
 1.56480e+16	1.20e-07	3.06e-04	1.58e-01	5.85e-01	2.40e-01	1.73e-02	2.37e-04	0.00e+00	0.00e+00	6.96e-08	3.66e-08	1.20e-08
 1.57853e+16	1.43e-07	3.55e-04	1.77e-01	5.85e-01	2.22e-01	1.52e-02	1.98e-04	0.00e+00	0.00e+00	8.34e-08	4.39e-08	1.43e-08
 1.59639e+16	2.30e-07	4.92e-04	2.11e-01	5.79e-01	1.97e-01	1.24e-02	1.49e-04	0.00e+00	0.00e+00	1.34e-07	7.05e-08	2.31e-08
 1.61148e+16	3.03e-07	6.06e-04	2.43e-01	5.69e-01	1.77e-01	1.04e-02	1.18e-04	0.00e+00	0.00e+00	1.76e-07	9.26e-08	3.03e-08
 1.62026e+16	3.82e-07	7.12e-04	2.66e-01	5.61e-01	1.64e-01	9.22e-03	9.94e-05	0.00e+00	0.00e+00	2.22e-07	1.17e-07	3.83e-08
 1.62898e+16	4.72e-07	8.30e-04	2.91e-01	5.50e-01	1.50e-01	8.07e-03	8.32e-05	0.00e+00	0.00e+00	2.75e-07	1.45e-07	4.74e-08
 1.63760e+16	5.42e-07	9.26e-04	3.17e-01	5.37e-01	1.37e-01	7.07e-03	7.02e-05	0.00e+00	0.00e+00	3.15e-07	1.66e-07	5.44e-08
 1.64608e+16	6.72e-07	1.08e-03	3.48e-01	5.21e-01	1.24e-01	6.06e-03	5.74e-05	0.00e+00	0.00e+00	3.91e-07	2.06e-07	6.75e-08
 1.65428e+16	8.34e-07	1.26e-03	3.79e-01	5.03e-01	1.11e-01	5.17e-03	4.66e-05	0.00e+00	0.00e+00	4.85e-07	2.55e-07	8.38e-08
 1.66016e+16	1.04e-06	1.46e-03	4.05e-01	4.87e-01	1.02e-01	4.54e-03	3.92e-05	0.00e+00	0.00e+00	6.04e-07	3.18e-07	1.05e-07
 1.66449e+16	1.17e-06	1.58e-03	4.24e-01	4.75e-01	9.50e-02	4.11e-03	3.46e-05	0.00e+00	0.00e+00	6.78e-07	3.57e-07	1.17e-07
 1.66882e+16	1.32e-06	1.72e-03	4.45e-01	4.62e-01	8.81e-02	3.69e-03	3.02e-05	0.00e+00	0.00e+00	7.67e-07	4.04e-07	1.33e-07
 1.67444e+16	1.47e-06	1.87e-03	4.71e-01	4.44e-01	7.95e-02	3.20e-03	2.53e-05	0.00e+00	0.00e+00	8.58e-07	4.52e-07	1.49e-07
 1.68175e+16	1.91e-06	2.22e-03	5.10e-01	4.16e-01	6.84e-02	2.59e-03	1.92e-05	0.00e+00	0.00e+00	1.11e-06	5.85e-07	1.93e-07
 1.68833e+16	2.26e-06	2.51e-03	5.44e-01	3.92e-01	5.94e-02	2.13e-03	1.51e-05	0.00e+00	0.00e+00	1.32e-06	6.94e-07	2.28e-07
 1.69287e+16	2.60e-06	2.74e-03	5.70e-01	3.73e-01	5.32e-02	1.83e-03	1.25e-05	0.00e+00	0.00e+00	1.51e-06	7.97e-07	2.62e-07
 1.69770e+16	2.88e-06	2.96e-03	5.96e-01	3.52e-01	4.70e-02	1.55e-03	1.02e-05	0.00e+00	0.00e+00	1.68e-06	8.85e-07	2.92e-07
 1.70397e+16	3.60e-06	3.41e-03	6.33e-01	3.23e-01	3.92e-02	1.21e-03	7.43e-06	0.00e+00	0.00e+00	2.10e-06	1.11e-06	3.65e-07
 1.70996e+16	4.22e-06	3.79e-03	6.66e-01	2.97e-01	3.29e-02	9.54e-04	5.56e-06	0.00e+00	0.00e+00	2.46e-06	1.30e-06	4.28e-07
 1.71468e+16	4.82e-06	4.12e-03	6.92e-01	2.75e-01	2.83e-02	7.78e-04	4.33e-06	0.00e+00	0.00e+00	2.81e-06	1.48e-06	4.90e-07
 1.71989e+16	5.61e-06	4.53e-03	7.20e-01	2.51e-01	2.36e-02	6.09e-04	3.20e-06	0.00e+00	0.00e+00	3.26e-06	1.72e-06	5.70e-07
 1.72666e+16	6.73e-06	5.08e-03	7.55e-01	2.22e-01	1.84e-02	4.36e-04	2.13e-06	0.00e+00	0.00e+00	3.91e-06	2.07e-06	6.85e-07
 1.73360e+16	8.02e-06	5.64e-03	7.86e-01	1.94e-01	1.41e-02	3.07e-04	1.39e-06	0.00e+00	0.00e+00	4.66e-06	2.47e-06	8.18e-07
 1.73940e+16	9.28e-06	6.15e-03	8.11e-01	1.71e-01	1.11e-02	2.24e-04	9.43e-07	0.00e+00	0.00e+00	5.40e-06	2.86e-06	9.48e-07
 1.74556e+16	1.08e-05	6.72e-03	8.35e-01	1.49e-01	8.54e-03	1.57e-04	0.00e+00	0.00e+00	0.00e+00	6.28e-06	3.33e-06	1.11e-06
 1.75357e+16	1.30e-05	7.46e-03	8.63e-01	1.24e-01	5.98e-03	9.70e-05	0.00e+00	0.00e+00	0.00e+00	7.57e-06	4.01e-06	1.33e-06
 1.76203e+16	1.56e-05	8.24e-03	8.86e-01	1.02e-01	4.10e-03	5.84e-05	0.00e+00	0.00e+00	0.00e+00	9.08e-06	4.81e-06	1.60e-06
