#depth	C	C+	C+2	C+3	C+4	C+5	C+6	C[1]	C[2]	C[3]	C+[1]	C+[2]	CO
 1.49634e+10	0.00e+00	1.61e-33	1.53e-23	4.49e-14	4.40e-04	5.14e-01	4.86e-01	0.00e+00	0.00e+00	0.00e+00	0.00e+00	0.00e+00	6.58e-163
 4.54887e+10	2.13e-44	2.28e-33	2.00e-23	5.43e-14	4.92e-04	5.34e-01	4.66e-01	0.00e+00	0.00e+00	0.00e+00	0.00e+00	0.00e+00	6.45e-219
 7.72350e+10	0.00e+00	3.27e-33	2.65e-23	6.62e-14	5.54e-04	5.53e-01	4.46e-01	0.00e+00	0.00e+00	0.00e+00	0.00e+00	0.00e+00	8.99e-162
 1.10251e+11	5.11e-44	4.67e-33	3.50e-23	8.07e-14	6.23e-04	5.73e-01	4.26e-01	0.00e+00	0.00e+00	0.00e+00	0.00e+00	0.00e+00	3.90e-218
 1.42251e+11	0.00e+00	6.51e-33	4.52e-23	9.69e-14	6.94e-04	5.91e-01	4.08e-01	0.00e+00	0.00e+00	0.00e+00	0.00e+00	0.00e+00	1.12e-160
 1.71592e+11	1.10e-43	8.74e-33	5.69e-23	1.14e-13	7.64e-04	6.07e-01	3.92e-01	0.00e+00	0.00e+00	0.00e+00	0.00e+00	0.00e+00	5.05e-206
 2.04189e+11	0.00e+00	1.20e-32	7.28e-23	1.36e-13	8.48e-04	6.24e-01	3.75e-01	0.00e+00	0.00e+00	0.00e+00	0.00e+00	0.00e+00	1.06e-159
 2.42029e+11	2.51e-43	1.71e-32	9.56e-23	1.65e-13	9.49e-04	6.42e-01	3.57e-01	0.00e+00	0.00e+00	0.00e+00	0.00e+00	0.00e+00	2.56e-205
 2.79526e+11	0.00e+00	2.39e-32	1.24e-22	1.98e-13	1.06e-03	6.59e-01	3.40e-01	0.00e+00	0.00e+00	0.00e+00	0.00e+00	0.00e+00	1.34e-158
 3.18523e+11	5.74e-43	3.36e-32	1.61e-22	2.38e-13	1.18e-03	6.76e-01	3.23e-01	0.00e+00	0.00e+00	0.00e+00	0.00e+00	0.00e+00	1.50e-204
 3.61191e+11	0.00e+00	4.79e-32	2.12e-22	2.88e-13	1.32e-03	6.94e-01	3.05e-01	0.00e+00	0.00e+00	0.00e+00	0.00e+00	0.00e+00	1.73e-157
 4.04389e+11	1.35e-42	6.76e-32	2.77e-22	3.48e-13	1.47e-03	7.10e-01	2.89e-01	0.00e+00	0.00e+00	0.00e+00	0.00e+00	0.00e+00	1.04e-203
 4.49315e+11	0.00e+00	9.56e-32	3.61e-22	4.19e-13	1.63e-03	7.26e-01	2.73e-01	0.00e+00	0.00e+00	0.00e+00	0.00e+00	0.00e+00	2.23e-156
 4.97215e+11	3.21e-42	1.36e-31	4.75e-22	5.08e-13	1.82e-03	7.41e-01	2.57e-01	0.00e+00	0.00e+00	0.00e+00	0.00e+00	0.00e+00	1.01e-202
 5.47030e+11	0.00e+00	1.94e-31	6.24e-22	6.14e-13	2.03e-03	7.57e-01	2.41e-01	0.00e+00	0.00e+00	0.00e+00	0.00e+00	0.00e+00	3.09e-155
 5.98838e+11	7.68e-42	2.77e-31	8.20e-22	7.44e-13	2.27e-03	7.71e-01	2.27e-01	0.00e+00	0.00e+00	0.00e+00	0.00e+00	0.00e+00	9.95e-206
 6.52718e+11	0.00e+00	3.95e-31	1.08e-21	8.99e-13	2.53e-03	7.85e-01	2.13e-01	0.00e+00	0.00e+00	0.00e+00	0.00e+00	0.00e+00	4.31e-154
 7.08754e+11	1.84e-41	5.63e-31	1.42e-21	1.09e-12	2.81e-03	7.98e-01	1.99e-01	0.00e+00	0.00e+00	0.00e+00	0.00e+00	0.00e+00	0.00e+00
 7.67031e+11	0.00e+00	8.03e-31	1.86e-21	1.32e-12	3.13e-03	8.11e-01	1.86e-01	0.00e+00	0.00e+00	0.00e+00	0.00e+00	0.00e+00	6.05e-153
 8.27639e+11	4.43e-41	1.15e-30	2.45e-21	1.59e-12	3.49e-03	8.23e-01	1.74e-01	0.00e+00	0.00e+00	0.00e+00	0.00e+00	0.00e+00	9.58e-200
 8.84658e+11	0.00e+00	1.58e-30	3.13e-21	1.89e-12	3.83e-03	8.33e-01	1.63e-01	0.00e+00	0.00e+00	0.00e+00	0.00e+00	0.00e+00	7.55e-152
 9.35702e+11	9.31e-41	2.09e-30	3.88e-21	2.19e-12	4.17e-03	8.41e-01	1.55e-01	0.00e+00	0.00e+00	0.00e+00	0.00e+00	0.00e+00	1.33e-199
 9.93025e+11	0.00e+00	2.84e-30	4.92e-21	2.58e-12	4.57e-03	8.50e-01	1.46e-01	0.00e+00	0.00e+00	0.00e+00	0.00e+00	0.00e+00	6.65e-151
 1.06090e+12	2.09e-40	4.02e-30	6.42e-21	3.10e-12	5.06e-03	8.59e-01	1.36e-01	0.00e+00	0.00e+00	0.00e+00	0.00e+00	0.00e+00	2.16e-210
 1.12908e+12	0.00e+00	5.64e-30	8.32e-21	3.70e-12	5.59e-03	8.68e-01	1.26e-01	0.00e+00	0.00e+00	0.00e+00	0.00e+00	0.00e+00	8.58e-150
 1.19314e+12	4.63e-40	7.66e-30	1.05e-20	4.35e-12	6.11e-03	8.75e-01	1.19e-01	0.00e+00	0.00e+00	0.00e+00	0.00e+00	0.00e+00	0.00e+00
 1.26395e+12	0.00e+00	1.07e-29	1.35e-20	5.18e-12	6.74e-03	8.82e-01	1.11e-01	0.00e+00	0.00e+00	0.00e+00	0.00e+00	0.00e+00	9.11e-149
 1.34443e+12	1.09e-39	1.53e-29	1.78e-20	6.26e-12	7.48e-03	8.90e-01	1.03e-01	0.00e+00	0.00e+00	0.00e+00	0.00e+00	0.00e+00	1.16e-195
 1.42485e+12	0.00e+00	2.16e-29	2.33e-20	7.52e-12	8.26e-03	8.97e-01	9.52e-02	0.00e+00	0.00e+00	0.00e+00	0.00e+00	0.00e+00	1.27e-147
 1.50849e+12	2.56e-39	3.06e-29	3.04e-20	9.03e-12	9.13e-03	9.03e-01	8.83e-02	0.00e+00	0.00e+00	0.00e+00	0.00e+00	0.00e+00	6.73e-195
 1.59875e+12	0.00e+00	4.40e-29	4.01e-20	1.09e-11	1.01e-02	9.08e-01	8.15e-02	0.00e+00	0.00e+00	0.00e+00	0.00e+00	0.00e+00	1.78e-146
 1.68332e+12	6.02e-39	6.09e-29	5.15e-20	1.29e-11	1.11e-02	9.13e-01	7.58e-02	0.00e+00	0.00e+00	0.00e+00	0.00e+00	0.00e+00	0.00e+00
 1.75870e+12	0.00e+00	8.09e-29	6.40e-20	1.50e-11	1.21e-02	9.17e-01	7.11e-02	0.00e+00	0.00e+00	0.00e+00	0.00e+00	0.00e+00	1.72e-145
 1.84339e+12	1.26e-38	1.10e-28	8.12e-20	1.77e-11	1.32e-02	9.21e-01	6.63e-02	0.00e+00	0.00e+00	0.00e+00	0.00e+00	0.00e+00	2.59e-192
 1.94405e+12	0.00e+00	1.57e-28	1.07e-19	2.13e-11	1.45e-02	9.24e-01	6.12e-02	0.00e+00	0.00e+00	0.00e+00	0.00e+00	0.00e+00	2.04e-144
 2.04527e+12	3.00e-38	2.22e-28	1.39e-19	2.54e-11	1.60e-02	9.27e-01	5.65e-02	0.00e+00	0.00e+00	0.00e+00	0.00e+00	0.00e+00	0.00e+00
 2.13990e+12	0.00e+00	3.04e-28	1.76e-19	3.00e-11	1.75e-02	9.30e-01	5.25e-02	0.00e+00	0.00e+00	0.00e+00	0.00e+00	0.00e+00	2.34e-143
 2.24478e+12	6.69e-38	4.24e-28	2.28e-19	3.56e-11	1.92e-02	9.32e-01	4.86e-02	0.00e+00	0.00e+00	0.00e+00	0.00e+00	0.00e+00	0.00e+00
 2.36450e+12	0.00e+00	6.13e-28	3.02e-19	4.32e-11	2.12e-02	9.34e-01	4.45e-02	0.00e+00	0.00e+00	0.00e+00	0.00e+00	0.00e+00	3.17e-142
 2.48208e+12	1.63e-37	8.70e-28	3.95e-19	5.18e-11	2.34e-02	9.36e-01	4.09e-02	0.00e+00	0.00e+00	0.00e+00	0.00e+00	0.00e+00	0.00e+00
 2.59518e+12	0.00e+00	1.20e-27	5.06e-19	6.13e-11	2.55e-02	9.37e-01	3.79e-02	0.00e+00	0.00e+00	0.00e+00	0.00e+00	0.00e+00	3.85e-141
 2.71972e+12	3.76e-37	1.70e-27	6.60e-19	7.33e-11	2.81e-02	9.37e-01	3.48e-02	0.00e+00	0.00e+00	0.00e+00	0.00e+00	0.00e+00	1.18e-214
 2.85843e+12	0.00e+00	2.47e-27	8.78e-19	8.89e-11	3.10e-02	9.37e-01	3.18e-02	0.00e+00	0.00e+00	0.00e+00	0.00e+00	0.00e+00	5.49e-140
 2.99836e+12	9.36e-37	3.55e-27	1.16e-18	1.07e-10	3.42e-02	9.37e-01	2.90e-02	0.00e+00	0.00e+00	0.00e+00	0.00e+00	0.00e+00	0.00e+00
 3.14389e+12	0.00e+00	5.11e-27	1.53e-18	1.29e-10	3.77e-02	9.36e-01	2.65e-02	0.00e+00	0.00e+00	0.00e+00	0.00e+00	0.00e+00	7.97e-139
 3.29399e+12	2.30e-36	7.33e-27	2.02e-18	1.56e-10	4.15e-02	9.34e-01	2.42e-02	0.00e+00	0.00e+00	0.00e+00	0.00e+00	0.00e+00	1.33e-225
 3.44120e+12	0.00e+00	1.03e-26	2.63e-18	1.86e-10	4.55e-02	9.32e-01	2.22e-02	0.00e+00	0.00e+00	0.00e+00	0.00e+00	0.00e+00	1.06e-137
 3.59989e+12	5.48e-36	1.47e-26	3.45e-18	2.24e-10	5.00e-02	9.30e-01	2.02e-02	0.00e+00	0.00e+00	0.00e+00	0.00e+00	0.00e+00	0.00e+00
 3.77381e+12	0.00e+00	2.14e-26	4.61e-18	2.72e-10	5.52e-02	9.27e-01	1.83e-02	0.00e+00	0.00e+00	0.00e+00	0.00e+00	0.00e+00	1.57e-136
 3.95469e+12	1.39e-35	3.12e-26	6.16e-18	3.30e-10	6.08e-02	9.23e-01	1.66e-02	0.00e+00	0.00e+00	0.00e+00	0.00e+00	0.00e+00	0.00e+00
 4.14280e+12	0.00e+00	4.55e-26	8.22e-18	4.01e-10	6.71e-02	9.18e-01	1.50e-02	0.00e+00	0.00e+00	0.00e+00	0.00e+00	0.00e+00	2.47e-135
 4.33844e+12	3.55e-35	6.63e-26	1.10e-17	4.87e-10	7.39e-02	9.13e-01	1.35e-02	0.00e+00	0.00e+00	0.00e+00	0.00e+00	0.00e+00	0.00e+00
 4.51528e+12	0.00e+00	9.19e-26	1.41e-17	5.77e-10	8.04e-02	9.07e-01	1.24e-02	0.00e+00	0.00e+00	0.00e+00	0.00e+00	0.00e+00	3.26e-134
 4.66245e+12	7.38e-35	1.20e-25	1.73e-17	6.61e-10	8.60e-02	9.03e-01	1.15e-02	0.00e+00	0.00e+00	0.00e+00	0.00e+00	0.00e+00	3.89e-98
 4.82360e+12	1.04e-34	1.58e-25	2.15e-17	7.64e-10	9.24e-02	8.97e-01	1.06e-02	0.00e+00	0.00e+00	0.00e+00	0.00e+00	0.00e+00	0.00e+00
 5.02794e+12	1.60e-34	2.23e-25	2.81e-17	9.13e-10	1.01e-01	8.90e-01	9.61e-03	0.00e+00	0.00e+00	0.00e+00	0.00e+00	0.00e+00	4.19e-115
 5.24124e+12	2.44e-34	3.15e-25	3.66e-17	1.09e-09	1.10e-01	8.81e-01	8.69e-03	0.00e+00	0.00e+00	0.00e+00	0.00e+00	0.00e+00	5.39e-97
 5.42207e+12	3.46e-34	4.17e-25	4.56e-17	1.26e-09	1.18e-01	8.74e-01	8.00e-03	0.00e+00	0.00e+00	0.00e+00	0.00e+00	0.00e+00	0.00e+00
 5.60785e+12	4.89e-34	5.50e-25	5.65e-17	1.46e-09	1.26e-01	8.66e-01	7.36e-03	0.00e+00	0.00e+00	0.00e+00	0.00e+00	0.00e+00	7.89e-114
 5.84208e+12	7.43e-34	7.72e-25	7.36e-17	1.74e-09	1.37e-01	8.56e-01	6.64e-03	0.00e+00	0.00e+00	0.00e+00	0.00e+00	0.00e+00	6.11e-96
 6.08016e+12	1.12e-33	1.07e-24	9.51e-17	2.07e-09	1.49e-01	8.45e-01	5.99e-03	0.00e+00	0.00e+00	0.00e+00	0.00e+00	0.00e+00	0.00e+00
 6.28400e+12	1.56e-33	1.41e-24	1.18e-16	2.38e-09	1.59e-01	8.35e-01	5.50e-03	0.00e+00	0.00e+00	0.00e+00	0.00e+00	0.00e+00	1.68e-112
 6.50247e+12	2.21e-33	1.86e-24	1.46e-16	2.75e-09	1.70e-01	8.25e-01	5.02e-03	0.00e+00	0.00e+00	0.00e+00	0.00e+00	0.00e+00	6.57e-95
 6.77343e+12	3.33e-33	2.60e-24	1.90e-16	3.27e-09	1.84e-01	8.11e-01	4.50e-03	0.00e+00	0.00e+00	0.00e+00	0.00e+00	0.00e+00	1.25e-111
 7.05149e+12	4.99e-33	3.61e-24	2.45e-16	3.88e-09	1.99e-01	7.97e-01	4.04e-03	0.00e+00	0.00e+00	0.00e+00	0.00e+00	0.00e+00	3.88e-94
 7.30124e+12	7.05e-33	4.78e-24	3.05e-16	4.48e-09	2.12e-01	7.84e-01	3.67e-03	0.00e+00	0.00e+00	0.00e+00	0.00e+00	0.00e+00	9.19e-111
 7.57532e+12	1.01e-32	6.41e-24	3.84e-16	5.22e-09	2.27e-01	7.69e-01	3.31e-03	0.00e+00	0.00e+00	0.00e+00	0.00e+00	0.00e+00	1.84e-93
 7.89980e+12	1.53e-32	8.95e-24	4.98e-16	6.21e-09	2.45e-01	7.52e-01	2.94e-03	0.00e+00	0.00e+00	0.00e+00	0.00e+00	0.00e+00	7.36e-110
 8.22517e+12	2.27e-32	1.23e-23	6.38e-16	7.32e-09	2.63e-01	7.34e-01	2.62e-03	0.00e+00	0.00e+00	0.00e+00	0.00e+00	0.00e+00	1.07e-92
 8.53319e+12	3.23e-32	1.64e-23	7.99e-16	8.48e-09	2.80e-01	7.17e-01	2.35e-03	0.00e+00	0.00e+00	0.00e+00	0.00e+00	0.00e+00	5.54e-109
 8.87409e+12	4.69e-32	2.22e-23	1.01e-15	9.91e-09	2.99e-01	6.99e-01	2.09e-03	0.00e+00	0.00e+00	0.00e+00	0.00e+00	0.00e+00	5.34e-92
 9.25899e+12	7.00e-32	3.07e-23	1.31e-15	1.17e-08	3.21e-01	6.78e-01	1.84e-03	0.00e+00	0.00e+00	0.00e+00	0.00e+00	0.00e+00	4.61e-108
 9.64275e+12	1.02e-31	4.18e-23	1.66e-15	1.37e-08	3.42e-01	6.57e-01	1.63e-03	0.00e+00	0.00e+00	0.00e+00	0.00e+00	0.00e+00	3.03e-91
 9.98142e+12	1.41e-31	5.42e-23	2.03e-15	1.56e-08	3.60e-01	6.39e-01	1.46e-03	0.00e+00	0.00e+00	0.00e+00	0.00e+00	0.00e+00	3.19e-107
 1.02653e+13	1.82e-31	6.68e-23	2.39e-15	1.74e-08	3.75e-01	6.24e-01	1.34e-03	0.00e+00	0.00e+00	0.00e+00	0.00e+00	0.00e+00	1.10e-90
 1.05708e+13	2.38e-31	8.29e-23	2.83e-15	1.94e-08	3.91e-01	6.08e-01	1.22e-03	0.00e+00	0.00e+00	0.00e+00	0.00e+00	0.00e+00	1.38e-106
 1.09679e+13	3.33e-31	1.09e-22	3.49e-15	2.22e-08	4.11e-01	5.87e-01	1.09e-03	0.00e+00	0.00e+00	0.00e+00	0.00e+00	0.00e+00	4.28e-90
 1.13833e+13	4.65e-31	1.42e-22	4.30e-15	2.54e-08	4.32e-01	5.67e-01	9.64e-04	0.00e+00	0.00e+00	0.00e+00	0.00e+00	0.00e+00	9.06e-106
 1.17375e+13	6.10e-31	1.77e-22	5.11e-15	2.83e-08	4.50e-01	5.49e-01	8.72e-04	0.00e+00	0.00e+00	0.00e+00	0.00e+00	0.00e+00	1.69e-89
 1.21129e+13	8.05e-31	2.22e-22	6.07e-15	3.16e-08	4.68e-01	5.31e-01	7.86e-04	0.00e+00	0.00e+00	0.00e+00	0.00e+00	0.00e+00	4.35e-105
 1.25866e+13	1.13e-30	2.91e-22	7.49e-15	3.61e-08	4.90e-01	5.10e-01	6.91e-04	0.00e+00	0.00e+00	0.00e+00	0.00e+00	0.00e+00	6.91e-89
 1.30747e+13	1.57e-30	3.79e-22	9.20e-15	4.12e-08	5.12e-01	4.88e-01	6.07e-04	0.00e+00	0.00e+00	0.00e+00	0.00e+00	0.00e+00	2.95e-104
 1.35028e+13	2.06e-30	4.74e-22	1.09e-14	4.59e-08	5.30e-01	4.70e-01	5.43e-04	0.00e+00	0.00e+00	0.00e+00	0.00e+00	0.00e+00	2.81e-88
 1.39662e+13	2.75e-30	5.97e-22	1.31e-14	5.13e-08	5.49e-01	4.51e-01	4.83e-04	0.00e+00	0.00e+00	0.00e+00	0.00e+00	0.00e+00	1.53e-103
 1.44798e+13	3.73e-30	7.63e-22	1.58e-14	5.77e-08	5.69e-01	4.30e-01	4.26e-04	0.00e+00	0.00e+00	0.00e+00	0.00e+00	0.00e+00	1.12e-87
 1.49561e+13	4.89e-30	9.49e-22	1.87e-14	6.41e-08	5.87e-01	4.12e-01	3.79e-04	0.00e+00	0.00e+00	0.00e+00	0.00e+00	0.00e+00	8.36e-103
 1.54725e+13	6.49e-30	1.19e-21	2.22e-14	7.13e-08	6.06e-01	3.94e-01	3.36e-04	0.00e+00	0.00e+00	0.00e+00	0.00e+00	0.00e+00	4.14e-87
 1.60467e+13	8.76e-30	1.51e-21	2.67e-14	8.00e-08	6.25e-01	3.75e-01	2.94e-04	0.00e+00	0.00e+00	0.00e+00	0.00e+00	0.00e+00	4.76e-102
 1.65821e+13	1.15e-29	1.88e-21	3.15e-14	8.84e-08	6.42e-01	3.57e-01	2.61e-04	0.00e+00	0.00e+00	0.00e+00	0.00e+00	0.00e+00	1.61e-86
 1.71643e+13	1.52e-29	2.35e-21	3.73e-14	9.82e-08	6.60e-01	3.40e-01	2.30e-04	0.00e+00	0.00e+00	0.00e+00	0.00e+00	0.00e+00	2.50e-101
 1.78120e+13	2.05e-29	2.99e-21	4.48e-14	1.10e-07	6.78e-01	3.21e-01	2.00e-04	0.00e+00	0.00e+00	0.00e+00	0.00e+00	0.00e+00	6.49e-86
 1.84176e+13	2.68e-29	3.70e-21	5.27e-14	1.21e-07	6.94e-01	3.05e-01	1.77e-04	0.00e+00	0.00e+00	0.00e+00	0.00e+00	0.00e+00	1.41e-100
 1.90776e+13	3.55e-29	4.63e-21	6.24e-14	1.34e-07	7.11e-01	2.89e-01	1.55e-04	0.00e+00	0.00e+00	0.00e+00	0.00e+00	0.00e+00	2.48e-85
 1.98146e+13	4.78e-29	5.88e-21	7.48e-14	1.49e-07	7.28e-01	2.72e-01	1.34e-04	0.00e+00	0.00e+00	0.00e+00	0.00e+00	0.00e+00	8.41e-100
 2.05080e+13	6.27e-29	7.29e-21	8.80e-14	1.64e-07	7.43e-01	2.57e-01	1.17e-04	0.00e+00	0.00e+00	0.00e+00	0.00e+00	0.00e+00	1.01e-84
 2.12659e+13	8.34e-29	9.14e-21	1.04e-13	1.82e-07	7.58e-01	2.42e-01	1.02e-04	0.00e+00	0.00e+00	0.00e+00	0.00e+00	0.00e+00	4.74e-99
 2.21148e+13	1.13e-28	1.16e-20	1.25e-13	2.02e-07	7.73e-01	2.27e-01	8.75e-05	0.00e+00	0.00e+00	0.00e+00	0.00e+00	0.00e+00	4.36e-84
 2.29190e+13	1.49e-28	1.45e-20	1.47e-13	2.23e-07	7.87e-01	2.13e-01	7.61e-05	0.00e+00	0.00e+00	0.00e+00	0.00e+00	0.00e+00	2.95e-98
 2.37838e+13	1.99e-28	1.82e-20	1.74e-13	2.46e-07	8.00e-01	2.00e-01	6.59e-05	0.00e+00	0.00e+00	0.00e+00	0.00e+00	0.00e+00	1.81e-83
 2.47651e+13	2.71e-28	2.32e-20	2.09e-13	2.73e-07	8.14e-01	1.86e-01	5.61e-05	0.00e+00	0.00e+00	0.00e+00	0.00e+00	0.00e+00	1.96e-97
 2.57320e+13	3.63e-28	2.93e-20	2.48e-13	3.01e-07	8.26e-01	1.74e-01	4.83e-05	0.00e+00	0.00e+00	0.00e+00	0.00e+00	0.00e+00	8.39e-83
 2.67377e+13	4.87e-28	3.69e-20	2.94e-13	3.32e-07	8.38e-01	1.62e-01	4.14e-05	0.00e+00	0.00e+00	0.00e+00	0.00e+00	0.00e+00	1.28e-96
 2.78371e+13	6.62e-28	4.70e-20	3.51e-13	3.67e-07	8.49e-01	1.51e-01	3.53e-05	0.00e+00	0.00e+00	0.00e+00	0.00e+00	0.00e+00	3.93e-82
 2.89805e+13	9.02e-28	5.99e-20	4.19e-13	4.05e-07	8.60e-01	1.40e-01	3.01e-05	0.00e+00	0.00e+00	0.00e+00	0.00e+00	0.00e+00	9.27e-96
 3.00971e+13	1.20e-27	7.49e-20	4.93e-13	4.45e-07	8.70e-01	1.30e-01	2.59e-05	0.00e+00	0.00e+00	0.00e+00	0.00e+00	0.00e+00	1.84e-81
 3.11135e+13	1.55e-27	9.12e-20	5.69e-13	4.82e-07	8.77e-01	1.23e-01	2.27e-05	0.00e+00	0.00e+00	0.00e+00	0.00e+00	0.00e+00	5.30e-95
 3.20186e+13	1.92e-27	1.08e-19	6.44e-13	5.16e-07	8.84e-01	1.16e-01	2.02e-05	0.00e+00	0.00e+00	0.00e+00	0.00e+00	0.00e+00	6.34e-81
 3.29899e+13	2.42e-27	1.29e-19	7.31e-13	5.53e-07	8.90e-01	1.10e-01	1.79e-05	0.00e+00	0.00e+00	0.00e+00	0.00e+00	0.00e+00	2.25e-94
 3.42247e+13	3.20e-27	1.61e-19	8.54e-13	6.03e-07	8.97e-01	1.03e-01	1.55e-05	0.00e+00	0.00e+00	0.00e+00	0.00e+00	0.00e+00	2.44e-80
 3.54800e+13	4.19e-27	1.98e-19	9.96e-13	6.56e-07	9.04e-01	9.56e-02	1.34e-05	0.00e+00	0.00e+00	0.00e+00	0.00e+00	0.00e+00	1.36e-93
 3.65355e+13	5.25e-27	2.36e-19	1.13e-12	7.02e-07	9.10e-01	9.05e-02	1.19e-05	0.00e+00	0.00e+00	0.00e+00	0.00e+00	0.00e+00	9.04e-80
 3.76535e+13	6.62e-27	2.82e-19	1.28e-12	7.51e-07	9.15e-01	8.54e-02	1.06e-05	0.00e+00	0.00e+00	0.00e+00	0.00e+00	0.00e+00	5.98e-93
 3.90661e+13	8.79e-27	3.51e-19	1.49e-12	8.16e-07	9.20e-01	7.97e-02	9.14e-06	0.00e+00	0.00e+00	0.00e+00	0.00e+00	0.00e+00	3.58e-79
 4.05138e+13	1.16e-26	4.34e-19	1.73e-12	8.86e-07	9.26e-01	7.42e-02	7.88e-06	0.00e+00	0.00e+00	0.00e+00	0.00e+00	0.00e+00	3.70e-92
 4.17510e+13	1.46e-26	5.19e-19	1.96e-12	9.47e-07	9.30e-01	7.01e-02	7.00e-06	0.00e+00	0.00e+00	0.00e+00	0.00e+00	0.00e+00	1.39e-78
 4.30621e+13	1.85e-26	6.23e-19	2.23e-12	1.01e-06	9.34e-01	6.60e-02	6.19e-06	0.00e+00	0.00e+00	0.00e+00	0.00e+00	0.00e+00	1.71e-91
 4.46942e+13	2.47e-26	7.77e-19	2.60e-12	1.10e-06	9.38e-01	6.15e-02	5.35e-06	0.00e+00	0.00e+00	0.00e+00	0.00e+00	0.00e+00	5.76e-78
 4.63671e+13	3.26e-26	9.63e-19	3.02e-12	1.19e-06	9.43e-01	5.72e-02	4.60e-06	0.00e+00	0.00e+00	0.00e+00	0.00e+00	0.00e+00	1.09e-90
 4.78322e+13	4.16e-26	1.16e-18	3.43e-12	1.27e-06	9.46e-01	5.39e-02	4.08e-06	0.00e+00	0.00e+00	0.00e+00	0.00e+00	0.00e+00	2.35e-77
 4.94038e+13	5.35e-26	1.40e-18	3.91e-12	1.36e-06	9.49e-01	5.07e-02	3.59e-06	0.00e+00	0.00e+00	0.00e+00	0.00e+00	0.00e+00	5.44e-90
 5.13129e+13	7.19e-26	1.76e-18	4.56e-12	1.48e-06	9.53e-01	4.71e-02	3.09e-06	0.00e+00	0.00e+00	0.00e+00	0.00e+00	0.00e+00	1.04e-76
 5.32536e+13	9.57e-26	2.19e-18	5.31e-12	1.60e-06	9.56e-01	4.38e-02	2.67e-06	0.00e+00	0.00e+00	0.00e+00	0.00e+00	0.00e+00	2.26e-76
 5.50203e+13	1.24e-25	2.65e-18	6.06e-12	1.71e-06	9.59e-01	4.12e-02	2.35e-06	0.00e+00	0.00e+00	0.00e+00	0.00e+00	0.00e+00	4.53e-76
 5.69680e+13	1.62e-25	3.26e-18	6.97e-12	1.84e-06	9.61e-01	3.85e-02	2.05e-06	0.00e+00	0.00e+00	0.00e+00	0.00e+00	0.00e+00	9.54e-76
 5.92452e+13	2.21e-25	4.12e-18	8.16e-12	2.00e-06	9.64e-01	3.57e-02	1.75e-06	0.00e+00	0.00e+00	0.00e+00	0.00e+00	0.00e+00	2.22e-75
 6.15054e+13	2.96e-25	5.15e-18	9.49e-12	2.16e-06	9.67e-01	3.32e-02	1.51e-06	0.00e+00	0.00e+00	0.00e+00	0.00e+00	0.00e+00	4.95e-75
 6.36564e+13	3.88e-25	6.31e-18	1.09e-11	2.31e-06	9.69e-01	3.11e-02	1.32e-06	0.00e+00	0.00e+00	0.00e+00	0.00e+00	0.00e+00	1.03e-74
 6.60331e+13	5.17e-25	7.84e-18	1.26e-11	2.49e-06	9.71e-01	2.90e-02	1.15e-06	0.00e+00	0.00e+00	0.00e+00	0.00e+00	0.00e+00	2.27e-74
 6.87043e+13	7.08e-25	9.93e-18	1.48e-11	2.70e-06	9.73e-01	2.68e-02	9.82e-07	0.00e+00	0.00e+00	0.00e+00	0.00e+00	0.00e+00	5.37e-74
 7.14111e+13	9.61e-25	1.25e-17	1.73e-11	2.92e-06	9.75e-01	2.49e-02	0.00e+00	0.00e+00	0.00e+00	0.00e+00	0.00e+00	0.00e+00	1.25e-73
 7.42261e+13	1.30e-24	1.58e-17	2.01e-11	3.16e-06	9.77e-01	2.31e-02	0.00e+00	0.00e+00	0.00e+00	0.00e+00	0.00e+00	0.00e+00	2.89e-73
 7.72251e+13	1.78e-24	1.99e-17	2.36e-11	3.42e-06	9.79e-01	2.14e-02	0.00e+00	0.00e+00	0.00e+00	0.00e+00	0.00e+00	0.00e+00	6.84e-73
 8.03440e+13	2.44e-24	2.52e-17	2.76e-11	3.71e-06	9.80e-01	1.98e-02	0.00e+00	0.00e+00	0.00e+00	0.00e+00	0.00e+00	0.00e+00	1.62e-72
 8.33698e+13	3.27e-24	3.14e-17	3.20e-11	3.99e-06	9.82e-01	1.85e-02	0.00e+00	0.00e+00	0.00e+00	0.00e+00	0.00e+00	0.00e+00	3.61e-72
 8.62252e+13	4.26e-24	3.84e-17	3.66e-11	4.27e-06	9.83e-01	1.73e-02	0.00e+00	0.00e+00	0.00e+00	0.00e+00	0.00e+00	0.00e+00	7.48e-72
 8.89233e+13	5.44e-24	4.61e-17	4.14e-11	4.54e-06	9.84e-01	1.63e-02	0.00e+00	0.00e+00	0.00e+00	0.00e+00	1.49e-17	3.12e-17	1.47e-71
 9.18636e+13	7.05e-24	5.61e-17	4.71e-11	4.84e-06	9.85e-01	1.53e-02	0.00e+00	0.00e+00	0.00e+00	0.00e+00	1.86e-17	3.74e-17	3.00e-71
 9.51409e+13	9.27e-24	6.89e-17	5.42e-11	5.20e-06	9.86e-01	1.43e-02	0.00e+00	0.00e+00	0.00e+00	0.00e+00	2.29e-17	4.60e-17	6.35e-71
 9.82190e+13	1.19e-23	8.32e-17	6.15e-11	5.53e-06	9.87e-01	1.34e-02	0.00e+00	0.00e+00	0.00e+00	0.00e+00	2.76e-17	5.56e-17	1.28e-70
 1.01583e+14	1.56e-23	1.02e-16	7.03e-11	5.92e-06	9.87e-01	1.26e-02	0.00e+00	0.00e+00	0.00e+00	0.00e+00	3.38e-17	6.81e-17	2.68e-70
 1.05381e+14	2.08e-23	1.27e-16	8.13e-11	6.37e-06	9.88e-01	1.17e-02	0.00e+00	0.00e+00	0.00e+00	0.00e+00	4.20e-17	8.46e-17	5.93e-70
 1.09029e+14	2.71e-23	1.54e-16	9.31e-11	6.82e-06	9.89e-01	1.09e-02	0.00e+00	0.00e+00	0.00e+00	0.00e+00	5.12e-17	1.03e-16	1.22e-69
 1.13013e+14	3.60e-23	1.91e-16	1.07e-10	7.32e-06	9.90e-01	1.02e-02	0.00e+00	0.00e+00	0.00e+00	0.00e+00	6.34e-17	1.28e-16	2.67e-69
 1.17563e+14	4.92e-23	2.42e-16	1.26e-10	7.92e-06	9.91e-01	9.45e-03	0.00e+00	0.00e+00	0.00e+00	0.00e+00	8.02e-17	1.62e-16	6.32e-69
 1.22017e+14	6.55e-23	3.00e-16	1.46e-10	8.54e-06	9.91e-01	8.77e-03	0.00e+00	0.00e+00	0.00e+00	0.00e+00	9.96e-17	2.01e-16	1.38e-68
 1.26648e+14	8.81e-23	3.75e-16	1.69e-10	9.20e-06	9.92e-01	8.16e-03	0.00e+00	0.00e+00	0.00e+00	0.00e+00	1.25e-16	2.51e-16	3.14e-68
 1.31311e+14	1.16e-22	4.63e-16	1.95e-10	9.90e-06	9.92e-01	7.58e-03	0.00e+00	0.00e+00	0.00e+00	0.00e+00	1.53e-16	3.09e-16	6.68e-68
 1.35421e+14	1.48e-22	5.56e-16	2.21e-10	1.05e-05	9.93e-01	7.14e-03	0.00e+00	0.00e+00	0.00e+00	0.00e+00	1.84e-16	3.72e-16	1.31e-67
 1.39894e+14	1.90e-22	6.71e-16	2.52e-10	1.12e-05	9.93e-01	6.69e-03	0.00e+00	0.00e+00	0.00e+00	0.00e+00	2.23e-16	4.48e-16	2.58e-67
 1.45286e+14	2.56e-22	8.41e-16	2.93e-10	1.21e-05	9.94e-01	6.20e-03	0.00e+00	0.00e+00	0.00e+00	0.00e+00	2.79e-16	5.62e-16	5.88e-67
 1.50642e+14	3.37e-22	1.04e-15	3.39e-10	1.31e-05	9.94e-01	5.77e-03	0.00e+00	0.00e+00	0.00e+00	0.00e+00	3.44e-16	6.92e-16	1.25e-66
 1.55428e+14	4.29e-22	1.24e-15	3.84e-10	1.39e-05	9.95e-01	5.42e-03	0.00e+00	0.00e+00	0.00e+00	0.00e+00	4.13e-16	8.31e-16	2.42e-66
 1.60700e+14	5.54e-22	1.51e-15	4.39e-10	1.49e-05	9.95e-01	5.07e-03	0.00e+00	0.00e+00	0.00e+00	0.00e+00	5.02e-16	1.01e-15	4.90e-66
 1.66968e+14	7.47e-22	1.90e-15	5.11e-10	1.61e-05	9.95e-01	4.70e-03	0.00e+00	0.00e+00	0.00e+00	0.00e+00	6.30e-16	1.27e-15	1.12e-65
 1.73177e+14	9.83e-22	2.34e-15	5.93e-10	1.73e-05	9.96e-01	4.36e-03	0.00e+00	0.00e+00	0.00e+00	0.00e+00	7.75e-16	1.56e-15	2.37e-65
 1.78839e+14	1.26e-21	2.83e-15	6.74e-10	1.85e-05	9.96e-01	4.09e-03	0.00e+00	0.00e+00	0.00e+00	0.00e+00	9.39e-16	1.89e-15	4.75e-65
 1.85145e+14	1.64e-21	3.45e-15	7.75e-10	1.99e-05	9.96e-01	3.81e-03	0.00e+00	0.00e+00	0.00e+00	0.00e+00	1.14e-15	2.31e-15	9.66e-65
 1.92499e+14	2.22e-21	4.35e-15	9.06e-10	2.15e-05	9.96e-01	3.52e-03	0.00e+00	0.00e+00	0.00e+00	0.00e+00	1.44e-15	2.90e-15	2.23e-64
 1.99741e+14	2.92e-21	5.36e-15	1.05e-09	2.32e-05	9.97e-01	3.27e-03	0.00e+00	0.00e+00	0.00e+00	0.00e+00	1.78e-15	3.58e-15	4.72e-64
 2.06565e+14	3.78e-21	6.53e-15	1.20e-09	2.48e-05	9.97e-01	3.06e-03	0.00e+00	0.00e+00	0.00e+00	0.00e+00	2.17e-15	4.37e-15	9.71e-64
 2.14148e+14	4.94e-21	8.01e-15	1.39e-09	2.67e-05	9.97e-01	2.84e-03	0.00e+00	0.00e+00	0.00e+00	0.00e+00	2.65e-15	5.35e-15	2.01e-63
 2.22744e+14	6.68e-21	1.01e-14	1.63e-09	2.89e-05	9.97e-01	2.62e-03	0.00e+00	0.00e+00	0.00e+00	0.00e+00	3.35e-15	6.75e-15	4.67e-63
 2.31334e+14	8.78e-21	1.25e-14	1.90e-09	3.13e-05	9.98e-01	2.43e-03	0.00e+00	0.00e+00	0.00e+00	0.00e+00	4.13e-15	8.33e-15	9.86e-63
 2.39349e+14	1.14e-20	1.52e-14	2.17e-09	3.35e-05	9.98e-01	2.27e-03	0.00e+00	0.00e+00	0.00e+00	0.00e+00	5.03e-15	1.01e-14	2.02e-62
 2.48035e+14	1.49e-20	1.87e-14	2.51e-09	3.60e-05	9.98e-01	2.11e-03	0.00e+00	0.00e+00	0.00e+00	0.00e+00	6.20e-15	1.25e-14	4.31e-62
 2.57986e+14	1.98e-20	2.33e-14	2.93e-09	3.90e-05	9.98e-01	1.95e-03	0.00e+00	0.00e+00	0.00e+00	0.00e+00	7.70e-15	1.56e-14	9.39e-62
 2.67362e+14	2.61e-20	2.87e-14	3.38e-09	4.19e-05	9.98e-01	1.81e-03	0.00e+00	0.00e+00	0.00e+00	0.00e+00	9.51e-15	1.92e-14	2.02e-61
 2.75802e+14	3.26e-20	3.40e-14	3.83e-09	4.47e-05	9.98e-01	1.70e-03	0.00e+00	0.00e+00	0.00e+00	0.00e+00	1.13e-14	2.28e-14	3.70e-61
 2.83784e+14	4.06e-20	4.03e-14	4.30e-09	4.73e-05	9.98e-01	1.61e-03	0.00e+00	0.00e+00	0.00e+00	0.00e+00	1.33e-14	2.69e-14	6.84e-61
 2.92624e+14	5.06e-20	4.77e-14	4.86e-09	5.04e-05	9.98e-01	1.51e-03	0.00e+00	0.00e+00	0.00e+00	0.00e+00	1.58e-14	3.19e-14	1.25e-60
 3.02469e+14	6.50e-20	5.79e-14	5.54e-09	5.38e-05	9.99e-01	1.41e-03	0.00e+00	0.00e+00	0.00e+00	0.00e+00	1.92e-14	3.87e-14	2.52e-60
 3.11758e+14	8.06e-20	6.83e-14	6.26e-09	5.73e-05	9.99e-01	1.33e-03	0.00e+00	0.00e+00	0.00e+00	0.00e+00	2.26e-14	4.57e-14	4.56e-60
 3.21969e+14	1.03e-19	8.24e-14	7.12e-09	6.11e-05	9.99e-01	1.24e-03	0.00e+00	0.00e+00	0.00e+00	0.00e+00	2.73e-14	5.51e-14	9.02e-60
 3.33388e+14	1.32e-19	9.97e-14	8.19e-09	6.56e-05	9.99e-01	1.16e-03	0.00e+00	0.00e+00	0.00e+00	0.00e+00	3.30e-14	6.67e-14	1.78e-59
 3.44165e+14	1.66e-19	1.19e-13	9.30e-09	7.00e-05	9.99e-01	1.08e-03	0.00e+00	0.00e+00	0.00e+00	0.00e+00	3.94e-14	7.98e-14	3.41e-59
 3.55962e+14	2.14e-19	1.45e-13	1.06e-08	7.49e-05	9.99e-01	1.01e-03	0.00e+00	0.00e+00	0.00e+00	0.00e+00	4.79e-14	9.70e-14	6.90e-59
 3.69051e+14	2.75e-19	1.76e-13	1.23e-08	8.07e-05	9.99e-01	9.40e-04	0.00e+00	0.00e+00	0.00e+00	0.00e+00	5.82e-14	1.18e-13	1.38e-58
 3.81191e+14	3.51e-19	2.13e-13	1.40e-08	8.61e-05	9.99e-01	8.81e-04	0.00e+00	0.00e+00	0.00e+00	0.00e+00	7.03e-14	1.42e-13	2.75e-58
 3.94344e+14	4.45e-19	2.56e-13	1.60e-08	9.24e-05	9.99e-01	8.21e-04	0.00e+00	0.00e+00	0.00e+00	0.00e+00	8.44e-14	1.71e-13	5.29e-58
 4.08992e+14	5.82e-19	3.15e-13	1.86e-08	9.94e-05	9.99e-01	7.62e-04	0.00e+00	0.00e+00	0.00e+00	0.00e+00	1.04e-13	2.11e-13	1.13e-57
 4.22728e+14	7.33e-19	3.76e-13	2.12e-08	1.06e-04	9.99e-01	7.12e-04	0.00e+00	0.00e+00	0.00e+00	0.00e+00	1.24e-13	2.52e-13	2.13e-57
 4.37730e+14	9.45e-19	4.59e-13	2.44e-08	1.14e-04	9.99e-01	6.63e-04	0.00e+00	0.00e+00	0.00e+00	0.00e+00	1.52e-13	3.08e-13	4.37e-57
 4.54416e+14	1.23e-18	5.62e-13	2.83e-08	1.23e-04	9.99e-01	6.13e-04	0.00e+00	0.00e+00	0.00e+00	0.00e+00	1.85e-13	3.77e-13	8.96e-57
 4.69964e+14	1.56e-18	6.80e-13	3.24e-08	1.32e-04	9.99e-01	5.73e-04	0.00e+00	0.00e+00	0.00e+00	0.00e+00	2.24e-13	4.56e-13	1.78e-56
 4.86848e+14	1.99e-18	8.21e-13	3.73e-08	1.42e-04	9.99e-01	5.32e-04	0.00e+00	0.00e+00	0.00e+00	0.00e+00	2.71e-13	5.50e-13	3.49e-56
 5.05715e+14	2.61e-18	1.01e-12	4.35e-08	1.54e-04	9.99e-01	4.92e-04	0.00e+00	0.00e+00	0.00e+00	0.00e+00	3.34e-13	6.80e-13	7.46e-56
 5.23547e+14	3.30e-18	1.22e-12	5.00e-08	1.65e-04	9.99e-01	4.58e-04	0.00e+00	0.00e+00	0.00e+00	0.00e+00	4.02e-13	8.18e-13	1.45e-55
 5.42712e+14	4.28e-18	1.50e-12	5.77e-08	1.78e-04	9.99e-01	4.25e-04	0.00e+00	0.00e+00	0.00e+00	0.00e+00	4.93e-13	1.00e-12	3.02e-55
 5.64451e+14	5.56e-18	1.84e-12	6.76e-08	1.93e-04	9.99e-01	3.91e-04	0.00e+00	0.00e+00	0.00e+00	0.00e+00	6.06e-13	1.23e-12	6.28e-55
 5.85691e+14	7.21e-18	2.26e-12	7.84e-08	2.09e-04	9.99e-01	3.62e-04	0.00e+00	0.00e+00	0.00e+00	0.00e+00	7.45e-13	1.52e-12	1.32e-54
 6.07780e+14	9.22e-18	2.75e-12	9.10e-08	2.25e-04	9.99e-01	3.35e-04	0.00e+00	0.00e+00	0.00e+00	0.00e+00	9.03e-13	1.84e-12	2.63e-54
 6.32121e+14	1.21e-17	3.42e-12	1.07e-07	2.45e-04	9.99e-01	3.08e-04	0.00e+00	0.00e+00	0.00e+00	0.00e+00	1.12e-12	2.29e-12	5.75e-54
 6.56120e+14	1.54e-17	4.14e-12	1.24e-07	2.65e-04	9.99e-01	2.84e-04	0.00e+00	0.00e+00	0.00e+00	0.00e+00	1.36e-12	2.78e-12	1.14e-53
 6.75841e+14	1.90e-17	4.87e-12	1.40e-07	2.82e-04	9.99e-01	2.67e-04	0.00e+00	0.00e+00	0.00e+00	0.00e+00	1.60e-12	3.27e-12	2.04e-53
 6.91520e+14	2.21e-17	5.50e-12	1.53e-07	2.96e-04	9.99e-01	2.54e-04	0.00e+00	0.00e+00	0.00e+00	0.00e+00	1.81e-12	3.69e-12	3.15e-53
 7.08882e+14	2.60e-17	6.29e-12	1.69e-07	3.12e-04	9.99e-01	2.41e-04	0.00e+00	0.00e+00	0.00e+00	0.00e+00	2.07e-12	4.22e-12	5.07e-53
 7.31453e+14	3.20e-17	7.40e-12	1.92e-07	3.34e-04	9.99e-01	2.25e-04	0.00e+00	0.00e+00	0.00e+00	0.00e+00	2.43e-12	4.97e-12	9.09e-53
 7.55707e+14	3.96e-17	8.80e-12	2.19e-07	3.59e-04	9.99e-01	2.10e-04	0.00e+00	0.00e+00	0.00e+00	0.00e+00	2.89e-12	5.91e-12	1.69e-52
 7.77310e+14	4.76e-17	1.02e-11	2.46e-07	3.81e-04	9.99e-01	1.97e-04	0.00e+00	3.97e-18	1.19e-17	1.99e-17	3.36e-12	6.88e-12	2.90e-52
 8.00552e+14	5.76e-17	1.19e-11	2.77e-07	4.07e-04	9.99e-01	1.85e-04	0.00e+00	4.81e-18	1.44e-17	2.41e-17	3.91e-12	8.01e-12	4.99e-52
 8.29978e+14	7.27e-17	1.44e-11	3.21e-07	4.40e-04	9.99e-01	1.71e-04	0.00e+00	6.08e-18	1.83e-17	3.05e-17	4.73e-12	9.68e-12	9.86e-52
 8.59817e+14	9.14e-17	1.73e-11	3.70e-07	4.76e-04	9.99e-01	1.58e-04	0.00e+00	7.65e-18	2.30e-17	3.84e-17	5.69e-12	1.17e-11	1.92e-51
 8.85149e+14	1.11e-16	2.02e-11	4.17e-07	5.07e-04	9.99e-01	1.48e-04	0.00e+00	9.26e-18	2.78e-17	4.64e-17	6.64e-12	1.36e-11	3.35e-51
 9.12249e+14	1.33e-16	2.37e-11	4.70e-07	5.42e-04	9.99e-01	1.39e-04	0.00e+00	1.12e-17	3.36e-17	5.61e-17	7.77e-12	1.59e-11	5.92e-51
 9.46132e+14	1.69e-16	2.86e-11	5.46e-07	5.88e-04	9.99e-01	1.28e-04	0.00e+00	1.42e-17	4.26e-17	7.11e-17	9.39e-12	1.92e-11	1.18e-50
 9.80951e+14	2.13e-16	3.46e-11	6.33e-07	6.38e-04	9.99e-01	1.18e-04	0.00e+00	1.79e-17	5.37e-17	8.96e-17	1.14e-11	2.33e-11	2.35e-50
 1.01158e+15	2.59e-16	4.06e-11	7.17e-07	6.83e-04	9.99e-01	1.10e-04	0.00e+00	2.18e-17	6.54e-17	1.09e-16	1.33e-11	2.73e-11	4.23e-50
 1.04465e+15	3.14e-16	4.79e-11	8.16e-07	7.33e-04	9.99e-01	1.03e-04	0.00e+00	2.64e-17	7.94e-17	1.33e-16	1.57e-11	3.22e-11	7.72e-50
 1.08462e+15	4.03e-16	5.84e-11	9.51e-07	7.99e-04	9.99e-01	9.43e-05	0.00e+00	3.39e-17	1.02e-16	1.70e-16	1.92e-11	3.93e-11	1.61e-49
 1.12430e+15	5.03e-16	7.03e-11	1.10e-06	8.67e-04	9.99e-01	8.70e-05	0.00e+00	4.24e-17	1.27e-16	2.13e-16	2.31e-11	4.72e-11	3.21e-49
 1.15953e+15	6.12e-16	8.26e-11	1.25e-06	9.28e-04	9.99e-01	8.13e-05	0.00e+00	5.17e-17	1.55e-16	2.59e-16	2.71e-11	5.55e-11	5.85e-49
 1.19826e+15	7.50e-16	9.78e-11	1.42e-06	1.00e-03	9.99e-01	7.54e-05	0.00e+00	6.34e-17	1.90e-16	3.18e-16	3.21e-11	6.57e-11	1.10e-48
 1.24457e+15	9.49e-16	1.19e-10	1.66e-06	1.09e-03	9.99e-01	6.92e-05	0.00e+00	8.03e-17	2.41e-16	4.03e-16	3.90e-11	7.99e-11	2.31e-48
 1.29068e+15	1.20e-15	1.44e-10	1.92e-06	1.18e-03	9.99e-01	6.38e-05	0.00e+00	1.01e-16	3.04e-16	5.08e-16	4.72e-11	9.66e-11	4.73e-48
 1.33282e+15	1.44e-15	1.69e-10	2.18e-06	1.27e-03	9.99e-01	5.95e-05	0.00e+00	1.22e-16	3.68e-16	6.14e-16	5.55e-11	1.14e-10	8.71e-48
 1.37982e+15	1.82e-15	2.04e-10	2.51e-06	1.37e-03	9.99e-01	5.50e-05	0.00e+00	1.55e-16	4.65e-16	7.76e-16	6.68e-11	1.37e-10	1.79e-47
 1.43453e+15	2.32e-15	2.49e-10	2.93e-06	1.50e-03	9.98e-01	5.04e-05	0.00e+00	1.97e-16	5.93e-16	9.90e-16	8.19e-11	1.68e-10	3.91e-47
 1.48838e+15	2.94e-15	3.03e-10	3.40e-06	1.63e-03	9.98e-01	4.64e-05	0.00e+00	2.50e-16	7.51e-16	1.25e-15	9.94e-11	2.03e-10	8.37e-47
 1.53946e+15	3.63e-15	3.61e-10	3.89e-06	1.76e-03	9.98e-01	4.30e-05	0.00e+00	3.09e-16	9.29e-16	1.55e-15	1.19e-10	2.42e-10	1.67e-46
 1.59615e+15	4.53e-15	4.35e-10	4.50e-06	1.91e-03	9.98e-01	3.97e-05	0.00e+00	3.87e-16	1.16e-15	1.94e-15	1.43e-10	2.92e-10	3.51e-46
 1.64968e+15	5.51e-15	5.15e-10	5.13e-06	2.05e-03	9.98e-01	3.69e-05	0.00e+00	4.71e-16	1.41e-15	2.36e-15	1.69e-10	3.46e-10	6.77e-46
 1.68981e+15	6.44e-15	5.86e-10	5.65e-06	2.17e-03	9.98e-01	3.50e-05	0.00e+00	5.51e-16	1.65e-15	2.76e-15	1.93e-10	3.93e-10	1.13e-45
 1.73100e+15	7.64e-15	6.71e-10	6.22e-06	2.29e-03	9.98e-01	3.31e-05	0.00e+00	6.54e-16	1.96e-15	3.28e-15	2.21e-10	4.50e-10	1.95e-45
 1.78455e+15	9.28e-15	7.89e-10	7.02e-06	2.45e-03	9.98e-01	3.10e-05	0.00e+00	7.96e-16	2.39e-15	3.99e-15	2.59e-10	5.29e-10	3.73e-45
 1.84236e+15	1.11e-14	9.23e-10	7.97e-06	2.63e-03	9.97e-01	2.89e-05	0.00e+00	9.52e-16	2.86e-15	4.77e-15	3.04e-10	6.20e-10	6.94e-45
 1.89428e+15	1.33e-14	1.07e-09	8.91e-06	2.81e-03	9.97e-01	2.72e-05	0.00e+00	1.14e-15	3.43e-15	5.72e-15	3.53e-10	7.20e-10	1.27e-44
 1.95039e+15	1.63e-14	1.27e-09	1.00e-05	3.00e-03	9.97e-01	2.55e-05	0.00e+00	1.40e-15	4.21e-15	7.04e-15	4.17e-10	8.49e-10	2.46e-44
 2.02175e+15	2.07e-14	1.54e-09	1.16e-05	3.25e-03	9.97e-01	2.35e-05	0.00e+00	1.78e-15	5.35e-15	8.93e-15	5.07e-10	1.03e-09	5.38e-44
 2.09382e+15	2.52e-14	1.83e-09	1.33e-05	3.51e-03	9.96e-01	2.18e-05	0.00e+00	2.18e-15	6.53e-15	1.09e-14	6.04e-10	1.23e-09	1.07e-43
 2.15453e+15	3.05e-14	2.15e-09	1.49e-05	3.74e-03	9.96e-01	2.05e-05	0.00e+00	2.63e-15	7.90e-15	1.32e-14	7.07e-10	1.44e-09	2.01e-43
 2.21962e+15	3.70e-14	2.52e-09	1.67e-05	4.00e-03	9.96e-01	1.92e-05	0.00e+00	3.19e-15	9.59e-15	1.60e-14	8.30e-10	1.69e-09	3.81e-43
 2.30156e+15	4.82e-14	3.12e-09	1.94e-05	4.34e-03	9.96e-01	1.78e-05	0.00e+00	4.17e-15	1.25e-14	2.09e-14	1.03e-09	2.09e-09	9.00e-43
 2.38724e+15	5.92e-14	3.74e-09	2.24e-05	4.70e-03	9.95e-01	1.65e-05	0.00e+00	5.13e-15	1.54e-14	2.57e-14	1.23e-09	2.51e-09	1.84e-42
 2.46414e+15	7.30e-14	4.46e-09	2.54e-05	5.04e-03	9.95e-01	1.54e-05	0.00e+00	6.33e-15	1.90e-14	3.17e-14	1.47e-09	2.99e-09	3.69e-42
 2.54777e+15	9.08e-14	5.36e-09	2.90e-05	5.43e-03	9.95e-01	1.44e-05	0.00e+00	7.89e-15	2.37e-14	3.95e-14	1.77e-09	3.59e-09	7.59e-42
 2.64696e+15	1.21e-13	6.73e-09	3.38e-05	5.91e-03	9.94e-01	1.33e-05	0.00e+00	1.05e-14	3.15e-14	5.25e-14	2.22e-09	4.51e-09	1.87e-41
 2.74453e+15	1.51e-13	8.20e-09	3.90e-05	6.40e-03	9.94e-01	1.23e-05	0.00e+00	1.32e-14	3.96e-14	6.60e-14	2.70e-09	5.49e-09	4.01e-41
 2.83332e+15	1.87e-13	9.79e-09	4.43e-05	6.87e-03	9.93e-01	1.16e-05	0.00e+00	1.63e-14	4.89e-14	8.17e-14	3.23e-09	6.56e-09	8.01e-41
 2.93253e+15	2.30e-13	1.17e-08	5.08e-05	7.41e-03	9.93e-01	1.08e-05	0.00e+00	2.01e-14	6.03e-14	1.01e-13	3.87e-09	7.85e-09	1.60e-40
 3.04839e+15	3.05e-13	1.48e-08	5.93e-05	8.08e-03	9.92e-01	9.98e-06	0.00e+00	2.67e-14	8.00e-14	1.34e-13	4.89e-09	9.91e-09	3.98e-40
 3.16247e+15	3.92e-13	1.83e-08	6.87e-05	8.75e-03	9.91e-01	9.31e-06	0.00e+00	3.43e-14	1.03e-13	1.72e-13	6.03e-09	1.22e-08	8.81e-40
 3.27033e+15	4.89e-13	2.21e-08	7.85e-05	9.42e-03	9.90e-01	8.73e-06	0.00e+00	4.28e-14	1.28e-13	2.14e-13	7.29e-09	1.48e-08	1.77e-39
 3.39040e+15	6.17e-13	2.70e-08	9.07e-05	1.02e-02	9.90e-01	8.16e-06	0.00e+00	5.41e-14	1.62e-13	2.71e-13	8.92e-09	1.81e-08	3.73e-39
 3.52604e+15	8.08e-13	3.39e-08	1.06e-04	1.11e-02	9.89e-01	7.59e-06	0.00e+00	7.09e-14	2.13e-13	3.55e-13	1.12e-08	2.27e-08	8.87e-39
 3.64000e+15	9.98e-13	4.07e-08	1.21e-04	1.19e-02	9.88e-01	7.18e-06	0.00e+00	8.77e-14	2.63e-13	4.39e-13	1.35e-08	2.73e-08	1.75e-38
 3.72217e+15	1.16e-12	4.63e-08	1.32e-04	1.25e-02	9.87e-01	6.90e-06	0.00e+00	1.02e-13	3.06e-13	5.10e-13	1.53e-08	3.10e-08	2.81e-38
 3.80813e+15	1.35e-12	5.28e-08	1.45e-04	1.31e-02	9.87e-01	6.63e-06	0.00e+00	1.19e-13	3.57e-13	5.96e-13	1.75e-08	3.53e-08	4.57e-38
 3.91986e+15	1.61e-12	6.14e-08	1.62e-04	1.40e-02	9.86e-01	6.31e-06	0.00e+00	1.42e-13	4.25e-13	7.10e-13	2.03e-08	4.11e-08	7.88e-38
 4.04441e+15	2.04e-12	7.49e-08	1.84e-04	1.50e-02	9.85e-01	6.00e-06	0.00e+00	1.80e-13	5.39e-13	8.99e-13	2.48e-08	5.01e-08	1.65e-37
 4.16058e+15	2.42e-12	8.69e-08	2.06e-04	1.59e-02	9.84e-01	5.73e-06	0.00e+00	2.13e-13	6.40e-13	1.07e-12	2.88e-08	5.81e-08	2.78e-37
 4.28654e+15	3.01e-12	1.05e-07	2.33e-04	1.70e-02	9.83e-01	5.46e-06	0.00e+00	2.65e-13	7.96e-13	1.33e-12	3.47e-08	7.01e-08	5.59e-37
 4.42748e+15	3.75e-12	1.27e-07	2.66e-04	1.82e-02	9.82e-01	5.20e-06	0.00e+00	3.31e-13	9.94e-13	1.66e-12	4.20e-08	8.48e-08	1.08e-36
 4.56117e+15	4.51e-12	1.48e-07	2.99e-04	1.94e-02	9.80e-01	4.98e-06	0.00e+00	3.99e-13	1.20e-12	2.00e-12	4.92e-08	9.93e-08	1.86e-36
 4.70823e+15	5.58e-12	1.79e-07	3.40e-04	2.08e-02	9.79e-01	4.75e-06	0.00e+00	4.93e-13	1.48e-12	2.47e-12	5.91e-08	1.19e-07	3.56e-36
 4.87278e+15	7.21e-12	2.23e-07	3.92e-04	2.24e-02	9.77e-01	4.54e-06	0.00e+00	6.38e-13	1.92e-12	3.20e-12	7.37e-08	1.49e-07	7.86e-36
 5.02751e+15	8.84e-12	2.66e-07	4.45e-04	2.40e-02	9.76e-01	4.35e-06	0.00e+00	7.84e-13	2.35e-12	3.92e-12	8.83e-08	1.78e-07	1.46e-35
 5.19607e+15	1.10e-11	3.20e-07	5.09e-04	2.57e-02	9.74e-01	4.17e-06	0.00e+00	9.73e-13	2.92e-12	4.87e-12	1.06e-07	2.14e-07	2.69e-35
 5.38215e+15	1.43e-11	4.01e-07	5.89e-04	2.78e-02	9.72e-01	4.01e-06	0.00e+00	1.27e-12	3.80e-12	6.34e-12	1.33e-07	2.68e-07	5.99e-35
 5.55369e+15	1.76e-11	4.81e-07	6.70e-04	2.97e-02	9.70e-01	3.86e-06	0.00e+00	1.56e-12	4.68e-12	7.81e-12	1.60e-07	3.22e-07	1.10e-34
 5.73938e+15	2.19e-11	5.78e-07	7.67e-04	3.19e-02	9.67e-01	3.72e-06	0.00e+00	1.94e-12	5.83e-12	9.72e-12	1.92e-07	3.86e-07	2.02e-34
 5.94606e+15	2.85e-11	7.29e-07	8.89e-04	3.45e-02	9.65e-01	3.59e-06	0.00e+00	2.53e-12	7.60e-12	1.27e-11	2.42e-07	4.87e-07	4.37e-34
 6.13937e+15	3.53e-11	8.79e-07	1.01e-03	3.70e-02	9.62e-01	3.48e-06	0.00e+00	3.14e-12	9.43e-12	1.57e-11	2.92e-07	5.87e-07	8.04e-34
 6.34999e+15	4.43e-11	1.06e-06	1.17e-03	3.98e-02	9.59e-01	3.36e-06	0.00e+00	3.95e-12	1.18e-11	1.98e-11	3.53e-07	7.10e-07	1.48e-33
 6.58367e+15	5.83e-11	1.35e-06	1.36e-03	4.32e-02	9.55e-01	3.27e-06	0.00e+00	5.20e-12	1.56e-11	2.60e-11	4.48e-07	9.02e-07	3.30e-33
 6.79207e+15	7.23e-11	1.63e-06	1.55e-03	4.63e-02	9.52e-01	3.18e-06	0.00e+00	6.45e-12	1.93e-11	3.23e-11	5.41e-07	1.09e-06	5.99e-33
 6.97889e+15	8.77e-11	1.93e-06	1.74e-03	4.91e-02	9.49e-01	3.12e-06	0.00e+00	7.84e-12	2.35e-11	3.92e-11	6.39e-07	1.29e-06	1.02e-32
 7.19293e+15	1.09e-10	2.31e-06	1.98e-03	5.25e-02	9.45e-01	3.05e-06	0.00e+00	9.73e-12	2.92e-11	4.87e-11	7.68e-07	1.55e-06	1.80e-32
 7.46020e+15	1.43e-10	2.92e-06	2.33e-03	5.71e-02	9.41e-01	2.97e-06	0.00e+00	1.28e-11	3.83e-11	6.38e-11	9.68e-07	1.95e-06	3.81e-32
 7.72639e+15	1.83e-10	3.61e-06	2.71e-03	6.17e-02	9.36e-01	2.90e-06	0.00e+00	1.64e-11	4.91e-11	8.19e-11	1.20e-06	2.41e-06	7.19e-32
 7.93383e+15	2.20e-10	4.21e-06	3.03e-03	6.55e-02	9.31e-01	2.86e-06	0.00e+00	1.97e-11	5.92e-11	9.88e-11	1.40e-06	2.81e-06	1.14e-31
 8.13520e+15	2.65e-10	4.93e-06	3.39e-03	6.94e-02	9.27e-01	2.81e-06	0.00e+00	2.38e-11	7.13e-11	1.19e-10	1.64e-06	3.29e-06	1.85e-31
 8.39698e+15	3.44e-10	6.17e-06	3.92e-03	7.48e-02	9.21e-01	2.77e-06	0.00e+00	3.09e-11	9.26e-11	1.54e-10	2.05e-06	4.12e-06	3.75e-31
 8.65112e+15	4.26e-10	7.40e-06	4.48e-03	8.01e-02	9.15e-01	2.73e-06	0.00e+00	3.82e-11	1.15e-10	1.91e-10	2.46e-06	4.94e-06	6.29e-31
 8.85231e+15	5.05e-10	8.51e-06	4.97e-03	8.45e-02	9.11e-01	2.70e-06	0.00e+00	4.54e-11	1.36e-10	2.27e-10	2.83e-06	5.68e-06	9.37e-31
 9.07083e+15	6.09e-10	9.97e-06	5.57e-03	8.96e-02	9.05e-01	2.67e-06	0.00e+00	5.48e-11	1.64e-10	2.74e-10	3.31e-06	6.66e-06	1.49e-30
 9.35491e+15	7.92e-10	1.25e-05	6.45e-03	9.67e-02	8.97e-01	2.63e-06	0.00e+00	7.13e-11	2.14e-10	3.57e-10	4.15e-06	8.35e-06	2.99e-30
 9.63828e+15	9.97e-10	1.52e-05	7.42e-03	1.04e-01	8.89e-01	2.60e-06	0.00e+00	8.99e-11	2.70e-10	4.49e-10	5.04e-06	1.01e-05	5.07e-30
 9.86412e+15	1.20e-09	1.75e-05	8.29e-03	1.10e-01	8.82e-01	2.58e-06	0.00e+00	1.08e-10	3.24e-10	5.40e-10	5.83e-06	1.17e-05	7.59e-30
 1.01011e+16	1.46e-09	2.07e-05	9.33e-03	1.17e-01	8.74e-01	2.56e-06	0.00e+00	1.31e-10	3.94e-10	6.57e-10	6.86e-06	1.38e-05	1.21e-29
 1.04092e+16	1.93e-09	2.62e-05	1.09e-02	1.26e-01	8.63e-01	2.54e-06	0.00e+00	1.74e-10	5.23e-10	8.71e-10	8.72e-06	1.75e-05	2.48e-29
 1.07184e+16	2.46e-09	3.22e-05	1.26e-02	1.36e-01	8.51e-01	2.52e-06	0.00e+00	2.23e-10	6.68e-10	1.11e-09	1.07e-05	2.15e-05	4.33e-29
 1.09653e+16	3.01e-09	3.80e-05	1.42e-02	1.44e-01	8.41e-01	2.51e-06	0.00e+00	2.73e-10	8.19e-10	1.36e-09	1.27e-05	2.54e-05	6.82e-29
 1.11880e+16	3.63e-09	4.43e-05	1.59e-02	1.52e-01	8.32e-01	2.50e-06	0.00e+00	3.29e-10	9.86e-10	1.64e-09	1.47e-05	2.96e-05	1.03e-28
 1.14430e+16	4.45e-09	5.17e-05	1.80e-02	1.62e-01	8.20e-01	2.48e-06	0.00e+00	4.03e-10	1.21e-09	2.02e-09	1.72e-05	3.45e-05	1.54e-28
 1.17273e+16	5.72e-09	6.42e-05	2.07e-02	1.73e-01	8.06e-01	2.48e-06	0.00e+00	5.19e-10	1.56e-09	2.60e-09	2.13e-05	4.28e-05	2.87e-28
 1.19835e+16	6.98e-09	7.46e-05	2.34e-02	1.84e-01	7.93e-01	2.46e-06	0.00e+00	6.34e-10	1.90e-09	3.17e-09	2.48e-05	4.98e-05	4.15e-28
 1.22125e+16	8.51e-09	8.88e-05	2.62e-02	1.94e-01	7.79e-01	2.46e-06	0.00e+00	7.73e-10	2.32e-09	3.87e-09	2.95e-05	5.92e-05	6.76e-28
 1.24721e+16	1.08e-08	1.07e-04	2.99e-02	2.07e-01	7.63e-01	2.46e-06	0.00e+00	9.78e-10	2.93e-09	4.89e-09	3.55e-05	7.12e-05	1.12e-27
 1.27482e+16	1.36e-08	1.29e-04	3.44e-02	2.21e-01	7.45e-01	2.46e-06	0.00e+00	1.24e-09	3.72e-09	6.19e-09	4.31e-05	8.63e-05	1.88e-27
 1.29856e+16	1.68e-08	1.54e-04	3.88e-02	2.34e-01	7.27e-01	2.48e-06	0.00e+00	1.53e-09	4.59e-09	7.66e-09	5.14e-05	1.03e-04	3.06e-27
 1.31964e+16	2.04e-08	1.79e-04	4.32e-02	2.46e-01	7.11e-01	2.49e-06	0.00e+00	1.86e-09	5.59e-09	9.32e-09	5.95e-05	1.19e-04	4.47e-27
 1.33972e+16	2.43e-08	2.04e-04	4.79e-02	2.57e-01	6.94e-01	2.49e-06	0.00e+00	2.22e-09	6.65e-09	1.11e-08	6.78e-05	1.36e-04	6.27e-27
 1.36223e+16	3.04e-08	2.46e-04	5.43e-02	2.72e-01	6.73e-01	2.50e-06	0.00e+00	2.78e-09	8.33e-09	1.39e-08	8.19e-05	1.64e-04	1.08e-26
 1.38652e+16	3.86e-08	2.96e-04	6.20e-02	2.88e-01	6.50e-01	2.52e-06	0.00e+00	3.53e-09	1.06e-08	1.76e-08	9.86e-05	1.97e-04	1.78e-26
 1.40803e+16	4.69e-08	3.43e-04	6.96e-02	3.03e-01	6.27e-01	2.53e-06	0.00e+00	4.30e-09	1.29e-08	2.15e-08	1.14e-04	2.29e-04	2.61e-26
 1.42774e+16	5.85e-08	4.11e-04	7.81e-02	3.18e-01	6.04e-01	2.57e-06	0.00e+00	5.36e-09	1.61e-08	2.68e-08	1.37e-04	2.74e-04	4.40e-26
 1.44686e+16	7.25e-08	4.86e-04	8.74e-02	3.33e-01	5.79e-01	2.61e-06	7.89e-12	6.65e-09	1.99e-08	3.32e-08	1.62e-04	3.24e-04	7.29e-26
 1.46489e+16	8.75e-08	5.65e-04	9.71e-02	3.47e-01	5.55e-01	2.64e-06	0.00e+00	8.02e-09	2.41e-08	4.01e-08	1.88e-04	3.77e-04	1.10e-25
 1.48168e+16	1.05e-07	6.47e-04	1.07e-01	3.61e-01	5.31e-01	2.66e-06	0.00e+00	9.64e-09	2.89e-08	4.82e-08	2.15e-04	4.31e-04	1.60e-25
 1.50030e+16	1.27e-07	7.45e-04	1.20e-01	3.76e-01	5.03e-01	2.66e-06	9.56e-12	1.17e-08	3.51e-08	5.85e-08	2.48e-04	4.97e-04	2.37e-25
 1.52056e+16	1.60e-07	8.89e-04	1.36e-01	3.94e-01	4.70e-01	2.68e-06	0.00e+00	1.47e-08	4.42e-08	7.37e-08	2.96e-04	5.93e-04	3.94e-25
 1.53798e+16	1.99e-07	1.05e-03	1.51e-01	4.09e-01	4.39e-01	2.72e-06	0.00e+00	1.83e-08	5.49e-08	9.15e-08	3.49e-04	6.99e-04	6.51e-25
 1.55224e+16	2.47e-07	1.25e-03	1.67e-01	4.22e-01	4.10e-01	2.81e-06	1.34e-11	2.27e-08	6.81e-08	1.14e-07	4.16e-04	8.32e-04	1.18e-24
 1.56480e+16	2.90e-07	1.41e-03	1.81e-01	4.33e-01	3.85e-01	2.85e-06	0.00e+00	2.67e-08	8.01e-08	1.33e-07	4.70e-04	9.40e-04	1.71e-24
 1.57853e+16	3.41e-07	1.57e-03	1.97e-01	4.44e-01	3.57e-01	2.84e-06	1.58e-11	3.14e-08	9.42e-08	1.57e-07	5.22e-04	1.04e-03	2.32e-24
 1.59639e+16	4.55e-07	1.95e-03	2.23e-01	4.60e-01	3.16e-01	2.89e-06	0.00e+00	4.20e-08	1.26e-07	2.10e-07	6.52e-04	1.30e-03	5.13e-24
