#depth	He	He+	He+2
 1.49634e+10	7.27e-23	5.44e-12	1.00e+00
 4.54887e+10	8.17e-23	5.89e-12	1.00e+00
 7.72350e+10	9.16e-23	6.38e-12	1.00e+00
 1.10251e+11	1.03e-22	6.92e-12	1.00e+00
 1.42251e+11	1.15e-22	7.46e-12	1.00e+00
 1.71592e+11	1.26e-22	7.97e-12	1.00e+00
 2.04189e+11	1.40e-22	8.57e-12	1.00e+00
 2.42029e+11	1.58e-22	9.29e-12	1.00e+00
 2.79526e+11	1.78e-22	1.00e-11	1.00e+00
 3.18523e+11	2.00e-22	1.08e-11	1.00e+00
 3.61191e+11	2.27e-22	1.18e-11	1.00e+00
 4.04389e+11	2.56e-22	1.27e-11	1.00e+00
 4.49315e+11	2.90e-22	1.38e-11	1.00e+00
 4.97215e+11	3.31e-22	1.50e-11	1.00e+00
 5.47030e+11	3.77e-22	1.63e-11	1.00e+00
 5.98838e+11	4.30e-22	1.77e-11	1.00e+00
 6.52718e+11	4.92e-22	1.92e-11	1.00e+00
 7.08754e+11	5.63e-22	2.09e-11	1.00e+00
 7.67031e+11	6.45e-22	2.27e-11	1.00e+00
 8.27639e+11	7.41e-22	2.47e-11	1.00e+00
 8.84658e+11	8.41e-22	2.66e-11	1.00e+00
 9.35702e+11	9.38e-22	2.85e-11	1.00e+00
 9.93025e+11	1.06e-21	3.06e-11	1.00e+00
 1.06090e+12	1.21e-21	3.33e-11	1.00e+00
 1.12908e+12	1.39e-21	3.61e-11	1.00e+00
 1.19314e+12	1.57e-21	3.88e-11	1.00e+00
 1.26395e+12	1.79e-21	4.21e-11	1.00e+00
 1.34443e+12	2.08e-21	4.59e-11	1.00e+00
 1.42485e+12	2.39e-21	4.99e-11	1.00e+00
 1.50849e+12	2.75e-21	5.43e-11	1.00e+00
 1.59875e+12	3.19e-21	5.94e-11	1.00e+00
 1.68332e+12	3.66e-21	6.43e-11	1.00e+00
 1.75870e+12	4.10e-21	6.90e-11	1.00e+00
 1.84339e+12	4.65e-21	7.45e-11	1.00e+00
 1.94405e+12	5.38e-21	8.13e-11	1.00e+00
 2.04527e+12	6.21e-21	8.86e-11	1.00e+00
 2.13990e+12	7.04e-21	9.58e-11	1.00e+00
 2.24478e+12	8.06e-21	1.04e-10	1.00e+00
 2.36450e+12	9.38e-21	1.14e-10	1.00e+00
 2.48208e+12	1.08e-20	1.25e-10	1.00e+00
 2.59518e+12	1.23e-20	1.35e-10	1.00e+00
 2.71972e+12	1.42e-20	1.48e-10	1.00e+00
 2.85843e+12	1.64e-20	1.63e-10	1.00e+00
 2.99836e+12	1.90e-20	1.79e-10	1.00e+00
 3.14389e+12	2.19e-20	1.96e-10	1.00e+00
 3.29399e+12	2.53e-20	2.16e-10	1.00e+00
 3.44120e+12	2.88e-20	2.36e-10	1.00e+00
 3.59989e+12	3.30e-20	2.59e-10	1.00e+00
 3.77381e+12	3.82e-20	2.86e-10	1.00e+00
 3.95469e+12	4.40e-20	3.16e-10	1.00e+00
 4.14280e+12	5.06e-20	3.49e-10	1.00e+00
 4.33844e+12	5.81e-20	3.86e-10	1.00e+00
 4.51528e+12	6.55e-20	4.22e-10	1.00e+00
 4.66245e+12	7.20e-20	4.54e-10	1.00e+00
 4.82360e+12	7.95e-20	4.90e-10	1.00e+00
 5.02794e+12	8.98e-20	5.38e-10	1.00e+00
 5.24124e+12	1.02e-19	5.92e-10	1.00e+00
 5.42207e+12	1.12e-19	6.41e-10	1.00e+00
 5.60785e+12	1.23e-19	6.93e-10	1.00e+00
 5.84208e+12	1.39e-19	7.62e-10	1.00e+00
 6.08016e+12	1.56e-19	8.38e-10	1.00e+00
 6.28400e+12	1.71e-19	9.05e-10	1.00e+00
 6.50247e+12	1.88e-19	9.82e-10	1.00e+00
 6.77343e+12	2.11e-19	1.08e-09	1.00e+00
 7.05149e+12	2.37e-19	1.19e-09	1.00e+00
 7.30124e+12	2.62e-19	1.29e-09	1.00e+00
 7.57532e+12	2.91e-19	1.41e-09	1.00e+00
 7.89980e+12	3.29e-19	1.56e-09	1.00e+00
 8.22517e+12	3.70e-19	1.72e-09	1.00e+00
 8.53319e+12	4.14e-19	1.87e-09	1.00e+00
 8.87409e+12	4.67e-19	2.06e-09	1.00e+00
 9.25899e+12	5.34e-19	2.28e-09	1.00e+00
 9.64275e+12	6.09e-19	2.51e-09	1.00e+00
 9.98142e+12	6.83e-19	2.72e-09	1.00e+00
 1.02653e+13	7.51e-19	2.90e-09	1.00e+00
 1.05708e+13	8.31e-19	3.11e-09	1.00e+00
 1.09679e+13	9.45e-19	3.39e-09	1.00e+00
 1.13833e+13	1.08e-18	3.70e-09	1.00e+00
 1.17375e+13	1.21e-18	3.98e-09	1.00e+00
 1.21129e+13	1.36e-18	4.28e-09	1.00e+00
 1.25866e+13	1.57e-18	4.68e-09	1.00e+00
 1.30747e+13	1.82e-18	5.11e-09	1.00e+00
 1.35028e+13	2.06e-18	5.51e-09	1.00e+00
 1.39662e+13	2.36e-18	5.95e-09	1.00e+00
 1.44798e+13	2.73e-18	6.47e-09	1.00e+00
 1.49561e+13	3.11e-18	6.97e-09	1.00e+00
 1.54725e+13	3.57e-18	7.54e-09	1.00e+00
 1.60467e+13	4.16e-18	8.20e-09	1.00e+00
 1.65821e+13	4.77e-18	8.84e-09	1.00e+00
 1.71643e+13	5.51e-18	9.56e-09	1.00e+00
 1.78120e+13	6.45e-18	1.04e-08	1.00e+00
 1.84176e+13	7.43e-18	1.12e-08	1.00e+00
 1.90776e+13	8.64e-18	1.22e-08	1.00e+00
 1.98146e+13	1.02e-17	1.32e-08	1.00e+00
 2.05080e+13	1.18e-17	1.43e-08	1.00e+00
 2.12659e+13	1.38e-17	1.55e-08	1.00e+00
 2.21148e+13	1.63e-17	1.70e-08	1.00e+00
 2.29190e+13	1.90e-17	1.84e-08	1.00e+00
 2.37838e+13	2.23e-17	1.99e-08	1.00e+00
 2.47651e+13	2.66e-17	2.18e-08	1.00e+00
 2.57320e+13	3.13e-17	2.37e-08	1.00e+00
 2.67377e+13	3.70e-17	2.58e-08	1.00e+00
 2.78371e+13	4.40e-17	2.82e-08	1.00e+00
 2.89805e+13	5.21e-17	3.07e-08	1.00e+00
 3.00971e+13	6.14e-17	3.34e-08	1.00e+00
 3.11135e+13	7.07e-17	3.59e-08	1.00e+00
 3.20186e+13	7.99e-17	3.82e-08	1.00e+00
 3.29899e+13	9.06e-17	4.07e-08	1.00e+00
 3.42247e+13	1.06e-16	4.40e-08	1.00e+00
 3.54800e+13	1.23e-16	4.75e-08	1.00e+00
 3.65355e+13	1.39e-16	5.05e-08	1.00e+00
 3.76535e+13	1.58e-16	5.38e-08	1.00e+00
 3.90661e+13	1.84e-16	5.81e-08	1.00e+00
 4.05138e+13	2.15e-16	6.28e-08	1.00e+00
 4.17510e+13	2.43e-16	6.68e-08	1.00e+00
 4.30621e+13	2.76e-16	7.12e-08	1.00e+00
 4.46942e+13	3.20e-16	7.69e-08	1.00e+00
 4.63671e+13	3.74e-16	8.31e-08	1.00e+00
 4.78322e+13	4.23e-16	8.84e-08	1.00e+00
 4.94038e+13	4.82e-16	9.44e-08	1.00e+00
 5.13129e+13	5.61e-16	1.02e-07	1.00e+00
 5.32536e+13	6.53e-16	1.10e-07	1.00e+00
 5.50203e+13	7.43e-16	1.17e-07	1.00e+00
 5.69680e+13	8.53e-16	1.26e-07	1.00e+00
 5.92452e+13	9.96e-16	1.36e-07	1.00e+00
 6.15054e+13	1.15e-15	1.47e-07	1.00e+00
 6.36564e+13	1.32e-15	1.57e-07	1.00e+00
 6.60331e+13	1.53e-15	1.69e-07	1.00e+00
 6.87043e+13	1.78e-15	1.83e-07	1.00e+00
 7.14111e+13	2.07e-15	1.97e-07	1.00e+00
 7.42261e+13	2.41e-15	2.13e-07	1.00e+00
 7.72251e+13	2.81e-15	2.30e-07	1.00e+00
 8.03440e+13	3.28e-15	2.49e-07	1.00e+00
 8.33698e+13	3.79e-15	2.67e-07	1.00e+00
 8.62252e+13	4.31e-15	2.86e-07	1.00e+00
 8.89233e+13	4.86e-15	3.03e-07	1.00e+00
 9.18636e+13	5.50e-15	3.23e-07	1.00e+00
 9.51409e+13	6.31e-15	3.47e-07	1.00e+00
 9.82190e+13	7.13e-15	3.69e-07	1.00e+00
 1.01583e+14	8.11e-15	3.94e-07	1.00e+00
 1.05381e+14	9.35e-15	4.24e-07	1.00e+00
 1.09029e+14	1.07e-14	4.53e-07	1.00e+00
 1.13013e+14	1.23e-14	4.86e-07	1.00e+00
 1.17563e+14	1.43e-14	5.26e-07	1.00e+00
 1.22017e+14	1.65e-14	5.67e-07	1.00e+00
 1.26648e+14	1.90e-14	6.10e-07	1.00e+00
 1.31311e+14	2.19e-14	6.56e-07	1.00e+00
 1.35421e+14	2.47e-14	6.97e-07	1.00e+00
 1.39894e+14	2.80e-14	7.45e-07	1.00e+00
 1.45286e+14	3.24e-14	8.03e-07	1.00e+00
 1.50642e+14	3.74e-14	8.65e-07	1.00e+00
 1.55428e+14	4.22e-14	9.21e-07	1.00e+00
 1.60700e+14	4.80e-14	9.85e-07	1.00e+00
 1.66968e+14	5.56e-14	1.06e-06	1.00e+00
 1.73177e+14	6.41e-14	1.15e-06	1.00e+00
 1.78839e+14	7.25e-14	1.22e-06	1.00e+00
 1.85145e+14	8.29e-14	1.31e-06	1.00e+00
 1.92499e+14	9.62e-14	1.42e-06	1.00e+00
 1.99741e+14	1.11e-13	1.53e-06	1.00e+00
 2.06565e+14	1.26e-13	1.64e-06	1.00e+00
 2.14148e+14	1.45e-13	1.77e-06	1.00e+00
 2.22744e+14	1.68e-13	1.91e-06	1.00e+00
 2.31334e+14	1.94e-13	2.07e-06	1.00e+00
 2.39349e+14	2.20e-13	2.21e-06	1.00e+00
 2.48035e+14	2.51e-13	2.38e-06	1.00e+00
 2.57986e+14	2.91e-13	2.58e-06	1.00e+00
 2.67362e+14	3.32e-13	2.77e-06	1.00e+00
 2.75802e+14	3.72e-13	2.95e-06	1.00e+00
 2.83784e+14	4.14e-13	3.13e-06	1.00e+00
 2.92624e+14	4.63e-13	3.33e-06	1.00e+00
 3.02469e+14	5.23e-13	3.56e-06	1.00e+00
 3.11758e+14	5.84e-13	3.79e-06	1.00e+00
 3.21969e+14	6.55e-13	4.04e-06	1.00e+00
 3.33388e+14	7.44e-13	4.34e-06	1.00e+00
 3.44165e+14	8.33e-13	4.63e-06	1.00e+00
 3.55962e+14	9.40e-13	4.96e-06	1.00e+00
 3.69051e+14	1.07e-12	5.34e-06	1.00e+00
 3.81191e+14	1.20e-12	5.70e-06	1.00e+00
 3.94344e+14	1.35e-12	6.11e-06	1.00e+00
 4.08992e+14	1.54e-12	6.58e-06	1.00e+00
 4.22728e+14	1.73e-12	7.05e-06	1.00e+00
 4.37730e+14	1.95e-12	7.56e-06	1.00e+00
 4.54416e+14	2.23e-12	8.17e-06	1.00e+00
 4.69964e+14	2.50e-12	8.75e-06	1.00e+00
 4.86848e+14	2.84e-12	9.42e-06	1.00e+00
 5.05715e+14	3.24e-12	1.02e-05	1.00e+00
 5.23547e+14	3.65e-12	1.09e-05	1.00e+00
 5.42712e+14	4.13e-12	1.18e-05	1.00e+00
 5.64451e+14	4.74e-12	1.28e-05	1.00e+00
 5.85691e+14	5.39e-12	1.38e-05	1.00e+00
 6.07780e+14	6.14e-12	1.50e-05	1.00e+00
 6.32121e+14	7.04e-12	1.63e-05	1.00e+00
 6.56120e+14	8.03e-12	1.76e-05	1.00e+00
 6.75841e+14	8.93e-12	1.88e-05	1.00e+00
 6.91520e+14	9.68e-12	1.97e-05	1.00e+00
 7.08882e+14	1.06e-11	2.08e-05	1.00e+00
 7.31453e+14	1.18e-11	2.23e-05	1.00e+00
 7.55707e+14	1.33e-11	2.39e-05	1.00e+00
 7.77310e+14	1.47e-11	2.54e-05	1.00e+00
 8.00552e+14	1.64e-11	2.71e-05	1.00e+00
 8.29978e+14	1.87e-11	2.94e-05	1.00e+00
 8.59817e+14	2.13e-11	3.17e-05	1.00e+00
 8.85149e+14	2.37e-11	3.38e-05	1.00e+00
 9.12249e+14	2.63e-11	3.62e-05	1.00e+00
 9.46132e+14	3.03e-11	3.93e-05	1.00e+00
 9.80951e+14	3.48e-11	4.27e-05	1.00e+00
 1.01158e+15	3.89e-11	4.57e-05	1.00e+00
 1.04465e+15	4.37e-11	4.91e-05	1.00e+00
 1.08462e+15	5.07e-11	5.35e-05	1.00e+00
 1.12430e+15	5.82e-11	5.80e-05	1.00e+00
 1.15953e+15	6.53e-11	6.22e-05	1.00e+00
 1.19826e+15	7.43e-11	6.71e-05	1.00e+00
 1.24457e+15	8.59e-11	7.31e-05	1.00e+00
 1.29068e+15	9.89e-11	7.94e-05	1.00e+00
 1.33282e+15	1.11e-10	8.53e-05	1.00e+00
 1.37982e+15	1.28e-10	9.24e-05	1.00e+00
 1.43453e+15	1.49e-10	1.01e-04	1.00e+00
 1.48838e+15	1.72e-10	1.10e-04	1.00e+00
 1.53946e+15	1.96e-10	1.19e-04	1.00e+00
 1.59615e+15	2.26e-10	1.29e-04	1.00e+00
 1.64968e+15	2.55e-10	1.38e-04	1.00e+00
 1.68981e+15	2.81e-10	1.46e-04	1.00e+00
 1.73100e+15	3.12e-10	1.55e-04	1.00e+00
 1.78455e+15	3.52e-10	1.66e-04	1.00e+00
 1.84236e+15	3.95e-10	1.78e-04	1.00e+00
 1.89428e+15	4.42e-10	1.90e-04	1.00e+00
 1.95039e+15	5.00e-10	2.03e-04	1.00e+00
 2.02175e+15	5.80e-10	2.20e-04	1.00e+00
 2.09382e+15	6.57e-10	2.37e-04	1.00e+00
 2.15453e+15	7.39e-10	2.53e-04	1.00e+00
 2.21962e+15	8.33e-10	2.71e-04	1.00e+00
 2.30156e+15	9.77e-10	2.94e-04	1.00e+00
 2.38724e+15	1.11e-09	3.19e-04	1.00e+00
 2.46414e+15	1.27e-09	3.42e-04	1.00e+00
 2.54777e+15	1.45e-09	3.69e-04	1.00e+00
 2.64696e+15	1.72e-09	4.02e-04	1.00e+00
 2.74453e+15	1.99e-09	4.35e-04	1.00e+00
 2.83332e+15	2.27e-09	4.67e-04	1.00e+00
 2.93253e+15	2.58e-09	5.04e-04	9.99e-01
 3.04839e+15	3.08e-09	5.51e-04	9.99e-01
 3.16247e+15	3.58e-09	5.97e-04	9.99e-01
 3.27033e+15	4.10e-09	6.43e-04	9.99e-01
 3.39040e+15	4.74e-09	6.96e-04	9.99e-01
 3.52604e+15	5.60e-09	7.59e-04	9.99e-01
 3.64000e+15	6.39e-09	8.14e-04	9.99e-01
 3.72217e+15	7.00e-09	8.55e-04	9.99e-01
 3.80813e+15	7.70e-09	8.99e-04	9.99e-01
 3.91986e+15	8.55e-09	9.57e-04	9.99e-01
 4.04441e+15	9.89e-09	1.03e-03	9.99e-01
 4.16058e+15	1.09e-08	1.09e-03	9.99e-01
 4.28654e+15	1.26e-08	1.17e-03	9.99e-01
 4.42748e+15	1.44e-08	1.25e-03	9.99e-01
 4.56117e+15	1.60e-08	1.34e-03	9.99e-01
 4.70823e+15	1.83e-08	1.43e-03	9.99e-01
 4.87278e+15	2.15e-08	1.55e-03	9.98e-01
 5.02751e+15	2.44e-08	1.65e-03	9.98e-01
 5.19607e+15	2.76e-08	1.78e-03	9.98e-01
 5.38215e+15	3.27e-08	1.93e-03	9.98e-01
 5.55369e+15	3.70e-08	2.06e-03	9.98e-01
 5.73938e+15	4.20e-08	2.22e-03	9.98e-01
 5.94606e+15	4.98e-08	2.40e-03	9.98e-01
 6.13937e+15	5.66e-08	2.58e-03	9.97e-01
 6.34999e+15	6.45e-08	2.79e-03	9.97e-01
 6.58367e+15	7.69e-08	3.03e-03	9.97e-01
 6.79207e+15	8.77e-08	3.25e-03	9.97e-01
 6.97889e+15	9.87e-08	3.46e-03	9.97e-01
 7.19293e+15	1.12e-07	3.71e-03	9.96e-01
 7.46020e+15	1.32e-07	4.05e-03	9.96e-01
 7.72639e+15	1.53e-07	4.39e-03	9.96e-01
 7.93383e+15	1.71e-07	4.68e-03	9.95e-01
 8.13520e+15	1.91e-07	4.97e-03	9.95e-01
 8.39698e+15	2.25e-07	5.39e-03	9.95e-01
 8.65112e+15	2.55e-07	5.79e-03	9.94e-01
 8.85231e+15	2.81e-07	6.14e-03	9.94e-01
 9.07083e+15	3.15e-07	6.54e-03	9.93e-01
 9.35491e+15	3.71e-07	7.11e-03	9.93e-01
 9.63828e+15	4.25e-07	7.69e-03	9.92e-01
 9.86412e+15	4.72e-07	8.20e-03	9.92e-01
 1.01011e+16	5.31e-07	8.78e-03	9.91e-01
 1.04092e+16	6.35e-07	9.62e-03	9.90e-01
 1.07184e+16	7.35e-07	1.05e-02	9.90e-01
 1.09653e+16	8.31e-07	1.13e-02	9.89e-01
 1.11880e+16	9.30e-07	1.20e-02	9.88e-01
 1.14430e+16	1.04e-06	1.30e-02	9.87e-01
 1.17273e+16	1.23e-06	1.42e-02	9.86e-01
 1.19835e+16	1.37e-06	1.53e-02	9.85e-01
 1.22125e+16	1.57e-06	1.65e-02	9.84e-01
 1.24721e+16	1.81e-06	1.80e-02	9.82e-01
 1.27482e+16	2.10e-06	1.97e-02	9.80e-01
 1.29856e+16	2.42e-06	2.14e-02	9.79e-01
 1.31964e+16	2.72e-06	2.31e-02	9.77e-01
 1.33972e+16	3.04e-06	2.50e-02	9.75e-01
 1.36223e+16	3.56e-06	2.74e-02	9.73e-01
 1.38652e+16	4.16e-06	3.03e-02	9.70e-01
 1.40803e+16	4.75e-06	3.32e-02	9.67e-01
 1.42774e+16	5.55e-06	3.65e-02	9.64e-01
 1.44686e+16	6.48e-06	4.01e-02	9.60e-01
 1.46489e+16	7.45e-06	4.40e-02	9.56e-01
 1.48168e+16	8.49e-06	4.82e-02	9.52e-01
 1.50030e+16	9.85e-06	5.38e-02	9.46e-01
 1.52056e+16	1.18e-05	6.11e-02	9.39e-01
 1.53798e+16	1.41e-05	6.87e-02	9.31e-01
 1.55224e+16	1.69e-05	7.61e-02	9.24e-01
 1.56480e+16	1.94e-05	8.39e-02	9.16e-01
 1.57853e+16	2.24e-05	9.39e-02	9.06e-01
 1.59639e+16	2.90e-05	1.10e-01	8.90e-01
 1.61148e+16	3.51e-05	1.27e-01	8.73e-01
 1.62026e+16	4.03e-05	1.39e-01	8.61e-01
 1.62898e+16	4.62e-05	1.53e-01	8.47e-01
 1.63760e+16	5.20e-05	1.68e-01	8.32e-01
 1.64608e+16	6.01e-05	1.86e-01	8.14e-01
 1.65428e+16	6.93e-05	2.06e-01	7.94e-01
 1.66016e+16	7.80e-05	2.21e-01	7.78e-01
 1.66449e+16	8.45e-05	2.34e-01	7.66e-01
 1.66882e+16	9.18e-05	2.48e-01	7.52e-01
 1.67444e+16	1.01e-04	2.68e-01	7.32e-01
 1.68175e+16	1.18e-04	2.96e-01	7.03e-01
 1.68833e+16	1.34e-04	3.24e-01	6.76e-01
 1.69287e+16	1.47e-04	3.45e-01	6.55e-01
 1.69770e+16	1.61e-04	3.70e-01	6.30e-01
 1.70397e+16	1.85e-04	4.04e-01	5.96e-01
 1.70996e+16	2.07e-04	4.37e-01	5.62e-01
 1.71468e+16	2.27e-04	4.66e-01	5.34e-01
 1.71989e+16	2.52e-04	4.99e-01	5.01e-01
 1.72666e+16	2.86e-04	5.42e-01	4.57e-01
 1.73360e+16	3.22e-04	5.86e-01	4.14e-01
 1.73940e+16	3.55e-04	6.23e-01	3.77e-01
 1.74556e+16	3.92e-04	6.62e-01	3.38e-01
 1.75357e+16	4.40e-04	7.09e-01	2.90e-01
 1.76203e+16	4.90e-04	7.54e-01	2.46e-01
 1.76961e+16	5.34e-04	7.89e-01	2.11e-01
 1.77801e+16	5.83e-04	8.24e-01	1.76e-01
 1.78894e+16	6.43e-04	8.61e-01	1.39e-01
 1.80128e+16	7.04e-04	8.93e-01	1.07e-01
 1.81545e+16	7.71e-04	9.20e-01	7.92e-02
 1.82776e+16	8.24e-04	9.36e-01	6.28e-02
 1.83495e+16	8.54e-04	9.44e-01	5.50e-02
 1.84160e+16	8.84e-04	9.51e-01	4.84e-02
 1.85025e+16	9.22e-04	9.58e-01	4.11e-02
 1.86149e+16	9.73e-04	9.66e-01	3.35e-02
 1.87299e+16	1.02e-03	9.71e-01	2.77e-02
 1.88219e+16	1.07e-03	9.75e-01	2.40e-02
 1.89152e+16	1.11e-03	9.78e-01	2.06e-02
 1.90196e+16	1.17e-03	9.81e-01	1.75e-02
 1.91088e+16	1.22e-03	9.83e-01	1.55e-02
 1.91763e+16	1.26e-03	9.85e-01	1.41e-02
 1.92453e+16	1.31e-03	9.86e-01	1.27e-02
 1.93351e+16	1.37e-03	9.87e-01	1.12e-02
 1.94246e+16	1.44e-03	9.89e-01	9.98e-03
 1.94921e+16	1.50e-03	9.89e-01	9.15e-03
 1.95494e+16	1.55e-03	9.90e-01	8.50e-03
 1.96153e+16	1.61e-03	9.91e-01	7.80e-03
 1.96890e+16	1.69e-03	9.91e-01	7.10e-03
 1.97564e+16	1.76e-03	9.92e-01	6.56e-03
 1.98149e+16	1.84e-03	9.92e-01	6.11e-03
 1.98781e+16	1.92e-03	9.92e-01	5.66e-03
 1.99464e+16	2.02e-03	9.93e-01	5.22e-03
 2.00064e+16	2.11e-03	9.93e-01	4.89e-03
 2.00585e+16	2.20e-03	9.93e-01	4.60e-03
 2.01157e+16	2.31e-03	9.93e-01	4.30e-03
 2.01787e+16	2.44e-03	9.94e-01	4.01e-03
 2.02345e+16	2.56e-03	9.94e-01	3.78e-03
 2.02824e+16	2.68e-03	9.94e-01	3.59e-03
 2.03347e+16	2.83e-03	9.94e-01	3.38e-03
 2.03926e+16	3.00e-03	9.94e-01	3.18e-03
 2.04445e+16	3.17e-03	9.94e-01	3.02e-03
 2.04896e+16	3.33e-03	9.94e-01	2.88e-03
 2.05389e+16	3.53e-03	9.94e-01	2.73e-03
 2.05934e+16	3.78e-03	9.94e-01	2.58e-03
 2.06425e+16	4.03e-03	9.94e-01	2.46e-03
 2.06864e+16	4.27e-03	9.93e-01	2.36e-03
 2.07356e+16	4.58e-03	9.93e-01	2.24e-03
 2.07899e+16	4.98e-03	9.93e-01	2.12e-03
 2.08396e+16	5.40e-03	9.93e-01	2.02e-03
 2.08849e+16	5.82e-03	9.92e-01	1.94e-03
 2.09357e+16	6.39e-03	9.92e-01	1.84e-03
 2.09895e+16	7.09e-03	9.91e-01	1.75e-03
 2.10340e+16	7.81e-03	9.91e-01	1.68e-03
 2.10710e+16	8.51e-03	9.90e-01	1.62e-03
 2.11047e+16	9.21e-03	9.89e-01	1.58e-03
 2.11369e+16	1.00e-02	9.88e-01	1.53e-03
 2.11682e+16	1.09e-02	9.88e-01	1.49e-03
 2.11983e+16	1.19e-02	9.87e-01	1.45e-03
 2.12267e+16	1.30e-02	9.86e-01	1.42e-03
 2.12538e+16	1.42e-02	9.84e-01	1.39e-03
 2.12799e+16	1.55e-02	9.83e-01	1.36e-03
 2.13051e+16	1.71e-02	9.82e-01	1.33e-03
 2.13293e+16	1.87e-02	9.80e-01	1.31e-03
 2.13525e+16	2.06e-02	9.78e-01	1.29e-03
 2.13752e+16	2.27e-02	9.76e-01	1.28e-03
 2.13974e+16	2.52e-02	9.74e-01	1.26e-03
 2.14188e+16	2.80e-02	9.71e-01	1.25e-03
 2.14392e+16	3.11e-02	9.68e-01	1.25e-03
 2.14590e+16	3.46e-02	9.64e-01	1.24e-03
 2.14783e+16	3.87e-02	9.60e-01	1.24e-03
 2.14967e+16	4.33e-02	9.55e-01	1.24e-03
 2.15140e+16	4.83e-02	9.50e-01	1.25e-03
 2.15304e+16	5.37e-02	9.45e-01	1.26e-03
 2.15463e+16	6.01e-02	9.39e-01	1.27e-03
 2.15617e+16	6.69e-02	9.32e-01	1.29e-03
 2.15760e+16	7.47e-02	9.24e-01	1.30e-03
 2.15896e+16	8.27e-02	9.16e-01	1.33e-03
 2.16022e+16	9.15e-02	9.07e-01	1.34e-03
 2.16138e+16	1.01e-01	8.98e-01	1.37e-03
 2.16248e+16	1.10e-01	8.88e-01	1.39e-03
 2.16349e+16	1.20e-01	8.79e-01	1.42e-03
 2.16427e+16	1.28e-01	8.70e-01	1.44e-03
 2.16477e+16	1.34e-01	8.65e-01	1.45e-03
 2.16523e+16	1.39e-01	8.59e-01	1.47e-03
 2.16576e+16	1.46e-01	8.52e-01	1.48e-03
 2.16634e+16	1.54e-01	8.44e-01	1.50e-03
 2.16690e+16	1.62e-01	8.36e-01	1.51e-03
 2.16742e+16	1.70e-01	8.29e-01	1.53e-03
 2.16794e+16	1.78e-01	8.20e-01	1.55e-03
 2.16846e+16	1.87e-01	8.11e-01	1.57e-03
 2.16898e+16	1.96e-01	8.02e-01	1.58e-03
 2.16950e+16	2.06e-01	7.92e-01	1.60e-03
 2.17000e+16	2.16e-01	7.83e-01	1.62e-03
 2.17049e+16	2.26e-01	7.72e-01	1.64e-03
 2.17099e+16	2.37e-01	7.61e-01	1.65e-03
 2.17148e+16	2.48e-01	7.51e-01	1.67e-03
 2.17196e+16	2.59e-01	7.39e-01	1.69e-03
 2.17244e+16	2.72e-01	7.27e-01	1.70e-03
 2.17291e+16	2.84e-01	7.14e-01	1.72e-03
 2.17338e+16	2.96e-01	7.02e-01	1.73e-03
 2.17384e+16	3.09e-01	6.89e-01	1.75e-03
 2.17430e+16	3.23e-01	6.75e-01	1.76e-03
 2.17475e+16	3.37e-01	6.61e-01	1.77e-03
 2.17520e+16	3.51e-01	6.48e-01	1.79e-03
 2.17564e+16	3.65e-01	6.33e-01	1.80e-03
 2.17608e+16	3.80e-01	6.18e-01	1.80e-03
 2.17651e+16	3.95e-01	6.03e-01	1.81e-03
 2.17694e+16	4.10e-01	5.88e-01	1.82e-03
 2.17736e+16	4.25e-01	5.73e-01	1.83e-03
 2.17778e+16	4.41e-01	5.57e-01	1.83e-03
 2.17820e+16	4.57e-01	5.41e-01	1.84e-03
 2.17860e+16	4.72e-01	5.26e-01	1.84e-03
 2.17900e+16	4.88e-01	5.10e-01	1.84e-03
 2.17939e+16	5.03e-01	4.95e-01	1.84e-03
 2.17978e+16	5.19e-01	4.80e-01	1.84e-03
 2.18015e+16	5.34e-01	4.64e-01	1.83e-03
 2.18052e+16	5.49e-01	4.50e-01	1.83e-03
 2.18088e+16	5.63e-01	4.35e-01	1.82e-03
 2.18124e+16	5.78e-01	4.20e-01	1.81e-03
 2.18159e+16	5.92e-01	4.06e-01	1.80e-03
 2.18193e+16	6.06e-01	3.92e-01	1.79e-03
 2.18227e+16	6.20e-01	3.78e-01	1.77e-03
 2.18261e+16	6.33e-01	3.65e-01	1.76e-03
 2.18294e+16	6.46e-01	3.52e-01	1.74e-03
 2.18326e+16	6.59e-01	3.39e-01	1.73e-03
 2.18358e+16	6.72e-01	3.27e-01	1.71e-03
 2.18390e+16	6.84e-01	3.15e-01	1.69e-03
 2.18421e+16	6.95e-01	3.03e-01	1.67e-03
 2.18453e+16	7.07e-01	2.91e-01	1.64e-03
 2.18484e+16	7.18e-01	2.80e-01	1.62e-03
 2.18514e+16	7.29e-01	2.69e-01	1.60e-03
 2.18545e+16	7.40e-01	2.59e-01	1.57e-03
 2.18575e+16	7.50e-01	2.48e-01	1.55e-03
 2.18606e+16	7.60e-01	2.38e-01	1.52e-03
 2.18632e+16	7.68e-01	2.30e-01	1.49e-03
 2.18653e+16	7.75e-01	2.24e-01	1.47e-03
 2.18672e+16	7.81e-01	2.18e-01	1.45e-03
 2.18692e+16	7.87e-01	2.11e-01	1.43e-03
 2.18713e+16	7.94e-01	2.05e-01	1.41e-03
 2.18733e+16	7.99e-01	1.99e-01	1.39e-03
 2.18752e+16	8.05e-01	1.94e-01	1.36e-03
 2.18771e+16	8.10e-01	1.89e-01	1.34e-03
 2.18789e+16	8.15e-01	1.84e-01	1.32e-03
 2.18806e+16	8.19e-01	1.79e-01	1.30e-03
 2.18823e+16	8.24e-01	1.75e-01	1.28e-03
 2.18840e+16	8.28e-01	1.71e-01	1.26e-03
 2.18857e+16	8.32e-01	1.67e-01	1.25e-03
 2.18873e+16	8.36e-01	1.63e-01	1.23e-03
 2.18890e+16	8.40e-01	1.59e-01	1.21e-03
 2.18906e+16	8.44e-01	1.55e-01	1.19e-03
 2.18922e+16	8.47e-01	1.51e-01	1.17e-03
 2.18937e+16	8.51e-01	1.48e-01	1.15e-03
 2.18953e+16	8.54e-01	1.45e-01	1.13e-03
 2.18969e+16	8.58e-01	1.41e-01	1.12e-03
 2.18985e+16	8.61e-01	1.38e-01	1.10e-03
 2.19000e+16	8.64e-01	1.35e-01	1.08e-03
 2.19017e+16	8.67e-01	1.32e-01	1.06e-03
 2.19033e+16	8.70e-01	1.29e-01	1.04e-03
 2.19050e+16	8.73e-01	1.26e-01	1.03e-03
 2.19067e+16	8.76e-01	1.23e-01	1.01e-03
 2.19085e+16	8.79e-01	1.20e-01	9.87e-04
 2.19104e+16	8.83e-01	1.16e-01	9.67e-04
 2.19124e+16	8.86e-01	1.13e-01	9.47e-04
 2.19147e+16	8.89e-01	1.10e-01	9.23e-04
 2.19173e+16	8.93e-01	1.06e-01	8.98e-04
 2.19202e+16	8.97e-01	1.02e-01	8.70e-04
 2.19234e+16	9.01e-01	9.80e-02	8.41e-04
 2.19265e+16	9.05e-01	9.42e-02	8.13e-04
 2.19296e+16	9.08e-01	9.08e-02	7.86e-04
 2.19327e+16	9.12e-01	8.75e-02	7.60e-04
 2.19356e+16	9.15e-01	8.46e-02	7.36e-04
 2.19383e+16	9.17e-01	8.20e-02	7.15e-04
 2.19408e+16	9.19e-01	7.99e-02	6.96e-04
 2.19430e+16	9.21e-01	7.80e-02	6.80e-04
 2.19455e+16	9.23e-01	7.59e-02	6.61e-04
 2.19481e+16	9.25e-01	7.40e-02	6.44e-04
 2.19505e+16	9.27e-01	7.23e-02	6.29e-04
 2.19527e+16	9.29e-01	7.09e-02	6.16e-04
 2.19551e+16	9.30e-01	6.92e-02	6.01e-04
 2.19577e+16	9.32e-01	6.77e-02	5.87e-04
 2.19600e+16	9.33e-01	6.64e-02	5.75e-04
 2.19626e+16	9.34e-01	6.50e-02	5.61e-04
 2.19654e+16	9.36e-01	6.37e-02	5.49e-04
 2.19679e+16	9.37e-01	6.25e-02	5.38e-04
 2.19707e+16	9.38e-01	6.12e-02	5.25e-04
 2.19737e+16	9.39e-01	6.01e-02	5.13e-04
 2.19765e+16	9.40e-01	5.90e-02	5.03e-04
 2.19794e+16	9.42e-01	5.79e-02	4.92e-04
 2.19833e+16	9.43e-01	5.66e-02	4.79e-04
 2.19875e+16	9.44e-01	5.55e-02	4.67e-04
 2.19914e+16	9.45e-01	5.45e-02	4.57e-04
 2.19948e+16	9.46e-01	5.36e-02	4.46e-04
 2.19986e+16	9.47e-01	5.27e-02	4.37e-04
 2.20036e+16	9.48e-01	5.17e-02	4.26e-04
 2.20089e+16	9.49e-01	5.08e-02	4.17e-04
 2.20138e+16	9.50e-01	5.00e-02	4.08e-04
 2.20191e+16	9.50e-01	4.91e-02	3.98e-04
 2.20249e+16	9.51e-01	4.84e-02	3.90e-04
 2.20301e+16	9.52e-01	4.78e-02	3.82e-04
 2.20359e+16	9.52e-01	4.72e-02	3.74e-04
 2.20433e+16	9.53e-01	4.65e-02	3.65e-04
 2.20514e+16	9.54e-01	4.58e-02	3.57e-04
 2.20587e+16	9.54e-01	4.53e-02	3.50e-04
 2.20668e+16	9.55e-01	4.46e-02	3.42e-04
 2.20772e+16	9.56e-01	4.40e-02	3.33e-04
 2.20885e+16	9.56e-01	4.34e-02	3.25e-04
 2.20987e+16	9.57e-01	4.28e-02	3.17e-04
 2.21100e+16	9.57e-01	4.22e-02	3.08e-04
 2.21221e+16	9.58e-01	4.16e-02	3.00e-04
 2.21332e+16	9.59e-01	4.11e-02	2.93e-04
 2.21453e+16	9.59e-01	4.05e-02	2.85e-04
 2.21583e+16	9.60e-01	4.00e-02	2.77e-04
 2.21702e+16	9.60e-01	3.95e-02	2.70e-04
 2.21832e+16	9.61e-01	3.89e-02	2.63e-04
 2.21973e+16	9.61e-01	3.83e-02	2.55e-04
 2.22101e+16	9.62e-01	3.78e-02	2.48e-04
 2.22217e+16	9.62e-01	3.74e-02	2.42e-04
 2.22345e+16	9.63e-01	3.69e-02	2.36e-04
 2.22483e+16	9.63e-01	3.64e-02	2.29e-04
 2.22608e+16	9.64e-01	3.59e-02	2.24e-04
 2.22746e+16	9.64e-01	3.53e-02	2.17e-04
 2.22894e+16	9.65e-01	3.48e-02	2.11e-04
 2.23029e+16	9.65e-01	3.44e-02	2.05e-04
 2.23177e+16	9.66e-01	3.38e-02	1.99e-04
 2.23337e+16	9.67e-01	3.33e-02	1.93e-04
 2.23482e+16	9.67e-01	3.28e-02	1.88e-04
 2.23614e+16	9.67e-01	3.24e-02	1.83e-04
 2.23759e+16	9.68e-01	3.19e-02	1.77e-04
 2.23915e+16	9.68e-01	3.15e-02	1.72e-04
 2.24058e+16	9.69e-01	3.10e-02	1.68e-04
 2.24214e+16	9.69e-01	3.05e-02	1.62e-04
 2.24382e+16	9.70e-01	3.01e-02	1.58e-04
 2.24535e+16	9.70e-01	2.96e-02	1.53e-04
 2.24703e+16	9.71e-01	2.91e-02	1.48e-04
 2.24885e+16	9.71e-01	2.86e-02	1.43e-04
 2.25050e+16	9.72e-01	2.82e-02	1.39e-04
 2.25200e+16	9.72e-01	2.78e-02	1.35e-04
 2.25364e+16	9.73e-01	2.74e-02	1.31e-04
 2.25542e+16	9.73e-01	2.69e-02	1.27e-04
 2.25703e+16	9.73e-01	2.65e-02	1.23e-04
 2.25881e+16	9.74e-01	2.61e-02	1.19e-04
 2.26072e+16	9.74e-01	2.57e-02	1.15e-04
 2.26246e+16	9.75e-01	2.53e-02	1.12e-04
 2.26436e+16	9.75e-01	2.48e-02	1.08e-04
 2.26642e+16	9.76e-01	2.44e-02	1.04e-04
 2.26830e+16	9.76e-01	2.40e-02	1.01e-04
 2.27000e+16	9.76e-01	2.36e-02	9.81e-05
 2.27187e+16	9.77e-01	2.32e-02	9.49e-05
 2.27388e+16	9.77e-01	2.28e-02	9.18e-05
 2.27572e+16	9.77e-01	2.25e-02	8.90e-05
 2.27773e+16	9.78e-01	2.21e-02	8.59e-05
 2.27990e+16	9.78e-01	2.17e-02	8.29e-05
 2.28188e+16	9.79e-01	2.13e-02	8.03e-05
 2.28404e+16	9.79e-01	2.09e-02	7.74e-05
 2.28638e+16	9.79e-01	2.05e-02	7.46e-05
 2.28850e+16	9.80e-01	2.02e-02	7.21e-05
 2.29044e+16	9.80e-01	1.99e-02	6.99e-05
 2.29256e+16	9.80e-01	1.95e-02	6.75e-05
 2.29485e+16	9.81e-01	1.92e-02	6.52e-05
 2.29693e+16	9.81e-01	1.89e-02	6.31e-05
 2.29921e+16	9.81e-01	1.85e-02	6.08e-05
 2.30168e+16	9.82e-01	1.82e-02	5.86e-05
 2.30392e+16	9.82e-01	1.79e-02	5.66e-05
 2.30638e+16	9.82e-01	1.75e-02	5.45e-05
 2.30903e+16	9.83e-01	1.72e-02	5.24e-05
 2.31145e+16	9.83e-01	1.69e-02	5.06e-05
 2.31409e+16	9.83e-01	1.65e-02	4.85e-05
 2.31695e+16	9.84e-01	1.62e-02	4.66e-05
 2.31955e+16	9.84e-01	1.59e-02	4.49e-05
 2.32239e+16	9.84e-01	1.55e-02	4.30e-05
 2.32547e+16	9.85e-01	1.52e-02	4.12e-05
 2.32827e+16	9.85e-01	1.49e-02	3.97e-05
 2.33081e+16	9.85e-01	1.46e-02	3.83e-05
 2.33360e+16	9.86e-01	1.43e-02	3.68e-05
 2.33661e+16	9.86e-01	1.40e-02	3.53e-05
 2.33936e+16	9.86e-01	1.38e-02	3.40e-05
 2.34236e+16	9.86e-01	1.35e-02	3.26e-05
 2.34560e+16	9.87e-01	1.32e-02	3.13e-05
 2.34855e+16	9.87e-01	1.29e-02	3.01e-05
 2.35179e+16	9.87e-01	1.26e-02	2.88e-05
 2.35528e+16	9.88e-01	1.24e-02	2.75e-05
 2.35845e+16	9.88e-01	1.21e-02	2.64e-05
 2.36193e+16	9.88e-01	1.18e-02	2.52e-05
 2.36569e+16	9.88e-01	1.15e-02	2.40e-05
 2.36911e+16	9.89e-01	1.13e-02	2.31e-05
 2.37286e+16	9.89e-01	1.10e-02	2.20e-05
 2.37690e+16	9.89e-01	1.07e-02	2.09e-05
 2.38059e+16	9.89e-01	1.05e-02	2.00e-05
 2.38462e+16	9.90e-01	1.02e-02	1.90e-05
 2.38897e+16	9.90e-01	9.98e-03	1.80e-05
 2.39294e+16	9.90e-01	9.75e-03	1.72e-05
 2.39728e+16	9.90e-01	9.49e-03	1.63e-05
 2.40197e+16	9.91e-01	9.23e-03	1.55e-05
 2.40623e+16	9.91e-01	9.01e-03	1.47e-05
 2.41091e+16	9.91e-01	8.76e-03	1.39e-05
 2.41596e+16	9.91e-01	8.51e-03	1.32e-05
 2.42055e+16	9.92e-01	8.29e-03	1.25e-05
 2.42558e+16	9.92e-01	8.05e-03	1.18e-05
 2.43102e+16	9.92e-01	7.81e-03	1.11e-05
 2.43697e+16	9.92e-01	7.55e-03	1.04e-05
 2.44428e+16	9.93e-01	7.24e-03	9.60e-06
 2.45220e+16	9.93e-01	6.94e-03	8.82e-06
 2.46018e+16	9.93e-01	6.65e-03	8.11e-06
 2.46839e+16	9.94e-01	6.37e-03	7.45e-06
 2.47695e+16	9.94e-01	6.09e-03	6.82e-06
 2.48584e+16	9.94e-01	5.82e-03	6.23e-06
 2.49504e+16	9.94e-01	5.55e-03	5.68e-06
 2.50458e+16	9.95e-01	5.30e-03	5.17e-06
 2.51440e+16	9.95e-01	5.05e-03	4.70e-06
 2.52439e+16	9.95e-01	4.81e-03	4.27e-06
 2.53455e+16	9.95e-01	4.58e-03	3.88e-06
 2.54490e+16	9.96e-01	4.36e-03	3.52e-06
 2.55546e+16	9.96e-01	4.15e-03	3.19e-06
 2.56620e+16	9.96e-01	3.95e-03	2.89e-06
 2.57715e+16	9.96e-01	3.76e-03	2.62e-06
 2.58829e+16	9.96e-01	3.57e-03	2.38e-06
 2.59948e+16	9.97e-01	3.40e-03	2.15e-06
 2.61083e+16	9.97e-01	3.23e-03	1.95e-06
 2.62259e+16	9.97e-01	3.07e-03	1.76e-06
 2.63464e+16	9.97e-01	2.91e-03	1.59e-06
 2.64687e+16	9.97e-01	2.77e-03	1.43e-06
 2.65931e+16	9.97e-01	2.62e-03	1.29e-06
 2.67200e+16	9.98e-01	2.49e-03	1.16e-06
 2.68492e+16	9.98e-01	2.36e-03	1.04e-06
 2.69809e+16	9.98e-01	2.23e-03	9.35e-07
 2.71151e+16	9.98e-01	2.11e-03	8.38e-07
 2.72520e+16	9.98e-01	2.00e-03	7.51e-07
 2.73918e+16	9.98e-01	1.89e-03	6.71e-07
 2.75344e+16	9.98e-01	1.79e-03	6.00e-07
 2.76800e+16	9.98e-01	1.69e-03	5.35e-07
 2.78286e+16	9.98e-01	1.59e-03	4.77e-07
 2.79804e+16	9.98e-01	1.50e-03	4.24e-07
 2.81355e+16	9.99e-01	1.41e-03	3.76e-07
 2.82941e+16	9.99e-01	1.33e-03	3.34e-07
 2.84563e+16	9.99e-01	1.25e-03	2.95e-07
 2.86224e+16	9.99e-01	1.18e-03	2.61e-07
 2.87924e+16	9.99e-01	1.10e-03	2.30e-07
 2.89666e+16	9.99e-01	1.03e-03	2.02e-07
 2.91453e+16	9.99e-01	9.68e-04	1.77e-07
 2.93288e+16	9.99e-01	9.05e-04	1.55e-07
 2.95171e+16	9.99e-01	8.45e-04	1.35e-07
 2.97108e+16	9.99e-01	7.89e-04	1.17e-07
 2.99104e+16	9.99e-01	7.35e-04	1.02e-07
 3.01118e+16	9.99e-01	6.85e-04	8.85e-08
 3.03185e+16	9.99e-01	6.36e-04	7.64e-08
 3.05377e+16	9.99e-01	5.89e-04	6.55e-08
 3.07664e+16	9.99e-01	5.44e-04	5.58e-08
 3.10024e+16	9.99e-01	5.02e-04	4.74e-08
 3.12467e+16	1.00e+00	4.61e-04	4.00e-08
 3.15013e+16	1.00e+00	4.23e-04	3.36e-08
 3.17676e+16	1.00e+00	3.86e-04	2.80e-08
 3.20465e+16	1.00e+00	3.51e-04	2.31e-08
 3.23403e+16	1.00e+00	3.18e-04	1.90e-08
 3.26503e+16	1.00e+00	2.87e-04	1.54e-08
 3.29777e+16	1.00e+00	2.58e-04	1.24e-08
 3.33279e+16	1.00e+00	2.29e-04	9.79e-09
 3.37037e+16	1.00e+00	2.03e-04	7.63e-09
 3.41066e+16	1.00e+00	1.78e-04	5.85e-09
 3.45428e+16	1.00e+00	1.54e-04	4.40e-09
 3.50215e+16	1.00e+00	1.32e-04	3.22e-09
 3.55529e+16	1.00e+00	1.11e-04	2.28e-09
 3.61445e+16	1.00e+00	9.22e-05	1.56e-09
 3.68211e+16	1.00e+00	7.43e-05	1.01e-09
 3.75942e+16	1.00e+00	5.83e-05	6.23e-10
 3.84120e+16	1.00e+00	4.54e-05	3.77e-10
 3.92245e+16	1.00e+00	3.55e-05	2.31e-10
 4.00305e+16	1.00e+00	2.79e-05	1.43e-10
 4.08460e+16	1.00e+00	2.19e-05	8.84e-11
 4.16780e+16	1.00e+00	1.71e-05	5.46e-11
 4.25288e+16	1.00e+00	1.34e-05	3.35e-11
 4.33974e+16	1.00e+00	1.05e-05	2.06e-11
 4.42856e+16	1.00e+00	8.16e-06	1.26e-11
 4.52004e+16	1.00e+00	6.35e-06	7.68e-12
 4.61398e+16	1.00e+00	4.93e-06	4.65e-12
 4.71018e+16	1.00e+00	3.83e-06	2.82e-12
 4.80984e+16	1.00e+00	2.95e-06	1.69e-12
 4.91336e+16	1.00e+00	2.27e-06	1.01e-12
 5.02034e+16	1.00e+00	1.74e-06	5.95e-13
 5.13162e+16	1.00e+00	1.33e-06	3.48e-13
 5.24807e+16	1.00e+00	1.01e-06	2.01e-13
 5.37048e+16	1.00e+00	7.57e-07	1.14e-13
 5.49960e+16	1.00e+00	5.64e-07	6.36e-14
 5.63627e+16	1.00e+00	4.16e-07	3.47e-14
 5.78194e+16	1.00e+00	3.03e-07	1.85e-14
 5.93556e+16	1.00e+00	2.19e-07	9.71e-15
 6.09216e+16	1.00e+00	1.59e-07	5.13e-15
 6.24876e+16	1.00e+00	1.16e-07	2.75e-15
 6.40536e+16	1.00e+00	8.57e-08	1.50e-15
 6.56196e+16	1.00e+00	6.37e-08	8.29e-16
 6.71856e+16	1.00e+00	4.76e-08	4.65e-16
 6.87516e+16	1.00e+00	3.59e-08	2.64e-16
 7.05525e+16	1.00e+00	2.59e-08	1.37e-16
 7.26191e+16	1.00e+00	1.81e-08	6.75e-17
 7.48251e+16	1.00e+00	1.25e-08	3.22e-17
 7.71939e+16	1.00e+00	8.50e-09	1.49e-17
 7.96395e+16	1.00e+00	5.80e-09	6.95e-18
 8.21087e+16	1.00e+00	3.98e-09	3.29e-18
 8.45785e+16	1.00e+00	2.77e-09	1.59e-18
 8.71196e+16	1.00e+00	1.92e-09	7.67e-19
 8.97807e+16	1.00e+00	1.33e-09	3.65e-19
 9.25067e+16	1.00e+00	9.17e-10	1.75e-19
 9.52574e+16	1.00e+00	6.38e-10	8.50e-20
 9.80275e+16	1.00e+00	4.48e-10	4.19e-20
 1.00823e+17	1.00e+00	3.16e-10	2.09e-20
 1.03639e+17	1.00e+00	2.24e-10	1.05e-20
 1.06461e+17	1.00e+00	1.61e-10	5.41e-21
 1.09274e+17	1.00e+00	1.16e-10	0.00e+00
 1.12067e+17	1.00e+00	8.48e-11	0.00e+00
 1.14826e+17	1.00e+00	6.27e-11	0.00e+00
 1.17535e+17	1.00e+00	4.69e-11	0.00e+00
 1.20188e+17	1.00e+00	3.55e-11	0.00e+00
 1.22775e+17	1.00e+00	2.73e-11	0.00e+00
 1.25281e+17	1.00e+00	2.13e-11	0.00e+00
 1.27700e+17	1.00e+00	1.69e-11	0.00e+00
 1.30028e+17	1.00e+00	1.35e-11	0.00e+00
 1.32263e+17	1.00e+00	1.11e-11	0.00e+00
 1.34400e+17	1.00e+00	9.15e-12	0.00e+00
 1.36440e+17	1.00e+00	7.68e-12	0.00e+00
 1.38382e+17	1.00e+00	6.54e-12	0.00e+00
 1.40228e+17	1.00e+00	5.65e-12	0.00e+00
 1.41982e+17	1.00e+00	4.93e-12	0.00e+00
 1.43648e+17	1.00e+00	4.36e-12	0.00e+00
 1.45228e+17	1.00e+00	3.90e-12	0.00e+00
 1.46724e+17	1.00e+00	3.52e-12	0.00e+00
 1.48142e+17	1.00e+00	3.21e-12	0.00e+00
 1.49485e+17	1.00e+00	2.95e-12	0.00e+00
 1.50758e+17	1.00e+00	2.73e-12	0.00e+00
 1.51965e+17	1.00e+00	2.55e-12	0.00e+00
 1.53107e+17	1.00e+00	2.39e-12	0.00e+00
 1.54190e+17	1.00e+00	2.26e-12	0.00e+00
 1.55216e+17	1.00e+00	2.14e-12	0.00e+00
 1.56189e+17	1.00e+00	2.04e-12	0.00e+00
 1.57112e+17	1.00e+00	1.95e-12	0.00e+00
 1.57987e+17	1.00e+00	1.88e-12	0.00e+00
 1.58816e+17	1.00e+00	1.81e-12	0.00e+00
 1.59604e+17	1.00e+00	1.75e-12	0.00e+00
 1.60351e+17	1.00e+00	1.70e-12	0.00e+00
 1.61061e+17	1.00e+00	1.65e-12	0.00e+00
 1.61736e+17	1.00e+00	1.61e-12	0.00e+00
 1.62378e+17	1.00e+00	1.58e-12	0.00e+00
 1.62988e+17	1.00e+00	1.54e-12	0.00e+00
 1.63568e+17	1.00e+00	1.51e-12	0.00e+00
 1.64120e+17	1.00e+00	1.49e-12	0.00e+00
 1.64646e+17	1.00e+00	1.46e-12	0.00e+00
 1.65148e+17	1.00e+00	1.44e-12	0.00e+00
 1.65626e+17	1.00e+00	1.42e-12	0.00e+00
 1.66083e+17	1.00e+00	1.40e-12	0.00e+00
 1.66519e+17	1.00e+00	1.38e-12	0.00e+00
 1.66935e+17	1.00e+00	1.36e-12	0.00e+00
 1.67334e+17	1.00e+00	1.35e-12	0.00e+00
 1.67716e+17	1.00e+00	1.34e-12	0.00e+00
 1.68083e+17	1.00e+00	1.32e-12	0.00e+00
 1.68434e+17	1.00e+00	1.31e-12	0.00e+00
 1.68772e+17	1.00e+00	1.30e-12	0.00e+00
 1.69098e+17	1.00e+00	1.29e-12	0.00e+00
 1.69411e+17	1.00e+00	1.28e-12	0.00e+00
 1.69715e+17	1.00e+00	1.27e-12	0.00e+00
 1.70008e+17	1.00e+00	1.26e-12	0.00e+00
 1.70293e+17	1.00e+00	1.25e-12	0.00e+00
 1.70570e+17	1.00e+00	1.25e-12	0.00e+00
 1.70840e+17	1.00e+00	1.24e-12	0.00e+00
 1.71105e+17	1.00e+00	1.23e-12	0.00e+00
 1.71365e+17	1.00e+00	1.22e-12	0.00e+00
 1.71621e+17	1.00e+00	1.22e-12	0.00e+00
 1.71874e+17	1.00e+00	1.21e-12	0.00e+00
 1.72126e+17	1.00e+00	1.20e-12	0.00e+00
 1.72378e+17	1.00e+00	1.20e-12	0.00e+00
 1.72632e+17	1.00e+00	1.19e-12	0.00e+00
 1.72890e+17	1.00e+00	1.18e-12	0.00e+00
 1.73153e+17	1.00e+00	1.18e-12	0.00e+00
 1.73425e+17	1.00e+00	1.17e-12	0.00e+00
 1.73708e+17	1.00e+00	1.16e-12	0.00e+00
 1.74008e+17	1.00e+00	1.16e-12	0.00e+00
 1.74328e+17	1.00e+00	1.15e-12	0.00e+00
 1.74676e+17	1.00e+00	1.14e-12	0.00e+00
 1.75063e+17	1.00e+00	1.13e-12	0.00e+00
 1.75500e+17	1.00e+00	1.12e-12	0.00e+00
 1.76009e+17	1.00e+00	1.11e-12	0.00e+00
 1.76618e+17	1.00e+00	1.09e-12	0.00e+00
 1.77372e+17	1.00e+00	1.08e-12	0.00e+00
 1.78339e+17	1.00e+00	1.05e-12	0.00e+00
 1.79596e+17	1.00e+00	1.02e-12	0.00e+00
 1.81229e+17	1.00e+00	9.81e-13	0.00e+00
 1.83353e+17	1.00e+00	9.28e-13	0.00e+00
 1.86114e+17	1.00e+00	8.61e-13	0.00e+00
 1.89704e+17	1.00e+00	7.79e-13	0.00e+00
 1.94370e+17	1.00e+00	6.82e-13	0.00e+00
 2.00436e+17	1.00e+00	5.73e-13	0.00e+00
 2.07941e+17	1.00e+00	4.56e-13	0.00e+00
 2.16259e+17	1.00e+00	3.65e-13	0.00e+00
 2.24910e+17	1.00e+00	3.22e-13	0.00e+00
 2.33906e+17	1.00e+00	2.91e-13	0.00e+00
 2.43262e+17	1.00e+00	2.63e-13	0.00e+00
 2.52993e+17	1.00e+00	2.37e-13	0.00e+00
 2.63112e+17	1.00e+00	2.12e-13	0.00e+00
 2.73637e+17	1.00e+00	1.89e-13	0.00e+00
 2.84582e+17	1.00e+00	1.66e-13	0.00e+00
 2.95966e+17	1.00e+00	1.44e-13	0.00e+00
 3.07567e+17	1.00e+00	1.24e-13	0.00e+00
 3.18658e+17	1.00e+00	1.11e-13	0.00e+00
 3.28623e+17	1.00e+00	1.10e-13	0.00e+00
 3.37537e+17	1.00e+00	1.13e-13	0.00e+00
 3.45819e+17	1.00e+00	1.13e-13	0.00e+00
 3.53759e+17	1.00e+00	1.06e-13	0.00e+00
 3.61280e+17	1.00e+00	9.79e-14	0.00e+00
 3.68088e+17	1.00e+00	9.11e-14	0.00e+00
 3.73722e+17	1.00e+00	8.68e-14	0.00e+00
 3.77668e+17	1.00e+00	8.71e-14	0.00e+00
 3.80016e+17	1.00e+00	9.06e-14	0.00e+00
 3.81376e+17	1.00e+00	9.33e-14	0.00e+00
 3.82193e+17	1.00e+00	9.49e-14	0.00e+00
 3.82682e+17	1.00e+00	9.58e-14	0.00e+00
 3.83025e+17	1.00e+00	9.63e-14	0.00e+00
 3.83372e+17	1.00e+00	9.67e-14	0.00e+00
 3.83770e+17	1.00e+00	9.70e-14	0.00e+00
 3.84195e+17	1.00e+00	9.71e-14	0.00e+00
 3.84576e+17	1.00e+00	9.72e-14	0.00e+00
 3.84887e+17	1.00e+00	9.72e-14	0.00e+00
 3.85175e+17	1.00e+00	9.71e-14	0.00e+00
 3.85449e+17	1.00e+00	9.70e-14	0.00e+00
 3.85711e+17	1.00e+00	9.69e-14	0.00e+00
 3.85969e+17	1.00e+00	9.67e-14	0.00e+00
 3.86213e+17	1.00e+00	9.65e-14	0.00e+00
 3.86433e+17	1.00e+00	9.63e-14	0.00e+00
 3.86644e+17	1.00e+00	9.61e-14	0.00e+00
 3.86851e+17	1.00e+00	9.59e-14	0.00e+00
 3.87048e+17	1.00e+00	9.56e-14	0.00e+00
 3.87233e+17	1.00e+00	9.54e-14	0.00e+00
 3.87408e+17	1.00e+00	9.51e-14	0.00e+00
 3.87578e+17	1.00e+00	9.49e-14	0.00e+00
 3.87746e+17	1.00e+00	9.46e-14	0.00e+00
 3.87908e+17	1.00e+00	9.43e-14	0.00e+00
 3.88064e+17	1.00e+00	9.41e-14	0.00e+00
 3.88213e+17	1.00e+00	9.38e-14	0.00e+00
 3.88358e+17	1.00e+00	9.35e-14	0.00e+00
 3.88500e+17	1.00e+00	9.33e-14	0.00e+00
 3.88637e+17	1.00e+00	9.30e-14	0.00e+00
 3.88773e+17	1.00e+00	9.27e-14	0.00e+00
 3.88908e+17	1.00e+00	9.24e-14	0.00e+00
 3.89037e+17	1.00e+00	9.21e-14	0.00e+00
 3.89162e+17	1.00e+00	9.18e-14	0.00e+00
 3.89292e+17	1.00e+00	9.15e-14	0.00e+00
 3.89428e+17	1.00e+00	9.12e-14	0.00e+00
 3.89559e+17	1.00e+00	9.08e-14	0.00e+00
 3.89683e+17	1.00e+00	9.05e-14	0.00e+00
 3.89810e+17	1.00e+00	9.02e-14	0.00e+00
 3.89941e+17	1.00e+00	8.99e-14	0.00e+00
 3.90074e+17	1.00e+00	8.95e-14	0.00e+00
 3.90207e+17	1.00e+00	8.91e-14	0.00e+00
 3.90334e+17	1.00e+00	8.87e-14	0.00e+00
 3.90461e+17	1.00e+00	8.84e-14	0.00e+00
 3.90596e+17	1.00e+00	8.80e-14	0.00e+00
 3.90739e+17	1.00e+00	8.75e-14	0.00e+00
 3.90880e+17	1.00e+00	8.71e-14	0.00e+00
 3.91020e+17	1.00e+00	8.67e-14	0.00e+00
 3.91165e+17	1.00e+00	8.62e-14	0.00e+00
 3.91324e+17	1.00e+00	8.57e-14	0.00e+00
 3.91492e+17	1.00e+00	8.52e-14	0.00e+00
 3.91651e+17	1.00e+00	8.46e-14	0.00e+00
 3.91801e+17	1.00e+00	8.41e-14	0.00e+00
 3.91955e+17	1.00e+00	8.36e-14	0.00e+00
 3.92121e+17	1.00e+00	8.31e-14	0.00e+00
 3.92298e+17	1.00e+00	8.24e-14	0.00e+00
 3.92480e+17	1.00e+00	8.18e-14	0.00e+00
 3.92656e+17	1.00e+00	8.11e-14	0.00e+00
 3.92829e+17	1.00e+00	8.05e-14	0.00e+00
 3.93019e+17	1.00e+00	7.99e-14	0.00e+00
 3.93223e+17	1.00e+00	7.91e-14	0.00e+00
 3.93434e+17	1.00e+00	7.84e-14	0.00e+00
 3.93649e+17	1.00e+00	7.75e-14	0.00e+00
 3.93859e+17	1.00e+00	7.67e-14	0.00e+00
 3.94069e+17	1.00e+00	7.60e-14	0.00e+00
 3.94287e+17	1.00e+00	7.51e-14	0.00e+00
 3.94518e+17	1.00e+00	7.43e-14	0.00e+00
 3.94760e+17	1.00e+00	7.33e-14	0.00e+00
 3.94995e+17	1.00e+00	7.24e-14	0.00e+00
 3.95236e+17	1.00e+00	7.15e-14	0.00e+00
 3.95501e+17	1.00e+00	7.05e-14	0.00e+00
 3.95781e+17	1.00e+00	6.94e-14	0.00e+00
 3.96065e+17	1.00e+00	6.83e-14	0.00e+00
 3.96343e+17	1.00e+00	6.72e-14	0.00e+00
 3.96614e+17	1.00e+00	6.62e-14	0.00e+00
 3.96909e+17	1.00e+00	6.51e-14	0.00e+00
 3.97231e+17	1.00e+00	6.38e-14	0.00e+00
 3.97551e+17	1.00e+00	6.25e-14	0.00e+00
 3.97857e+17	1.00e+00	6.14e-14	0.00e+00
 3.98178e+17	1.00e+00	6.02e-14	0.00e+00
 3.98536e+17	1.00e+00	5.88e-14	0.00e+00
 3.98897e+17	1.00e+00	5.74e-14	0.00e+00
 3.99241e+17	1.00e+00	5.61e-14	0.00e+00
 3.99592e+17	1.00e+00	5.48e-14	0.00e+00
 3.99967e+17	1.00e+00	5.34e-14	0.00e+00
 4.00361e+17	1.00e+00	5.19e-14	0.00e+00
 4.00763e+17	1.00e+00	5.04e-14	0.00e+00
 4.01159e+17	1.00e+00	4.90e-14	0.00e+00
 4.01554e+17	1.00e+00	4.76e-14	0.00e+00
 4.01970e+17	1.00e+00	4.61e-14	0.00e+00
 4.02411e+17	1.00e+00	4.46e-14	0.00e+00
 4.02860e+17	1.00e+00	4.30e-14	0.00e+00
 4.03309e+17	1.00e+00	4.15e-14	0.00e+00
 4.03761e+17	1.00e+00	4.00e-14	0.00e+00
 4.04231e+17	1.00e+00	3.85e-14	0.00e+00
 4.04714e+17	1.00e+00	3.69e-14	0.00e+00
 4.05208e+17	1.00e+00	3.54e-14	0.00e+00
 4.05714e+17	1.00e+00	3.38e-14	0.00e+00
 4.06220e+17	1.00e+00	3.23e-14	0.00e+00
 4.06736e+17	1.00e+00	3.08e-14	0.00e+00
 4.07273e+17	1.00e+00	2.93e-14	0.00e+00
 4.07821e+17	1.00e+00	2.78e-14	0.00e+00
 4.08402e+17	1.00e+00	2.63e-14	0.00e+00
 4.08996e+17	1.00e+00	2.48e-14	0.00e+00
 4.09589e+17	1.00e+00	2.33e-14	0.00e+00
 4.10193e+17	1.00e+00	2.19e-14	0.00e+00
 4.10820e+17	1.00e+00	2.05e-14	0.00e+00
 4.11494e+17	1.00e+00	1.91e-14	0.00e+00
 4.12179e+17	1.00e+00	1.77e-14	0.00e+00
 4.12860e+17	1.00e+00	1.63e-14	0.00e+00
 4.13501e+17	1.00e+00	1.51e-14	0.00e+00
 4.14064e+17	1.00e+00	1.41e-14	0.00e+00
 4.14557e+17	1.00e+00	1.32e-14	0.00e+00
 4.15014e+17	1.00e+00	1.25e-14	0.00e+00
 4.15461e+17	1.00e+00	1.19e-14	0.00e+00
 4.15900e+17	1.00e+00	1.12e-14	0.00e+00
 4.16320e+17	1.00e+00	1.06e-14	0.00e+00
 4.16713e+17	1.00e+00	1.01e-14	0.00e+00
 4.17082e+17	1.00e+00	9.61e-15	0.00e+00
 4.17438e+17	1.00e+00	9.17e-15	0.00e+00
 4.17784e+17	1.00e+00	8.75e-15	0.00e+00
 4.18119e+17	1.00e+00	8.36e-15	0.00e+00
 4.18440e+17	1.00e+00	7.99e-15	0.00e+00
 4.18748e+17	1.00e+00	7.64e-15	0.00e+00
 4.19044e+17	1.00e+00	7.32e-15	0.00e+00
 4.19330e+17	1.00e+00	7.02e-15	0.00e+00
 4.19607e+17	1.00e+00	6.74e-15	0.00e+00
 4.19875e+17	1.00e+00	6.47e-15	0.00e+00
 4.20134e+17	1.00e+00	6.22e-15	0.00e+00
 4.20383e+17	1.00e+00	5.96e-15	0.00e+00
 4.20625e+17	1.00e+00	5.76e-15	0.00e+00
 4.20860e+17	1.00e+00	5.52e-15	0.00e+00
 4.21086e+17	1.00e+00	5.34e-15	0.00e+00
 4.21304e+17	1.00e+00	5.14e-15	0.00e+00
 4.21521e+17	1.00e+00	4.95e-15	0.00e+00
 4.21730e+17	1.00e+00	4.78e-15	0.00e+00
 4.21930e+17	1.00e+00	4.61e-15	0.00e+00
 4.22126e+17	1.00e+00	4.46e-15	0.00e+00
 4.22319e+17	1.00e+00	4.32e-15	0.00e+00
 4.22510e+17	1.00e+00	4.17e-15	0.00e+00
 4.22728e+17	1.00e+00	4.03e-15	0.00e+00
 4.23011e+17	1.00e+00	3.86e-15	0.00e+00
 4.23379e+17	1.00e+00	3.64e-15	0.00e+00
 4.23858e+17	1.00e+00	3.37e-15	0.00e+00
 4.24480e+17	1.00e+00	3.05e-15	0.00e+00
 4.25289e+17	1.00e+00	2.66e-15	0.00e+00
 4.26224e+17	1.00e+00	2.23e-15	0.00e+00
 4.27076e+17	1.00e+00	1.85e-15	0.00e+00
 4.27719e+17	1.00e+00	1.59e-15	0.00e+00
 4.28220e+17	1.00e+00	1.43e-15	0.00e+00
 4.28715e+17	1.00e+00	1.30e-15	0.00e+00
 4.29282e+17	1.00e+00	1.17e-15	0.00e+00
 4.29904e+17	1.00e+00	1.03e-15	0.00e+00
 4.30519e+17	1.00e+00	9.05e-16	0.00e+00
 4.31088e+17	1.00e+00	8.01e-16	0.00e+00
 4.31623e+17	1.00e+00	7.17e-16	0.00e+00
 4.32167e+17	1.00e+00	6.44e-16	0.00e+00
 4.32753e+17	1.00e+00	5.74e-16	0.00e+00
 4.33381e+17	1.00e+00	5.06e-16	0.00e+00
 4.34027e+17	1.00e+00	4.44e-16	0.00e+00
 4.34681e+17	1.00e+00	3.88e-16	0.00e+00
 4.35363e+17	1.00e+00	3.39e-16	0.00e+00
 4.36108e+17	1.00e+00	2.93e-16	0.00e+00
 4.36950e+17	1.00e+00	2.49e-16	0.00e+00
 4.37923e+17	1.00e+00	2.07e-16	0.00e+00
 4.39080e+17	1.00e+00	1.67e-16	0.00e+00
 4.40538e+17	1.00e+00	1.29e-16	0.00e+00
