#depth	O	O+	O+2	O+3	O+4	O+5	O+6	O+7	O+8	O[1]	O[2]	O[3]
 1.49634e+10	0.00e+00	4.49e-28	1.10e-17	1.79e-09	8.76e-04	1.74e-01	8.25e-01	0.00e+00	0.00e+00	0.00e+00	0.00e+00	0.00e+00
 4.54887e+10	5.38e-40	6.47e-28	1.47e-17	2.23e-09	1.01e-03	1.86e-01	8.13e-01	4.17e-08	0.00e+00	0.00e+00	0.00e+00	0.00e+00
 7.72350e+10	0.00e+00	9.30e-28	1.97e-17	2.77e-09	1.17e-03	1.99e-01	8.00e-01	0.00e+00	0.00e+00	0.00e+00	0.00e+00	0.00e+00
 1.10251e+11	1.28e-39	1.33e-27	2.62e-17	3.45e-09	1.34e-03	2.12e-01	7.86e-01	0.00e+00	0.00e+00	0.00e+00	0.00e+00	0.00e+00
 1.44588e+11	0.00e+00	1.88e-27	3.47e-17	4.28e-09	1.54e-03	2.27e-01	7.72e-01	0.00e+00	0.00e+00	0.00e+00	0.00e+00	0.00e+00
 1.80298e+11	2.95e-39	2.68e-27	4.61e-17	5.30e-09	1.77e-03	2.41e-01	7.57e-01	0.00e+00	0.00e+00	0.00e+00	0.00e+00	0.00e+00
 2.17437e+11	0.00e+00	3.80e-27	6.11e-17	6.56e-09	2.03e-03	2.57e-01	7.41e-01	0.00e+00	0.00e+00	0.00e+00	0.00e+00	0.00e+00
 2.56061e+11	6.75e-39	5.37e-27	8.08e-17	8.10e-09	2.33e-03	2.73e-01	7.25e-01	0.00e+00	0.00e+00	0.00e+00	0.00e+00	0.00e+00
 2.96231e+11	0.00e+00	7.54e-27	1.07e-16	9.99e-09	2.66e-03	2.90e-01	7.07e-01	0.00e+00	0.00e+00	0.00e+00	0.00e+00	0.00e+00
 3.38007e+11	1.51e-38	1.06e-26	1.40e-16	1.23e-08	3.04e-03	3.08e-01	6.89e-01	0.00e+00	0.00e+00	0.00e+00	0.00e+00	0.00e+00
 3.81454e+11	0.00e+00	1.47e-26	1.84e-16	1.51e-08	3.47e-03	3.26e-01	6.71e-01	0.00e+00	0.00e+00	0.00e+00	0.00e+00	0.00e+00
 4.26639e+11	3.28e-38	2.04e-26	2.40e-16	1.85e-08	3.95e-03	3.45e-01	6.51e-01	0.00e+00	0.00e+00	0.00e+00	0.00e+00	0.00e+00
 4.73631e+11	0.00e+00	2.81e-26	3.12e-16	2.26e-08	4.48e-03	3.64e-01	6.31e-01	0.00e+00	0.00e+00	0.00e+00	0.00e+00	0.00e+00
 5.22503e+11	6.96e-38	3.85e-26	4.05e-16	2.76e-08	5.08e-03	3.85e-01	6.10e-01	0.00e+00	0.00e+00	0.00e+00	0.00e+00	0.00e+00
 5.73330e+11	0.00e+00	5.28e-26	5.26e-16	3.37e-08	5.75e-03	4.05e-01	5.89e-01	0.00e+00	0.00e+00	0.00e+00	0.00e+00	0.00e+00
 6.26190e+11	1.43e-37	7.13e-26	6.75e-16	4.09e-08	6.48e-03	4.26e-01	5.67e-01	0.00e+00	0.00e+00	0.00e+00	0.00e+00	0.00e+00
 6.81164e+11	0.00e+00	9.62e-26	8.67e-16	4.96e-08	7.30e-03	4.48e-01	5.45e-01	0.00e+00	0.00e+00	0.00e+00	0.00e+00	0.00e+00
 7.38337e+11	2.85e-37	1.29e-25	1.11e-15	5.99e-08	8.19e-03	4.70e-01	5.22e-01	0.00e+00	0.00e+00	0.00e+00	0.00e+00	0.00e+00
 7.97798e+11	0.00e+00	1.73e-25	1.41e-15	7.23e-08	9.18e-03	4.91e-01	4.99e-01	0.00e+00	0.00e+00	0.00e+00	0.00e+00	0.00e+00
 8.59636e+11	5.53e-37	2.30e-25	1.80e-15	8.70e-08	1.03e-02	5.13e-01	4.76e-01	0.00e+00	0.00e+00	0.00e+00	0.00e+00	0.00e+00
 9.23949e+11	0.00e+00	3.04e-25	2.28e-15	1.04e-07	1.14e-02	5.35e-01	4.53e-01	0.00e+00	0.00e+00	0.00e+00	0.00e+00	0.00e+00
 9.90833e+11	1.05e-36	4.02e-25	2.88e-15	1.25e-07	1.27e-02	5.57e-01	4.31e-01	0.00e+00	0.00e+00	0.00e+00	0.00e+00	0.00e+00
 1.06039e+12	0.00e+00	5.29e-25	3.64e-15	1.49e-07	1.41e-02	5.78e-01	4.08e-01	0.00e+00	0.00e+00	0.00e+00	0.00e+00	0.00e+00
 1.13274e+12	1.95e-36	6.95e-25	4.58e-15	1.78e-07	1.55e-02	5.99e-01	3.86e-01	0.00e+00	0.00e+00	0.00e+00	0.00e+00	0.00e+00
 1.20797e+12	0.00e+00	9.11e-25	5.76e-15	2.12e-07	1.71e-02	6.19e-01	3.64e-01	0.00e+00	0.00e+00	0.00e+00	0.00e+00	0.00e+00
 1.28622e+12	3.59e-36	1.19e-24	7.23e-15	2.52e-07	1.89e-02	6.39e-01	3.42e-01	0.00e+00	0.00e+00	0.00e+00	0.00e+00	0.00e+00
 1.36759e+12	0.00e+00	1.56e-24	9.07e-15	2.99e-07	2.07e-02	6.58e-01	3.21e-01	0.00e+00	0.00e+00	0.00e+00	0.00e+00	0.00e+00
 1.45222e+12	6.57e-36	2.04e-24	1.14e-14	3.54e-07	2.27e-02	6.76e-01	3.01e-01	0.00e+00	0.00e+00	0.00e+00	0.00e+00	0.00e+00
 1.54024e+12	0.00e+00	2.67e-24	1.42e-14	4.18e-07	2.48e-02	6.93e-01	2.82e-01	0.00e+00	0.00e+00	0.00e+00	0.00e+00	0.00e+00
 1.63178e+12	1.20e-35	3.50e-24	1.78e-14	4.94e-07	2.70e-02	7.10e-01	2.63e-01	0.00e+00	0.00e+00	0.00e+00	0.00e+00	0.00e+00
 1.72697e+12	0.00e+00	4.59e-24	2.23e-14	5.82e-07	2.94e-02	7.25e-01	2.45e-01	0.00e+00	0.00e+00	0.00e+00	0.00e+00	0.00e+00
 1.82598e+12	2.19e-35	6.02e-24	2.80e-14	6.85e-07	3.20e-02	7.40e-01	2.28e-01	0.00e+00	0.00e+00	0.00e+00	0.00e+00	0.00e+00
 1.92895e+12	0.00e+00	7.91e-24	3.50e-14	8.05e-07	3.47e-02	7.53e-01	2.12e-01	0.00e+00	0.00e+00	0.00e+00	0.00e+00	0.00e+00
 2.03603e+12	4.02e-35	1.04e-23	4.39e-14	9.45e-07	3.76e-02	7.66e-01	1.97e-01	0.00e+00	0.00e+00	0.00e+00	0.00e+00	0.00e+00
 2.14740e+12	5.47e-35	1.37e-23	5.50e-14	1.11e-06	4.07e-02	7.77e-01	1.82e-01	0.00e+00	0.00e+00	0.00e+00	0.00e+00	0.00e+00
 2.26322e+12	7.46e-35	1.81e-23	6.89e-14	1.30e-06	4.39e-02	7.87e-01	1.69e-01	0.00e+00	0.00e+00	0.00e+00	0.00e+00	0.00e+00
 2.38368e+12	1.02e-34	2.40e-23	8.64e-14	1.52e-06	4.74e-02	7.97e-01	1.56e-01	0.00e+00	0.00e+00	0.00e+00	0.00e+00	0.00e+00
 2.50895e+12	1.40e-34	3.18e-23	1.08e-13	1.78e-06	5.11e-02	8.05e-01	1.44e-01	0.00e+00	0.00e+00	0.00e+00	0.00e+00	0.00e+00
 2.63924e+12	1.92e-34	4.23e-23	1.36e-13	2.08e-06	5.51e-02	8.12e-01	1.33e-01	0.00e+00	0.00e+00	0.00e+00	0.00e+00	0.00e+00
 2.77473e+12	2.64e-34	5.63e-23	1.71e-13	2.43e-06	5.93e-02	8.19e-01	1.22e-01	0.00e+00	0.00e+00	0.00e+00	0.00e+00	0.00e+00
 2.91565e+12	3.64e-34	7.51e-23	2.14e-13	2.84e-06	6.37e-02	8.24e-01	1.12e-01	0.00e+00	0.00e+00	0.00e+00	0.00e+00	0.00e+00
 3.06220e+12	5.04e-34	1.00e-22	2.69e-13	3.31e-06	6.84e-02	8.28e-01	1.03e-01	0.00e+00	0.00e+00	0.00e+00	0.00e+00	0.00e+00
 3.21461e+12	7.00e-34	1.34e-22	3.38e-13	3.86e-06	7.34e-02	8.32e-01	9.47e-02	0.00e+00	0.00e+00	0.00e+00	0.00e+00	0.00e+00
 3.37313e+12	9.74e-34	1.80e-22	4.25e-13	4.50e-06	7.87e-02	8.34e-01	8.69e-02	0.00e+00	0.00e+00	0.00e+00	0.00e+00	0.00e+00
 3.53798e+12	1.36e-33	2.42e-22	5.35e-13	5.24e-06	8.44e-02	8.36e-01	7.96e-02	0.00e+00	0.00e+00	0.00e+00	0.00e+00	0.00e+00
 3.70942e+12	1.90e-33	3.26e-22	6.73e-13	6.10e-06	9.04e-02	8.37e-01	7.29e-02	0.00e+00	0.00e+00	0.00e+00	0.00e+00	0.00e+00
 3.88773e+12	2.66e-33	4.39e-22	8.47e-13	7.09e-06	9.67e-02	8.37e-01	6.67e-02	0.00e+00	0.00e+00	0.00e+00	0.00e+00	0.00e+00
 4.07316e+12	3.75e-33	5.92e-22	1.07e-12	8.25e-06	1.03e-01	8.36e-01	6.09e-02	0.00e+00	0.00e+00	0.00e+00	0.00e+00	0.00e+00
 4.26602e+12	5.28e-33	8.00e-22	1.34e-12	9.58e-06	1.11e-01	8.34e-01	5.56e-02	0.00e+00	0.00e+00	0.00e+00	0.00e+00	0.00e+00
 4.46658e+12	7.45e-33	1.08e-21	1.69e-12	1.11e-05	1.18e-01	8.31e-01	5.07e-02	0.00e+00	0.00e+00	0.00e+00	0.00e+00	0.00e+00
 4.67517e+12	1.05e-32	1.46e-21	2.12e-12	1.29e-05	1.26e-01	8.28e-01	4.62e-02	0.00e+00	0.00e+00	0.00e+00	0.00e+00	0.00e+00
 4.89211e+12	1.49e-32	1.98e-21	2.67e-12	1.50e-05	1.35e-01	8.23e-01	4.21e-02	0.00e+00	0.00e+00	0.00e+00	0.00e+00	0.00e+00
 5.11772e+12	2.12e-32	2.69e-21	3.36e-12	1.74e-05	1.43e-01	8.18e-01	3.83e-02	0.00e+00	0.00e+00	0.00e+00	0.00e+00	0.00e+00
 5.35235e+12	3.02e-32	3.65e-21	4.22e-12	2.01e-05	1.53e-01	8.12e-01	3.48e-02	0.00e+00	0.00e+00	0.00e+00	0.00e+00	0.00e+00
 5.59638e+12	4.31e-32	4.96e-21	5.31e-12	2.33e-05	1.63e-01	8.06e-01	3.16e-02	0.00e+00	0.00e+00	0.00e+00	0.00e+00	0.00e+00
 5.85016e+12	6.16e-32	6.73e-21	6.68e-12	2.70e-05	1.73e-01	7.98e-01	2.87e-02	0.00e+00	0.00e+00	0.00e+00	0.00e+00	0.00e+00
 6.11409e+12	8.81e-32	9.15e-21	8.39e-12	3.12e-05	1.84e-01	7.90e-01	2.60e-02	0.00e+00	0.00e+00	0.00e+00	0.00e+00	0.00e+00
 6.38858e+12	1.26e-31	1.24e-20	1.05e-11	3.60e-05	1.96e-01	7.81e-01	2.35e-02	0.00e+00	0.00e+00	0.00e+00	0.00e+00	0.00e+00
 6.67405e+12	1.81e-31	1.69e-20	1.32e-11	4.16e-05	2.08e-01	7.71e-01	2.13e-02	0.00e+00	0.00e+00	0.00e+00	0.00e+00	0.00e+00
 6.97094e+12	2.60e-31	2.29e-20	1.66e-11	4.80e-05	2.20e-01	7.60e-01	1.92e-02	0.00e+00	0.00e+00	0.00e+00	0.00e+00	0.00e+00
 7.27970e+12	3.75e-31	3.12e-20	2.08e-11	5.53e-05	2.33e-01	7.49e-01	1.74e-02	0.00e+00	0.00e+00	0.00e+00	0.00e+00	0.00e+00
 7.60082e+12	5.40e-31	4.23e-20	2.60e-11	6.36e-05	2.47e-01	7.37e-01	1.57e-02	0.00e+00	0.00e+00	0.00e+00	0.00e+00	0.00e+00
 7.93478e+12	7.78e-31	5.74e-20	3.26e-11	7.32e-05	2.61e-01	7.24e-01	1.41e-02	0.00e+00	0.00e+00	0.00e+00	0.00e+00	0.00e+00
 8.28210e+12	1.12e-30	7.79e-20	4.08e-11	8.42e-05	2.76e-01	7.11e-01	1.27e-02	0.00e+00	0.00e+00	0.00e+00	0.00e+00	0.00e+00
 8.64331e+12	1.62e-30	1.06e-19	5.10e-11	9.66e-05	2.92e-01	6.97e-01	1.14e-02	0.00e+00	0.00e+00	0.00e+00	0.00e+00	0.00e+00
 9.01897e+12	2.34e-30	1.43e-19	6.36e-11	1.11e-04	3.08e-01	6.82e-01	1.02e-02	0.00e+00	0.00e+00	0.00e+00	0.00e+00	0.00e+00
 9.40965e+12	3.38e-30	1.94e-19	7.93e-11	1.27e-04	3.24e-01	6.67e-01	9.17e-03	0.00e+00	0.00e+00	0.00e+00	0.00e+00	0.00e+00
 9.81596e+12	4.88e-30	2.62e-19	9.87e-11	1.45e-04	3.41e-01	6.51e-01	8.21e-03	0.00e+00	0.00e+00	0.00e+00	0.00e+00	0.00e+00
 1.02385e+13	7.05e-30	3.53e-19	1.23e-10	1.66e-04	3.58e-01	6.34e-01	7.34e-03	0.00e+00	0.00e+00	0.00e+00	0.00e+00	0.00e+00
 1.06780e+13	1.02e-29	4.77e-19	1.52e-10	1.89e-04	3.76e-01	6.17e-01	6.55e-03	0.00e+00	0.00e+00	0.00e+00	0.00e+00	0.00e+00
 1.11350e+13	1.47e-29	6.42e-19	1.89e-10	2.16e-04	3.94e-01	6.00e-01	5.84e-03	0.00e+00	0.00e+00	0.00e+00	0.00e+00	0.00e+00
 1.16104e+13	2.12e-29	8.64e-19	2.34e-10	2.46e-04	4.13e-01	5.82e-01	5.20e-03	0.00e+00	0.00e+00	0.00e+00	0.00e+00	0.00e+00
 1.21047e+13	3.06e-29	1.16e-18	2.89e-10	2.79e-04	4.32e-01	5.63e-01	4.62e-03	0.00e+00	0.00e+00	0.00e+00	0.00e+00	0.00e+00
 1.26188e+13	4.41e-29	1.55e-18	3.57e-10	3.17e-04	4.51e-01	5.45e-01	4.10e-03	0.00e+00	0.00e+00	0.00e+00	0.00e+00	0.00e+00
 1.31535e+13	6.35e-29	2.08e-18	4.40e-10	3.59e-04	4.70e-01	5.26e-01	3.64e-03	0.00e+00	0.00e+00	0.00e+00	0.00e+00	0.00e+00
 1.37096e+13	9.14e-29	2.78e-18	5.41e-10	4.06e-04	4.89e-01	5.07e-01	3.22e-03	0.00e+00	0.00e+00	0.00e+00	0.00e+00	0.00e+00
 1.42879e+13	1.31e-28	3.71e-18	6.64e-10	4.58e-04	5.08e-01	4.88e-01	2.85e-03	0.00e+00	0.00e+00	0.00e+00	0.00e+00	0.00e+00
 1.48893e+13	1.89e-28	4.94e-18	8.14e-10	5.17e-04	5.28e-01	4.69e-01	2.52e-03	0.00e+00	0.00e+00	0.00e+00	0.00e+00	0.00e+00
 1.55148e+13	2.70e-28	6.57e-18	9.97e-10	5.81e-04	5.47e-01	4.50e-01	2.22e-03	0.00e+00	0.00e+00	0.00e+00	0.00e+00	0.00e+00
 1.61653e+13	3.87e-28	8.71e-18	1.22e-09	6.54e-04	5.66e-01	4.31e-01	1.95e-03	0.00e+00	0.00e+00	0.00e+00	0.00e+00	0.00e+00
 1.68419e+13	5.53e-28	1.15e-17	1.48e-09	7.33e-04	5.85e-01	4.12e-01	1.72e-03	0.00e+00	0.00e+00	0.00e+00	0.00e+00	0.00e+00
 1.75455e+13	7.89e-28	1.53e-17	1.81e-09	8.22e-04	6.04e-01	3.94e-01	1.51e-03	0.00e+00	0.00e+00	0.00e+00	0.00e+00	0.00e+00
 1.82772e+13	1.13e-27	2.01e-17	2.20e-09	9.19e-04	6.22e-01	3.75e-01	1.32e-03	0.00e+00	0.00e+00	0.00e+00	0.00e+00	0.00e+00
 1.90383e+13	1.60e-27	2.65e-17	2.66e-09	1.03e-03	6.40e-01	3.57e-01	1.16e-03	0.00e+00	0.00e+00	0.00e+00	0.00e+00	0.00e+00
 1.98297e+13	2.27e-27	3.48e-17	3.22e-09	1.14e-03	6.58e-01	3.40e-01	1.01e-03	0.00e+00	0.00e+00	0.00e+00	0.00e+00	0.00e+00
 2.06528e+13	3.22e-27	4.57e-17	3.90e-09	1.27e-03	6.75e-01	3.23e-01	8.85e-04	0.00e+00	0.00e+00	0.00e+00	0.00e+00	0.00e+00
 2.15089e+13	4.57e-27	5.98e-17	4.70e-09	1.42e-03	6.92e-01	3.06e-01	7.72e-04	0.00e+00	0.00e+00	0.00e+00	0.00e+00	0.00e+00
 2.23991e+13	6.45e-27	7.82e-17	5.67e-09	1.57e-03	7.08e-01	2.89e-01	6.73e-04	0.00e+00	0.00e+00	0.00e+00	0.00e+00	0.00e+00
 2.33250e+13	9.11e-27	1.02e-16	6.81e-09	1.74e-03	7.24e-01	2.74e-01	5.86e-04	0.00e+00	0.00e+00	0.00e+00	0.00e+00	0.00e+00
 2.42880e+13	1.28e-26	1.33e-16	8.18e-09	1.93e-03	7.39e-01	2.58e-01	5.10e-04	0.00e+00	0.00e+00	0.00e+00	0.00e+00	0.00e+00
 2.52894e+13	1.81e-26	1.73e-16	9.81e-09	2.13e-03	7.54e-01	2.44e-01	4.43e-04	0.00e+00	0.00e+00	0.00e+00	0.00e+00	0.00e+00
 2.63309e+13	2.54e-26	2.24e-16	1.17e-08	2.36e-03	7.68e-01	2.29e-01	3.85e-04	0.00e+00	0.00e+00	0.00e+00	0.00e+00	0.00e+00
 2.74141e+13	3.56e-26	2.91e-16	1.41e-08	2.60e-03	7.81e-01	2.16e-01	3.33e-04	0.00e+00	0.00e+00	0.00e+00	0.00e+00	0.00e+00
 2.85406e+13	4.98e-26	3.76e-16	1.68e-08	2.86e-03	7.94e-01	2.03e-01	2.89e-04	0.00e+00	0.00e+00	0.00e+00	0.00e+00	0.00e+00
 2.97121e+13	6.97e-26	4.87e-16	2.00e-08	3.15e-03	8.06e-01	1.90e-01	2.50e-04	0.00e+00	0.00e+00	0.00e+00	0.00e+00	0.00e+00
 3.09305e+13	9.74e-26	6.28e-16	2.38e-08	3.46e-03	8.18e-01	1.79e-01	2.16e-04	0.00e+00	0.00e+00	0.00e+00	0.00e+00	0.00e+00
 3.21977e+13	1.36e-25	8.10e-16	2.84e-08	3.80e-03	8.29e-01	1.67e-01	1.87e-04	0.00e+00	0.00e+00	0.00e+00	0.00e+00	0.00e+00
 3.35155e+13	1.90e-25	1.04e-15	3.37e-08	4.17e-03	8.39e-01	1.57e-01	1.61e-04	0.00e+00	0.00e+00	0.00e+00	0.00e+00	0.00e+00
 3.48861e+13	2.64e-25	1.34e-15	4.01e-08	4.57e-03	8.49e-01	1.47e-01	1.39e-04	0.00e+00	0.00e+00	0.00e+00	0.00e+00	0.00e+00
 3.63114e+13	3.67e-25	1.73e-15	4.75e-08	5.00e-03	8.58e-01	1.37e-01	1.20e-04	0.00e+00	0.00e+00	0.00e+00	0.00e+00	0.00e+00
 3.77938e+13	5.10e-25	2.22e-15	5.63e-08	5.47e-03	8.67e-01	1.28e-01	1.03e-04	0.00e+00	0.00e+00	0.00e+00	0.00e+00	0.00e+00
 3.93355e+13	7.09e-25	2.85e-15	6.67e-08	5.98e-03	8.75e-01	1.19e-01	8.90e-05	0.00e+00	0.00e+00	0.00e+00	0.00e+00	0.00e+00
 4.09388e+13	9.84e-25	3.65e-15	7.90e-08	6.54e-03	8.82e-01	1.11e-01	7.65e-05	0.00e+00	0.00e+00	0.00e+00	0.00e+00	0.00e+00
 4.26063e+13	1.36e-24	4.68e-15	9.34e-08	7.13e-03	8.89e-01	1.04e-01	6.58e-05	0.00e+00	0.00e+00	0.00e+00	0.00e+00	0.00e+00
 4.43405e+13	1.89e-24	5.99e-15	1.10e-07	7.78e-03	8.96e-01	9.66e-02	5.65e-05	0.00e+00	0.00e+00	0.00e+00	0.00e+00	0.00e+00
 4.61441e+13	2.61e-24	7.65e-15	1.30e-07	8.48e-03	9.02e-01	8.99e-02	4.86e-05	0.00e+00	0.00e+00	0.00e+00	0.00e+00	0.00e+00
 4.80197e+13	3.62e-24	9.78e-15	1.54e-07	9.24e-03	9.07e-01	8.36e-02	4.17e-05	0.00e+00	0.00e+00	0.00e+00	0.00e+00	0.00e+00
 4.99705e+13	5.00e-24	1.25e-14	1.81e-07	1.01e-02	9.12e-01	7.77e-02	3.58e-05	0.00e+00	0.00e+00	0.00e+00	0.00e+00	0.00e+00
 5.19992e+13	6.91e-24	1.60e-14	2.14e-07	1.09e-02	9.17e-01	7.22e-02	3.07e-05	0.00e+00	0.00e+00	0.00e+00	0.00e+00	0.00e+00
 5.41091e+13	9.53e-24	2.03e-14	2.52e-07	1.19e-02	9.21e-01	6.71e-02	2.63e-05	0.00e+00	0.00e+00	0.00e+00	0.00e+00	0.00e+00
 5.63034e+13	1.32e-23	2.59e-14	2.96e-07	1.29e-02	9.25e-01	6.23e-02	2.25e-05	0.00e+00	0.00e+00	0.00e+00	0.00e+00	0.00e+00
 5.85854e+13	1.81e-23	3.30e-14	3.49e-07	1.41e-02	9.28e-01	5.78e-02	1.93e-05	0.00e+00	0.00e+00	0.00e+00	0.00e+00	0.00e+00
 6.09588e+13	2.50e-23	4.21e-14	4.10e-07	1.53e-02	9.31e-01	5.36e-02	1.65e-05	0.00e+00	0.00e+00	0.00e+00	0.00e+00	0.00e+00
 6.34271e+13	3.44e-23	5.35e-14	4.82e-07	1.66e-02	9.34e-01	4.97e-02	1.41e-05	0.00e+00	0.00e+00	0.00e+00	0.00e+00	0.00e+00
 6.59941e+13	4.74e-23	6.82e-14	5.66e-07	1.80e-02	9.36e-01	4.60e-02	1.21e-05	0.00e+00	0.00e+00	0.00e+00	0.00e+00	0.00e+00
 6.86638e+13	6.52e-23	8.67e-14	6.65e-07	1.95e-02	9.38e-01	4.26e-02	1.03e-05	0.00e+00	0.00e+00	0.00e+00	0.00e+00	0.00e+00
 7.14402e+13	8.98e-23	1.10e-13	7.81e-07	2.12e-02	9.39e-01	3.95e-02	8.83e-06	0.00e+00	0.00e+00	0.00e+00	0.00e+00	0.00e+00
 7.43278e+13	1.23e-22	1.40e-13	9.15e-07	2.29e-02	9.41e-01	3.65e-02	7.54e-06	0.00e+00	0.00e+00	0.00e+00	0.00e+00	0.00e+00
 7.73308e+13	1.70e-22	1.78e-13	1.07e-06	2.48e-02	9.41e-01	3.38e-02	6.44e-06	0.00e+00	0.00e+00	0.00e+00	0.00e+00	0.00e+00
 8.04540e+13	2.33e-22	2.26e-13	1.26e-06	2.69e-02	9.42e-01	3.13e-02	5.50e-06	0.00e+00	0.00e+00	0.00e+00	0.00e+00	0.00e+00
 8.37021e+13	3.20e-22	2.87e-13	1.48e-06	2.91e-02	9.42e-01	2.89e-02	4.69e-06	0.00e+00	0.00e+00	0.00e+00	0.00e+00	0.00e+00
 8.70801e+13	4.39e-22	3.63e-13	1.73e-06	3.15e-02	9.42e-01	2.67e-02	4.00e-06	0.00e+00	0.00e+00	0.00e+00	0.00e+00	0.00e+00
 9.05932e+13	6.03e-22	4.61e-13	2.03e-06	3.41e-02	9.41e-01	2.47e-02	3.41e-06	0.00e+00	0.00e+00	0.00e+00	0.00e+00	0.00e+00
 9.42469e+13	8.27e-22	5.84e-13	2.37e-06	3.69e-02	9.40e-01	2.28e-02	2.91e-06	0.00e+00	0.00e+00	0.00e+00	0.00e+00	0.00e+00
 9.80467e+13	1.13e-21	7.40e-13	2.78e-06	3.98e-02	9.39e-01	2.10e-02	2.48e-06	0.00e+00	0.00e+00	0.00e+00	0.00e+00	0.00e+00
 1.01998e+14	1.55e-21	9.37e-13	3.25e-06	4.31e-02	9.38e-01	1.94e-02	2.11e-06	0.00e+00	0.00e+00	0.00e+00	0.00e+00	0.00e+00
 1.06108e+14	2.13e-21	1.19e-12	3.80e-06	4.65e-02	9.36e-01	1.79e-02	1.80e-06	0.00e+00	0.00e+00	0.00e+00	0.00e+00	0.00e+00
 1.10383e+14	2.91e-21	1.50e-12	4.44e-06	5.02e-02	9.33e-01	1.65e-02	1.53e-06	0.00e+00	0.00e+00	0.00e+00	0.00e+00	0.00e+00
 1.14828e+14	3.99e-21	1.90e-12	5.18e-06	5.42e-02	9.31e-01	1.52e-02	1.30e-06	0.00e+00	0.00e+00	0.00e+00	0.00e+00	0.00e+00
 1.19451e+14	5.45e-21	2.40e-12	6.05e-06	5.85e-02	9.28e-01	1.40e-02	1.11e-06	0.00e+00	0.00e+00	0.00e+00	0.00e+00	0.00e+00
 1.24259e+14	7.46e-21	3.03e-12	7.07e-06	6.31e-02	9.24e-01	1.29e-02	9.42e-07	0.00e+00	0.00e+00	0.00e+00	0.00e+00	0.00e+00
 1.29259e+14	1.02e-20	3.83e-12	8.25e-06	6.80e-02	9.20e-01	1.19e-02	0.00e+00	0.00e+00	0.00e+00	0.00e+00	0.00e+00	0.00e+00
 1.34459e+14	1.39e-20	4.83e-12	9.61e-06	7.32e-02	9.16e-01	1.09e-02	0.00e+00	0.00e+00	0.00e+00	0.00e+00	0.00e+00	0.00e+00
 1.39868e+14	1.90e-20	6.09e-12	1.12e-05	7.89e-02	9.11e-01	1.00e-02	0.00e+00	0.00e+00	0.00e+00	0.00e+00	0.00e+00	0.00e+00
 1.45492e+14	2.59e-20	7.68e-12	1.31e-05	8.49e-02	9.06e-01	9.22e-03	0.00e+00	0.00e+00	0.00e+00	0.00e+00	0.00e+00	0.00e+00
 1.51342e+14	3.54e-20	9.68e-12	1.52e-05	9.13e-02	9.00e-01	8.47e-03	0.00e+00	0.00e+00	0.00e+00	0.00e+00	0.00e+00	0.00e+00
 1.57426e+14	4.81e-20	1.22e-11	1.77e-05	9.81e-02	8.94e-01	7.77e-03	0.00e+00	0.00e+00	0.00e+00	0.00e+00	0.00e+00	0.00e+00
 1.63752e+14	6.56e-20	1.53e-11	2.06e-05	1.05e-01	8.87e-01	7.13e-03	0.00e+00	0.00e+00	0.00e+00	0.00e+00	0.00e+00	0.00e+00
 1.70333e+14	8.92e-20	1.93e-11	2.39e-05	1.13e-01	8.80e-01	6.53e-03	0.00e+00	0.00e+00	0.00e+00	0.00e+00	0.00e+00	0.00e+00
 1.77176e+14	1.22e-19	2.43e-11	2.78e-05	1.22e-01	8.72e-01	5.98e-03	0.00e+00	0.00e+00	0.00e+00	0.00e+00	0.00e+00	0.00e+00
 1.84293e+14	1.65e-19	3.05e-11	3.22e-05	1.30e-01	8.64e-01	5.48e-03	0.00e+00	0.00e+00	0.00e+00	0.00e+00	0.00e+00	0.00e+00
 1.91694e+14	2.25e-19	3.83e-11	3.74e-05	1.40e-01	8.55e-01	5.01e-03	0.00e+00	0.00e+00	0.00e+00	0.00e+00	0.00e+00	0.00e+00
 1.99392e+14	3.05e-19	4.80e-11	4.34e-05	1.50e-01	8.46e-01	4.58e-03	0.00e+00	0.00e+00	0.00e+00	0.00e+00	0.00e+00	0.00e+00
 2.07398e+14	4.14e-19	6.02e-11	5.03e-05	1.60e-01	8.36e-01	4.18e-03	0.00e+00	0.00e+00	0.00e+00	0.00e+00	0.00e+00	0.00e+00
 2.15723e+14	5.60e-19	7.53e-11	5.81e-05	1.71e-01	8.25e-01	3.81e-03	0.00e+00	0.00e+00	0.00e+00	0.00e+00	0.00e+00	0.00e+00
 2.24382e+14	7.58e-19	9.43e-11	6.72e-05	1.83e-01	8.14e-01	3.47e-03	0.00e+00	0.00e+00	0.00e+00	0.00e+00	0.00e+00	0.00e+00
 2.33388e+14	1.02e-18	1.18e-10	7.75e-05	1.95e-01	8.02e-01	3.16e-03	0.00e+00	0.00e+00	0.00e+00	0.00e+00	0.00e+00	0.00e+00
 2.42753e+14	1.38e-18	1.47e-10	8.95e-05	2.08e-01	7.89e-01	2.87e-03	0.00e+00	0.00e+00	0.00e+00	0.00e+00	0.00e+00	0.00e+00
 2.52493e+14	1.86e-18	1.83e-10	1.03e-04	2.21e-01	7.76e-01	2.61e-03	0.00e+00	0.00e+00	0.00e+00	0.00e+00	0.00e+00	0.00e+00
 2.62623e+14	2.51e-18	2.28e-10	1.19e-04	2.35e-01	7.62e-01	2.37e-03	0.00e+00	0.00e+00	0.00e+00	0.00e+00	0.00e+00	0.00e+00
 2.73158e+14	3.37e-18	2.83e-10	1.36e-04	2.50e-01	7.48e-01	2.15e-03	0.00e+00	0.00e+00	0.00e+00	0.00e+00	0.00e+00	0.00e+00
 2.84114e+14	4.53e-18	3.52e-10	1.56e-04	2.65e-01	7.33e-01	1.94e-03	0.00e+00	0.00e+00	0.00e+00	0.00e+00	0.00e+00	0.00e+00
 2.95508e+14	6.08e-18	4.36e-10	1.79e-04	2.81e-01	7.17e-01	1.75e-03	0.00e+00	0.00e+00	0.00e+00	0.00e+00	0.00e+00	0.00e+00
 3.07358e+14	8.15e-18	5.40e-10	2.05e-04	2.97e-01	7.01e-01	1.58e-03	0.00e+00	0.00e+00	0.00e+00	0.00e+00	0.00e+00	0.00e+00
 3.19683e+14	1.09e-17	6.68e-10	2.35e-04	3.14e-01	6.84e-01	1.43e-03	0.00e+00	0.00e+00	0.00e+00	0.00e+00	0.00e+00	0.00e+00
 3.32500e+14	1.46e-17	8.25e-10	2.68e-04	3.31e-01	6.67e-01	1.29e-03	0.00e+00	0.00e+00	0.00e+00	0.00e+00	0.00e+00	0.00e+00
 3.45830e+14	1.94e-17	1.02e-09	3.05e-04	3.49e-01	6.49e-01	1.16e-03	0.00e+00	0.00e+00	0.00e+00	0.00e+00	0.00e+00	0.00e+00
 3.59693e+14	2.60e-17	1.25e-09	3.48e-04	3.68e-01	6.31e-01	1.04e-03	0.00e+00	0.00e+00	0.00e+00	1.47e-17	8.07e-18	3.28e-18
 3.74111e+14	3.44e-17	1.54e-09	3.95e-04	3.86e-01	6.12e-01	9.29e-04	0.00e+00	0.00e+00	0.00e+00	1.92e-17	1.14e-17	3.81e-18
 3.89105e+14	4.57e-17	1.89e-09	4.49e-04	4.05e-01	5.94e-01	8.31e-04	0.00e+00	0.00e+00	0.00e+00	2.55e-17	1.52e-17	5.06e-18
 4.04699e+14	6.06e-17	2.32e-09	5.09e-04	4.24e-01	5.74e-01	7.42e-04	0.00e+00	0.00e+00	0.00e+00	3.38e-17	2.01e-17	6.71e-18
 4.20917e+14	8.04e-17	2.84e-09	5.76e-04	4.44e-01	5.55e-01	6.62e-04	0.00e+00	0.00e+00	0.00e+00	4.48e-17	2.67e-17	8.89e-18
 4.37784e+14	1.06e-16	3.47e-09	6.51e-04	4.64e-01	5.35e-01	5.89e-04	0.00e+00	0.00e+00	0.00e+00	5.92e-17	3.53e-17	1.18e-17
 4.55325e+14	1.40e-16	4.24e-09	7.35e-04	4.84e-01	5.15e-01	5.23e-04	0.00e+00	0.00e+00	0.00e+00	7.82e-17	4.66e-17	1.55e-17
 4.73568e+14	1.85e-16	5.17e-09	8.28e-04	5.03e-01	4.95e-01	4.64e-04	0.00e+00	0.00e+00	0.00e+00	1.03e-16	6.14e-17	2.05e-17
 4.92541e+14	2.44e-16	6.29e-09	9.31e-04	5.23e-01	4.75e-01	4.11e-04	0.00e+00	0.00e+00	0.00e+00	1.36e-16	8.09e-17	2.70e-17
 5.12272e+14	3.20e-16	7.65e-09	1.05e-03	5.43e-01	4.55e-01	3.63e-04	0.00e+00	0.00e+00	0.00e+00	1.79e-16	1.06e-16	3.55e-17
 5.32793e+14	4.21e-16	9.28e-09	1.17e-03	5.63e-01	4.36e-01	3.21e-04	0.00e+00	0.00e+00	0.00e+00	2.34e-16	1.40e-16	4.66e-17
 5.52682e+14	5.41e-16	1.11e-08	1.30e-03	5.81e-01	4.17e-01	2.85e-04	0.00e+00	0.00e+00	0.00e+00	3.01e-16	1.79e-16	5.99e-17
 5.71305e+14	6.79e-16	1.30e-08	1.43e-03	5.97e-01	4.01e-01	2.56e-04	0.00e+00	0.00e+00	0.00e+00	3.79e-16	2.25e-16	7.52e-17
 5.92126e+14	8.67e-16	1.55e-08	1.59e-03	6.15e-01	3.83e-01	2.27e-04	0.00e+00	0.00e+00	0.00e+00	4.83e-16	2.87e-16	9.60e-17
 6.15841e+14	1.13e-15	1.87e-08	1.77e-03	6.33e-01	3.65e-01	1.99e-04	0.00e+00	0.00e+00	0.00e+00	6.31e-16	3.76e-16	1.25e-16
 6.38880e+14	1.45e-15	2.23e-08	1.96e-03	6.51e-01	3.47e-01	1.76e-04	0.00e+00	0.00e+00	0.00e+00	8.08e-16	4.81e-16	1.61e-16
 6.60565e+14	1.82e-15	2.61e-08	2.14e-03	6.66e-01	3.32e-01	1.57e-04	0.00e+00	0.00e+00	0.00e+00	1.01e-15	6.02e-16	2.01e-16
 6.84742e+14	2.31e-15	3.08e-08	2.36e-03	6.82e-01	3.16e-01	1.38e-04	0.00e+00	0.00e+00	0.00e+00	1.29e-15	7.65e-16	2.56e-16
 7.12161e+14	3.00e-15	3.70e-08	2.62e-03	6.99e-01	2.98e-01	1.21e-04	0.00e+00	0.00e+00	0.00e+00	1.67e-15	9.95e-16	3.33e-16
 7.38914e+14	3.83e-15	4.39e-08	2.88e-03	7.14e-01	2.83e-01	1.06e-04	0.00e+00	0.00e+00	0.00e+00	2.14e-15	1.27e-15	4.25e-16
 7.64261e+14	4.79e-15	5.13e-08	3.15e-03	7.28e-01	2.69e-01	9.37e-05	0.00e+00	0.00e+00	0.00e+00	2.67e-15	1.59e-15	5.31e-16
 7.92385e+14	6.08e-15	6.05e-08	3.45e-03	7.42e-01	2.54e-01	8.22e-05	0.00e+00	0.00e+00	0.00e+00	3.39e-15	2.01e-15	6.73e-16
 8.24111e+14	7.87e-15	7.24e-08	3.82e-03	7.57e-01	2.39e-01	7.12e-05	0.00e+00	0.00e+00	0.00e+00	4.39e-15	2.60e-15	8.72e-16
 8.55200e+14	1.00e-14	8.56e-08	4.19e-03	7.71e-01	2.25e-01	6.21e-05	0.00e+00	0.00e+00	0.00e+00	5.59e-15	3.31e-15	1.11e-15
 8.84864e+14	1.25e-14	9.99e-08	4.56e-03	7.83e-01	2.13e-01	5.46e-05	0.00e+00	0.00e+00	0.00e+00	6.99e-15	4.14e-15	1.39e-15
 9.17620e+14	1.58e-14	1.17e-07	4.99e-03	7.95e-01	2.00e-01	4.76e-05	0.00e+00	0.00e+00	0.00e+00	8.85e-15	5.23e-15	1.76e-15
 9.54355e+14	2.04e-14	1.40e-07	5.50e-03	8.07e-01	1.87e-01	4.10e-05	0.00e+00	0.00e+00	0.00e+00	1.14e-14	6.75e-15	2.27e-15
 9.90599e+14	2.60e-14	1.65e-07	6.02e-03	8.19e-01	1.75e-01	3.55e-05	0.00e+00	0.00e+00	0.00e+00	1.45e-14	8.58e-15	2.88e-15
 1.02554e+15	3.25e-14	1.93e-07	6.54e-03	8.29e-01	1.65e-01	3.10e-05	0.00e+00	0.00e+00	0.00e+00	1.82e-14	1.07e-14	3.61e-15
 1.06385e+15	4.12e-14	2.26e-07	7.15e-03	8.39e-01	1.54e-01	2.68e-05	0.00e+00	0.00e+00	0.00e+00	2.30e-14	1.36e-14	4.57e-15
 1.10643e+15	5.30e-14	2.69e-07	7.85e-03	8.49e-01	1.44e-01	2.30e-05	0.00e+00	0.00e+00	0.00e+00	2.96e-14	1.75e-14	5.88e-15
 1.14878e+15	6.74e-14	3.17e-07	8.58e-03	8.58e-01	1.34e-01	1.98e-05	0.00e+00	0.00e+00	0.00e+00	3.77e-14	2.22e-14	7.48e-15
 1.19283e+15	8.60e-14	3.74e-07	9.38e-03	8.66e-01	1.25e-01	1.70e-05	0.00e+00	0.00e+00	0.00e+00	4.81e-14	2.83e-14	9.53e-15
 1.24057e+15	1.10e-13	4.44e-07	1.03e-02	8.74e-01	1.16e-01	1.45e-05	0.00e+00	0.00e+00	0.00e+00	6.18e-14	3.62e-14	1.22e-14
 1.28861e+15	1.41e-13	5.25e-07	1.12e-02	8.82e-01	1.07e-01	1.24e-05	0.00e+00	0.00e+00	0.00e+00	7.89e-14	4.62e-14	1.56e-14
 1.33857e+15	1.80e-13	6.19e-07	1.23e-02	8.88e-01	9.94e-02	1.06e-05	0.00e+00	0.00e+00	0.00e+00	1.01e-13	5.89e-14	1.99e-14
 1.39214e+15	2.31e-13	7.35e-07	1.35e-02	8.95e-01	9.18e-02	8.95e-06	0.00e+00	0.00e+00	0.00e+00	1.30e-13	7.57e-14	2.57e-14
 1.44632e+15	2.95e-13	8.67e-07	1.47e-02	9.00e-01	8.49e-02	7.62e-06	0.00e+00	0.00e+00	0.00e+00	1.66e-13	9.64e-14	3.27e-14
 1.50267e+15	3.77e-13	1.03e-06	1.61e-02	9.06e-01	7.83e-02	6.46e-06	0.00e+00	0.00e+00	0.00e+00	2.12e-13	1.23e-13	4.18e-14
 1.56280e+15	4.85e-13	1.22e-06	1.76e-02	9.10e-01	7.21e-02	5.45e-06	0.00e+00	0.00e+00	0.00e+00	2.73e-13	1.58e-13	5.38e-14
 1.62534e+15	6.25e-13	1.44e-06	1.93e-02	9.15e-01	6.62e-02	4.59e-06	0.00e+00	0.00e+00	0.00e+00	3.52e-13	2.03e-13	6.93e-14
 1.69039e+15	8.05e-13	1.71e-06	2.12e-02	9.18e-01	6.07e-02	3.86e-06	0.00e+00	0.00e+00	0.00e+00	4.53e-13	2.61e-13	8.91e-14
 1.75803e+15	1.04e-12	2.04e-06	2.32e-02	9.21e-01	5.56e-02	3.24e-06	0.00e+00	0.00e+00	0.00e+00	5.85e-13	3.36e-13	1.15e-13
 1.82838e+15	1.34e-12	2.42e-06	2.55e-02	9.24e-01	5.09e-02	2.71e-06	0.00e+00	0.00e+00	0.00e+00	7.55e-13	4.32e-13	1.48e-13
 1.90155e+15	1.73e-12	2.88e-06	2.80e-02	9.26e-01	4.64e-02	2.27e-06	0.00e+00	0.00e+00	0.00e+00	9.75e-13	5.57e-13	1.91e-13
 1.97764e+15	2.23e-12	3.43e-06	3.07e-02	9.27e-01	4.23e-02	1.89e-06	0.00e+00	0.00e+00	0.00e+00	1.26e-12	7.17e-13	2.46e-13
 2.05678e+15	2.89e-12	4.09e-06	3.38e-02	9.28e-01	3.85e-02	1.57e-06	0.00e+00	0.00e+00	0.00e+00	1.64e-12	9.26e-13	3.19e-13
 2.13908e+15	3.74e-12	4.88e-06	3.73e-02	9.28e-01	3.50e-02	1.30e-06	0.00e+00	0.00e+00	0.00e+00	2.12e-12	1.20e-12	4.12e-13
 2.22467e+15	4.86e-12	5.83e-06	4.11e-02	9.27e-01	3.17e-02	1.08e-06	0.00e+00	0.00e+00	0.00e+00	2.76e-12	1.55e-12	5.35e-13
 2.31369e+15	6.31e-12	6.98e-06	4.55e-02	9.26e-01	2.86e-02	8.87e-07	0.00e+00	0.00e+00	0.00e+00	3.59e-12	2.01e-12	6.94e-13
 2.40626e+15	8.21e-12	8.37e-06	5.04e-02	9.24e-01	2.58e-02	0.00e+00	0.00e+00	0.00e+00	0.00e+00	4.68e-12	2.61e-12	9.03e-13
 2.50255e+15	1.07e-11	1.01e-05	5.59e-02	9.21e-01	2.32e-02	0.00e+00	0.00e+00	0.00e+00	0.00e+00	6.13e-12	3.40e-12	1.18e-12
 2.60268e+15	1.41e-11	1.22e-05	6.23e-02	9.17e-01	2.07e-02	0.00e+00	0.00e+00	0.00e+00	0.00e+00	8.05e-12	4.44e-12	1.55e-12
 2.70681e+15	1.85e-11	1.47e-05	6.97e-02	9.12e-01	1.85e-02	0.00e+00	0.00e+00	0.00e+00	0.00e+00	1.06e-11	5.84e-12	2.03e-12
 2.81512e+15	2.45e-11	1.79e-05	7.82e-02	9.05e-01	1.64e-02	0.00e+00	0.00e+00	0.00e+00	0.00e+00	1.41e-11	7.70e-12	2.69e-12
 2.92775e+15	3.27e-11	2.19e-05	8.83e-02	8.97e-01	1.45e-02	0.00e+00	0.00e+00	0.00e+00	0.00e+00	1.88e-11	1.02e-11	3.57e-12
 3.04489e+15	4.38e-11	2.70e-05	1.00e-01	8.87e-01	1.27e-02	0.00e+00	0.00e+00	0.00e+00	0.00e+00	2.52e-11	1.37e-11	4.78e-12
 3.16672e+15	5.92e-11	3.35e-05	1.15e-01	8.74e-01	1.10e-02	0.00e+00	0.00e+00	0.00e+00	0.00e+00	3.41e-11	1.85e-11	6.46e-12
 3.29342e+15	8.09e-11	4.21e-05	1.32e-01	8.58e-01	9.46e-03	0.00e+00	0.00e+00	0.00e+00	0.00e+00	4.66e-11	2.52e-11	8.82e-12
 3.42100e+15	1.11e-10	5.30e-05	1.54e-01	8.38e-01	8.06e-03	0.00e+00	0.00e+00	0.00e+00	0.00e+00	6.39e-11	3.45e-11	1.21e-11
 3.54117e+15	1.50e-10	6.61e-05	1.78e-01	8.15e-01	6.86e-03	0.00e+00	0.00e+00	0.00e+00	0.00e+00	8.63e-11	4.65e-11	1.63e-11
 3.64949e+15	1.97e-10	8.13e-05	2.05e-01	7.89e-01	5.87e-03	0.00e+00	0.00e+00	0.00e+00	0.00e+00	1.14e-10	6.11e-11	2.14e-11
 3.74721e+15	2.54e-10	9.86e-05	2.35e-01	7.60e-01	5.03e-03	0.00e+00	0.00e+00	0.00e+00	0.00e+00	1.47e-10	7.87e-11	2.76e-11
 3.83667e+15	3.22e-10	1.18e-04	2.67e-01	7.29e-01	4.30e-03	0.00e+00	0.00e+00	0.00e+00	0.00e+00	1.86e-10	9.99e-11	3.50e-11
 3.91901e+15	4.04e-10	1.41e-04	3.03e-01	6.94e-01	3.66e-03	0.00e+00	0.00e+00	0.00e+00	0.00e+00	2.34e-10	1.25e-10	4.38e-11
 3.99414e+15	5.00e-10	1.67e-04	3.41e-01	6.55e-01	3.09e-03	0.00e+00	0.00e+00	0.00e+00	0.00e+00	2.89e-10	1.55e-10	5.42e-11
 4.06194e+15	6.11e-10	1.96e-04	3.83e-01	6.14e-01	2.60e-03	0.00e+00	0.00e+00	0.00e+00	0.00e+00	3.53e-10	1.89e-10	6.62e-11
 4.12317e+15	7.35e-10	2.27e-04	4.27e-01	5.71e-01	2.18e-03	0.00e+00	0.00e+00	0.00e+00	0.00e+00	4.25e-10	2.28e-10	7.95e-11
 4.17907e+15	8.74e-10	2.60e-04	4.73e-01	5.25e-01	1.80e-03	0.00e+00	0.00e+00	0.00e+00	0.00e+00	5.06e-10	2.71e-10	9.45e-11
 4.23060e+15	1.03e-09	2.97e-04	5.22e-01	4.77e-01	1.47e-03	0.00e+00	0.00e+00	0.00e+00	0.00e+00	5.96e-10	3.19e-10	1.11e-10
 4.27833e+15	1.20e-09	3.36e-04	5.72e-01	4.27e-01	1.18e-03	0.00e+00	0.00e+00	0.00e+00	0.00e+00	6.94e-10	3.71e-10	1.30e-10
 4.32288e+15	1.38e-09	3.77e-04	6.23e-01	3.76e-01	9.31e-04	0.00e+00	0.00e+00	0.00e+00	0.00e+00	8.00e-10	4.28e-10	1.49e-10
 4.36509e+15	1.58e-09	4.19e-04	6.74e-01	3.25e-01	7.15e-04	0.00e+00	0.00e+00	0.00e+00	0.00e+00	9.14e-10	4.88e-10	1.70e-10
 4.40592e+15	1.79e-09	4.63e-04	7.25e-01	2.74e-01	5.32e-04	0.00e+00	0.00e+00	0.00e+00	0.00e+00	1.04e-09	5.53e-10	1.93e-10
 4.45237e+15	2.04e-09	5.15e-04	7.82e-01	2.17e-01	3.57e-04	0.00e+00	0.00e+00	0.00e+00	0.00e+00	1.19e-09	6.33e-10	2.21e-10
 4.50229e+15	2.33e-09	5.70e-04	8.39e-01	1.61e-01	2.19e-04	0.00e+00	0.00e+00	0.00e+00	0.00e+00	1.35e-09	7.21e-10	2.51e-10
 4.54796e+15	2.59e-09	6.17e-04	8.83e-01	1.16e-01	1.30e-04	0.00e+00	0.00e+00	0.00e+00	0.00e+00	1.50e-09	8.01e-10	2.79e-10
 4.59857e+15	2.86e-09	6.63e-04	9.21e-01	7.84e-02	6.87e-05	0.00e+00	0.00e+00	0.00e+00	0.00e+00	1.66e-09	8.86e-10	3.08e-10
 4.66436e+15	3.18e-09	7.11e-04	9.53e-01	4.62e-02	2.89e-05	0.00e+00	0.00e+00	0.00e+00	0.00e+00	1.85e-09	9.85e-10	3.43e-10
 4.74988e+15	3.55e-09	7.59e-04	9.75e-01	2.46e-02	9.70e-06	0.00e+00	0.00e+00	0.00e+00	0.00e+00	2.06e-09	1.10e-09	3.82e-10
 4.86106e+15	3.98e-09	8.07e-04	9.86e-01	1.34e-02	2.89e-06	0.00e+00	0.00e+00	0.00e+00	0.00e+00	2.31e-09	1.23e-09	4.28e-10
 5.00560e+15	4.53e-09	8.62e-04	9.90e-01	8.73e-03	8.74e-07	0.00e+00	0.00e+00	0.00e+00	0.00e+00	2.63e-09	1.40e-09	4.87e-10
 5.18905e+15	5.28e-09	9.29e-04	9.92e-01	6.87e-03	0.00e+00	0.00e+00	0.00e+00	0.00e+00	0.00e+00	3.07e-09	1.63e-09	5.68e-10
 5.39664e+15	6.23e-09	1.01e-03	9.93e-01	6.03e-03	0.00e+00	0.00e+00	0.00e+00	0.00e+00	0.00e+00	3.62e-09	1.93e-09	6.69e-10
 5.61254e+15	7.34e-09	1.09e-03	9.93e-01	5.44e-03	0.00e+00	0.00e+00	0.00e+00	0.00e+00	0.00e+00	4.27e-09	2.27e-09	7.88e-10
 5.83707e+15	8.65e-09	1.18e-03	9.94e-01	4.94e-03	0.00e+00	0.00e+00	0.00e+00	0.00e+00	0.00e+00	5.03e-09	2.67e-09	9.29e-10
 6.07058e+15	1.02e-08	1.28e-03	9.94e-01	4.52e-03	0.00e+00	0.00e+00	0.00e+00	0.00e+00	0.00e+00	5.94e-09	3.16e-09	1.10e-09
 6.31343e+15	1.21e-08	1.38e-03	9.94e-01	4.13e-03	0.00e+00	0.00e+00	0.00e+00	0.00e+00	0.00e+00	7.01e-09	3.73e-09	1.29e-09
 6.56600e+15	1.43e-08	1.50e-03	9.95e-01	3.77e-03	0.00e+00	0.00e+00	0.00e+00	0.00e+00	0.00e+00	8.29e-09	4.40e-09	1.53e-09
 6.82867e+15	1.69e-08	1.62e-03	9.95e-01	3.44e-03	0.00e+00	0.00e+00	0.00e+00	0.00e+00	0.00e+00	9.80e-09	5.21e-09	1.81e-09
 7.10185e+15	2.00e-08	1.76e-03	9.95e-01	3.13e-03	0.00e+00	0.00e+00	0.00e+00	0.00e+00	0.00e+00	1.16e-08	6.17e-09	2.14e-09
 7.38595e+15	2.37e-08	1.91e-03	9.95e-01	2.85e-03	0.00e+00	0.00e+00	0.00e+00	0.00e+00	0.00e+00	1.38e-08	7.31e-09	2.53e-09
 7.68142e+15	2.81e-08	2.07e-03	9.95e-01	2.59e-03	0.00e+00	0.00e+00	0.00e+00	0.00e+00	0.00e+00	1.63e-08	8.67e-09	3.00e-09
 7.98871e+15	3.33e-08	2.24e-03	9.95e-01	2.35e-03	0.00e+00	0.00e+00	0.00e+00	0.00e+00	0.00e+00	1.94e-08	1.03e-08	3.56e-09
 8.30828e+15	3.97e-08	2.44e-03	9.95e-01	2.13e-03	0.00e+00	0.00e+00	0.00e+00	0.00e+00	0.00e+00	2.31e-08	1.23e-08	4.24e-09
 8.64065e+15	4.72e-08	2.64e-03	9.95e-01	1.93e-03	0.00e+00	0.00e+00	0.00e+00	0.00e+00	0.00e+00	2.75e-08	1.46e-08	5.05e-09
 8.98630e+15	5.64e-08	2.87e-03	9.95e-01	1.75e-03	0.00e+00	0.00e+00	0.00e+00	0.00e+00	0.00e+00	3.28e-08	1.74e-08	6.02e-09
 9.34578e+15	6.71e-08	3.12e-03	9.95e-01	1.58e-03	0.00e+00	0.00e+00	0.00e+00	0.00e+00	0.00e+00	3.91e-08	2.07e-08	7.16e-09
 9.71964e+15	8.04e-08	3.39e-03	9.95e-01	1.42e-03	0.00e+00	0.00e+00	0.00e+00	0.00e+00	0.00e+00	4.68e-08	2.48e-08	8.58e-09
 1.00920e+16	9.56e-08	3.68e-03	9.95e-01	1.28e-03	0.00e+00	0.00e+00	0.00e+00	0.00e+00	0.00e+00	5.57e-08	2.95e-08	1.02e-08
 1.04793e+16	1.14e-07	3.99e-03	9.95e-01	1.16e-03	0.00e+00	0.00e+00	0.00e+00	0.00e+00	0.00e+00	6.64e-08	3.52e-08	1.22e-08
 1.08985e+16	1.38e-07	4.36e-03	9.95e-01	1.04e-03	0.00e+00	0.00e+00	0.00e+00	0.00e+00	0.00e+00	8.01e-08	4.25e-08	1.47e-08
 1.13195e+16	1.65e-07	4.74e-03	9.94e-01	9.30e-04	0.00e+00	0.00e+00	0.00e+00	0.00e+00	0.00e+00	9.61e-08	5.10e-08	1.76e-08
 1.17573e+16	1.98e-07	5.15e-03	9.94e-01	8.32e-04	0.00e+00	0.00e+00	0.00e+00	0.00e+00	0.00e+00	1.15e-07	6.11e-08	2.11e-08
 1.22276e+16	2.40e-07	5.63e-03	9.94e-01	7.43e-04	0.00e+00	0.00e+00	0.00e+00	0.00e+00	0.00e+00	1.40e-07	7.42e-08	2.56e-08
 1.27167e+16	2.93e-07	6.16e-03	9.93e-01	6.59e-04	0.00e+00	0.00e+00	0.00e+00	0.00e+00	0.00e+00	1.70e-07	9.05e-08	3.12e-08
 1.32254e+16	3.57e-07	6.74e-03	9.93e-01	5.84e-04	0.00e+00	0.00e+00	0.00e+00	0.00e+00	0.00e+00	2.08e-07	1.10e-07	3.80e-08
 1.37545e+16	4.38e-07	7.39e-03	9.92e-01	5.16e-04	0.00e+00	0.00e+00	0.00e+00	0.00e+00	0.00e+00	2.55e-07	1.35e-07	4.66e-08
 1.43047e+16	5.39e-07	8.11e-03	9.91e-01	4.55e-04	0.00e+00	0.00e+00	0.00e+00	0.00e+00	0.00e+00	3.14e-07	1.67e-07	5.74e-08
 1.48769e+16	6.68e-07	8.92e-03	9.91e-01	4.00e-04	0.00e+00	0.00e+00	0.00e+00	0.00e+00	0.00e+00	3.89e-07	2.07e-07	7.11e-08
 1.54720e+16	8.33e-07	9.83e-03	9.90e-01	3.50e-04	0.00e+00	0.00e+00	0.00e+00	0.00e+00	0.00e+00	4.84e-07	2.58e-07	8.86e-08
 1.60909e+16	1.05e-06	1.09e-02	9.89e-01	3.06e-04	0.00e+00	0.00e+00	0.00e+00	0.00e+00	0.00e+00	6.08e-07	3.24e-07	1.11e-07
 1.67346e+16	1.32e-06	1.20e-02	9.88e-01	2.67e-04	0.00e+00	0.00e+00	0.00e+00	0.00e+00	0.00e+00	7.70e-07	4.11e-07	1.41e-07
 1.73839e+16	1.68e-06	1.33e-02	9.86e-01	2.33e-04	0.00e+00	0.00e+00	0.00e+00	0.00e+00	0.00e+00	9.77e-07	5.22e-07	1.79e-07
 1.80214e+16	2.13e-06	1.47e-02	9.85e-01	2.04e-04	0.00e+00	0.00e+00	0.00e+00	0.00e+00	0.00e+00	1.24e-06	6.63e-07	2.27e-07
 1.87046e+16	2.77e-06	1.64e-02	9.83e-01	1.78e-04	0.00e+00	0.00e+00	0.00e+00	0.00e+00	0.00e+00	1.61e-06	8.62e-07	2.95e-07
 1.94136e+16	3.65e-06	1.83e-02	9.82e-01	1.55e-04	0.00e+00	0.00e+00	0.00e+00	0.00e+00	0.00e+00	2.12e-06	1.14e-06	3.88e-07
 2.00654e+16	4.76e-06	2.03e-02	9.80e-01	1.36e-04	0.00e+00	0.00e+00	0.00e+00	0.00e+00	0.00e+00	2.76e-06	1.48e-06	5.05e-07
 2.06799e+16	6.16e-06	2.25e-02	9.77e-01	1.20e-04	0.00e+00	0.00e+00	0.00e+00	0.00e+00	0.00e+00	3.57e-06	1.91e-06	6.54e-07
 2.13813e+16	8.45e-06	2.53e-02	9.75e-01	1.05e-04	0.00e+00	0.00e+00	0.00e+00	0.00e+00	0.00e+00	4.90e-06	2.63e-06	8.98e-07
 2.21182e+16	1.20e-05	2.89e-02	9.71e-01	9.05e-05	0.00e+00	0.00e+00	0.00e+00	0.00e+00	0.00e+00	6.97e-06	3.73e-06	1.28e-06
 2.27300e+16	1.66e-05	3.25e-02	9.67e-01	8.01e-05	0.00e+00	0.00e+00	0.00e+00	0.00e+00	0.00e+00	9.62e-06	5.15e-06	1.76e-06
 2.32526e+16	2.24e-05	3.63e-02	9.64e-01	7.17e-05	0.00e+00	0.00e+00	0.00e+00	0.00e+00	0.00e+00	1.30e-05	6.97e-06	2.39e-06
 2.37257e+16	3.03e-05	4.04e-02	9.59e-01	6.45e-05	0.00e+00	0.00e+00	0.00e+00	0.00e+00	0.00e+00	1.76e-05	9.41e-06	3.22e-06
 2.41436e+16	4.07e-05	4.49e-02	9.55e-01	5.84e-05	0.00e+00	0.00e+00	0.00e+00	0.00e+00	0.00e+00	2.36e-05	1.26e-05	4.32e-06
 2.44772e+16	5.24e-05	4.93e-02	9.51e-01	5.38e-05	0.00e+00	0.00e+00	0.00e+00	0.00e+00	0.00e+00	3.04e-05	1.63e-05	5.58e-06
 2.46925e+16	6.26e-05	5.26e-02	9.47e-01	5.08e-05	0.00e+00	0.00e+00	0.00e+00	0.00e+00	0.00e+00	3.63e-05	1.94e-05	6.65e-06
 2.48367e+16	7.11e-05	5.51e-02	9.45e-01	4.87e-05	0.00e+00	0.00e+00	0.00e+00	0.00e+00	0.00e+00	4.12e-05	2.20e-05	7.55e-06
 2.49893e+16	8.20e-05	5.82e-02	9.42e-01	4.64e-05	0.00e+00	0.00e+00	0.00e+00	0.00e+00	0.00e+00	4.76e-05	2.54e-05	8.72e-06
 2.51876e+16	9.98e-05	6.26e-02	9.37e-01	4.32e-05	0.00e+00	0.00e+00	0.00e+00	0.00e+00	0.00e+00	5.79e-05	3.09e-05	1.06e-05
 2.53796e+16	1.22e-04	6.76e-02	9.32e-01	4.06e-05	0.00e+00	0.00e+00	0.00e+00	0.00e+00	0.00e+00	7.08e-05	3.78e-05	1.30e-05
 2.55148e+16	1.42e-04	7.17e-02	9.28e-01	3.86e-05	0.00e+00	0.00e+00	0.00e+00	0.00e+00	0.00e+00	8.23e-05	4.39e-05	1.51e-05
 2.56224e+16	1.61e-04	7.53e-02	9.24e-01	3.69e-05	0.00e+00	0.00e+00	0.00e+00	0.00e+00	0.00e+00	9.35e-05	4.99e-05	1.71e-05
 2.57428e+16	1.88e-04	8.00e-02	9.20e-01	3.48e-05	0.00e+00	0.00e+00	0.00e+00	0.00e+00	0.00e+00	1.09e-04	5.82e-05	1.99e-05
 2.58731e+16	2.23e-04	8.57e-02	9.14e-01	3.27e-05	0.00e+00	0.00e+00	0.00e+00	0.00e+00	0.00e+00	1.29e-04	6.91e-05	2.37e-05
 2.59851e+16	2.61e-04	9.14e-02	9.08e-01	3.08e-05	0.00e+00	0.00e+00	0.00e+00	0.00e+00	0.00e+00	1.52e-04	8.09e-05	2.77e-05
 2.60790e+16	3.00e-04	9.68e-02	9.03e-01	2.93e-05	0.00e+00	0.00e+00	0.00e+00	0.00e+00	0.00e+00	1.74e-04	9.30e-05	3.18e-05
 2.61806e+16	3.54e-04	1.04e-01	8.96e-01	2.74e-05	0.00e+00	0.00e+00	0.00e+00	0.00e+00	0.00e+00	2.05e-04	1.09e-04	3.75e-05
 2.62862e+16	4.21e-04	1.11e-01	8.88e-01	2.55e-05	0.00e+00	0.00e+00	0.00e+00	0.00e+00	0.00e+00	2.45e-04	1.30e-04	4.47e-05
 2.63724e+16	4.91e-04	1.19e-01	8.81e-01	2.40e-05	0.00e+00	0.00e+00	0.00e+00	0.00e+00	0.00e+00	2.85e-04	1.52e-04	5.20e-05
 2.64452e+16	5.63e-04	1.26e-01	8.73e-01	2.26e-05	0.00e+00	0.00e+00	0.00e+00	0.00e+00	0.00e+00	3.27e-04	1.74e-04	5.97e-05
 2.65252e+16	6.62e-04	1.35e-01	8.64e-01	2.10e-05	0.00e+00	0.00e+00	0.00e+00	0.00e+00	0.00e+00	3.85e-04	2.05e-04	7.02e-05
 2.66096e+16	7.90e-04	1.46e-01	8.53e-01	1.94e-05	0.00e+00	0.00e+00	0.00e+00	0.00e+00	0.00e+00	4.59e-04	2.44e-04	8.37e-05
 2.66792e+16	9.23e-04	1.56e-01	8.43e-01	1.80e-05	0.00e+00	0.00e+00	0.00e+00	0.00e+00	0.00e+00	5.36e-04	2.86e-04	9.77e-05
 2.67379e+16	1.06e-03	1.66e-01	8.33e-01	1.69e-05	0.00e+00	0.00e+00	0.00e+00	0.00e+00	0.00e+00	6.16e-04	3.28e-04	1.12e-04
 2.68025e+16	1.25e-03	1.79e-01	8.20e-01	1.55e-05	0.00e+00	0.00e+00	0.00e+00	0.00e+00	0.00e+00	7.26e-04	3.86e-04	1.32e-04
 2.68704e+16	1.49e-03	1.93e-01	8.05e-01	1.41e-05	0.00e+00	0.00e+00	0.00e+00	0.00e+00	0.00e+00	8.67e-04	4.61e-04	1.58e-04
 2.69273e+16	1.75e-03	2.08e-01	7.91e-01	1.30e-05	0.00e+00	0.00e+00	0.00e+00	0.00e+00	0.00e+00	1.02e-03	5.40e-04	1.85e-04
 2.69762e+16	2.02e-03	2.22e-01	7.76e-01	1.19e-05	0.00e+00	0.00e+00	0.00e+00	0.00e+00	0.00e+00	1.18e-03	6.25e-04	2.14e-04
 2.70299e+16	2.40e-03	2.39e-01	7.59e-01	1.08e-05	0.00e+00	0.00e+00	0.00e+00	0.00e+00	0.00e+00	1.39e-03	7.41e-04	2.53e-04
 2.70869e+16	2.89e-03	2.60e-01	7.37e-01	9.65e-06	0.00e+00	0.00e+00	0.00e+00	0.00e+00	0.00e+00	1.68e-03	8.92e-04	3.05e-04
 2.71346e+16	3.41e-03	2.80e-01	7.17e-01	8.65e-06	0.00e+00	0.00e+00	0.00e+00	0.00e+00	0.00e+00	1.99e-03	1.05e-03	3.60e-04
 2.71755e+16	3.97e-03	2.99e-01	6.97e-01	7.85e-06	0.00e+00	0.00e+00	0.00e+00	0.00e+00	0.00e+00	2.31e-03	1.23e-03	4.19e-04
 2.72209e+16	4.76e-03	3.24e-01	6.72e-01	6.89e-06	0.00e+00	0.00e+00	0.00e+00	0.00e+00	0.00e+00	2.77e-03	1.47e-03	5.01e-04
 2.72693e+16	5.80e-03	3.52e-01	6.42e-01	5.95e-06	0.00e+00	0.00e+00	0.00e+00	0.00e+00	0.00e+00	3.37e-03	1.79e-03	6.10e-04
 2.73104e+16	6.94e-03	3.80e-01	6.13e-01	5.15e-06	0.00e+00	0.00e+00	0.00e+00	0.00e+00	0.00e+00	4.04e-03	2.14e-03	7.30e-04
 2.73464e+16	8.21e-03	4.08e-01	5.84e-01	4.46e-06	0.00e+00	0.00e+00	0.00e+00	0.00e+00	0.00e+00	4.78e-03	2.53e-03	8.63e-04
 2.73866e+16	1.00e-02	4.42e-01	5.48e-01	3.73e-06	0.00e+00	0.00e+00	0.00e+00	0.00e+00	0.00e+00	5.85e-03	3.09e-03	1.05e-03
 2.74298e+16	1.26e-02	4.83e-01	5.05e-01	2.99e-06	0.00e+00	0.00e+00	0.00e+00	0.00e+00	0.00e+00	7.32e-03	3.87e-03	1.32e-03
 2.74665e+16	1.54e-02	5.21e-01	4.64e-01	2.40e-06	0.00e+00	0.00e+00	0.00e+00	0.00e+00	0.00e+00	8.99e-03	4.76e-03	1.62e-03
 2.74970e+16	1.85e-02	5.55e-01	4.26e-01	1.95e-06	0.00e+00	0.00e+00	0.00e+00	0.00e+00	0.00e+00	1.08e-02	5.70e-03	1.94e-03
 2.75251e+16	2.21e-02	5.89e-01	3.89e-01	1.57e-06	0.00e+00	0.00e+00	0.00e+00	0.00e+00	0.00e+00	1.29e-02	6.80e-03	2.31e-03
 2.75568e+16	2.73e-02	6.29e-01	3.44e-01	1.18e-06	0.00e+00	0.00e+00	0.00e+00	0.00e+00	0.00e+00	1.59e-02	8.42e-03	2.86e-03
 2.75897e+16	3.45e-02	6.70e-01	2.95e-01	8.45e-07	0.00e+00	0.00e+00	0.00e+00	0.00e+00	0.00e+00	2.01e-02	1.06e-02	3.61e-03
 2.76162e+16	4.21e-02	7.03e-01	2.54e-01	0.00e+00	0.00e+00	0.00e+00	0.00e+00	0.00e+00	0.00e+00	2.45e-02	1.30e-02	4.40e-03
 2.76380e+16	5.03e-02	7.30e-01	2.20e-01	0.00e+00	0.00e+00	0.00e+00	0.00e+00	0.00e+00	0.00e+00	2.93e-02	1.55e-02	5.26e-03
 2.76619e+16	6.18e-02	7.56e-01	1.83e-01	0.00e+00	0.00e+00	0.00e+00	0.00e+00	0.00e+00	0.00e+00	3.60e-02	1.90e-02	6.46e-03
 2.76873e+16	7.77e-02	7.78e-01	1.45e-01	0.00e+00	0.00e+00	0.00e+00	0.00e+00	0.00e+00	0.00e+00	4.53e-02	2.39e-02	8.13e-03
 2.77083e+16	9.54e-02	7.90e-01	1.15e-01	0.00e+00	0.00e+00	0.00e+00	0.00e+00	0.00e+00	0.00e+00	5.57e-02	2.93e-02	9.99e-03
 2.77229e+16	1.11e-01	7.94e-01	9.52e-02	0.00e+00	0.00e+00	0.00e+00	0.00e+00	0.00e+00	0.00e+00	6.49e-02	3.41e-02	1.16e-02
 2.77325e+16	1.23e-01	7.94e-01	8.34e-02	0.00e+00	0.00e+00	0.00e+00	0.00e+00	0.00e+00	0.00e+00	7.18e-02	3.77e-02	1.29e-02
 2.77422e+16	1.37e-01	7.91e-01	7.19e-02	0.00e+00	0.00e+00	0.00e+00	0.00e+00	0.00e+00	0.00e+00	7.99e-02	4.20e-02	1.43e-02
 2.77547e+16	1.58e-01	7.84e-01	5.85e-02	0.00e+00	0.00e+00	0.00e+00	0.00e+00	0.00e+00	0.00e+00	9.22e-02	4.83e-02	1.65e-02
