#depth	N	N+	N+2	N+3	N+4	N+5	N+6	N+7
 1.49634e+10	0.00e+00	0.00e+00	9.33e-32	3.43e-22	3.72e-13	1.76e-03	5.85e-01	4.13e-01
 4.54887e+10	0.00e+00	9.37e-42	1.33e-31	4.52e-22	4.53e-13	1.98e-03	6.04e-01	3.94e-01
 7.72350e+10	0.00e+00	0.00e+00	1.89e-31	5.94e-22	5.50e-13	2.22e-03	6.22e-01	3.75e-01
 1.10251e+11	0.00e+00	2.21e-41	2.68e-31	7.79e-22	6.68e-13	2.49e-03	6.41e-01	3.57e-01
 1.40997e+11	0.00e+00	0.00e+00	3.67e-31	9.94e-22	7.93e-13	2.76e-03	6.56e-01	3.41e-01
 1.68002e+11	0.00e+00	4.50e-41	4.78e-31	1.22e-21	9.18e-13	3.01e-03	6.70e-01	3.27e-01
 1.98109e+11	0.00e+00	0.00e+00	6.37e-31	1.52e-21	1.07e-12	3.30e-03	6.83e-01	3.13e-01
 2.34392e+11	0.00e+00	9.61e-41	8.88e-31	1.97e-21	1.29e-12	3.66e-03	6.99e-01	2.97e-01
 2.70937e+11	0.00e+00	0.00e+00	1.23e-30	2.52e-21	1.53e-12	4.06e-03	7.14e-01	2.82e-01
 3.04430e+11	0.00e+00	2.02e-40	1.63e-30	3.14e-21	1.79e-12	4.43e-03	7.27e-01	2.69e-01
 3.41722e+11	0.00e+00	0.00e+00	2.21e-30	3.97e-21	2.11e-12	4.87e-03	7.40e-01	2.55e-01
 3.85019e+11	0.00e+00	4.47e-40	3.10e-30	5.16e-21	2.53e-12	5.41e-03	7.54e-01	2.41e-01
 4.27441e+11	0.00e+00	0.00e+00	4.27e-30	6.60e-21	3.01e-12	5.97e-03	7.67e-01	2.27e-01
 4.67567e+11	0.00e+00	9.48e-40	5.71e-30	8.26e-21	3.51e-12	6.53e-03	7.78e-01	2.15e-01
 5.12205e+11	0.00e+00	0.00e+00	7.81e-30	1.05e-20	4.15e-12	7.17e-03	7.89e-01	2.03e-01
 5.62620e+11	0.00e+00	2.12e-39	1.10e-29	1.36e-20	4.98e-12	7.94e-03	8.01e-01	1.91e-01
 6.13291e+11	0.00e+00	0.00e+00	1.52e-29	1.75e-20	5.92e-12	8.75e-03	8.12e-01	1.79e-01
 6.60929e+11	0.00e+00	4.56e-39	2.04e-29	2.19e-20	6.93e-12	9.55e-03	8.21e-01	1.69e-01
 7.12234e+11	0.00e+00	0.00e+00	2.77e-29	2.77e-20	8.14e-12	1.04e-02	8.31e-01	1.59e-01
 7.69428e+11	0.00e+00	1.00e-38	3.86e-29	3.56e-20	9.69e-12	1.15e-02	8.40e-01	1.49e-01
 8.24730e+11	0.00e+00	0.00e+00	5.23e-29	4.50e-20	1.14e-11	1.26e-02	8.48e-01	1.40e-01
 8.83466e+11	0.00e+00	2.15e-38	7.15e-29	5.71e-20	1.34e-11	1.37e-02	8.55e-01	1.31e-01
 9.40796e+11	0.00e+00	0.00e+00	9.60e-29	7.14e-20	1.56e-11	1.49e-02	8.62e-01	1.23e-01
 9.88046e+11	0.00e+00	4.14e-38	1.21e-28	8.54e-20	1.77e-11	1.60e-02	8.67e-01	1.17e-01
 1.03844e+12	0.00e+00	0.00e+00	1.55e-28	1.03e-19	2.00e-11	1.71e-02	8.72e-01	1.11e-01
 1.10323e+12	0.00e+00	8.14e-38	2.09e-28	1.29e-19	2.35e-11	1.86e-02	8.78e-01	1.04e-01
 1.17163e+12	0.00e+00	0.00e+00	2.85e-28	1.63e-19	2.75e-11	2.03e-02	8.83e-01	9.70e-02
 1.23224e+12	0.00e+00	1.65e-37	3.71e-28	2.00e-19	3.15e-11	2.18e-02	8.87e-01	9.15e-02
 1.29781e+12	0.00e+00	0.00e+00	4.89e-28	2.46e-19	3.64e-11	2.35e-02	8.91e-01	8.60e-02
 1.37654e+12	0.00e+00	3.47e-37	6.73e-28	3.14e-19	4.29e-11	2.56e-02	8.94e-01	7.99e-02
 1.45608e+12	0.00e+00	0.00e+00	9.20e-28	3.97e-19	5.04e-11	2.79e-02	8.98e-01	7.44e-02
 1.53042e+12	0.00e+00	7.24e-37	1.22e-27	4.91e-19	5.82e-11	3.01e-02	9.00e-01	6.96e-02
 1.61317e+12	0.00e+00	0.00e+00	1.65e-27	6.18e-19	6.79e-11	3.26e-02	9.03e-01	6.48e-02
 1.70762e+12	0.00e+00	1.60e-36	2.31e-27	7.96e-19	8.05e-11	3.56e-02	9.05e-01	5.99e-02
 1.80216e+12	2.15e-46	2.39e-36	3.18e-27	1.01e-18	9.49e-11	3.87e-02	9.06e-01	5.54e-02
 1.88646e+12	0.00e+00	0.00e+00	4.20e-27	1.25e-18	1.09e-10	4.16e-02	9.07e-01	5.18e-02
 1.96110e+12	0.00e+00	4.55e-36	5.33e-27	1.50e-18	1.23e-10	4.43e-02	9.07e-01	4.89e-02
 2.04557e+12	6.91e-46	6.33e-36	6.95e-27	1.83e-18	1.41e-10	4.74e-02	9.07e-01	4.58e-02
 2.15015e+12	0.00e+00	0.00e+00	9.55e-27	2.32e-18	1.65e-10	5.14e-02	9.06e-01	4.23e-02
 2.25558e+12	0.00e+00	1.38e-35	1.30e-26	2.94e-18	1.93e-10	5.57e-02	9.05e-01	3.92e-02
 2.34611e+12	2.60e-45	1.91e-35	1.69e-26	3.57e-18	2.20e-10	5.94e-02	9.04e-01	3.67e-02
 2.44256e+12	0.00e+00	0.00e+00	2.21e-26	4.37e-18	2.52e-10	6.36e-02	9.02e-01	3.43e-02
 2.56198e+12	0.00e+00	4.01e-35	3.06e-26	5.58e-18	2.96e-10	6.89e-02	9.00e-01	3.15e-02
 2.68302e+12	1.02e-44	5.97e-35	4.21e-26	7.10e-18	3.48e-10	7.46e-02	8.96e-01	2.90e-02
 2.78962e+12	0.00e+00	0.00e+00	5.54e-26	8.73e-18	3.99e-10	7.97e-02	8.93e-01	2.70e-02
 2.90565e+12	0.00e+00	1.21e-34	7.41e-26	1.09e-17	4.61e-10	8.56e-02	8.89e-01	2.50e-02
 3.03595e+12	3.84e-44	1.80e-34	1.02e-25	1.38e-17	5.40e-10	9.24e-02	8.85e-01	2.29e-02
 3.15905e+12	0.00e+00	2.60e-34	1.37e-25	1.72e-17	6.25e-10	9.92e-02	8.80e-01	2.12e-02
 3.27575e+12	8.96e-44	3.65e-34	1.79e-25	2.11e-17	7.15e-10	1.06e-01	8.75e-01	1.97e-02
 3.40985e+12	0.00e+00	5.33e-34	2.43e-25	2.66e-17	8.31e-10	1.14e-01	8.68e-01	1.81e-02
 3.56029e+12	2.33e-43	8.08e-34	3.40e-25	3.41e-17	9.80e-10	1.23e-01	8.61e-01	1.65e-02
 3.70270e+12	0.00e+00	1.18e-33	4.62e-25	4.30e-17	1.14e-09	1.32e-01	8.53e-01	1.51e-02
 3.85859e+12	6.02e-43	1.78e-33	6.39e-25	5.49e-17	1.34e-09	1.42e-01	8.44e-01	1.37e-02
 4.03140e+12	0.00e+00	2.75e-33	9.07e-25	7.14e-17	1.59e-09	1.54e-01	8.34e-01	1.24e-02
 4.19284e+12	1.63e-42	4.07e-33	1.24e-24	9.06e-17	1.86e-09	1.65e-01	8.23e-01	1.13e-02
 4.36934e+12	0.00e+00	6.17e-33	1.74e-24	1.16e-16	2.19e-09	1.78e-01	8.12e-01	1.02e-02
 4.56800e+12	4.63e-42	9.68e-33	2.49e-24	1.53e-16	2.61e-09	1.93e-01	7.98e-01	9.13e-03
 4.73614e+12	0.00e+00	1.40e-32	3.35e-24	1.91e-16	3.02e-09	2.06e-01	7.86e-01	8.32e-03
 4.86769e+12	1.01e-41	1.84e-32	4.18e-24	2.26e-16	3.36e-09	2.16e-01	7.76e-01	7.75e-03
 5.01102e+12	0.00e+00	2.47e-32	5.29e-24	2.70e-16	3.77e-09	2.27e-01	7.66e-01	7.18e-03
 5.19735e+12	2.23e-41	3.57e-32	7.12e-24	3.37e-16	4.36e-09	2.41e-01	7.52e-01	6.51e-03
 5.40130e+12	0.00e+00	5.25e-32	9.71e-24	4.25e-16	5.07e-09	2.58e-01	7.37e-01	5.87e-03
 5.57929e+12	5.25e-41	7.26e-32	1.26e-23	5.17e-16	5.75e-09	2.72e-01	7.23e-01	5.37e-03
 5.73615e+12	0.00e+00	9.56e-32	1.57e-23	6.11e-16	6.40e-09	2.84e-01	7.11e-01	4.97e-03
 5.91441e+12	1.05e-40	1.29e-31	2.01e-23	7.34e-16	7.19e-09	2.98e-01	6.97e-01	4.56e-03
 6.14614e+12	0.00e+00	1.89e-31	2.72e-23	9.21e-16	8.32e-09	3.16e-01	6.80e-01	4.08e-03
 6.38478e+12	2.60e-40	2.74e-31	3.66e-23	1.15e-15	9.60e-09	3.35e-01	6.61e-01	3.66e-03
 6.58247e+12	0.00e+00	3.68e-31	4.64e-23	1.38e-15	1.07e-08	3.50e-01	6.46e-01	3.34e-03
 6.78954e+12	5.32e-40	4.96e-31	5.90e-23	1.65e-15	1.20e-08	3.66e-01	6.31e-01	3.05e-03
 7.05874e+12	0.00e+00	7.20e-31	7.95e-23	2.06e-15	1.39e-08	3.86e-01	6.11e-01	2.71e-03
 7.33863e+12	1.30e-39	1.04e-30	1.07e-22	2.57e-15	1.59e-08	4.07e-01	5.91e-01	2.41e-03
 7.57481e+12	0.00e+00	1.40e-30	1.36e-22	3.07e-15	1.78e-08	4.24e-01	5.74e-01	2.19e-03
 7.82424e+12	2.69e-39	1.90e-30	1.73e-22	3.67e-15	1.99e-08	4.41e-01	5.57e-01	1.98e-03
 8.13949e+12	0.00e+00	2.75e-30	2.32e-22	4.57e-15	2.28e-08	4.63e-01	5.35e-01	1.75e-03
 8.46495e+12	6.49e-39	3.94e-30	3.10e-22	5.66e-15	2.60e-08	4.84e-01	5.14e-01	1.54e-03
 8.75060e+12	0.00e+00	5.35e-30	3.95e-22	6.77e-15	2.91e-08	5.03e-01	4.96e-01	1.38e-03
 9.05988e+12	1.37e-38	7.33e-30	5.08e-22	8.15e-15	3.26e-08	5.22e-01	4.77e-01	1.23e-03
 9.40684e+12	0.00e+00	1.03e-29	6.66e-22	9.96e-15	3.68e-08	5.42e-01	4.57e-01	1.09e-03
 9.74764e+12	3.05e-38	1.42e-29	8.58e-22	1.20e-14	4.12e-08	5.61e-01	4.38e-01	9.66e-04
 1.00804e+13	0.00e+00	1.92e-29	1.09e-21	1.43e-14	4.58e-08	5.79e-01	4.20e-01	8.61e-04
 1.03945e+13	6.11e-38	2.52e-29	1.35e-21	1.68e-14	5.04e-08	5.96e-01	4.04e-01	7.75e-04
 1.07396e+13	0.00e+00	3.36e-29	1.70e-21	1.98e-14	5.58e-08	6.13e-01	3.87e-01	6.92e-04
 1.10961e+13	1.23e-37	4.48e-29	2.14e-21	2.34e-14	6.16e-08	6.30e-01	3.70e-01	6.16e-04
 1.13932e+13	0.00e+00	5.64e-29	2.57e-21	2.68e-14	6.67e-08	6.43e-01	3.56e-01	5.61e-04
 1.17052e+13	2.16e-37	7.14e-29	3.09e-21	3.07e-14	7.23e-08	6.56e-01	3.43e-01	5.09e-04
 1.21107e+13	0.00e+00	9.60e-29	3.91e-21	3.64e-14	8.00e-08	6.73e-01	3.26e-01	4.50e-04
 1.25331e+13	4.44e-37	1.29e-28	4.94e-21	4.32e-14	8.84e-08	6.89e-01	3.10e-01	3.97e-04
 1.28910e+13	0.00e+00	1.64e-28	5.98e-21	4.96e-14	9.58e-08	7.02e-01	2.97e-01	3.58e-04
 1.32696e+13	8.05e-37	2.11e-28	7.28e-21	5.73e-14	1.04e-07	7.16e-01	2.84e-01	3.21e-04
 1.37619e+13	0.00e+00	2.88e-28	9.31e-21	6.85e-14	1.16e-07	7.32e-01	2.68e-01	2.79e-04
 1.42759e+13	1.71e-36	3.93e-28	1.19e-20	8.19e-14	1.28e-07	7.47e-01	2.52e-01	2.43e-04
 1.47146e+13	0.00e+00	5.07e-28	1.46e-20	9.49e-14	1.40e-07	7.60e-01	2.40e-01	2.16e-04
 1.51811e+13	3.21e-36	6.59e-28	1.79e-20	1.10e-13	1.52e-07	7.72e-01	2.28e-01	1.91e-04
 1.57687e+13	0.00e+00	9.06e-28	2.31e-20	1.32e-13	1.69e-07	7.87e-01	2.13e-01	1.65e-04
 1.63807e+13	6.95e-36	1.25e-27	2.97e-20	1.59e-13	1.87e-07	8.01e-01	1.99e-01	1.41e-04
 1.69310e+13	0.00e+00	1.64e-27	3.68e-20	1.86e-13	2.05e-07	8.12e-01	1.88e-01	1.24e-04
 1.75340e+13	1.37e-35	2.19e-27	4.63e-20	2.19e-13	2.25e-07	8.24e-01	1.76e-01	1.07e-04
 1.82472e+13	0.00e+00	3.03e-27	6.00e-20	2.65e-13	2.50e-07	8.37e-01	1.63e-01	9.11e-05
 1.89272e+13	2.93e-35	4.09e-27	7.60e-20	3.15e-13	2.76e-07	8.48e-01	1.52e-01	7.82e-05
 1.95156e+13	0.00e+00	5.24e-27	9.26e-20	3.63e-13	2.99e-07	8.56e-01	1.44e-01	6.89e-05
 2.01614e+13	5.45e-35	6.82e-27	1.14e-19	4.22e-13	3.26e-07	8.65e-01	1.35e-01	6.01e-05
 2.09519e+13	0.00e+00	9.30e-27	1.46e-19	5.05e-13	3.60e-07	8.75e-01	1.25e-01	5.10e-05
 2.16657e+13	1.09e-34	1.22e-26	1.80e-19	5.90e-13	3.93e-07	8.83e-01	1.17e-01	4.42e-05
 2.21844e+13	0.00e+00	1.47e-26	2.10e-19	6.58e-13	4.17e-07	8.89e-01	1.11e-01	4.00e-05
 2.27140e+13	1.72e-34	1.77e-26	2.43e-19	7.33e-13	4.43e-07	8.94e-01	1.06e-01	3.61e-05
 2.34025e+13	2.29e-34	2.24e-26	2.93e-19	8.40e-13	4.78e-07	9.00e-01	9.99e-02	3.18e-05
 2.41633e+13	3.11e-34	2.88e-26	3.58e-19	9.72e-13	5.19e-07	9.07e-01	9.35e-02	2.77e-05
 2.48660e+13	4.07e-34	3.61e-26	4.28e-19	1.11e-12	5.58e-07	9.12e-01	8.81e-02	2.44e-05
 2.56273e+13	5.42e-34	4.56e-26	5.16e-19	1.27e-12	6.01e-07	9.17e-01	8.28e-02	2.14e-05
 2.64869e+13	7.38e-34	5.90e-26	6.33e-19	1.47e-12	6.53e-07	9.23e-01	7.72e-02	1.86e-05
 2.73077e+13	9.82e-34	7.47e-26	7.63e-19	1.69e-12	7.04e-07	9.28e-01	7.24e-02	1.63e-05
 2.82082e+13	1.33e-33	9.59e-26	9.30e-19	1.95e-12	7.62e-07	9.32e-01	6.77e-02	1.41e-05
 2.92183e+13	1.84e-33	1.26e-25	1.15e-18	2.28e-12	8.30e-07	9.37e-01	6.29e-02	1.21e-05
 3.01770e+13	2.49e-33	1.61e-25	1.40e-18	2.62e-12	8.97e-07	9.41e-01	5.87e-02	1.05e-05
 3.12295e+13	3.43e-33	2.10e-25	1.73e-18	3.04e-12	9.73e-07	9.45e-01	5.47e-02	9.11e-06
 3.24759e+13	4.93e-33	2.83e-25	2.18e-18	3.60e-12	1.07e-06	9.50e-01	5.04e-02	7.69e-06
 3.37076e+13	6.96e-33	3.76e-25	2.73e-18	4.23e-12	1.16e-06	9.53e-01	4.66e-02	6.56e-06
 3.48536e+13	9.51e-33	4.85e-25	3.34e-18	4.88e-12	1.26e-06	9.57e-01	4.34e-02	5.69e-06
 3.59078e+13	1.26e-32	6.09e-25	3.99e-18	5.54e-12	1.35e-06	9.59e-01	4.08e-02	5.01e-06
 3.70309e+13	1.68e-32	7.71e-25	4.79e-18	6.31e-12	1.44e-06	9.62e-01	3.83e-02	4.40e-06
 3.82903e+13	2.29e-32	9.96e-25	5.85e-18	7.26e-12	1.56e-06	9.64e-01	3.58e-02	3.82e-06
 3.94859e+13	3.06e-32	1.26e-24	7.03e-18	8.26e-12	1.67e-06	9.66e-01	3.36e-02	3.36e-06
 4.07991e+13	4.17e-32	1.62e-24	8.54e-18	9.46e-12	1.79e-06	9.69e-01	3.14e-02	2.93e-06
 4.22685e+13	5.82e-32	2.13e-24	1.05e-17	1.10e-11	1.93e-06	9.71e-01	2.92e-02	2.53e-06
 4.35940e+13	7.80e-32	2.70e-24	1.27e-17	1.25e-11	2.07e-06	9.73e-01	2.74e-02	2.23e-06
 4.47793e+13	1.01e-31	3.32e-24	1.48e-17	1.39e-11	2.19e-06	9.74e-01	2.60e-02	2.00e-06
 4.61291e+13	1.34e-31	4.18e-24	1.77e-17	1.57e-11	2.34e-06	9.76e-01	2.44e-02	1.77e-06
 4.78447e+13	1.89e-31	5.54e-24	2.20e-17	1.83e-11	2.53e-06	9.77e-01	2.27e-02	1.52e-06
 4.96269e+13	2.69e-31	7.35e-24	2.73e-17	2.12e-11	2.73e-06	9.79e-01	2.11e-02	1.31e-06
 5.11956e+13	3.62e-31	9.36e-24	3.29e-17	2.41e-11	2.92e-06	9.80e-01	1.98e-02	1.15e-06
 5.28960e+13	4.96e-31	1.21e-23	3.99e-17	2.75e-11	3.12e-06	9.81e-01	1.85e-02	1.01e-06
 5.49492e+13	7.16e-31	1.62e-23	5.00e-17	3.21e-11	3.38e-06	9.83e-01	1.72e-02	8.67e-07
 5.70108e+13	1.02e-30	2.16e-23	6.22e-17	3.72e-11	3.65e-06	9.84e-01	1.59e-02	0.00e+00
 5.88835e+13	1.40e-30	2.78e-23	7.54e-17	4.24e-11	3.91e-06	9.85e-01	1.49e-02	0.00e+00
 6.09607e+13	1.96e-30	3.65e-23	9.26e-17	4.88e-11	4.19e-06	9.86e-01	1.39e-02	0.00e+00
 6.33924e+13	2.86e-30	4.95e-23	1.17e-16	5.71e-11	4.55e-06	9.87e-01	1.29e-02	0.00e+00
 6.56586e+13	4.02e-30	6.52e-23	1.44e-16	6.58e-11	4.89e-06	9.88e-01	1.20e-02	0.00e+00
 6.75909e+13	5.33e-30	8.18e-23	1.71e-16	7.40e-11	5.19e-06	9.89e-01	1.13e-02	0.00e+00
 6.97157e+13	7.20e-30	1.04e-22	2.05e-16	8.38e-11	5.53e-06	9.89e-01	1.07e-02	0.00e+00
 7.23500e+13	1.03e-29	1.39e-22	2.56e-16	9.74e-11	5.98e-06	9.90e-01	9.88e-03	0.00e+00
 7.49091e+13	1.45e-29	1.83e-22	3.15e-16	1.12e-10	6.42e-06	9.91e-01	9.22e-03	0.00e+00
 7.68839e+13	1.86e-29	2.24e-22	3.67e-16	1.24e-10	6.77e-06	9.91e-01	8.75e-03	0.00e+00
 7.88369e+13	2.38e-29	2.73e-22	4.26e-16	1.38e-10	7.13e-06	9.92e-01	8.32e-03	0.00e+00
 8.13757e+13	3.23e-29	3.49e-22	5.15e-16	1.56e-10	7.61e-06	9.92e-01	7.80e-03	0.00e+00
 8.40463e+13	4.42e-29	4.49e-22	6.23e-16	1.78e-10	8.14e-06	9.93e-01	7.30e-03	0.00e+00
 8.63434e+13	5.74e-29	5.55e-22	7.32e-16	1.99e-10	8.60e-06	9.93e-01	6.92e-03	0.00e+00
 8.87846e+13	7.52e-29	6.90e-22	8.63e-16	2.22e-10	9.11e-06	9.93e-01	6.54e-03	0.00e+00
 9.19582e+13	1.06e-28	9.07e-22	1.06e-15	2.56e-10	9.80e-06	9.94e-01	6.08e-03	0.00e+00
 9.52151e+13	1.48e-28	1.19e-21	1.31e-15	2.95e-10	1.05e-05	9.94e-01	5.67e-03	0.00e+00
 9.79111e+13	1.94e-28	1.48e-21	1.54e-15	3.30e-10	1.12e-05	9.95e-01	5.36e-03	0.00e+00
 1.00747e+14	2.56e-28	1.85e-21	1.83e-15	3.70e-10	1.18e-05	9.95e-01	5.05e-03	0.00e+00
 1.04411e+14	3.61e-28	2.44e-21	2.26e-15	4.28e-10	1.27e-05	9.95e-01	4.70e-03	0.00e+00
 1.08253e+14	5.12e-28	3.24e-21	2.80e-15	4.96e-10	1.37e-05	9.96e-01	4.36e-03	0.00e+00
 1.11590e+14	6.87e-28	4.11e-21	3.35e-15	5.60e-10	1.46e-05	9.96e-01	4.10e-03	0.00e+00
 1.15174e+14	9.32e-28	5.25e-21	4.05e-15	6.37e-10	1.56e-05	9.96e-01	3.84e-03	0.00e+00
 1.19558e+14	1.33e-27	7.02e-21	5.05e-15	7.41e-10	1.69e-05	9.96e-01	3.56e-03	0.00e+00
 1.23961e+14	1.89e-27	9.31e-21	6.26e-15	8.57e-10	1.82e-05	9.97e-01	3.30e-03	0.00e+00
 1.27857e+14	2.55e-27	1.18e-20	7.52e-15	9.71e-10	1.94e-05	9.97e-01	3.10e-03	0.00e+00
 1.32116e+14	3.50e-27	1.53e-20	9.13e-15	1.11e-09	2.08e-05	9.97e-01	2.90e-03	0.00e+00
 1.37229e+14	5.05e-27	2.05e-20	1.14e-14	1.29e-09	2.25e-05	9.97e-01	2.68e-03	0.00e+00
 1.42318e+14	7.18e-27	2.73e-20	1.42e-14	1.50e-09	2.42e-05	9.98e-01	2.47e-03	0.00e+00
 1.46929e+14	9.78e-27	3.50e-20	1.72e-14	1.70e-09	2.59e-05	9.98e-01	2.32e-03	0.00e+00
 1.52053e+14	1.36e-26	4.57e-20	2.10e-14	1.96e-09	2.78e-05	9.98e-01	2.16e-03	0.00e+00
 1.58064e+14	1.98e-26	6.18e-20	2.64e-14	2.29e-09	3.01e-05	9.98e-01	1.99e-03	0.00e+00
 1.64002e+14	2.83e-26	8.25e-20	3.29e-14	2.66e-09	3.25e-05	9.98e-01	1.85e-03	0.00e+00
 1.69578e+14	3.92e-26	1.07e-19	4.02e-14	3.04e-09	3.48e-05	9.98e-01	1.73e-03	0.00e+00
 1.74823e+14	5.28e-26	1.36e-19	4.82e-14	3.44e-09	3.70e-05	9.98e-01	1.62e-03	0.00e+00
 1.79445e+14	6.81e-26	1.67e-19	5.63e-14	3.82e-09	3.91e-05	9.98e-01	1.54e-03	0.00e+00
 1.84341e+14	8.85e-26	2.06e-19	6.60e-14	4.26e-09	4.13e-05	9.99e-01	1.46e-03	0.00e+00
 1.90706e+14	1.23e-25	2.69e-19	8.08e-14	4.88e-09	4.43e-05	9.99e-01	1.36e-03	0.00e+00
 1.97134e+14	1.71e-25	3.50e-19	9.85e-14	5.57e-09	4.74e-05	9.99e-01	1.27e-03	0.00e+00
 2.02287e+14	2.20e-25	4.29e-19	1.15e-13	6.18e-09	4.99e-05	9.99e-01	1.21e-03	0.00e+00
 2.07627e+14	2.83e-25	5.26e-19	1.34e-13	6.87e-09	5.27e-05	9.99e-01	1.14e-03	0.00e+00
 2.14570e+14	3.92e-25	6.83e-19	1.63e-13	7.83e-09	5.63e-05	9.99e-01	1.07e-03	0.00e+00
 2.21921e+14	5.45e-25	8.90e-19	1.99e-13	8.97e-09	6.03e-05	9.99e-01	9.99e-04	0.00e+00
 2.28308e+14	7.22e-25	1.11e-18	2.36e-13	1.00e-08	6.38e-05	9.99e-01	9.44e-04	0.00e+00
 2.35119e+14	9.64e-25	1.41e-18	2.81e-13	1.13e-08	6.77e-05	9.99e-01	8.89e-04	0.00e+00
 2.43763e+14	1.38e-24	1.87e-18	3.49e-13	1.31e-08	7.28e-05	9.99e-01	8.27e-04	0.00e+00
 2.52671e+14	1.97e-24	2.49e-18	4.33e-13	1.51e-08	7.83e-05	9.99e-01	7.69e-04	0.00e+00
 2.60429e+14	2.66e-24	3.17e-18	5.19e-13	1.70e-08	8.32e-05	9.99e-01	7.24e-04	0.00e+00
 2.68808e+14	3.64e-24	4.08e-18	6.27e-13	1.93e-08	8.87e-05	9.99e-01	6.79e-04	0.00e+00
 2.79030e+14	5.28e-24	5.49e-18	7.84e-13	2.24e-08	9.56e-05	9.99e-01	6.30e-04	0.00e+00
 2.89375e+14	7.58e-24	7.34e-18	9.75e-13	2.59e-08	1.03e-04	9.99e-01	5.86e-04	0.00e+00
 2.98692e+14	1.04e-23	9.45e-18	1.18e-12	2.94e-08	1.10e-04	9.99e-01	5.50e-04	0.00e+00
 3.08943e+14	1.45e-23	1.24e-17	1.44e-12	3.37e-08	1.17e-04	9.99e-01	5.14e-04	0.00e+00
 3.21048e+14	2.13e-23	1.68e-17	1.82e-12	3.93e-08	1.27e-04	9.99e-01	4.76e-04	0.00e+00
 3.33031e+14	3.07e-23	2.25e-17	2.26e-12	4.54e-08	1.36e-04	9.99e-01	4.42e-04	0.00e+00
 3.44160e+14	4.26e-23	2.92e-17	2.75e-12	5.18e-08	1.46e-04	9.99e-01	4.14e-04	0.00e+00
 3.56623e+14	6.06e-23	3.88e-17	3.40e-12	5.97e-08	1.56e-04	9.99e-01	3.85e-04	0.00e+00
 3.68620e+14	8.42e-23	5.05e-17	4.15e-12	6.82e-08	1.67e-04	9.99e-01	3.60e-04	0.00e+00
 3.77480e+14	1.07e-22	6.10e-17	4.78e-12	7.50e-08	1.75e-04	9.99e-01	3.44e-04	0.00e+00
 3.86384e+14	1.34e-22	7.34e-17	5.50e-12	8.23e-08	1.84e-04	9.99e-01	3.28e-04	0.00e+00
 3.97958e+14	1.80e-22	9.28e-17	6.56e-12	9.27e-08	1.95e-04	9.99e-01	3.09e-04	0.00e+00
 4.10487e+14	2.44e-22	1.19e-16	7.90e-12	1.05e-07	2.07e-04	1.00e+00	2.90e-04	0.00e+00
 4.21739e+14	3.19e-22	1.47e-16	9.28e-12	1.17e-07	2.19e-04	1.00e+00	2.75e-04	0.00e+00
 4.33848e+14	4.22e-22	1.84e-16	1.10e-11	1.31e-07	2.32e-04	1.00e+00	2.59e-04	0.00e+00
 4.49521e+14	5.98e-22	2.43e-16	1.36e-11	1.51e-07	2.50e-04	1.00e+00	2.41e-04	0.00e+00
 4.65369e+14	8.41e-22	3.20e-16	1.67e-11	1.74e-07	2.68e-04	1.00e+00	2.25e-04	0.00e+00
 4.78236e+14	1.10e-21	3.97e-16	1.96e-11	1.94e-07	2.83e-04	1.00e+00	2.13e-04	0.00e+00
 4.91684e+14	1.44e-21	4.94e-16	2.32e-11	2.17e-07	3.00e-04	9.99e-01	2.01e-04	0.00e+00
 5.09166e+14	2.02e-21	6.49e-16	2.85e-11	2.50e-07	3.22e-04	9.99e-01	1.87e-04	0.00e+00
 5.27744e+14	2.87e-21	8.60e-16	3.53e-11	2.88e-07	3.47e-04	9.99e-01	1.74e-04	0.00e+00
 5.44030e+14	3.86e-21	1.09e-15	4.23e-11	3.26e-07	3.69e-04	9.99e-01	1.63e-04	0.00e+00
 5.61489e+14	5.24e-21	1.40e-15	5.11e-11	3.71e-07	3.94e-04	9.99e-01	1.53e-04	0.00e+00
 5.82799e+14	7.50e-21	1.87e-15	6.38e-11	4.31e-07	4.26e-04	9.99e-01	1.41e-04	0.00e+00
 6.04034e+14	1.06e-20	2.47e-15	7.89e-11	4.99e-07	4.59e-04	9.99e-01	1.31e-04	0.00e+00
 6.22611e+14	1.42e-20	3.12e-15	9.44e-11	5.64e-07	4.89e-04	9.99e-01	1.23e-04	0.00e+00
 6.42815e+14	1.92e-20	4.00e-15	1.14e-10	6.42e-07	5.23e-04	9.99e-01	1.15e-04	0.00e+00
 6.67334e+14	2.74e-20	5.34e-15	1.42e-10	7.48e-07	5.66e-04	9.99e-01	1.06e-04	0.00e+00
 6.91747e+14	3.86e-20	7.04e-15	1.76e-10	8.65e-07	6.11e-04	9.99e-01	9.86e-05	0.00e+00
 7.13376e+14	5.18e-20	8.94e-15	2.11e-10	9.81e-07	6.52e-04	9.99e-01	9.24e-05	0.00e+00
 7.37103e+14	7.05e-20	1.15e-14	2.57e-10	1.12e-06	6.99e-04	9.99e-01	8.62e-05	0.00e+00
 7.65539e+14	1.01e-19	1.53e-14	3.21e-10	1.31e-06	7.57e-04	9.99e-01	7.95e-05	0.00e+00
 7.93759e+14	1.41e-19	2.02e-14	3.97e-10	1.52e-06	8.19e-04	9.99e-01	7.36e-05	0.00e+00
 8.17447e+14	1.86e-19	2.53e-14	4.73e-10	1.71e-06	8.72e-04	9.99e-01	6.91e-05	0.00e+00
 8.41585e+14	2.45e-19	3.16e-14	5.61e-10	1.93e-06	9.28e-04	9.99e-01	6.50e-05	0.00e+00
 8.67309e+14	3.24e-19	3.97e-14	6.70e-10	2.18e-06	9.90e-04	9.99e-01	6.09e-05	0.00e+00
 8.89633e+14	4.11e-19	4.82e-14	7.78e-10	2.42e-06	1.05e-03	9.99e-01	5.77e-05	0.00e+00
 9.13189e+14	5.23e-19	5.87e-14	9.07e-10	2.69e-06	1.11e-03	9.99e-01	5.45e-05	0.00e+00
 9.43812e+14	7.09e-19	7.54e-14	1.10e-09	3.08e-06	1.19e-03	9.99e-01	5.07e-05	0.00e+00
 9.74946e+14	9.59e-19	9.65e-14	1.33e-09	3.51e-06	1.27e-03	9.99e-01	4.73e-05	0.00e+00
 1.00014e+15	1.21e-18	1.17e-13	1.55e-09	3.90e-06	1.35e-03	9.99e-01	4.48e-05	0.00e+00
 1.02630e+15	1.54e-18	1.42e-13	1.80e-09	4.33e-06	1.42e-03	9.99e-01	4.24e-05	0.00e+00
 1.06030e+15	2.08e-18	1.82e-13	2.18e-09	4.95e-06	1.53e-03	9.98e-01	3.95e-05	0.00e+00
 1.09613e+15	2.83e-18	2.34e-13	2.65e-09	5.67e-06	1.64e-03	9.98e-01	3.67e-05	0.00e+00
 1.12701e+15	3.65e-18	2.88e-13	3.12e-09	6.35e-06	1.74e-03	9.98e-01	3.46e-05	0.00e+00
 1.15985e+15	4.75e-18	3.57e-13	3.69e-09	7.14e-06	1.86e-03	9.98e-01	3.25e-05	0.00e+00
 1.20200e+15	6.59e-18	4.67e-13	4.56e-09	8.27e-06	2.01e-03	9.98e-01	3.01e-05	0.00e+00
 1.24550e+15	9.08e-18	6.09e-13	5.61e-09	9.56e-06	2.17e-03	9.98e-01	2.78e-05	0.00e+00
 1.28317e+15	1.20e-17	7.63e-13	6.68e-09	1.08e-05	2.31e-03	9.98e-01	2.61e-05	0.00e+00
 1.32400e+15	1.59e-17	9.64e-13	8.03e-09	1.23e-05	2.48e-03	9.97e-01	2.43e-05	0.00e+00
 1.37404e+15	2.23e-17	1.27e-12	9.98e-09	1.43e-05	2.69e-03	9.97e-01	2.24e-05	0.00e+00
 1.42461e+15	3.09e-17	1.67e-12	1.23e-08	1.66e-05	2.91e-03	9.97e-01	2.07e-05	0.00e+00
 1.46974e+15	4.10e-17	2.10e-12	1.48e-08	1.88e-05	3.11e-03	9.97e-01	1.94e-05	0.00e+00
 1.51922e+15	5.52e-17	2.69e-12	1.79e-08	2.15e-05	3.35e-03	9.97e-01	1.80e-05	0.00e+00
 1.57814e+15	7.78e-17	3.57e-12	2.24e-08	2.52e-05	3.64e-03	9.96e-01	1.65e-05	0.00e+00
 1.62821e+15	1.03e-16	4.49e-12	2.69e-08	2.86e-05	3.90e-03	9.96e-01	1.54e-05	0.00e+00
 1.66229e+15	1.23e-16	5.23e-12	3.04e-08	3.11e-05	4.09e-03	9.96e-01	1.47e-05	0.00e+00
 1.69674e+15	1.82e-16	6.08e-12	3.43e-08	3.39e-05	4.28e-03	9.96e-01	1.41e-05	0.00e+00
 1.74153e+15	2.30e-16	7.36e-12	3.98e-08	3.77e-05	4.53e-03	9.95e-01	1.33e-05	0.00e+00
 1.79206e+15	2.91e-16	9.10e-12	4.71e-08	4.24e-05	4.83e-03	9.95e-01	1.24e-05	0.00e+00
 1.83958e+15	3.66e-16	1.10e-11	5.48e-08	4.72e-05	5.13e-03	9.95e-01	1.17e-05	0.00e+00
 1.89089e+15	4.67e-16	1.35e-11	6.44e-08	5.28e-05	5.45e-03	9.94e-01	1.10e-05	0.00e+00
 1.94802e+15	6.04e-16	1.67e-11	7.66e-08	5.97e-05	5.83e-03	9.94e-01	1.03e-05	0.00e+00
 2.00108e+15	7.65e-16	2.03e-11	8.96e-08	6.66e-05	6.20e-03	9.94e-01	9.70e-06	0.00e+00
 2.05846e+15	9.76e-16	2.49e-11	1.06e-07	7.49e-05	6.62e-03	9.93e-01	9.08e-06	0.00e+00
 2.12243e+15	1.27e-15	3.11e-11	1.26e-07	8.50e-05	7.10e-03	9.93e-01	8.47e-06	0.00e+00
 2.18235e+15	1.61e-15	3.80e-11	1.49e-07	9.53e-05	7.57e-03	9.92e-01	7.94e-06	0.00e+00
 2.24761e+15	2.06e-15	4.68e-11	1.76e-07	1.08e-04	8.10e-03	9.92e-01	7.41e-06	0.00e+00
 2.32085e+15	2.71e-15	5.89e-11	2.13e-07	1.23e-04	8.73e-03	9.91e-01	6.88e-06	0.00e+00
 2.39019e+15	3.46e-15	7.26e-11	2.52e-07	1.39e-04	9.35e-03	9.91e-01	6.42e-06	0.00e+00
 2.46603e+15	4.49e-15	9.07e-11	3.03e-07	1.58e-04	1.01e-02	9.90e-01	6.06e-06	0.00e+00
 2.55138e+15	5.95e-15	1.15e-10	3.69e-07	1.81e-04	1.09e-02	9.89e-01	5.68e-06	0.00e+00
 2.63277e+15	7.70e-15	1.44e-10	4.43e-07	2.06e-04	1.17e-02	9.88e-01	5.35e-06	0.00e+00
 2.72225e+15	1.01e-14	1.82e-10	5.39e-07	2.37e-04	1.27e-02	9.87e-01	5.01e-06	0.00e+00
 2.82335e+15	1.36e-14	2.36e-10	6.67e-07	2.76e-04	1.38e-02	9.86e-01	4.67e-06	0.00e+00
 2.91835e+15	1.77e-14	2.97e-10	8.10e-07	3.16e-04	1.50e-02	9.85e-01	4.40e-06	0.00e+00
 3.00729e+15	2.26e-14	3.68e-10	9.67e-07	3.57e-04	1.61e-02	9.84e-01	4.17e-06	0.00e+00
 3.08779e+15	2.76e-14	4.41e-10	1.13e-06	3.99e-04	1.71e-02	9.82e-01	3.97e-06	0.00e+00
 3.15719e+15	3.29e-14	5.14e-10	1.28e-06	4.37e-04	1.81e-02	9.81e-01	3.82e-06	0.00e+00
 3.23389e+15	3.97e-14	6.07e-10	1.48e-06	4.82e-04	1.92e-02	9.80e-01	3.66e-06	0.00e+00
 3.33360e+15	5.08e-14	7.54e-10	1.77e-06	5.47e-04	2.06e-02	9.79e-01	3.48e-06	0.00e+00
 3.43514e+15	6.42e-14	9.29e-10	2.12e-06	6.19e-04	2.22e-02	9.77e-01	3.32e-06	0.00e+00
 3.51702e+15	7.69e-14	1.09e-09	2.44e-06	6.82e-04	2.35e-02	9.76e-01	3.20e-06	0.00e+00
 3.60145e+15	9.29e-14	1.29e-09	2.81e-06	7.52e-04	2.48e-02	9.74e-01	3.09e-06	0.00e+00
 3.71119e+15	1.18e-13	1.60e-09	3.36e-06	8.52e-04	2.67e-02	9.72e-01	2.96e-06	0.00e+00
 3.82532e+15	1.49e-13	1.98e-09	4.03e-06	9.65e-04	2.87e-02	9.70e-01	2.85e-06	0.00e+00
 3.92116e+15	1.81e-13	2.35e-09	4.68e-06	1.07e-03	3.05e-02	9.68e-01	2.75e-06	0.00e+00
 4.02178e+15	2.21e-13	2.82e-09	5.45e-06	1.19e-03	3.24e-02	9.66e-01	2.67e-06	0.00e+00
 4.15259e+15	2.86e-13	3.55e-09	6.62e-06	1.36e-03	3.50e-02	9.64e-01	2.58e-06	0.00e+00
 4.28772e+15	3.67e-13	4.45e-09	8.04e-06	1.55e-03	3.78e-02	9.61e-01	2.50e-06	0.00e+00
 4.40066e+15	4.50e-13	5.35e-09	9.42e-06	1.72e-03	4.03e-02	9.58e-01	2.44e-06	0.00e+00
 4.51967e+15	5.57e-13	6.48e-09	1.11e-05	1.92e-03	4.29e-02	9.55e-01	2.38e-06	0.00e+00
 4.67439e+15	7.31e-13	8.26e-09	1.36e-05	2.21e-03	4.65e-02	9.51e-01	2.32e-06	0.00e+00
 4.83699e+15	9.57e-13	1.05e-08	1.68e-05	2.55e-03	5.05e-02	9.47e-01	2.26e-06	0.00e+00
 4.97735e+15	1.20e-12	1.29e-08	2.00e-05	2.86e-03	5.40e-02	9.43e-01	2.22e-06	0.00e+00
 5.12732e+15	1.53e-12	1.61e-08	2.41e-05	3.24e-03	5.79e-02	9.39e-01	2.18e-06	0.00e+00
 5.31634e+15	2.05e-12	2.09e-08	3.02e-05	3.76e-03	6.31e-02	9.33e-01	2.15e-06	0.00e+00
 5.50938e+15	2.73e-12	2.71e-08	3.76e-05	4.36e-03	6.86e-02	9.27e-01	2.12e-06	0.00e+00
 5.65409e+15	3.35e-12	3.26e-08	4.41e-05	4.85e-03	7.28e-02	9.22e-01	2.09e-06	0.00e+00
 5.76180e+15	3.92e-12	3.75e-08	4.96e-05	5.24e-03	7.61e-02	9.19e-01	2.09e-06	0.00e+00
 5.88087e+15	4.66e-12	4.37e-08	5.64e-05	5.70e-03	7.98e-02	9.14e-01	2.07e-06	0.00e+00
 6.03566e+15	5.81e-12	5.31e-08	6.64e-05	6.35e-03	8.47e-02	9.09e-01	2.05e-06	0.00e+00
 6.20491e+15	7.35e-12	6.54e-08	7.90e-05	7.12e-03	9.03e-02	9.02e-01	2.04e-06	0.00e+00
 6.35681e+15	8.99e-12	7.82e-08	9.18e-05	7.87e-03	9.54e-02	8.97e-01	2.03e-06	0.00e+00
 6.51812e+15	1.12e-11	9.47e-08	1.08e-04	8.73e-03	1.01e-01	8.90e-01	2.02e-06	0.00e+00
 6.72782e+15	1.47e-11	1.21e-07	1.32e-04	9.97e-03	1.09e-01	8.81e-01	2.02e-06	0.00e+00
 6.93739e+15	1.91e-11	1.52e-07	1.59e-04	1.13e-02	1.16e-01	8.72e-01	2.01e-06	0.00e+00
 7.10063e+15	2.32e-11	1.80e-07	1.84e-04	1.24e-02	1.22e-01	8.65e-01	2.01e-06	0.00e+00
 7.26669e+15	2.85e-11	2.16e-07	2.13e-04	1.37e-02	1.29e-01	8.57e-01	2.01e-06	0.00e+00
 7.48256e+15	3.69e-11	2.70e-07	2.57e-04	1.54e-02	1.37e-01	8.47e-01	1.99e-06	0.00e+00
 7.71070e+15	4.79e-11	3.39e-07	3.11e-04	1.75e-02	1.47e-01	8.36e-01	2.00e-06	0.00e+00
 7.90806e+15	5.95e-11	4.11e-07	3.64e-04	1.94e-02	1.55e-01	8.26e-01	2.00e-06	0.00e+00
 8.11790e+15	7.54e-11	5.04e-07	4.30e-04	2.16e-02	1.63e-01	8.15e-01	1.98e-06	0.00e+00
 8.39069e+15	1.02e-10	6.54e-07	5.32e-04	2.47e-02	1.75e-01	7.99e-01	1.98e-06	0.00e+00
 8.66542e+15	1.34e-10	8.31e-07	6.50e-04	2.81e-02	1.87e-01	7.84e-01	1.96e-06	0.00e+00
 8.88818e+15	1.67e-10	1.01e-06	7.63e-04	3.12e-02	1.97e-01	7.71e-01	1.97e-06	0.00e+00
 9.12327e+15	2.13e-10	1.24e-06	9.03e-04	3.47e-02	2.08e-01	7.57e-01	1.95e-06	0.00e+00
 9.42887e+15	2.87e-10	1.61e-06	1.12e-03	3.98e-02	2.22e-01	7.38e-01	1.92e-06	0.00e+00
 9.73602e+15	3.78e-10	2.05e-06	1.36e-03	4.52e-02	2.35e-01	7.18e-01	1.89e-06	0.00e+00
 9.96512e+15	4.61e-10	2.44e-06	1.58e-03	4.95e-02	2.45e-01	7.03e-01	1.90e-06	0.00e+00
 1.01829e+16	5.65e-10	2.90e-06	1.82e-03	5.41e-02	2.56e-01	6.89e-01	1.88e-06	0.00e+00
 1.04263e+16	6.98e-10	3.48e-06	2.11e-03	5.94e-02	2.66e-01	6.72e-01	1.85e-06	0.00e+00
 1.06607e+16	8.50e-10	4.13e-06	2.44e-03	6.50e-02	2.77e-01	6.56e-01	1.83e-06	0.00e+00
 1.09233e+16	1.07e-09	5.03e-06	2.86e-03	7.17e-02	2.89e-01	6.37e-01	1.80e-06	0.00e+00
 1.11961e+16	1.33e-09	6.08e-06	3.35e-03	7.90e-02	3.01e-01	6.17e-01	1.77e-06	0.00e+00
 1.14420e+16	1.62e-09	7.21e-06	3.85e-03	8.61e-02	3.11e-01	5.99e-01	1.75e-06	0.00e+00
 1.17212e+16	2.05e-09	8.78e-06	4.51e-03	9.48e-02	3.23e-01	5.78e-01	1.70e-06	0.00e+00
 1.20141e+16	2.56e-09	1.07e-05	5.30e-03	1.04e-01	3.35e-01	5.56e-01	1.67e-06	0.00e+00
 1.22760e+16	3.11e-09	1.26e-05	6.09e-03	1.13e-01	3.44e-01	5.36e-01	1.63e-06	0.00e+00
 1.25677e+16	3.94e-09	1.54e-05	7.16e-03	1.25e-01	3.56e-01	5.12e-01	1.58e-06	0.00e+00
 1.28781e+16	4.93e-09	1.87e-05	8.40e-03	1.37e-01	3.66e-01	4.89e-01	1.53e-06	0.00e+00
 1.31585e+16	6.06e-09	2.24e-05	9.72e-03	1.49e-01	3.75e-01	4.66e-01	1.50e-06	0.00e+00
 1.34267e+16	7.38e-09	2.65e-05	1.12e-02	1.61e-01	3.83e-01	4.45e-01	1.45e-06	0.00e+00
 1.37334e+16	9.37e-09	3.24e-05	1.31e-02	1.76e-01	3.91e-01	4.20e-01	1.40e-06	0.00e+00
 1.40600e+16	1.17e-08	3.92e-05	1.54e-02	1.91e-01	3.98e-01	3.95e-01	1.34e-06	0.00e+00
 1.43478e+16	1.44e-08	4.66e-05	1.77e-02	2.07e-01	4.03e-01	3.72e-01	1.29e-06	0.00e+00
 1.46163e+16	1.76e-08	5.53e-05	2.03e-02	2.22e-01	4.07e-01	3.51e-01	1.25e-06	0.00e+00
 1.48812e+16	2.12e-08	6.48e-05	2.31e-02	2.37e-01	4.10e-01	3.30e-01	1.21e-06	0.00e+00
 1.51370e+16	2.56e-08	7.58e-05	2.62e-02	2.52e-01	4.12e-01	3.10e-01	1.16e-06	0.00e+00
 1.53832e+16	3.07e-08	8.83e-05	2.96e-02	2.67e-01	4.12e-01	2.91e-01	1.12e-06	0.00e+00
 1.56254e+16	3.69e-08	1.03e-04	3.34e-02	2.83e-01	4.11e-01	2.72e-01	1.08e-06	0.00e+00
 1.59038e+16	4.68e-08	1.25e-04	3.87e-02	3.03e-01	4.09e-01	2.49e-01	1.03e-06	0.00e+00
 1.61873e+16	5.70e-08	1.47e-04	4.43e-02	3.21e-01	4.05e-01	2.29e-01	9.83e-07	0.00e+00
 1.64156e+16	6.79e-08	1.70e-04	4.97e-02	3.37e-01	4.00e-01	2.13e-01	0.00e+00	0.00e+00
 1.66160e+16	8.00e-08	1.94e-04	5.50e-02	3.52e-01	3.95e-01	1.98e-01	0.00e+00	0.00e+00
 1.68416e+16	9.41e-08	2.23e-04	6.17e-02	3.68e-01	3.88e-01	1.82e-01	0.00e+00	0.00e+00
 1.70886e+16	1.19e-07	2.69e-04	7.04e-02	3.87e-01	3.79e-01	1.64e-01	0.00e+00	0.00e+00
 1.73006e+16	1.45e-07	3.14e-04	7.88e-02	4.03e-01	3.69e-01	1.49e-01	0.00e+00	0.00e+00
 1.74756e+16	1.67e-07	3.53e-04	8.63e-02	4.15e-01	3.61e-01	1.38e-01	0.00e+00	0.00e+00
 1.76653e+16	1.93e-07	3.98e-04	9.53e-02	4.29e-01	3.50e-01	1.25e-01	0.00e+00	0.00e+00
 1.79118e+16	2.41e-07	4.75e-04	1.09e-01	4.47e-01	3.34e-01	1.10e-01	0.00e+00	0.00e+00
 1.81492e+16	3.01e-07	5.68e-04	1.24e-01	4.63e-01	3.17e-01	9.56e-02	0.00e+00	0.00e+00
 1.83161e+16	3.82e-07	6.78e-04	1.37e-01	4.74e-01	3.04e-01	8.44e-02	0.00e+00	0.00e+00
 1.84416e+16	4.35e-07	7.51e-04	1.47e-01	4.82e-01	2.93e-01	7.72e-02	0.00e+00	0.00e+00
 1.85722e+16	4.82e-07	8.18e-04	1.58e-01	4.89e-01	2.81e-01	7.04e-02	0.00e+00	0.00e+00
 1.87421e+16	6.22e-07	9.88e-04	1.76e-01	4.99e-01	2.64e-01	6.01e-02	0.00e+00	0.00e+00
 1.88985e+16	7.16e-07	1.11e-03	1.91e-01	5.05e-01	2.49e-01	5.31e-02	0.00e+00	0.00e+00
 1.90177e+16	8.03e-07	1.21e-03	2.04e-01	5.10e-01	2.37e-01	4.76e-02	0.00e+00	0.00e+00
 1.91526e+16	9.40e-07	1.37e-03	2.21e-01	5.15e-01	2.22e-01	4.15e-02	0.00e+00	0.00e+00
 1.92998e+16	1.22e-06	1.65e-03	2.43e-01	5.17e-01	2.03e-01	3.42e-02	0.00e+00	0.00e+00
 1.94136e+16	1.39e-06	1.83e-03	2.59e-01	5.19e-01	1.90e-01	3.00e-02	0.00e+00	0.00e+00
 1.94891e+16	1.52e-06	1.96e-03	2.70e-01	5.19e-01	1.82e-01	2.73e-02	0.00e+00	0.00e+00
 1.95639e+16	1.65e-06	2.09e-03	2.82e-01	5.19e-01	1.73e-01	2.47e-02	0.00e+00	0.00e+00
 1.96612e+16	1.88e-06	2.30e-03	2.98e-01	5.18e-01	1.61e-01	2.14e-02	0.00e+00	0.00e+00
 1.97590e+16	2.16e-06	2.55e-03	3.15e-01	5.16e-01	1.49e-01	1.84e-02	0.00e+00	0.00e+00
 1.98323e+16	2.50e-06	2.84e-03	3.30e-01	5.12e-01	1.39e-01	1.60e-02	0.00e+00	0.00e+00
 1.98855e+16	2.67e-06	2.98e-03	3.39e-01	5.10e-01	1.33e-01	1.47e-02	0.00e+00	0.00e+00
 1.99375e+16	2.99e-06	3.23e-03	3.51e-01	5.07e-01	1.26e-01	1.31e-02	0.00e+00	0.00e+00
 1.99960e+16	3.17e-06	3.39e-03	3.61e-01	5.05e-01	1.19e-01	1.19e-02	0.00e+00	0.00e+00
 2.00628e+16	3.52e-06	3.65e-03	3.74e-01	5.01e-01	1.11e-01	1.04e-02	0.00e+00	0.00e+00
 2.01372e+16	3.96e-06	3.98e-03	3.90e-01	4.95e-01	1.02e-01	8.88e-03	0.00e+00	0.00e+00
 2.02041e+16	4.44e-06	4.33e-03	4.04e-01	4.90e-01	9.42e-02	7.63e-03	0.00e+00	0.00e+00
 2.02611e+16	5.05e-06	4.74e-03	4.18e-01	4.84e-01	8.73e-02	6.57e-03	0.00e+00	0.00e+00
 2.03106e+16	5.51e-06	5.04e-03	4.29e-01	4.79e-01	8.18e-02	5.81e-03	0.00e+00	0.00e+00
 2.03630e+16	5.92e-06	5.32e-03	4.40e-01	4.74e-01	7.64e-02	5.12e-03	0.00e+00	0.00e+00
 2.04312e+16	6.86e-06	5.90e-03	4.56e-01	4.65e-01	6.88e-02	4.20e-03	0.00e+00	0.00e+00
 2.04981e+16	7.55e-06	6.33e-03	4.70e-01	4.58e-01	6.27e-02	3.53e-03	0.00e+00	0.00e+00
 2.05633e+16	8.53e-06	6.90e-03	4.85e-01	4.49e-01	5.64e-02	2.90e-03	0.00e+00	0.00e+00
 2.06329e+16	1.00e-05	7.72e-03	5.02e-01	4.38e-01	4.99e-02	2.30e-03	0.00e+00	0.00e+00
 2.06896e+16	1.12e-05	8.34e-03	5.15e-01	4.29e-01	4.53e-02	1.92e-03	0.00e+00	0.00e+00
 2.07447e+16	1.22e-05	8.89e-03	5.27e-01	4.22e-01	4.11e-02	1.61e-03	0.00e+00	0.00e+00
 2.08164e+16	1.45e-05	1.00e-02	5.45e-01	4.08e-01	3.56e-02	1.22e-03	0.00e+00	0.00e+00
 2.08868e+16	1.65e-05	1.10e-02	5.60e-01	3.97e-01	3.11e-02	9.54e-04	0.00e+00	0.00e+00
 2.09452e+16	1.87e-05	1.20e-02	5.73e-01	3.87e-01	2.76e-02	7.64e-04	0.00e+00	0.00e+00
 2.10110e+16	2.14e-05	1.32e-02	5.88e-01	3.75e-01	2.40e-02	5.89e-04	0.00e+00	0.00e+00
 2.10728e+16	2.43e-05	1.44e-02	6.01e-01	3.63e-01	2.11e-02	4.63e-04	0.00e+00	0.00e+00
 2.11155e+16	2.65e-05	1.53e-02	6.09e-01	3.56e-01	1.92e-02	3.91e-04	0.00e+00	0.00e+00
 2.11573e+16	2.89e-05	1.62e-02	6.18e-01	3.48e-01	1.75e-02	3.28e-04	0.00e+00	0.00e+00
 2.12116e+16	3.25e-05	1.76e-02	6.30e-01	3.37e-01	1.54e-02	2.60e-04	0.00e+00	0.00e+00
 2.12688e+16	3.65e-05	1.91e-02	6.41e-01	3.27e-01	1.35e-02	2.04e-04	0.00e+00	0.00e+00
 2.13191e+16	4.06e-05	2.06e-02	6.50e-01	3.17e-01	1.20e-02	1.65e-04	0.00e+00	0.00e+00
 2.13736e+16	4.56e-05	2.23e-02	6.61e-01	3.06e-01	1.05e-02	1.29e-04	0.00e+00	0.00e+00
 2.14339e+16	5.19e-05	2.43e-02	6.71e-01	2.95e-01	9.12e-03	9.91e-05	0.00e+00	0.00e+00
 2.14889e+16	5.84e-05	2.64e-02	6.81e-01	2.84e-01	7.98e-03	7.77e-05	0.00e+00	0.00e+00
 2.15386e+16	6.44e-05	2.82e-02	6.89e-01	2.76e-01	7.10e-03	6.27e-05	0.00e+00	0.00e+00
 2.15943e+16	7.33e-05	3.08e-02	6.98e-01	2.64e-01	6.13e-03	4.81e-05	0.00e+00	0.00e+00
 2.16536e+16	8.32e-05	3.37e-02	7.08e-01	2.53e-01	5.29e-03	3.67e-05	0.00e+00	0.00e+00
 2.17067e+16	9.36e-05	3.64e-02	7.15e-01	2.43e-01	4.62e-03	2.88e-05	0.00e+00	0.00e+00
 2.17647e+16	1.06e-04	3.97e-02	7.24e-01	2.32e-01	3.97e-03	2.19e-05	0.00e+00	0.00e+00
 2.18280e+16	1.22e-04	4.37e-02	7.32e-01	2.21e-01	3.37e-03	1.63e-05	0.00e+00	0.00e+00
 2.18838e+16	1.39e-04	4.77e-02	7.39e-01	2.10e-01	2.90e-03	1.26e-05	0.00e+00	0.00e+00
 2.19330e+16	1.55e-04	5.14e-02	7.44e-01	2.01e-01	2.55e-03	9.97e-06	0.00e+00	0.00e+00
 2.19880e+16	1.76e-04	5.60e-02	7.50e-01	1.91e-01	2.19e-03	7.63e-06	0.00e+00	0.00e+00
 2.20494e+16	2.03e-04	6.15e-02	7.56e-01	1.81e-01	1.86e-03	5.71e-06	0.00e+00	0.00e+00
 2.21063e+16	2.33e-04	6.76e-02	7.60e-01	1.70e-01	1.58e-03	4.30e-06	0.00e+00	0.00e+00
 2.21560e+16	2.63e-04	7.32e-02	7.64e-01	1.62e-01	1.37e-03	3.39e-06	0.00e+00	0.00e+00
 2.22087e+16	2.99e-04	7.98e-02	7.67e-01	1.52e-01	1.17e-03	2.58e-06	0.00e+00	0.00e+00
 2.22667e+16	3.46e-04	8.80e-02	7.69e-01	1.42e-01	9.84e-04	1.92e-06	0.00e+00	0.00e+00
 2.23190e+16	3.97e-04	9.63e-02	7.69e-01	1.33e-01	8.38e-04	1.47e-06	0.00e+00	0.00e+00
 2.23656e+16	4.49e-04	1.05e-01	7.69e-01	1.25e-01	7.24e-04	1.15e-06	0.00e+00	0.00e+00
 2.24173e+16	5.13e-04	1.14e-01	7.68e-01	1.17e-01	6.14e-04	8.77e-07	0.00e+00	0.00e+00
 2.24752e+16	6.01e-04	1.26e-01	7.65e-01	1.07e-01	5.07e-04	0.00e+00	0.00e+00	0.00e+00
 2.25273e+16	6.98e-04	1.40e-01	7.61e-01	9.85e-02	4.22e-04	0.00e+00	0.00e+00	0.00e+00
 2.25706e+16	7.92e-04	1.52e-01	7.56e-01	9.16e-02	3.62e-04	0.00e+00	0.00e+00	0.00e+00
 2.26166e+16	9.03e-04	1.65e-01	7.49e-01	8.44e-02	3.05e-04	0.00e+00	0.00e+00	0.00e+00
 2.26764e+16	1.08e-03	1.85e-01	7.39e-01	7.54e-02	2.42e-04	0.00e+00	0.00e+00	0.00e+00
 2.27363e+16	1.30e-03	2.09e-01	7.23e-01	6.64e-02	1.89e-04	0.00e+00	0.00e+00	0.00e+00
 2.27811e+16	1.51e-03	2.29e-01	7.09e-01	5.98e-02	1.56e-04	0.00e+00	0.00e+00	0.00e+00
 2.28181e+16	1.71e-03	2.47e-01	6.96e-01	5.47e-02	1.32e-04	0.00e+00	0.00e+00	0.00e+00
 2.28602e+16	1.96e-03	2.69e-01	6.80e-01	4.90e-02	1.08e-04	0.00e+00	0.00e+00	0.00e+00
 2.29148e+16	2.35e-03	3.01e-01	6.55e-01	4.21e-02	8.25e-05	0.00e+00	0.00e+00	0.00e+00
 2.29723e+16	2.89e-03	3.40e-01	6.22e-01	3.50e-02	6.03e-05	0.00e+00	0.00e+00	0.00e+00
 2.30199e+16	3.46e-03	3.78e-01	5.89e-01	2.95e-02	4.54e-05	0.00e+00	0.00e+00	0.00e+00
 2.30604e+16	4.02e-03	4.13e-01	5.58e-01	2.50e-02	3.50e-05	0.00e+00	0.00e+00	0.00e+00
 2.31051e+16	4.75e-03	4.53e-01	5.22e-01	2.06e-02	2.58e-05	0.00e+00	0.00e+00	0.00e+00
 2.31549e+16	5.77e-03	5.03e-01	4.76e-01	1.62e-02	1.77e-05	0.00e+00	0.00e+00	0.00e+00
 2.31991e+16	6.94e-03	5.51e-01	4.29e-01	1.26e-02	1.22e-05	0.00e+00	0.00e+00	0.00e+00
 2.32340e+16	8.02e-03	5.92e-01	3.89e-01	1.00e-02	8.77e-06	0.00e+00	0.00e+00	0.00e+00
 2.32634e+16	9.06e-03	6.27e-01	3.56e-01	8.18e-03	6.54e-06	0.00e+00	0.00e+00	0.00e+00
 2.32958e+16	1.03e-02	6.65e-01	3.18e-01	6.41e-03	4.62e-06	0.00e+00	0.00e+00	0.00e+00
 2.33320e+16	1.21e-02	7.08e-01	2.76e-01	4.72e-03	3.02e-06	0.00e+00	0.00e+00	0.00e+00
 2.33641e+16	1.39e-02	7.46e-01	2.36e-01	3.46e-03	1.97e-06	0.00e+00	0.00e+00	0.00e+00
 2.33899e+16	1.57e-02	7.76e-01	2.06e-01	2.64e-03	1.37e-06	0.00e+00	0.00e+00	0.00e+00
 2.34166e+16	1.76e-02	8.03e-01	1.77e-01	1.95e-03	9.13e-07	0.00e+00	0.00e+00	0.00e+00
 2.34463e+16	2.01e-02	8.32e-01	1.46e-01	1.35e-03	0.00e+00	0.00e+00	0.00e+00	0.00e+00
 2.34726e+16	2.28e-02	8.56e-01	1.20e-01	9.37e-04	0.00e+00	0.00e+00	0.00e+00	0.00e+00
 2.34943e+16	2.54e-02	8.73e-01	1.01e-01	6.78e-04	0.00e+00	0.00e+00	0.00e+00	0.00e+00
 2.35170e+16	2.82e-02	8.88e-01	8.34e-02	4.73e-04	0.00e+00	0.00e+00	0.00e+00	0.00e+00
 2.35424e+16	3.21e-02	9.02e-01	6.58e-02	3.07e-04	0.00e+00	0.00e+00	0.00e+00	0.00e+00
 2.35650e+16	3.61e-02	9.12e-01	5.19e-02	2.00e-04	0.00e+00	0.00e+00	0.00e+00	0.00e+00
 2.35834e+16	3.98e-02	9.18e-01	4.21e-02	1.38e-04	0.00e+00	0.00e+00	0.00e+00	0.00e+00
 2.35998e+16	4.34e-02	9.22e-01	3.47e-02	9.73e-05	0.00e+00	0.00e+00	0.00e+00	0.00e+00
 2.36183e+16	4.80e-02	9.24e-01	2.78e-02	6.51e-05	0.00e+00	0.00e+00	0.00e+00	0.00e+00
 2.36383e+16	5.35e-02	9.25e-01	2.13e-02	4.08e-05	0.00e+00	0.00e+00	0.00e+00	0.00e+00
 2.36552e+16	5.91e-02	9.24e-01	1.67e-02	2.67e-05	0.00e+00	0.00e+00	0.00e+00	0.00e+00
 2.36689e+16	6.38e-02	9.23e-01	1.37e-02	1.86e-05	0.00e+00	0.00e+00	0.00e+00	0.00e+00
 2.36824e+16	6.89e-02	9.20e-01	1.11e-02	1.30e-05	0.00e+00	0.00e+00	0.00e+00	0.00e+00
 2.36974e+16	7.47e-02	9.16e-01	8.83e-03	8.63e-06	0.00e+00	0.00e+00	0.00e+00	0.00e+00
 2.37119e+16	8.12e-02	9.12e-01	6.95e-03	5.69e-06	0.00e+00	0.00e+00	0.00e+00	0.00e+00
 2.37239e+16	8.70e-02	9.07e-01	5.66e-03	4.00e-06	0.00e+00	0.00e+00	0.00e+00	0.00e+00
 2.37339e+16	9.20e-02	9.03e-01	4.77e-03	2.97e-06	0.00e+00	0.00e+00	0.00e+00	0.00e+00
 2.37432e+16	9.69e-02	8.99e-01	4.05e-03	2.24e-06	0.00e+00	0.00e+00	0.00e+00	0.00e+00
 2.37527e+16	1.02e-01	8.95e-01	3.43e-03	1.68e-06	0.00e+00	0.00e+00	0.00e+00	0.00e+00
 2.37603e+16	1.06e-01	8.91e-01	2.98e-03	1.34e-06	0.00e+00	0.00e+00	0.00e+00	0.00e+00
 2.37653e+16	1.09e-01	8.88e-01	2.73e-03	1.15e-06	0.00e+00	0.00e+00	0.00e+00	0.00e+00
 2.37697e+16	1.11e-01	8.86e-01	2.52e-03	1.01e-06	0.00e+00	0.00e+00	0.00e+00	0.00e+00
 2.37749e+16	1.15e-01	8.83e-01	2.29e-03	8.58e-07	0.00e+00	0.00e+00	0.00e+00	0.00e+00
 2.37809e+16	1.18e-01	8.80e-01	2.05e-03	0.00e+00	0.00e+00	0.00e+00	0.00e+00	0.00e+00
 2.37868e+16	1.22e-01	8.77e-01	1.84e-03	0.00e+00	0.00e+00	0.00e+00	0.00e+00	0.00e+00
 2.37923e+16	1.25e-01	8.73e-01	1.67e-03	0.00e+00	0.00e+00	0.00e+00	0.00e+00	0.00e+00
 2.37975e+16	1.28e-01	8.70e-01	1.51e-03	0.00e+00	0.00e+00	0.00e+00	0.00e+00	0.00e+00
 2.38030e+16	1.31e-01	8.67e-01	1.37e-03	0.00e+00	0.00e+00	0.00e+00	0.00e+00	0.00e+00
 2.38086e+16	1.35e-01	8.64e-01	1.23e-03	0.00e+00	0.00e+00	0.00e+00	0.00e+00	0.00e+00
 2.38142e+16	1.38e-01	8.61e-01	1.11e-03	0.00e+00	0.00e+00	0.00e+00	0.00e+00	0.00e+00
 2.38197e+16	1.42e-01	8.57e-01	1.00e-03	0.00e+00	0.00e+00	0.00e+00	0.00e+00	0.00e+00
 2.38254e+16	1.46e-01	8.54e-01	9.06e-04	0.00e+00	0.00e+00	0.00e+00	0.00e+00	0.00e+00
 2.38311e+16	1.49e-01	8.50e-01	8.16e-04	0.00e+00	0.00e+00	0.00e+00	0.00e+00	0.00e+00
 2.38369e+16	1.53e-01	8.47e-01	7.36e-04	0.00e+00	0.00e+00	0.00e+00	0.00e+00	0.00e+00
 2.38427e+16	1.56e-01	8.43e-01	6.64e-04	0.00e+00	0.00e+00	0.00e+00	0.00e+00	0.00e+00
 2.38487e+16	1.60e-01	8.39e-01	5.98e-04	0.00e+00	0.00e+00	0.00e+00	0.00e+00	0.00e+00
 2.38548e+16	1.64e-01	8.35e-01	5.38e-04	0.00e+00	0.00e+00	0.00e+00	0.00e+00	0.00e+00
 2.38611e+16	1.68e-01	8.31e-01	4.85e-04	0.00e+00	0.00e+00	0.00e+00	0.00e+00	0.00e+00
 2.38675e+16	1.72e-01	8.27e-01	4.36e-04	0.00e+00	0.00e+00	0.00e+00	0.00e+00	0.00e+00
 2.38742e+16	1.76e-01	8.23e-01	3.92e-04	0.00e+00	0.00e+00	0.00e+00	0.00e+00	0.00e+00
 2.38811e+16	1.81e-01	8.19e-01	3.53e-04	0.00e+00	0.00e+00	0.00e+00	0.00e+00	0.00e+00
 2.38882e+16	1.85e-01	8.15e-01	3.18e-04	0.00e+00	0.00e+00	0.00e+00	0.00e+00	0.00e+00
 2.38957e+16	1.89e-01	8.11e-01	2.86e-04	0.00e+00	0.00e+00	0.00e+00	0.00e+00	0.00e+00
 2.39034e+16	1.94e-01	8.06e-01	2.59e-04	0.00e+00	0.00e+00	0.00e+00	0.00e+00	0.00e+00
 2.39115e+16	1.98e-01	8.02e-01	2.34e-04	0.00e+00	0.00e+00	0.00e+00	0.00e+00	0.00e+00
 2.39200e+16	2.03e-01	7.97e-01	2.13e-04	0.00e+00	0.00e+00	0.00e+00	0.00e+00	0.00e+00
 2.39292e+16	2.07e-01	7.93e-01	1.94e-04	0.00e+00	0.00e+00	0.00e+00	0.00e+00	0.00e+00
 2.39392e+16	2.12e-01	7.88e-01	1.77e-04	0.00e+00	0.00e+00	0.00e+00	0.00e+00	0.00e+00
 2.39504e+16	2.16e-01	7.83e-01	1.62e-04	0.00e+00	0.00e+00	0.00e+00	0.00e+00	0.00e+00
 2.39631e+16	2.21e-01	7.78e-01	1.49e-04	0.00e+00	0.00e+00	0.00e+00	0.00e+00	0.00e+00
 2.39767e+16	2.26e-01	7.74e-01	1.39e-04	0.00e+00	0.00e+00	0.00e+00	0.00e+00	0.00e+00
 2.39900e+16	2.30e-01	7.70e-01	1.31e-04	0.00e+00	0.00e+00	0.00e+00	0.00e+00	0.00e+00
 2.40031e+16	2.32e-01	7.68e-01	1.25e-04	0.00e+00	0.00e+00	0.00e+00	0.00e+00	0.00e+00
 2.40162e+16	2.36e-01	7.64e-01	1.20e-04	0.00e+00	0.00e+00	0.00e+00	0.00e+00	0.00e+00
 2.40310e+16	2.40e-01	7.60e-01	1.15e-04	0.00e+00	0.00e+00	0.00e+00	0.00e+00	0.00e+00
