#depth	C	C+	C+2	C+3	C+4	C+5	C+6	C[1]	C[2]	C[3]	C+[1]	C+[2]	CO
 1.49634e+10	0.00e+00	0.00e+00	2.38e-29	8.45e-20	1.94e-09	7.95e-04	9.99e-01	0.00e+00	0.00e+00	0.00e+00	0.00e+00	0.00e+00	0.00e+00
 4.54887e+10	0.00e+00	3.27e-39	3.27e-29	1.07e-19	2.28e-09	8.61e-04	9.99e-01	0.00e+00	0.00e+00	0.00e+00	0.00e+00	0.00e+00	0.00e+00
 7.72350e+10	0.00e+00	0.00e+00	4.49e-29	1.36e-19	2.67e-09	9.31e-04	9.99e-01	0.00e+00	0.00e+00	0.00e+00	0.00e+00	0.00e+00	0.00e+00
 1.10251e+11	0.00e+00	7.22e-39	6.16e-29	1.73e-19	3.13e-09	1.01e-03	9.99e-01	0.00e+00	0.00e+00	0.00e+00	0.00e+00	0.00e+00	0.00e+00
 1.40997e+11	0.00e+00	0.00e+00	8.19e-29	2.14e-19	3.62e-09	1.08e-03	9.99e-01	0.00e+00	0.00e+00	0.00e+00	0.00e+00	0.00e+00	1.27e-220
 1.68002e+11	0.00e+00	1.39e-38	1.04e-28	2.57e-19	4.09e-09	1.15e-03	9.99e-01	0.00e+00	0.00e+00	0.00e+00	0.00e+00	0.00e+00	1.11e-225
 1.98109e+11	0.00e+00	0.00e+00	1.36e-28	3.13e-19	4.66e-09	1.23e-03	9.99e-01	0.00e+00	0.00e+00	0.00e+00	0.00e+00	0.00e+00	0.00e+00
 2.34392e+11	0.00e+00	2.83e-38	1.84e-28	3.94e-19	5.44e-09	1.32e-03	9.99e-01	0.00e+00	0.00e+00	0.00e+00	0.00e+00	0.00e+00	1.06e-224
 2.70937e+11	0.00e+00	0.00e+00	2.48e-28	4.92e-19	6.32e-09	1.42e-03	9.99e-01	0.00e+00	0.00e+00	0.00e+00	0.00e+00	0.00e+00	4.75e-235
 3.04430e+11	0.00e+00	5.69e-38	3.22e-28	6.00e-19	7.22e-09	1.52e-03	9.98e-01	0.00e+00	0.00e+00	0.00e+00	0.00e+00	0.00e+00	0.00e+00
 3.41722e+11	0.00e+00	0.00e+00	4.28e-28	7.42e-19	8.33e-09	1.63e-03	9.98e-01	0.00e+00	0.00e+00	0.00e+00	0.00e+00	0.00e+00	0.00e+00
 3.85019e+11	0.00e+00	1.20e-37	5.88e-28	9.43e-19	9.78e-09	1.76e-03	9.98e-01	0.00e+00	0.00e+00	0.00e+00	0.00e+00	0.00e+00	1.82e-163
 4.27441e+11	0.00e+00	0.00e+00	7.93e-28	1.18e-18	1.14e-08	1.89e-03	9.98e-01	0.00e+00	0.00e+00	0.00e+00	0.00e+00	0.00e+00	6.19e-234
 4.67567e+11	0.00e+00	2.46e-37	1.04e-27	1.45e-18	1.31e-08	2.03e-03	9.98e-01	0.00e+00	0.00e+00	0.00e+00	0.00e+00	0.00e+00	1.52e-292
 5.12205e+11	0.00e+00	0.00e+00	1.40e-27	1.81e-18	1.52e-08	2.18e-03	9.98e-01	0.00e+00	0.00e+00	0.00e+00	0.00e+00	0.00e+00	4.60e-218
 5.62620e+11	0.00e+00	5.30e-37	1.93e-27	2.31e-18	1.79e-08	2.36e-03	9.98e-01	0.00e+00	0.00e+00	0.00e+00	0.00e+00	0.00e+00	0.00e+00
 6.13291e+11	0.00e+00	0.00e+00	2.64e-27	2.92e-18	2.09e-08	2.54e-03	9.97e-01	0.00e+00	0.00e+00	0.00e+00	0.00e+00	0.00e+00	0.00e+00
 6.60929e+11	0.00e+00	1.11e-36	3.50e-27	3.61e-18	2.42e-08	2.73e-03	9.97e-01	0.00e+00	0.00e+00	0.00e+00	0.00e+00	0.00e+00	0.00e+00
 7.12234e+11	0.00e+00	0.00e+00	4.69e-27	4.51e-18	2.81e-08	2.93e-03	9.97e-01	0.00e+00	0.00e+00	0.00e+00	0.00e+00	0.00e+00	0.00e+00
 7.69428e+11	0.00e+00	2.38e-36	6.44e-27	5.73e-18	3.30e-08	3.17e-03	9.97e-01	0.00e+00	0.00e+00	0.00e+00	0.00e+00	0.00e+00	5.82e-231
 8.24730e+11	2.06e-46	3.44e-36	8.66e-27	7.16e-18	3.83e-08	3.40e-03	9.97e-01	0.00e+00	0.00e+00	0.00e+00	0.00e+00	0.00e+00	7.15e-139
 8.83466e+11	0.00e+00	0.00e+00	1.17e-26	9.01e-18	4.48e-08	3.66e-03	9.96e-01	0.00e+00	0.00e+00	0.00e+00	0.00e+00	0.00e+00	0.00e+00
 9.40796e+11	0.00e+00	7.17e-36	1.56e-26	1.12e-17	5.18e-08	3.93e-03	9.96e-01	0.00e+00	0.00e+00	0.00e+00	0.00e+00	0.00e+00	1.64e-157
 9.88046e+11	6.97e-46	9.54e-36	1.97e-26	1.33e-17	5.82e-08	4.15e-03	9.96e-01	0.00e+00	0.00e+00	0.00e+00	0.00e+00	0.00e+00	0.00e+00
 1.03844e+12	0.00e+00	0.00e+00	2.49e-26	1.59e-17	6.58e-08	4.40e-03	9.96e-01	0.00e+00	0.00e+00	0.00e+00	0.00e+00	0.00e+00	0.00e+00
 1.10323e+12	0.00e+00	1.86e-35	3.36e-26	1.99e-17	7.66e-08	4.73e-03	9.95e-01	0.00e+00	0.00e+00	0.00e+00	0.00e+00	0.00e+00	0.00e+00
 1.17163e+12	2.44e-45	2.71e-35	4.56e-26	2.51e-17	8.95e-08	5.09e-03	9.95e-01	0.00e+00	0.00e+00	0.00e+00	0.00e+00	0.00e+00	3.20e-136
 1.23224e+12	0.00e+00	0.00e+00	5.91e-26	3.05e-17	1.02e-07	5.42e-03	9.95e-01	0.00e+00	0.00e+00	0.00e+00	0.00e+00	0.00e+00	0.00e+00
 1.29781e+12	0.00e+00	5.29e-35	7.78e-26	3.76e-17	1.18e-07	5.80e-03	9.94e-01	0.00e+00	0.00e+00	0.00e+00	0.00e+00	0.00e+00	1.25e-154
 1.37654e+12	8.70e-45	7.86e-35	1.07e-25	4.78e-17	1.39e-07	6.26e-03	9.94e-01	0.00e+00	0.00e+00	0.00e+00	0.00e+00	0.00e+00	0.00e+00
 1.45608e+12	0.00e+00	1.16e-34	1.46e-25	6.05e-17	1.63e-07	6.75e-03	9.93e-01	0.00e+00	0.00e+00	0.00e+00	0.00e+00	0.00e+00	1.67e-153
 1.53042e+12	2.11e-44	1.65e-34	1.94e-25	7.49e-17	1.88e-07	7.22e-03	9.93e-01	0.00e+00	0.00e+00	0.00e+00	0.00e+00	0.00e+00	0.00e+00
 1.61317e+12	0.00e+00	2.41e-34	2.63e-25	9.44e-17	2.20e-07	7.77e-03	9.92e-01	0.00e+00	0.00e+00	0.00e+00	0.00e+00	0.00e+00	1.86e-152
 1.70762e+12	5.49e-44	3.67e-34	3.69e-25	1.22e-16	2.61e-07	8.43e-03	9.92e-01	0.00e+00	0.00e+00	0.00e+00	0.00e+00	0.00e+00	1.76e-199
 1.80216e+12	0.00e+00	5.51e-34	5.12e-25	1.56e-16	3.09e-07	9.11e-03	9.91e-01	0.00e+00	0.00e+00	0.00e+00	0.00e+00	0.00e+00	2.79e-151
 1.88646e+12	1.36e-43	7.82e-34	6.79e-25	1.93e-16	3.57e-07	9.75e-03	9.90e-01	0.00e+00	0.00e+00	0.00e+00	0.00e+00	0.00e+00	3.68e-198
 1.96110e+12	0.00e+00	1.06e-33	8.67e-25	2.32e-16	4.04e-07	1.03e-02	9.90e-01	0.00e+00	0.00e+00	0.00e+00	0.00e+00	0.00e+00	2.36e-150
 2.04557e+12	2.92e-43	1.48e-33	1.14e-24	2.85e-16	4.64e-07	1.10e-02	9.89e-01	0.00e+00	0.00e+00	0.00e+00	0.00e+00	0.00e+00	2.44e-197
 2.15015e+12	0.00e+00	2.22e-33	1.57e-24	3.64e-16	5.48e-07	1.19e-02	9.88e-01	0.00e+00	0.00e+00	0.00e+00	0.00e+00	0.00e+00	2.63e-149
 2.25558e+12	7.61e-43	3.31e-33	2.16e-24	4.63e-16	6.46e-07	1.28e-02	9.87e-01	0.00e+00	0.00e+00	0.00e+00	0.00e+00	0.00e+00	2.63e-209
 2.34611e+12	0.00e+00	4.61e-33	2.83e-24	5.66e-16	7.41e-07	1.37e-02	9.86e-01	0.00e+00	0.00e+00	0.00e+00	0.00e+00	0.00e+00	2.78e-148
 2.44256e+12	1.72e-42	6.52e-33	3.73e-24	6.98e-16	8.53e-07	1.46e-02	9.85e-01	0.00e+00	0.00e+00	0.00e+00	0.00e+00	0.00e+00	0.00e+00
 2.56198e+12	0.00e+00	9.90e-33	5.22e-24	8.99e-16	1.01e-06	1.58e-02	9.84e-01	0.00e+00	0.00e+00	0.00e+00	0.00e+00	0.00e+00	3.25e-147
 2.68302e+12	4.64e-42	1.50e-32	7.29e-24	1.15e-15	1.20e-06	1.71e-02	9.83e-01	0.00e+00	0.00e+00	0.00e+00	0.00e+00	0.00e+00	0.00e+00
 2.78962e+12	0.00e+00	2.14e-32	9.70e-24	1.43e-15	1.39e-06	1.83e-02	9.82e-01	0.00e+00	0.00e+00	0.00e+00	0.00e+00	0.00e+00	3.79e-146
 2.90565e+12	1.12e-41	3.12e-32	1.31e-23	1.80e-15	1.62e-06	1.97e-02	9.80e-01	0.00e+00	0.00e+00	0.00e+00	0.00e+00	0.00e+00	3.20e-206
 3.03595e+12	0.00e+00	4.73e-32	1.84e-23	2.31e-15	1.92e-06	2.13e-02	9.79e-01	0.00e+00	0.00e+00	0.00e+00	0.00e+00	0.00e+00	4.72e-145
 3.15905e+12	2.91e-41	6.94e-32	2.50e-23	2.92e-15	2.24e-06	2.29e-02	9.77e-01	0.00e+00	0.00e+00	0.00e+00	0.00e+00	0.00e+00	0.00e+00
 3.27575e+12	0.00e+00	9.91e-32	3.33e-23	3.62e-15	2.59e-06	2.44e-02	9.76e-01	0.00e+00	0.00e+00	0.00e+00	0.00e+00	0.00e+00	4.88e-144
 3.40985e+12	7.19e-41	1.48e-31	4.59e-23	4.60e-15	3.05e-06	2.63e-02	9.74e-01	0.00e+00	0.00e+00	0.00e+00	0.00e+00	0.00e+00	0.00e+00
 3.56029e+12	0.00e+00	2.30e-31	6.54e-23	6.00e-15	3.64e-06	2.86e-02	9.71e-01	0.00e+00	0.00e+00	0.00e+00	0.00e+00	0.00e+00	6.79e-143
 3.70270e+12	1.98e-40	3.45e-31	9.06e-23	7.66e-15	4.29e-06	3.09e-02	9.69e-01	0.00e+00	0.00e+00	0.00e+00	0.00e+00	0.00e+00	0.00e+00
 3.85859e+12	0.00e+00	5.31e-31	1.28e-22	9.94e-15	5.11e-06	3.35e-02	9.67e-01	0.00e+00	0.00e+00	0.00e+00	0.00e+00	0.00e+00	9.23e-142
 4.03140e+12	5.80e-40	8.47e-31	1.87e-22	1.32e-14	6.17e-06	3.65e-02	9.63e-01	0.00e+00	0.00e+00	0.00e+00	0.00e+00	0.00e+00	0.00e+00
 4.19284e+12	0.00e+00	1.29e-30	2.62e-22	1.70e-14	7.32e-06	3.95e-02	9.60e-01	0.00e+00	0.00e+00	0.00e+00	0.00e+00	0.00e+00	1.45e-140
 4.36934e+12	1.64e-39	2.02e-30	3.76e-22	2.23e-14	8.77e-06	4.29e-02	9.57e-01	0.00e+00	0.00e+00	0.00e+00	0.00e+00	0.00e+00	0.00e+00
 4.56800e+12	0.00e+00	3.29e-30	5.57e-22	2.99e-14	1.07e-05	4.70e-02	9.53e-01	0.00e+00	0.00e+00	0.00e+00	0.00e+00	0.00e+00	2.58e-139
 4.73614e+12	4.74e-39	4.90e-30	7.68e-22	3.80e-14	1.25e-05	5.06e-02	9.49e-01	0.00e+00	0.00e+00	0.00e+00	0.00e+00	0.00e+00	0.00e+00
 4.86769e+12	0.00e+00	6.63e-30	9.80e-22	4.57e-14	1.42e-05	5.35e-02	9.46e-01	0.00e+00	0.00e+00	0.00e+00	0.00e+00	0.00e+00	2.22e-138
 5.01102e+12	9.98e-39	9.14e-30	1.27e-21	5.54e-14	1.61e-05	5.68e-02	9.43e-01	0.00e+00	0.00e+00	0.00e+00	0.00e+00	0.00e+00	0.00e+00
 5.19735e+12	0.00e+00	1.37e-29	1.76e-21	7.08e-14	1.89e-05	6.12e-02	9.39e-01	0.00e+00	0.00e+00	0.00e+00	0.00e+00	0.00e+00	2.06e-137
 5.40130e+12	2.69e-38	2.10e-29	2.48e-21	9.16e-14	2.25e-05	6.62e-02	9.34e-01	0.00e+00	0.00e+00	0.00e+00	0.00e+00	0.00e+00	0.00e+00
 5.57929e+12	0.00e+00	3.00e-29	3.31e-21	1.14e-13	2.60e-05	7.07e-02	9.29e-01	0.00e+00	0.00e+00	0.00e+00	0.00e+00	0.00e+00	2.28e-136
 5.73615e+12	5.94e-38	4.07e-29	4.24e-21	1.37e-13	2.93e-05	7.48e-02	9.25e-01	0.00e+00	0.00e+00	0.00e+00	0.00e+00	0.00e+00	0.00e+00
 5.91441e+12	0.00e+00	5.70e-29	5.57e-21	1.68e-13	3.36e-05	7.96e-02	9.20e-01	0.00e+00	0.00e+00	0.00e+00	0.00e+00	0.00e+00	1.64e-135
 6.14614e+12	1.47e-37	8.69e-29	7.83e-21	2.17e-13	3.98e-05	8.60e-02	9.14e-01	0.00e+00	0.00e+00	0.00e+00	0.00e+00	0.00e+00	0.00e+00
 6.38478e+12	0.00e+00	1.32e-28	1.10e-20	2.79e-13	4.70e-05	9.28e-02	9.07e-01	0.00e+00	0.00e+00	0.00e+00	0.00e+00	0.00e+00	2.16e-134
 6.58247e+12	3.59e-37	1.84e-28	1.43e-20	3.42e-13	5.37e-05	9.85e-02	9.01e-01	0.00e+00	0.00e+00	0.00e+00	0.00e+00	0.00e+00	0.00e+00
 6.78954e+12	0.00e+00	2.57e-28	1.88e-20	4.19e-13	6.13e-05	1.05e-01	8.95e-01	0.00e+00	0.00e+00	0.00e+00	0.00e+00	0.00e+00	1.69e-133
 7.05874e+12	8.85e-37	3.91e-28	2.64e-20	5.40e-13	7.25e-05	1.13e-01	8.87e-01	0.00e+00	0.00e+00	0.00e+00	0.00e+00	0.00e+00	0.00e+00
 7.33863e+12	0.00e+00	5.95e-28	3.71e-20	6.96e-13	8.57e-05	1.22e-01	8.78e-01	0.00e+00	0.00e+00	0.00e+00	0.00e+00	0.00e+00	2.25e-132
 7.57481e+12	2.19e-36	8.35e-28	4.87e-20	8.54e-13	9.80e-05	1.29e-01	8.71e-01	0.00e+00	0.00e+00	0.00e+00	0.00e+00	0.00e+00	1.06e-98
 7.82424e+12	0.00e+00	1.18e-27	6.44e-20	1.05e-12	1.12e-04	1.37e-01	8.62e-01	0.00e+00	0.00e+00	0.00e+00	0.00e+00	0.00e+00	0.00e+00
 8.13949e+12	5.44e-36	1.79e-27	9.04e-20	1.36e-12	1.32e-04	1.48e-01	8.52e-01	0.00e+00	0.00e+00	0.00e+00	0.00e+00	0.00e+00	6.43e-114
 8.46495e+12	0.00e+00	2.71e-27	1.26e-19	1.74e-12	1.56e-04	1.59e-01	8.41e-01	0.00e+00	0.00e+00	0.00e+00	0.00e+00	0.00e+00	1.14e-98
 8.75060e+12	1.35e-35	3.85e-27	1.67e-19	2.15e-12	1.79e-04	1.69e-01	8.31e-01	0.00e+00	0.00e+00	0.00e+00	0.00e+00	0.00e+00	0.00e+00
 9.05988e+12	0.00e+00	5.53e-27	2.25e-19	2.68e-12	2.06e-04	1.80e-01	8.20e-01	0.00e+00	0.00e+00	0.00e+00	0.00e+00	0.00e+00	2.32e-129
 9.40684e+12	3.34e-35	8.18e-27	3.08e-19	3.39e-12	2.40e-04	1.92e-01	8.08e-01	0.00e+00	0.00e+00	0.00e+00	0.00e+00	0.00e+00	2.94e-96
 9.74764e+12	0.00e+00	1.18e-26	4.15e-19	4.24e-12	2.77e-04	2.04e-01	7.95e-01	0.00e+00	0.00e+00	0.00e+00	0.00e+00	0.00e+00	2.51e-128
 1.00804e+13	7.86e-35	1.68e-26	5.50e-19	5.22e-12	3.17e-04	2.16e-01	7.83e-01	0.00e+00	0.00e+00	0.00e+00	0.00e+00	0.00e+00	1.74e-95
 1.03945e+13	1.15e-34	2.30e-26	7.10e-19	6.31e-12	3.58e-04	2.28e-01	7.72e-01	0.00e+00	0.00e+00	0.00e+00	0.00e+00	0.00e+00	9.85e-111
 1.07396e+13	1.71e-34	3.21e-26	9.30e-19	7.71e-12	4.07e-04	2.41e-01	7.59e-01	0.00e+00	0.00e+00	0.00e+00	0.00e+00	0.00e+00	8.79e-95
 1.10961e+13	2.56e-34	4.50e-26	1.22e-18	9.43e-12	4.63e-04	2.54e-01	7.46e-01	0.00e+00	0.00e+00	0.00e+00	0.00e+00	0.00e+00	6.89e-110
 1.13932e+13	3.53e-34	5.89e-26	1.51e-18	1.11e-11	5.13e-04	2.65e-01	7.35e-01	0.00e+00	0.00e+00	0.00e+00	0.00e+00	0.00e+00	3.97e-94
 1.17052e+13	4.91e-34	7.74e-26	1.89e-18	1.31e-11	5.69e-04	2.76e-01	7.23e-01	0.00e+00	0.00e+00	0.00e+00	0.00e+00	0.00e+00	3.37e-109
 1.21107e+13	7.42e-34	1.09e-25	2.49e-18	1.60e-11	6.48e-04	2.91e-01	7.08e-01	0.00e+00	0.00e+00	0.00e+00	0.00e+00	0.00e+00	1.87e-93
 1.25331e+13	1.13e-33	1.55e-25	3.30e-18	1.97e-11	7.38e-04	3.07e-01	6.92e-01	0.00e+00	0.00e+00	0.00e+00	0.00e+00	0.00e+00	2.56e-108
 1.28910e+13	1.58e-33	2.05e-25	4.14e-18	2.33e-11	8.20e-04	3.20e-01	6.79e-01	0.00e+00	0.00e+00	0.00e+00	0.00e+00	0.00e+00	9.07e-93
 1.32696e+13	2.24e-33	2.75e-25	5.24e-18	2.78e-11	9.14e-04	3.34e-01	6.65e-01	0.00e+00	0.00e+00	0.00e+00	0.00e+00	0.00e+00	1.39e-107
 1.37619e+13	3.47e-33	3.97e-25	7.03e-18	3.45e-11	1.05e-03	3.52e-01	6.47e-01	0.00e+00	0.00e+00	0.00e+00	0.00e+00	0.00e+00	4.73e-92
 1.42759e+13	5.39e-33	5.73e-25	9.45e-18	4.29e-11	1.20e-03	3.71e-01	6.28e-01	0.00e+00	0.00e+00	0.00e+00	0.00e+00	0.00e+00	1.21e-106
 1.47146e+13	7.73e-33	7.74e-25	1.20e-17	5.12e-11	1.34e-03	3.86e-01	6.12e-01	0.00e+00	0.00e+00	0.00e+00	0.00e+00	0.00e+00	2.54e-91
 1.51811e+13	1.12e-32	1.05e-24	1.54e-17	6.15e-11	1.50e-03	4.03e-01	5.96e-01	0.00e+00	0.00e+00	0.00e+00	0.00e+00	0.00e+00	7.38e-106
 1.57687e+13	1.76e-32	1.54e-24	2.09e-17	7.67e-11	1.71e-03	4.23e-01	5.75e-01	0.00e+00	0.00e+00	0.00e+00	0.00e+00	0.00e+00	1.43e-90
 1.63807e+13	2.76e-32	2.24e-24	2.83e-17	9.58e-11	1.96e-03	4.44e-01	5.54e-01	0.00e+00	0.00e+00	0.00e+00	0.00e+00	0.00e+00	6.92e-105
 1.69310e+13	4.08e-32	3.10e-24	3.67e-17	1.16e-10	2.20e-03	4.62e-01	5.36e-01	0.00e+00	0.00e+00	0.00e+00	0.00e+00	0.00e+00	8.41e-90
 1.75340e+13	6.15e-32	4.36e-24	4.83e-17	1.42e-10	2.48e-03	4.81e-01	5.17e-01	0.00e+00	0.00e+00	0.00e+00	0.00e+00	0.00e+00	5.08e-104
 1.82472e+13	9.81e-32	6.43e-24	6.61e-17	1.78e-10	2.85e-03	5.03e-01	4.94e-01	0.00e+00	0.00e+00	0.00e+00	0.00e+00	0.00e+00	5.34e-89
 1.89272e+13	1.50e-31	9.19e-24	8.80e-17	2.19e-10	3.22e-03	5.23e-01	4.73e-01	0.00e+00	0.00e+00	0.00e+00	0.00e+00	0.00e+00	4.74e-103
 1.95156e+13	2.14e-31	1.23e-23	1.12e-16	2.60e-10	3.57e-03	5.40e-01	4.56e-01	0.00e+00	0.00e+00	0.00e+00	0.00e+00	0.00e+00	2.78e-88
 2.01614e+13	3.12e-31	1.69e-23	1.43e-16	3.12e-10	3.97e-03	5.58e-01	4.38e-01	0.00e+00	0.00e+00	0.00e+00	0.00e+00	0.00e+00	2.97e-102
 2.09519e+13	4.85e-31	2.44e-23	1.93e-16	3.87e-10	4.50e-03	5.79e-01	4.16e-01	0.00e+00	0.00e+00	0.00e+00	0.00e+00	0.00e+00	1.56e-87
 2.16657e+13	7.13e-31	3.36e-23	2.50e-16	4.67e-10	5.02e-03	5.97e-01	3.98e-01	0.00e+00	0.00e+00	0.00e+00	0.00e+00	0.00e+00	2.38e-101
 2.21844e+13	9.32e-31	4.20e-23	2.98e-16	5.31e-10	5.41e-03	6.10e-01	3.85e-01	0.00e+00	0.00e+00	0.00e+00	0.00e+00	0.00e+00	6.21e-87
 2.27140e+13	1.22e-30	5.25e-23	3.57e-16	6.04e-10	5.83e-03	6.22e-01	3.72e-01	0.00e+00	0.00e+00	0.00e+00	0.00e+00	0.00e+00	9.27e-101
 2.34025e+13	1.70e-30	6.94e-23	4.47e-16	7.10e-10	6.39e-03	6.37e-01	3.57e-01	0.00e+00	0.00e+00	0.00e+00	0.00e+00	0.00e+00	2.23e-86
 2.41633e+13	2.44e-30	9.37e-23	5.68e-16	8.45e-10	7.06e-03	6.53e-01	3.40e-01	0.00e+00	0.00e+00	0.00e+00	0.00e+00	0.00e+00	5.45e-100
 2.48660e+13	3.36e-30	1.22e-22	7.04e-16	9.86e-10	7.70e-03	6.67e-01	3.25e-01	0.00e+00	0.00e+00	0.00e+00	0.00e+00	0.00e+00	9.45e-86
 2.56273e+13	4.69e-30	1.61e-22	8.79e-16	1.16e-09	8.42e-03	6.81e-01	3.10e-01	0.00e+00	0.00e+00	0.00e+00	0.00e+00	0.00e+00	2.90e-99
 2.64869e+13	6.75e-30	2.18e-22	1.12e-15	1.38e-09	9.29e-03	6.96e-01	2.94e-01	0.00e+00	0.00e+00	0.00e+00	0.00e+00	0.00e+00	4.19e-85
 2.73077e+13	9.43e-30	2.88e-22	1.40e-15	1.61e-09	1.02e-02	7.10e-01	2.80e-01	0.00e+00	0.00e+00	0.00e+00	0.00e+00	0.00e+00	1.75e-98
 2.82082e+13	1.34e-29	3.86e-22	1.77e-15	1.91e-09	1.11e-02	7.23e-01	2.66e-01	0.00e+00	0.00e+00	0.00e+00	0.00e+00	0.00e+00	1.83e-84
 2.92183e+13	1.96e-29	5.29e-22	2.28e-15	2.28e-09	1.23e-02	7.38e-01	2.50e-01	0.00e+00	0.00e+00	0.00e+00	0.00e+00	0.00e+00	1.17e-97
 3.01770e+13	2.77e-29	7.05e-22	2.86e-15	2.69e-09	1.35e-02	7.50e-01	2.37e-01	0.00e+00	0.00e+00	0.00e+00	0.00e+00	0.00e+00	8.83e-84
 3.12295e+13	3.99e-29	9.54e-22	3.64e-15	3.18e-09	1.48e-02	7.62e-01	2.23e-01	0.00e+00	0.00e+00	0.00e+00	0.00e+00	0.00e+00	7.53e-97
 3.24759e+13	6.04e-29	1.34e-21	4.78e-15	3.86e-09	1.64e-02	7.75e-01	2.08e-01	0.00e+00	0.00e+00	0.00e+00	0.00e+00	0.00e+00	4.85e-83
 3.37076e+13	8.94e-29	1.86e-21	6.18e-15	4.63e-09	1.81e-02	7.87e-01	1.95e-01	0.00e+00	0.00e+00	0.00e+00	0.00e+00	0.00e+00	6.31e-96
 3.48536e+13	1.27e-28	2.48e-21	7.75e-15	5.43e-09	1.97e-02	7.97e-01	1.83e-01	0.00e+00	0.00e+00	0.00e+00	0.00e+00	0.00e+00	2.48e-82
 3.59078e+13	1.73e-28	3.19e-21	9.47e-15	6.24e-09	2.12e-02	8.05e-01	1.74e-01	0.00e+00	0.00e+00	0.00e+00	0.00e+00	0.00e+00	3.64e-95
 3.70309e+13	2.37e-28	4.14e-21	1.16e-14	7.21e-09	2.29e-02	8.13e-01	1.64e-01	0.00e+00	0.00e+00	0.00e+00	0.00e+00	0.00e+00	1.01e-81
 3.82903e+13	3.35e-28	5.50e-21	1.45e-14	8.42e-09	2.49e-02	8.21e-01	1.54e-01	0.00e+00	0.00e+00	0.00e+00	0.00e+00	0.00e+00	2.15e-94
 3.94859e+13	4.59e-28	7.12e-21	1.78e-14	9.69e-09	2.68e-02	8.28e-01	1.46e-01	0.00e+00	0.00e+00	0.00e+00	0.00e+00	0.00e+00	4.45e-81
 4.07991e+13	6.41e-28	9.35e-21	2.20e-14	1.12e-08	2.89e-02	8.34e-01	1.37e-01	0.00e+00	0.00e+00	0.00e+00	0.00e+00	0.00e+00	1.24e-93
 4.22685e+13	9.19e-28	1.26e-20	2.76e-14	1.31e-08	3.14e-02	8.41e-01	1.28e-01	0.00e+00	0.00e+00	0.00e+00	0.00e+00	0.00e+00	2.16e-80
 4.35940e+13	1.26e-27	1.62e-20	3.37e-14	1.51e-08	3.37e-02	8.46e-01	1.21e-01	0.00e+00	0.00e+00	0.00e+00	0.00e+00	0.00e+00	7.74e-93
 4.47793e+13	1.65e-27	2.02e-20	3.99e-14	1.69e-08	3.59e-02	8.49e-01	1.15e-01	0.00e+00	0.00e+00	0.00e+00	0.00e+00	0.00e+00	8.24e-80
 4.61291e+13	2.22e-27	2.58e-20	4.82e-14	1.93e-08	3.83e-02	8.53e-01	1.08e-01	0.00e+00	0.00e+00	0.00e+00	0.00e+00	0.00e+00	3.68e-92
 4.78447e+13	3.21e-27	3.47e-20	6.06e-14	2.25e-08	4.16e-02	8.57e-01	1.01e-01	0.00e+00	0.00e+00	0.00e+00	0.00e+00	0.00e+00	3.84e-79
 4.96269e+13	4.63e-27	4.67e-20	7.62e-14	2.64e-08	4.50e-02	8.61e-01	9.40e-02	0.00e+00	0.00e+00	0.00e+00	0.00e+00	0.00e+00	2.76e-91
 5.11956e+13	6.32e-27	6.01e-20	9.24e-14	3.01e-08	4.81e-02	8.63e-01	8.84e-02	0.00e+00	0.00e+00	0.00e+00	0.00e+00	0.00e+00	1.86e-78
 5.28960e+13	8.75e-27	7.82e-20	1.13e-13	3.45e-08	5.16e-02	8.66e-01	8.29e-02	0.00e+00	0.00e+00	0.00e+00	0.00e+00	0.00e+00	1.61e-90
 5.49492e+13	1.28e-26	1.06e-19	1.43e-13	4.04e-08	5.59e-02	8.67e-01	7.68e-02	0.00e+00	0.00e+00	0.00e+00	0.00e+00	0.00e+00	9.69e-78
 5.70108e+13	1.84e-26	1.43e-19	1.79e-13	4.70e-08	6.04e-02	8.68e-01	7.13e-02	0.00e+00	0.00e+00	0.00e+00	0.00e+00	0.00e+00	1.27e-89
 5.88835e+13	2.54e-26	1.85e-19	2.18e-13	5.37e-08	6.45e-02	8.69e-01	6.68e-02	0.00e+00	0.00e+00	0.00e+00	0.00e+00	0.00e+00	4.87e-77
 6.09607e+13	3.58e-26	2.43e-19	2.68e-13	6.18e-08	6.92e-02	8.68e-01	6.23e-02	0.00e+00	0.00e+00	0.00e+00	0.00e+00	0.00e+00	8.05e-89
 6.33924e+13	5.27e-26	3.32e-19	3.40e-13	7.25e-08	7.49e-02	8.68e-01	5.74e-02	0.00e+00	0.00e+00	0.00e+00	0.00e+00	0.00e+00	2.73e-76
 6.56586e+13	7.44e-26	4.39e-19	4.20e-13	8.35e-08	8.03e-02	8.66e-01	5.34e-02	0.00e+00	0.00e+00	0.00e+00	0.00e+00	0.00e+00	6.21e-76
 6.75909e+13	9.90e-26	5.52e-19	4.99e-13	9.37e-08	8.50e-02	8.65e-01	5.03e-02	0.00e+00	0.00e+00	0.00e+00	0.00e+00	0.00e+00	1.22e-75
 6.97157e+13	1.34e-25	7.05e-19	6.01e-13	1.06e-07	9.04e-02	8.63e-01	4.71e-02	0.00e+00	0.00e+00	0.00e+00	0.00e+00	0.00e+00	2.52e-75
 7.23500e+13	1.93e-25	9.45e-19	7.50e-13	1.23e-07	9.71e-02	8.59e-01	4.35e-02	0.00e+00	0.00e+00	0.00e+00	0.00e+00	0.00e+00	5.98e-75
 7.49091e+13	2.71e-25	1.24e-18	9.22e-13	1.41e-07	1.04e-01	8.56e-01	4.04e-02	0.00e+00	0.00e+00	0.00e+00	0.00e+00	0.00e+00	1.35e-74
 7.68839e+13	3.50e-25	1.52e-18	1.07e-12	1.56e-07	1.09e-01	8.53e-01	3.82e-02	0.00e+00	0.00e+00	0.00e+00	0.00e+00	0.00e+00	2.47e-74
 7.88369e+13	4.47e-25	1.85e-18	1.25e-12	1.72e-07	1.14e-01	8.50e-01	3.61e-02	0.00e+00	0.00e+00	0.00e+00	0.00e+00	0.00e+00	4.44e-74
 8.13757e+13	6.09e-25	2.37e-18	1.50e-12	1.95e-07	1.21e-01	8.45e-01	3.37e-02	0.00e+00	0.00e+00	0.00e+00	0.00e+00	0.00e+00	9.25e-74
 8.40463e+13	8.34e-25	3.06e-18	1.82e-12	2.22e-07	1.29e-01	8.40e-01	3.13e-02	0.00e+00	0.00e+00	0.00e+00	0.00e+00	0.00e+00	1.96e-73
 8.63434e+13	1.08e-24	3.77e-18	2.13e-12	2.46e-07	1.35e-01	8.35e-01	2.95e-02	0.00e+00	0.00e+00	0.00e+00	0.00e+00	0.00e+00	3.67e-73
 8.87846e+13	1.42e-24	4.68e-18	2.51e-12	2.74e-07	1.42e-01	8.30e-01	2.77e-02	0.00e+00	0.00e+00	0.00e+00	0.00e+00	0.00e+00	7.01e-73
 9.19582e+13	2.00e-24	6.15e-18	3.08e-12	3.14e-07	1.52e-01	8.23e-01	2.55e-02	0.00e+00	0.00e+00	0.00e+00	0.00e+00	0.00e+00	1.58e-72
 9.52151e+13	2.79e-24	8.05e-18	3.77e-12	3.59e-07	1.61e-01	8.15e-01	2.36e-02	0.00e+00	0.00e+00	0.00e+00	0.00e+00	0.00e+00	3.54e-72
 9.79111e+13	3.66e-24	9.98e-18	4.43e-12	3.99e-07	1.70e-01	8.08e-01	2.21e-02	0.00e+00	0.00e+00	0.00e+00	0.00e+00	0.00e+00	6.75e-72
 1.00747e+14	4.81e-24	1.24e-17	5.23e-12	4.45e-07	1.78e-01	8.01e-01	2.06e-02	0.00e+00	0.00e+00	0.00e+00	0.00e+00	0.00e+00	1.31e-71
 1.04411e+14	6.78e-24	1.64e-17	6.43e-12	5.09e-07	1.90e-01	7.92e-01	1.89e-02	0.00e+00	0.00e+00	0.00e+00	0.00e+00	0.00e+00	2.97e-71
 1.08253e+14	9.59e-24	2.16e-17	7.92e-12	5.84e-07	2.02e-01	7.81e-01	1.74e-02	0.00e+00	0.00e+00	0.00e+00	0.00e+00	0.00e+00	6.84e-71
 1.11590e+14	1.28e-23	2.72e-17	9.42e-12	6.53e-07	2.12e-01	7.72e-01	1.61e-02	0.00e+00	0.00e+00	0.00e+00	0.00e+00	0.00e+00	1.38e-70
 1.15174e+14	1.73e-23	3.46e-17	1.13e-11	7.35e-07	2.23e-01	7.62e-01	1.49e-02	0.00e+00	0.00e+00	0.00e+00	0.00e+00	0.00e+00	2.85e-70
 1.19558e+14	2.47e-23	4.59e-17	1.39e-11	8.44e-07	2.37e-01	7.49e-01	1.36e-02	0.00e+00	0.00e+00	0.00e+00	1.46e-17	3.13e-17	6.70e-70
 1.23961e+14	3.48e-23	6.04e-17	1.71e-11	9.63e-07	2.51e-01	7.36e-01	1.24e-02	0.00e+00	0.00e+00	0.00e+00	2.00e-17	4.03e-17	1.54e-69
 1.27857e+14	4.65e-23	7.61e-17	2.03e-11	1.08e-06	2.64e-01	7.25e-01	1.14e-02	0.00e+00	0.00e+00	0.00e+00	2.52e-17	5.09e-17	3.12e-69
 1.32116e+14	6.33e-23	9.73e-17	2.44e-11	1.21e-06	2.77e-01	7.12e-01	1.05e-02	0.00e+00	0.00e+00	0.00e+00	3.23e-17	6.50e-17	6.59e-69
 1.37229e+14	9.04e-23	1.29e-16	3.01e-11	1.39e-06	2.93e-01	6.97e-01	9.50e-03	0.00e+00	0.00e+00	0.00e+00	4.28e-17	8.63e-17	1.57e-68
 1.42318e+14	1.27e-22	1.69e-16	3.68e-11	1.58e-06	3.09e-01	6.82e-01	8.63e-03	0.00e+00	0.00e+00	0.00e+00	5.61e-17	1.13e-16	3.60e-68
 1.46929e+14	1.71e-22	2.14e-16	4.38e-11	1.76e-06	3.24e-01	6.68e-01	7.92e-03	0.00e+00	0.00e+00	0.00e+00	7.09e-17	1.43e-16	7.45e-68
 1.52053e+14	2.35e-22	2.75e-16	5.28e-11	1.98e-06	3.40e-01	6.53e-01	7.21e-03	0.00e+00	0.00e+00	0.00e+00	9.12e-17	1.84e-16	1.62e-67
 1.58064e+14	3.35e-22	3.65e-16	6.51e-11	2.27e-06	3.58e-01	6.36e-01	6.48e-03	0.00e+00	0.00e+00	0.00e+00	1.21e-16	2.44e-16	3.92e-67
 1.64002e+14	4.71e-22	4.78e-16	7.94e-11	2.56e-06	3.76e-01	6.19e-01	5.85e-03	0.00e+00	0.00e+00	0.00e+00	1.58e-16	3.20e-16	9.06e-67
 1.69578e+14	6.40e-22	6.09e-16	9.48e-11	2.87e-06	3.92e-01	6.03e-01	5.32e-03	0.00e+00	0.00e+00	0.00e+00	2.02e-16	4.07e-16	1.94e-66
 1.74823e+14	8.46e-22	7.59e-16	1.11e-10	3.17e-06	4.07e-01	5.88e-01	4.88e-03	0.00e+00	0.00e+00	0.00e+00	2.51e-16	5.08e-16	3.88e-66
 1.79445e+14	1.07e-21	9.16e-16	1.28e-10	3.45e-06	4.20e-01	5.75e-01	4.52e-03	0.00e+00	0.00e+00	0.00e+00	3.03e-16	6.12e-16	7.11e-66
 1.84341e+14	1.37e-21	1.11e-15	1.47e-10	3.76e-06	4.34e-01	5.62e-01	4.18e-03	0.00e+00	0.00e+00	0.00e+00	3.68e-16	7.42e-16	1.30e-65
 1.90706e+14	1.86e-21	1.41e-15	1.75e-10	4.19e-06	4.51e-01	5.45e-01	3.79e-03	0.00e+00	0.00e+00	0.00e+00	4.68e-16	9.45e-16	2.80e-65
 1.97134e+14	2.51e-21	1.79e-15	2.08e-10	4.66e-06	4.68e-01	5.29e-01	3.43e-03	0.00e+00	0.00e+00	0.00e+00	5.92e-16	1.20e-15	5.94e-65
 2.02287e+14	3.17e-21	2.14e-15	2.37e-10	5.04e-06	4.81e-01	5.16e-01	3.18e-03	0.00e+00	0.00e+00	0.00e+00	7.10e-16	1.43e-15	1.07e-64
 2.07627e+14	4.00e-21	2.57e-15	2.71e-10	5.47e-06	4.94e-01	5.03e-01	2.94e-03	0.00e+00	0.00e+00	0.00e+00	8.52e-16	1.72e-15	1.92e-64
 2.14570e+14	5.37e-21	3.24e-15	3.19e-10	6.04e-06	5.11e-01	4.86e-01	2.66e-03	0.00e+00	0.00e+00	0.00e+00	1.07e-15	2.17e-15	4.06e-64
 2.21921e+14	7.25e-21	4.09e-15	3.78e-10	6.69e-06	5.28e-01	4.69e-01	2.40e-03	0.00e+00	0.00e+00	0.00e+00	1.35e-15	2.74e-15	8.70e-64
 2.28308e+14	9.33e-21	4.98e-15	4.35e-10	7.27e-06	5.42e-01	4.55e-01	2.20e-03	0.00e+00	0.00e+00	0.00e+00	1.65e-15	3.33e-15	1.66e-63
 2.35119e+14	1.21e-20	6.10e-15	5.03e-10	7.92e-06	5.57e-01	4.41e-01	2.00e-03	0.00e+00	0.00e+00	0.00e+00	2.02e-15	4.08e-15	3.22e-63
 2.43763e+14	1.67e-20	7.82e-15	6.00e-10	8.80e-06	5.75e-01	4.23e-01	1.79e-03	0.00e+00	0.00e+00	0.00e+00	2.58e-15	5.23e-15	7.32e-63
 2.52671e+14	2.29e-20	1.00e-14	7.15e-10	9.75e-06	5.93e-01	4.06e-01	1.59e-03	0.00e+00	0.00e+00	0.00e+00	3.30e-15	6.70e-15	1.65e-62
 2.60429e+14	2.98e-20	1.23e-14	8.27e-10	1.06e-05	6.07e-01	3.91e-01	1.45e-03	0.00e+00	0.00e+00	0.00e+00	4.06e-15	8.23e-15	3.28e-62
 2.68808e+14	3.93e-20	1.52e-14	9.63e-10	1.16e-05	6.23e-01	3.76e-01	1.30e-03	0.00e+00	0.00e+00	0.00e+00	5.03e-15	1.02e-14	6.72e-62
 2.79030e+14	5.44e-20	1.96e-14	1.15e-09	1.28e-05	6.40e-01	3.59e-01	1.15e-03	0.00e+00	0.00e+00	0.00e+00	6.46e-15	1.31e-14	1.57e-61
 2.89375e+14	7.47e-20	2.50e-14	1.37e-09	1.42e-05	6.57e-01	3.42e-01	1.02e-03	0.00e+00	0.00e+00	0.00e+00	8.25e-15	1.67e-14	3.57e-61
 2.98692e+14	9.82e-20	3.09e-14	1.58e-09	1.54e-05	6.71e-01	3.28e-01	9.21e-04	0.00e+00	0.00e+00	0.00e+00	1.02e-14	2.07e-14	7.31e-61
 3.08943e+14	1.31e-19	3.86e-14	1.85e-09	1.69e-05	6.86e-01	3.13e-01	8.22e-04	0.00e+00	0.00e+00	0.00e+00	1.27e-14	2.59e-14	1.56e-60
 3.21048e+14	1.83e-19	4.98e-14	2.21e-09	1.87e-05	7.02e-01	2.97e-01	7.21e-04	0.00e+00	0.00e+00	0.00e+00	1.64e-14	3.34e-14	3.73e-60
 3.33031e+14	2.50e-19	6.34e-14	2.62e-09	2.05e-05	7.17e-01	2.82e-01	6.36e-04	0.00e+00	0.00e+00	0.00e+00	2.09e-14	4.25e-14	8.51e-60
 3.44160e+14	3.30e-19	7.86e-14	3.04e-09	2.23e-05	7.31e-01	2.69e-01	5.68e-04	0.00e+00	0.00e+00	0.00e+00	2.59e-14	5.27e-14	1.78e-59
 3.56623e+14	4.47e-19	9.91e-14	3.57e-09	2.44e-05	7.44e-01	2.55e-01	5.01e-04	0.00e+00	0.00e+00	0.00e+00	3.26e-14	6.65e-14	3.96e-59
 3.68620e+14	5.91e-19	1.23e-13	4.15e-09	2.65e-05	7.57e-01	2.43e-01	4.46e-04	0.00e+00	0.00e+00	0.00e+00	4.04e-14	8.24e-14	8.33e-59
 3.77480e+14	7.22e-19	1.43e-13	4.62e-09	2.82e-05	7.66e-01	2.34e-01	4.10e-04	0.00e+00	0.00e+00	0.00e+00	4.71e-14	9.61e-14	1.42e-58
 3.86384e+14	8.78e-19	1.67e-13	5.12e-09	2.98e-05	7.74e-01	2.26e-01	3.78e-04	0.00e+00	0.00e+00	0.00e+00	5.48e-14	1.12e-13	2.39e-58
 3.97958e+14	1.12e-18	2.01e-13	5.85e-09	3.21e-05	7.84e-01	2.15e-01	3.39e-04	0.00e+00	0.00e+00	0.00e+00	6.62e-14	1.35e-13	4.62e-58
 4.10487e+14	1.46e-18	2.46e-13	6.71e-09	3.46e-05	7.95e-01	2.05e-01	3.04e-04	0.00e+00	0.00e+00	0.00e+00	8.07e-14	1.65e-13	9.23e-58
 4.21739e+14	1.83e-18	2.92e-13	7.56e-09	3.70e-05	8.03e-01	1.96e-01	2.75e-04	0.00e+00	0.00e+00	0.00e+00	9.59e-14	1.96e-13	1.68e-57
 4.33848e+14	2.31e-18	3.50e-13	8.57e-09	3.96e-05	8.12e-01	1.87e-01	2.48e-04	0.00e+00	0.00e+00	0.00e+00	1.15e-13	2.35e-13	3.16e-57
 4.49521e+14	3.10e-18	4.38e-13	1.00e-08	4.31e-05	8.23e-01	1.77e-01	2.17e-04	0.00e+00	0.00e+00	0.00e+00	1.44e-13	2.94e-13	6.94e-57
 4.65369e+14	4.12e-18	5.46e-13	1.17e-08	4.68e-05	8.33e-01	1.67e-01	1.91e-04	0.00e+00	0.00e+00	0.00e+00	1.79e-13	3.67e-13	1.50e-56
 4.78236e+14	5.16e-18	6.48e-13	1.31e-08	5.00e-05	8.41e-01	1.59e-01	1.72e-04	0.00e+00	0.00e+00	0.00e+00	2.13e-13	4.36e-13	2.74e-56
 4.91684e+14	6.47e-18	7.72e-13	1.48e-08	5.34e-05	8.48e-01	1.51e-01	1.55e-04	0.00e+00	0.00e+00	0.00e+00	2.53e-13	5.19e-13	5.05e-56
 5.09166e+14	8.61e-18	9.62e-13	1.73e-08	5.80e-05	8.57e-01	1.42e-01	1.36e-04	0.00e+00	0.00e+00	0.00e+00	3.15e-13	6.47e-13	1.09e-55
 5.27744e+14	1.15e-17	1.20e-12	2.02e-08	6.30e-05	8.66e-01	1.34e-01	1.18e-04	0.00e+00	0.00e+00	0.00e+00	3.94e-13	8.10e-13	2.40e-55
 5.44030e+14	1.48e-17	1.46e-12	2.30e-08	6.77e-05	8.73e-01	1.27e-01	1.05e-04	0.00e+00	0.00e+00	0.00e+00	4.76e-13	9.79e-13	4.66e-55
 5.61489e+14	1.91e-17	1.77e-12	2.64e-08	7.28e-05	8.80e-01	1.20e-01	9.32e-05	0.00e+00	0.00e+00	0.00e+00	5.79e-13	1.19e-12	9.31e-55
 5.82799e+14	2.57e-17	2.23e-12	3.10e-08	7.94e-05	8.88e-01	1.12e-01	8.05e-05	0.00e+00	0.00e+00	0.00e+00	7.30e-13	1.50e-12	2.10e-54
 6.04034e+14	3.43e-17	2.79e-12	3.61e-08	8.63e-05	8.95e-01	1.04e-01	6.99e-05	0.00e+00	0.00e+00	0.00e+00	9.10e-13	1.88e-12	4.58e-54
 6.22611e+14	4.37e-17	3.36e-12	4.11e-08	9.25e-05	9.01e-01	9.87e-02	6.20e-05	0.00e+00	0.00e+00	0.00e+00	1.10e-12	2.27e-12	8.87e-54
 6.42815e+14	5.63e-17	4.09e-12	4.72e-08	9.96e-05	9.07e-01	9.28e-02	5.46e-05	4.57e-18	1.37e-17	2.29e-17	1.33e-12	2.76e-12	1.77e-53
 6.67334e+14	7.58e-17	5.15e-12	5.54e-08	1.09e-04	9.13e-01	8.64e-02	4.69e-05	6.15e-18	1.85e-17	3.09e-17	1.68e-12	3.47e-12	3.98e-53
 6.91747e+14	1.01e-16	6.42e-12	6.46e-08	1.18e-04	9.19e-01	8.06e-02	4.06e-05	8.17e-18	2.46e-17	4.11e-17	2.09e-12	4.33e-12	8.67e-53
 7.13376e+14	1.28e-16	7.75e-12	7.37e-08	1.26e-04	9.24e-01	7.59e-02	3.58e-05	1.04e-17	3.13e-17	5.23e-17	2.52e-12	5.23e-12	1.69e-52
 7.37103e+14	1.66e-16	9.47e-12	8.47e-08	1.36e-04	9.29e-01	7.12e-02	3.13e-05	1.35e-17	4.05e-17	6.77e-17	3.08e-12	6.39e-12	3.41e-52
 7.65539e+14	2.23e-16	1.19e-11	9.95e-08	1.49e-04	9.34e-01	6.60e-02	2.68e-05	1.81e-17	5.45e-17	9.11e-17	3.88e-12	8.04e-12	7.71e-52
 7.93759e+14	2.96e-16	1.48e-11	1.16e-07	1.61e-04	9.38e-01	6.14e-02	2.31e-05	2.40e-17	7.22e-17	1.21e-16	4.82e-12	1.00e-11	1.67e-51
 8.17447e+14	3.71e-16	1.77e-11	1.32e-07	1.72e-04	9.42e-01	5.79e-02	2.04e-05	3.02e-17	9.06e-17	1.52e-16	5.76e-12	1.20e-11	3.15e-51
 8.41585e+14	4.65e-16	2.12e-11	1.49e-07	1.84e-04	9.45e-01	5.46e-02	1.81e-05	3.78e-17	1.14e-16	1.90e-16	6.87e-12	1.43e-11	5.88e-51
 8.67309e+14	5.86e-16	2.54e-11	1.69e-07	1.97e-04	9.48e-01	5.13e-02	1.60e-05	4.77e-17	1.43e-16	2.40e-16	8.23e-12	1.71e-11	1.12e-50
 8.89633e+14	7.13e-16	2.96e-11	1.88e-07	2.09e-04	9.51e-01	4.88e-02	1.44e-05	5.80e-17	1.74e-16	2.91e-16	9.59e-12	2.00e-11	1.93e-50
 9.13189e+14	8.71e-16	3.46e-11	2.10e-07	2.22e-04	9.54e-01	4.62e-02	1.29e-05	7.09e-17	2.13e-16	3.56e-16	1.12e-11	2.34e-11	3.37e-50
 9.43812e+14	1.12e-15	4.22e-11	2.42e-07	2.39e-04	9.57e-01	4.31e-02	1.12e-05	9.13e-17	2.74e-16	4.59e-16	1.37e-11	2.85e-11	6.80e-50
 9.74946e+14	1.44e-15	5.12e-11	2.77e-07	2.57e-04	9.59e-01	4.04e-02	9.76e-06	1.17e-16	3.51e-16	5.87e-16	1.66e-11	3.46e-11	1.36e-49
 1.00014e+15	1.74e-15	5.97e-11	3.09e-07	2.72e-04	9.61e-01	3.83e-02	8.76e-06	1.42e-16	4.26e-16	7.13e-16	1.93e-11	4.03e-11	2.35e-49
 1.02630e+15	2.12e-15	6.96e-11	3.44e-07	2.88e-04	9.63e-01	3.63e-02	7.86e-06	1.73e-16	5.19e-16	8.68e-16	2.26e-11	4.71e-11	4.08e-49
 1.06030e+15	2.71e-15	8.45e-11	3.95e-07	3.10e-04	9.66e-01	3.39e-02	6.84e-06	2.21e-16	6.65e-16	1.11e-15	2.74e-11	5.72e-11	8.17e-49
 1.09613e+15	3.48e-15	1.03e-10	4.54e-07	3.34e-04	9.68e-01	3.16e-02	5.93e-06	2.84e-16	8.54e-16	1.43e-15	3.34e-11	6.97e-11	1.66e-48
 1.12701e+15	4.29e-15	1.21e-10	5.10e-07	3.56e-04	9.70e-01	2.98e-02	5.27e-06	3.50e-16	1.05e-15	1.76e-15	3.93e-11	8.22e-11	2.99e-48
 1.15985e+15	5.32e-15	1.44e-10	5.75e-07	3.79e-04	9.72e-01	2.80e-02	4.66e-06	4.34e-16	1.30e-15	2.18e-15	4.66e-11	9.74e-11	5.51e-48
 1.20200e+15	6.95e-15	1.78e-10	6.68e-07	4.11e-04	9.74e-01	2.60e-02	4.00e-06	5.68e-16	1.71e-15	2.85e-15	5.76e-11	1.21e-10	1.18e-47
 1.24550e+15	9.03e-15	2.20e-10	7.75e-07	4.45e-04	9.75e-01	2.41e-02	3.43e-06	7.38e-16	2.22e-15	3.71e-15	7.10e-11	1.49e-10	2.50e-47
 1.28317e+15	1.13e-14	2.62e-10	8.78e-07	4.76e-04	9.77e-01	2.26e-02	3.02e-06	9.22e-16	2.77e-15	4.63e-15	8.48e-11	1.77e-10	4.74e-47
 1.32400e+15	1.42e-14	3.15e-10	1.00e-06	5.10e-04	9.78e-01	2.12e-02	2.64e-06	1.16e-15	3.50e-15	5.85e-15	1.02e-10	2.13e-10	9.20e-47
 1.37404e+15	1.87e-14	3.92e-10	1.17e-06	5.54e-04	9.80e-01	1.95e-02	2.24e-06	1.53e-15	4.60e-15	7.69e-15	1.27e-10	2.65e-10	2.03e-46
 1.42461e+15	2.44e-14	4.85e-10	1.36e-06	6.01e-04	9.81e-01	1.81e-02	1.92e-06	2.00e-15	5.99e-15	1.00e-14	1.57e-10	3.28e-10	4.35e-46
 1.46974e+15	3.06e-14	5.82e-10	1.55e-06	6.44e-04	9.82e-01	1.69e-02	1.67e-06	2.50e-15	7.52e-15	1.26e-14	1.88e-10	3.94e-10	8.39e-46
 1.51922e+15	3.89e-14	7.06e-10	1.78e-06	6.94e-04	9.84e-01	1.57e-02	1.45e-06	3.19e-15	9.58e-15	1.60e-14	2.28e-10	4.78e-10	1.68e-45
 1.57814e+15	5.13e-14	8.82e-10	2.08e-06	7.56e-04	9.85e-01	1.45e-02	1.23e-06	4.21e-15	1.26e-14	2.11e-14	2.85e-10	5.97e-10	3.76e-45
 1.62821e+15	6.39e-14	1.06e-09	2.37e-06	8.11e-04	9.86e-01	1.35e-02	1.07e-06	5.25e-15	1.58e-14	2.64e-14	3.42e-10	7.15e-10	7.20e-45
 1.66229e+15	7.40e-14	1.19e-09	2.58e-06	8.50e-04	9.86e-01	1.29e-02	9.75e-07	6.08e-15	1.83e-14	3.05e-14	3.85e-10	8.07e-10	1.11e-44
 1.69674e+15	8.57e-14	1.34e-09	2.81e-06	8.90e-04	9.87e-01	1.23e-02	0.00e+00	7.05e-15	2.12e-14	3.54e-14	4.34e-10	9.09e-10	1.70e-44
 1.74153e+15	1.03e-13	1.56e-09	3.14e-06	9.44e-04	9.87e-01	1.16e-02	0.00e+00	8.49e-15	2.55e-14	4.26e-14	5.04e-10	1.06e-09	2.92e-44
 1.79206e+15	1.19e-13	1.84e-09	3.53e-06	1.01e-03	9.88e-01	1.09e-02	0.00e+00	9.77e-15	2.93e-14	4.90e-14	5.96e-10	1.25e-09	5.21e-44
 1.83958e+15	1.42e-13	2.14e-09	3.94e-06	1.07e-03	9.89e-01	1.03e-02	0.00e+00	1.17e-14	3.50e-14	5.85e-14	6.92e-10	1.45e-09	8.90e-44
 1.89089e+15	1.71e-13	2.50e-09	4.42e-06	1.14e-03	9.89e-01	9.68e-03	0.00e+00	1.41e-14	4.23e-14	7.07e-14	8.10e-10	1.69e-09	1.57e-43
 1.94802e+15	2.08e-13	2.97e-09	5.00e-06	1.22e-03	9.90e-01	9.05e-03	0.00e+00	1.72e-14	5.16e-14	8.62e-14	9.60e-10	2.01e-09	2.89e-43
 2.00108e+15	2.49e-13	3.46e-09	5.59e-06	1.29e-03	9.90e-01	8.52e-03	0.00e+00	2.06e-14	6.18e-14	1.03e-13	1.12e-09	2.34e-09	5.04e-43
 2.05846e+15	3.01e-13	4.07e-09	6.30e-06	1.38e-03	9.91e-01	7.98e-03	0.00e+00	2.48e-14	7.45e-14	1.25e-13	1.32e-09	2.75e-09	8.97e-43
 2.12243e+15	3.67e-13	4.84e-09	7.15e-06	1.48e-03	9.91e-01	7.45e-03	0.00e+00	3.03e-14	9.10e-14	1.52e-13	1.57e-09	3.27e-09	1.67e-42
 2.18235e+15	4.38e-13	5.66e-09	8.03e-06	1.58e-03	9.91e-01	6.99e-03	0.00e+00	3.62e-14	1.09e-13	1.82e-13	1.83e-09	3.83e-09	2.94e-42
 2.24761e+15	5.29e-13	6.67e-09	9.08e-06	1.69e-03	9.92e-01	6.52e-03	0.00e+00	4.38e-14	1.31e-13	2.20e-13	2.16e-09	4.51e-09	5.32e-42
 2.32085e+15	6.47e-13	7.99e-09	1.04e-05	1.83e-03	9.92e-01	6.06e-03	0.00e+00	5.36e-14	1.61e-13	2.69e-13	2.59e-09	5.40e-09	1.02e-41
 2.39019e+15	7.75e-13	9.41e-09	1.17e-05	1.96e-03	9.92e-01	5.65e-03	0.00e+00	6.43e-14	1.93e-13	3.23e-13	3.05e-09	6.36e-09	1.86e-41
 2.46603e+15	9.43e-13	1.12e-08	1.34e-05	2.10e-03	9.93e-01	5.26e-03	0.00e+00	7.83e-14	2.35e-13	3.93e-13	3.63e-09	7.57e-09	3.48e-41
 2.55138e+15	1.16e-12	1.35e-08	1.54e-05	2.28e-03	9.93e-01	4.85e-03	0.00e+00	9.62e-14	2.89e-13	4.83e-13	4.39e-09	9.13e-09	6.85e-41
 2.63277e+15	1.39e-12	1.61e-08	1.75e-05	2.45e-03	9.93e-01	4.50e-03	0.00e+00	1.16e-13	3.48e-13	5.82e-13	5.22e-09	1.09e-08	1.28e-40
 2.72225e+15	1.70e-12	1.93e-08	2.01e-05	2.66e-03	9.93e-01	4.16e-03	0.00e+00	1.42e-13	4.25e-13	7.11e-13	6.26e-09	1.30e-08	2.48e-40
 2.82335e+15	2.09e-12	2.35e-08	2.34e-05	2.90e-03	9.93e-01	3.81e-03	0.00e+00	1.75e-13	5.25e-13	8.77e-13	7.64e-09	1.59e-08	5.11e-40
 2.91835e+15	2.52e-12	2.81e-08	2.69e-05	3.14e-03	9.93e-01	3.52e-03	0.00e+00	2.10e-13	6.31e-13	1.05e-12	9.14e-09	1.90e-08	9.79e-40
 3.00729e+15	2.99e-12	3.31e-08	3.04e-05	3.37e-03	9.93e-01	3.27e-03	0.00e+00	2.50e-13	7.50e-13	1.25e-12	1.08e-08	2.24e-08	1.78e-39
 3.08779e+15	3.42e-12	3.81e-08	3.39e-05	3.59e-03	9.93e-01	3.07e-03	0.00e+00	2.86e-13	8.59e-13	1.44e-12	1.24e-08	2.57e-08	2.96e-39
 3.15719e+15	3.86e-12	4.29e-08	3.72e-05	3.79e-03	9.93e-01	2.90e-03	0.00e+00	3.23e-13	9.70e-13	1.62e-12	1.39e-08	2.89e-08	4.56e-39
 3.23389e+15	4.39e-12	4.87e-08	4.10e-05	4.01e-03	9.93e-01	2.74e-03	0.00e+00	3.68e-13	1.11e-12	1.85e-12	1.58e-08	3.28e-08	7.29e-39
 3.33360e+15	5.19e-12	5.73e-08	4.65e-05	4.32e-03	9.93e-01	2.54e-03	0.00e+00	4.36e-13	1.31e-12	2.18e-12	1.87e-08	3.86e-08	1.34e-38
 3.43514e+15	6.03e-12	6.71e-08	5.26e-05	4.64e-03	9.93e-01	2.36e-03	0.00e+00	5.07e-13	1.52e-12	2.54e-12	2.19e-08	4.53e-08	2.41e-38
 3.51702e+15	6.80e-12	7.59e-08	5.80e-05	4.91e-03	9.93e-01	2.23e-03	0.00e+00	5.73e-13	1.72e-12	2.87e-12	2.48e-08	5.11e-08	3.78e-38
 3.60145e+15	7.71e-12	8.61e-08	6.39e-05	5.20e-03	9.93e-01	2.10e-03	0.00e+00	6.50e-13	1.95e-12	3.26e-12	2.81e-08	5.80e-08	6.05e-38
 3.71119e+15	9.01e-12	1.01e-07	7.23e-05	5.59e-03	9.92e-01	1.95e-03	0.00e+00	7.61e-13	2.28e-12	3.81e-12	3.29e-08	6.80e-08	1.10e-37
 3.82532e+15	1.04e-11	1.18e-07	8.18e-05	6.02e-03	9.92e-01	1.81e-03	0.00e+00	8.83e-13	2.65e-12	4.43e-12	3.86e-08	7.96e-08	2.00e-37
 3.92116e+15	1.18e-11	1.34e-07	9.05e-05	6.39e-03	9.92e-01	1.70e-03	0.00e+00	9.99e-13	3.00e-12	5.01e-12	4.39e-08	9.04e-08	3.22e-37
 4.02178e+15	1.35e-11	1.53e-07	1.00e-04	6.80e-03	9.92e-01	1.59e-03	0.00e+00	1.14e-12	3.42e-12	5.72e-12	5.01e-08	1.03e-07	5.31e-37
 4.15259e+15	1.58e-11	1.82e-07	1.14e-04	7.34e-03	9.91e-01	1.47e-03	0.00e+00	1.34e-12	4.03e-12	6.73e-12	5.94e-08	1.22e-07	1.01e-36
 4.28772e+15	1.84e-11	2.14e-07	1.30e-04	7.94e-03	9.91e-01	1.36e-03	0.00e+00	1.56e-12	4.69e-12	7.84e-12	7.02e-08	1.44e-07	1.88e-36
 4.40066e+15	2.08e-11	2.45e-07	1.45e-04	8.45e-03	9.90e-01	1.27e-03	0.00e+00	1.77e-12	5.31e-12	8.87e-12	8.03e-08	1.65e-07	3.17e-36
 4.51967e+15	2.38e-11	2.82e-07	1.62e-04	9.02e-03	9.90e-01	1.19e-03	0.00e+00	2.03e-12	6.09e-12	1.02e-11	9.24e-08	1.90e-07	5.48e-36
 4.67439e+15	2.83e-11	3.36e-07	1.85e-04	9.78e-03	9.89e-01	1.09e-03	0.00e+00	2.41e-12	7.25e-12	1.21e-11	1.10e-07	2.26e-07	1.10e-35
 4.83699e+15	3.32e-11	4.01e-07	2.13e-04	1.06e-02	9.88e-01	9.99e-04	0.00e+00	2.83e-12	8.50e-12	1.42e-11	1.32e-07	2.70e-07	2.18e-35
 4.97735e+15	3.78e-11	4.65e-07	2.39e-04	1.14e-02	9.87e-01	9.29e-04	0.00e+00	3.24e-12	9.72e-12	1.62e-11	1.52e-07	3.12e-07	3.86e-35
 5.12732e+15	4.40e-11	5.43e-07	2.70e-04	1.22e-02	9.87e-01	8.61e-04	0.00e+00	3.77e-12	1.13e-11	1.89e-11	1.78e-07	3.65e-07	7.09e-35
 5.31634e+15	5.27e-11	6.56e-07	3.13e-04	1.34e-02	9.86e-01	7.84e-04	0.00e+00	4.53e-12	1.36e-11	2.27e-11	2.15e-07	4.40e-07	1.48e-34
 5.50938e+15	6.21e-11	7.88e-07	3.62e-04	1.46e-02	9.84e-01	7.16e-04	0.00e+00	5.34e-12	1.60e-11	2.68e-11	2.59e-07	5.29e-07	2.99e-34
 5.65409e+15	7.06e-11	9.00e-07	4.01e-04	1.55e-02	9.83e-01	6.70e-04	0.00e+00	6.08e-12	1.83e-11	3.05e-11	2.96e-07	6.04e-07	4.97e-34
 5.76180e+15	7.60e-11	9.94e-07	4.33e-04	1.62e-02	9.83e-01	6.38e-04	0.00e+00	6.55e-12	1.97e-11	3.28e-11	3.27e-07	6.67e-07	7.25e-34
 5.88087e+15	8.46e-11	1.11e-06	4.71e-04	1.70e-02	9.82e-01	6.05e-04	0.00e+00	7.30e-12	2.19e-11	3.66e-11	3.65e-07	7.44e-07	1.11e-33
 6.03566e+15	9.76e-11	1.27e-06	5.24e-04	1.82e-02	9.81e-01	5.65e-04	0.00e+00	8.43e-12	2.53e-11	4.22e-11	4.19e-07	8.54e-07	1.88e-33
 6.20491e+15	1.11e-10	1.48e-06	5.87e-04	1.94e-02	9.79e-01	5.26e-04	0.00e+00	9.57e-12	2.87e-11	4.79e-11	4.86e-07	9.90e-07	3.27e-33
 6.35681e+15	1.26e-10	1.68e-06	6.47e-04	2.06e-02	9.78e-01	4.95e-04	0.00e+00	1.09e-11	3.27e-11	5.47e-11	5.52e-07	1.12e-06	5.27e-33
 6.51812e+15	1.43e-10	1.92e-06	7.18e-04	2.19e-02	9.77e-01	4.63e-04	0.00e+00	1.24e-11	3.72e-11	6.21e-11	6.33e-07	1.29e-06	8.78e-33
 6.72782e+15	1.70e-10	2.28e-06	8.18e-04	2.36e-02	9.75e-01	4.26e-04	0.00e+00	1.47e-11	4.42e-11	7.38e-11	7.52e-07	1.53e-06	1.65e-32
 6.93739e+15	1.98e-10	2.68e-06	9.27e-04	2.54e-02	9.73e-01	3.93e-04	0.00e+00	1.72e-11	5.18e-11	8.64e-11	8.85e-07	1.80e-06	2.98e-32
 7.10063e+15	2.24e-10	3.03e-06	1.02e-03	2.69e-02	9.72e-01	3.70e-04	0.00e+00	1.95e-11	5.85e-11	9.76e-11	1.00e-06	2.03e-06	4.64e-32
 7.26669e+15	2.56e-10	3.45e-06	1.12e-03	2.85e-02	9.70e-01	3.48e-04	0.00e+00	2.23e-11	6.68e-11	1.11e-10	1.14e-06	2.31e-06	7.39e-32
 7.48256e+15	3.02e-10	4.05e-06	1.27e-03	3.06e-02	9.68e-01	3.21e-04	0.00e+00	2.63e-11	7.90e-11	1.32e-10	1.34e-06	2.71e-06	1.33e-31
 7.71070e+15	3.54e-10	4.76e-06	1.44e-03	3.29e-02	9.65e-01	2.97e-04	0.00e+00	3.09e-11	9.27e-11	1.55e-10	1.57e-06	3.19e-06	2.35e-31
 7.90806e+15	4.05e-10	5.45e-06	1.59e-03	3.50e-02	9.63e-01	2.78e-04	0.00e+00	3.54e-11	1.06e-10	1.77e-10	1.80e-06	3.65e-06	3.77e-31
 8.11790e+15	4.73e-10	6.32e-06	1.78e-03	3.73e-02	9.61e-01	2.59e-04	0.00e+00	4.14e-11	1.24e-10	2.08e-10	2.09e-06	4.23e-06	6.33e-31
 8.39069e+15	5.76e-10	7.61e-06	2.05e-03	4.05e-02	9.57e-01	2.36e-04	0.00e+00	5.05e-11	1.52e-10	2.53e-10	2.52e-06	5.10e-06	1.21e-30
 8.66542e+15	6.88e-10	9.04e-06	2.34e-03	4.38e-02	9.54e-01	2.17e-04	0.00e+00	6.04e-11	1.81e-10	3.02e-10	2.99e-06	6.05e-06	2.16e-30
 8.88818e+15	7.97e-10	1.04e-05	2.61e-03	4.66e-02	9.51e-01	2.03e-04	0.00e+00	7.01e-11	2.10e-10	3.51e-10	3.44e-06	6.96e-06	3.44e-30
 9.12327e+15	9.44e-10	1.21e-05	2.92e-03	4.98e-02	9.47e-01	1.88e-04	0.00e+00	8.30e-11	2.49e-10	4.16e-10	4.00e-06	8.09e-06	5.69e-30
 9.42887e+15	1.15e-09	1.46e-05	3.37e-03	5.41e-02	9.42e-01	1.72e-04	0.00e+00	1.01e-10	3.04e-10	5.07e-10	4.83e-06	9.77e-06	1.07e-29
 9.73602e+15	1.39e-09	1.74e-05	3.87e-03	5.85e-02	9.37e-01	1.57e-04	0.00e+00	1.22e-10	3.67e-10	6.13e-10	5.76e-06	1.16e-05	1.87e-29
 9.96512e+15	1.59e-09	1.98e-05	4.27e-03	6.20e-02	9.34e-01	1.48e-04	0.00e+00	1.40e-10	4.21e-10	7.02e-10	6.54e-06	1.32e-05	2.77e-29
 1.01829e+16	1.84e-09	2.25e-05	4.71e-03	6.55e-02	9.30e-01	1.39e-04	0.00e+00	1.62e-10	4.87e-10	8.12e-10	7.44e-06	1.50e-05	4.18e-29
 1.04263e+16	2.13e-09	2.57e-05	5.23e-03	6.95e-02	9.25e-01	1.30e-04	0.00e+00	1.88e-10	5.65e-10	9.42e-10	8.52e-06	1.72e-05	6.34e-29
 1.06607e+16	2.45e-09	2.92e-05	5.78e-03	7.37e-02	9.20e-01	1.22e-04	0.00e+00	2.17e-10	6.50e-10	1.08e-09	9.68e-06	1.95e-05	9.46e-29
 1.09233e+16	2.89e-09	3.39e-05	6.48e-03	7.85e-02	9.15e-01	1.14e-04	0.00e+00	2.56e-10	7.67e-10	1.28e-09	1.12e-05	2.27e-05	1.49e-28
 1.11961e+16	3.37e-09	3.90e-05	7.25e-03	8.37e-02	9.09e-01	1.06e-04	0.00e+00	2.99e-10	8.97e-10	1.50e-09	1.29e-05	2.61e-05	2.29e-28
