#depth	He	He+	He+2
 1.49634e+10	1.21e-22	5.92e-12	1.00e+00
 4.54887e+10	1.37e-22	6.41e-12	1.00e+00
 7.72350e+10	1.55e-22	6.93e-12	1.00e+00
 1.10251e+11	1.75e-22	7.50e-12	1.00e+00
 1.40997e+11	1.95e-22	8.05e-12	1.00e+00
 1.68002e+11	2.14e-22	8.55e-12	1.00e+00
 1.98109e+11	2.36e-22	9.12e-12	1.00e+00
 2.34392e+11	2.67e-22	9.84e-12	1.00e+00
 2.70937e+11	3.01e-22	1.06e-11	1.00e+00
 3.04430e+11	3.34e-22	1.13e-11	1.00e+00
 3.41722e+11	3.74e-22	1.21e-11	1.00e+00
 3.85019e+11	4.26e-22	1.31e-11	1.00e+00
 4.27441e+11	4.83e-22	1.41e-11	1.00e+00
 4.67567e+11	5.41e-22	1.51e-11	1.00e+00
 5.12205e+11	6.11e-22	1.62e-11	1.00e+00
 5.62620e+11	7.00e-22	1.76e-11	1.00e+00
 6.13291e+11	8.00e-22	1.90e-11	1.00e+00
 6.60929e+11	9.03e-22	2.03e-11	1.00e+00
 7.12234e+11	1.02e-21	2.19e-11	1.00e+00
 7.69428e+11	1.17e-21	2.36e-11	1.00e+00
 8.24730e+11	1.34e-21	2.54e-11	1.00e+00
 8.83466e+11	1.52e-21	2.74e-11	1.00e+00
 9.40796e+11	1.73e-21	2.94e-11	1.00e+00
 9.88046e+11	1.91e-21	3.11e-11	1.00e+00
 1.03844e+12	2.12e-21	3.29e-11	1.00e+00
 1.10323e+12	2.42e-21	3.54e-11	1.00e+00
 1.17163e+12	2.78e-21	3.82e-11	1.00e+00
 1.23224e+12	3.12e-21	4.07e-11	1.00e+00
 1.29781e+12	3.51e-21	4.35e-11	1.00e+00
 1.37654e+12	4.06e-21	4.70e-11	1.00e+00
 1.45608e+12	4.68e-21	5.08e-11	1.00e+00
 1.53042e+12	5.31e-21	5.44e-11	1.00e+00
 1.61317e+12	6.08e-21	5.86e-11	1.00e+00
 1.70762e+12	7.09e-21	6.36e-11	1.00e+00
 1.80216e+12	8.22e-21	6.89e-11	1.00e+00
 1.88646e+12	9.35e-21	7.38e-11	1.00e+00
 1.96110e+12	1.04e-20	7.83e-11	1.00e+00
 2.04557e+12	1.17e-20	8.36e-11	1.00e+00
 2.15015e+12	1.36e-20	9.05e-11	1.00e+00
 2.25558e+12	1.57e-20	9.78e-11	1.00e+00
 2.34611e+12	1.77e-20	1.04e-10	1.00e+00
 2.44256e+12	1.99e-20	1.12e-10	1.00e+00
 2.56198e+12	2.31e-20	1.21e-10	1.00e+00
 2.68302e+12	2.69e-20	1.32e-10	1.00e+00
 2.78962e+12	3.04e-20	1.41e-10	1.00e+00
 2.90565e+12	3.46e-20	1.52e-10	1.00e+00
 3.03595e+12	4.01e-20	1.65e-10	1.00e+00
 3.15905e+12	4.58e-20	1.78e-10	1.00e+00
 3.27575e+12	5.17e-20	1.91e-10	1.00e+00
 3.40985e+12	5.90e-20	2.07e-10	1.00e+00
 3.56029e+12	6.86e-20	2.25e-10	1.00e+00
 3.70270e+12	7.86e-20	2.44e-10	1.00e+00
 3.85859e+12	9.03e-20	2.66e-10	1.00e+00
 4.03140e+12	1.06e-19	2.92e-10	1.00e+00
 4.19284e+12	1.22e-19	3.18e-10	1.00e+00
 4.36934e+12	1.41e-19	3.48e-10	1.00e+00
 4.56800e+12	1.67e-19	3.83e-10	1.00e+00
 4.73614e+12	1.91e-19	4.15e-10	1.00e+00
 4.86769e+12	2.11e-19	4.42e-10	1.00e+00
 5.01102e+12	2.34e-19	4.71e-10	1.00e+00
 5.19735e+12	2.67e-19	5.11e-10	1.00e+00
 5.40130e+12	3.07e-19	5.58e-10	1.00e+00
 5.57929e+12	3.46e-19	6.00e-10	1.00e+00
 5.73615e+12	3.81e-19	6.39e-10	1.00e+00
 5.91441e+12	4.24e-19	6.84e-10	1.00e+00
 6.14614e+12	4.85e-19	7.46e-10	1.00e+00
 6.38478e+12	5.57e-19	8.13e-10	1.00e+00
 6.58247e+12	6.19e-19	8.70e-10	1.00e+00
 6.78954e+12	6.87e-19	9.33e-10	1.00e+00
 7.05874e+12	7.86e-19	1.02e-09	1.00e+00
 7.33863e+12	9.02e-19	1.11e-09	1.00e+00
 7.57481e+12	1.01e-18	1.19e-09	1.00e+00
 7.82424e+12	1.12e-18	1.28e-09	1.00e+00
 8.13949e+12	1.28e-18	1.40e-09	1.00e+00
 8.46495e+12	1.47e-18	1.52e-09	1.00e+00
 8.75060e+12	1.65e-18	1.64e-09	1.00e+00
 9.05988e+12	1.85e-18	1.77e-09	1.00e+00
 9.40684e+12	2.11e-18	1.93e-09	1.00e+00
 9.74764e+12	2.38e-18	2.08e-09	1.00e+00
 1.00804e+13	2.66e-18	2.24e-09	1.00e+00
 1.03945e+13	2.96e-18	2.40e-09	1.00e+00
 1.07396e+13	3.30e-18	2.58e-09	1.00e+00
 1.10961e+13	3.69e-18	2.77e-09	1.00e+00
 1.13932e+13	4.03e-18	2.94e-09	1.00e+00
 1.17052e+13	4.41e-18	3.12e-09	1.00e+00
 1.21107e+13	4.95e-18	3.37e-09	1.00e+00
 1.25331e+13	5.57e-18	3.64e-09	1.00e+00
 1.28910e+13	6.13e-18	3.87e-09	1.00e+00
 1.32696e+13	6.74e-18	4.13e-09	1.00e+00
 1.37619e+13	7.62e-18	4.48e-09	1.00e+00
 1.42759e+13	8.64e-18	4.86e-09	1.00e+00
 1.47146e+13	9.57e-18	5.20e-09	1.00e+00
 1.51811e+13	1.06e-17	5.58e-09	1.00e+00
 1.57687e+13	1.21e-17	6.08e-09	1.00e+00
 1.63807e+13	1.37e-17	6.62e-09	1.00e+00
 1.69310e+13	1.53e-17	7.14e-09	1.00e+00
 1.75340e+13	1.72e-17	7.73e-09	1.00e+00
 1.82472e+13	1.96e-17	8.46e-09	1.00e+00
 1.89272e+13	2.21e-17	9.20e-09	1.00e+00
 1.95156e+13	2.45e-17	9.87e-09	1.00e+00
 2.01614e+13	2.72e-17	1.06e-08	1.00e+00
 2.09519e+13	3.09e-17	1.16e-08	1.00e+00
 2.16657e+13	3.46e-17	1.26e-08	1.00e+00
 2.21844e+13	3.74e-17	1.33e-08	1.00e+00
 2.27140e+13	4.05e-17	1.40e-08	1.00e+00
 2.34025e+13	4.48e-17	1.50e-08	1.00e+00
 2.41633e+13	4.99e-17	1.61e-08	1.00e+00
 2.48660e+13	5.50e-17	1.72e-08	1.00e+00
 2.56273e+13	6.10e-17	1.85e-08	1.00e+00
 2.64869e+13	6.85e-17	1.99e-08	1.00e+00
 2.73077e+13	7.62e-17	2.14e-08	1.00e+00
 2.82082e+13	8.55e-17	2.30e-08	1.00e+00
 2.92183e+13	9.71e-17	2.49e-08	1.00e+00
 3.01770e+13	1.09e-16	2.68e-08	1.00e+00
 3.12295e+13	1.24e-16	2.89e-08	1.00e+00
 3.24759e+13	1.43e-16	3.16e-08	1.00e+00
 3.37076e+13	1.65e-16	3.43e-08	1.00e+00
 3.48536e+13	1.87e-16	3.69e-08	1.00e+00
 3.59078e+13	2.09e-16	3.94e-08	1.00e+00
 3.70309e+13	2.36e-16	4.21e-08	1.00e+00
 3.82903e+13	2.68e-16	4.53e-08	1.00e+00
 3.94859e+13	3.02e-16	4.84e-08	1.00e+00
 4.07991e+13	3.43e-16	5.19e-08	1.00e+00
 4.22685e+13	3.93e-16	5.59e-08	1.00e+00
 4.35940e+13	4.44e-16	5.97e-08	1.00e+00
 4.47793e+13	4.93e-16	6.31e-08	1.00e+00
 4.61291e+13	5.53e-16	6.71e-08	1.00e+00
 4.78447e+13	6.39e-16	7.25e-08	1.00e+00
 4.96269e+13	7.37e-16	7.82e-08	1.00e+00
 5.11956e+13	8.33e-16	8.33e-08	1.00e+00
 5.28960e+13	9.47e-16	8.91e-08	1.00e+00
 5.49492e+13	1.10e-15	9.63e-08	1.00e+00
 5.70108e+13	1.27e-15	1.04e-07	1.00e+00
 5.88835e+13	1.44e-15	1.11e-07	1.00e+00
 6.09607e+13	1.65e-15	1.19e-07	1.00e+00
 6.33924e+13	1.93e-15	1.29e-07	1.00e+00
 6.56586e+13	2.22e-15	1.38e-07	1.00e+00
 6.75909e+13	2.48e-15	1.47e-07	1.00e+00
 6.97157e+13	2.81e-15	1.56e-07	1.00e+00
 7.23500e+13	3.25e-15	1.69e-07	1.00e+00
 7.49091e+13	3.73e-15	1.81e-07	1.00e+00
 7.68839e+13	4.13e-15	1.91e-07	1.00e+00
 7.88369e+13	4.56e-15	2.01e-07	1.00e+00
 8.13757e+13	5.16e-15	2.14e-07	1.00e+00
 8.40463e+13	5.86e-15	2.29e-07	1.00e+00
 8.63434e+13	6.52e-15	2.42e-07	1.00e+00
 8.87846e+13	7.27e-15	2.56e-07	1.00e+00
 9.19582e+13	8.36e-15	2.75e-07	1.00e+00
 9.52151e+13	9.59e-15	2.96e-07	1.00e+00
 9.79111e+13	1.07e-14	3.13e-07	1.00e+00
 1.00747e+14	1.20e-14	3.32e-07	1.00e+00
 1.04411e+14	1.38e-14	3.58e-07	1.00e+00
 1.08253e+14	1.59e-14	3.85e-07	1.00e+00
 1.11590e+14	1.79e-14	4.10e-07	1.00e+00
 1.15174e+14	2.03e-14	4.38e-07	1.00e+00
 1.19558e+14	2.35e-14	4.73e-07	1.00e+00
 1.23961e+14	2.72e-14	5.10e-07	1.00e+00
 1.27857e+14	3.07e-14	5.43e-07	1.00e+00
 1.32116e+14	3.49e-14	5.81e-07	1.00e+00
 1.37229e+14	4.05e-14	6.29e-07	1.00e+00
 1.42318e+14	4.67e-14	6.78e-07	1.00e+00
 1.46929e+14	5.29e-14	7.24e-07	1.00e+00
 1.52053e+14	6.05e-14	7.77e-07	1.00e+00
 1.58064e+14	7.04e-14	8.41e-07	1.00e+00
 1.64002e+14	8.13e-14	9.08e-07	1.00e+00
 1.69578e+14	9.25e-14	9.72e-07	1.00e+00
 1.74823e+14	1.04e-13	1.03e-06	1.00e+00
 1.79445e+14	1.15e-13	1.09e-06	1.00e+00
 1.84341e+14	1.28e-13	1.15e-06	1.00e+00
 1.90706e+14	1.46e-13	1.24e-06	1.00e+00
 1.97134e+14	1.65e-13	1.32e-06	1.00e+00
 2.02287e+14	1.82e-13	1.39e-06	1.00e+00
 2.07627e+14	2.01e-13	1.47e-06	1.00e+00
 2.14570e+14	2.28e-13	1.57e-06	1.00e+00
 2.21921e+14	2.59e-13	1.68e-06	1.00e+00
 2.28308e+14	2.88e-13	1.78e-06	1.00e+00
 2.35119e+14	3.22e-13	1.89e-06	1.00e+00
 2.43763e+14	3.69e-13	2.03e-06	1.00e+00
 2.52671e+14	4.21e-13	2.18e-06	1.00e+00
 2.60429e+14	4.71e-13	2.32e-06	1.00e+00
 2.68808e+14	5.30e-13	2.47e-06	1.00e+00
 2.79030e+14	6.08e-13	2.67e-06	1.00e+00
 2.89375e+14	6.95e-13	2.87e-06	1.00e+00
 2.98692e+14	7.80e-13	3.06e-06	1.00e+00
 3.08943e+14	8.82e-13	3.27e-06	1.00e+00
 3.21048e+14	1.01e-12	3.53e-06	1.00e+00
 3.33031e+14	1.16e-12	3.80e-06	1.00e+00
 3.44160e+14	1.30e-12	4.06e-06	1.00e+00
 3.56623e+14	1.48e-12	4.36e-06	1.00e+00
 3.68620e+14	1.67e-12	4.66e-06	1.00e+00
 3.77480e+14	1.81e-12	4.89e-06	1.00e+00
 3.86384e+14	1.97e-12	5.13e-06	1.00e+00
 3.97958e+14	2.19e-12	5.44e-06	1.00e+00
 4.10487e+14	2.45e-12	5.79e-06	1.00e+00
 4.21739e+14	2.69e-12	6.12e-06	1.00e+00
 4.33848e+14	2.98e-12	6.48e-06	1.00e+00
 4.49521e+14	3.38e-12	6.96e-06	1.00e+00
 4.65369e+14	3.82e-12	7.47e-06	1.00e+00
 4.78236e+14	4.21e-12	7.90e-06	1.00e+00
 4.91684e+14	4.64e-12	8.36e-06	1.00e+00
 5.09166e+14	5.26e-12	8.99e-06	1.00e+00
 5.27744e+14	5.98e-12	9.67e-06	1.00e+00
 5.44030e+14	6.66e-12	1.03e-05	1.00e+00
 5.61489e+14	7.46e-12	1.10e-05	1.00e+00
 5.82799e+14	8.53e-12	1.19e-05	1.00e+00
 6.04034e+14	9.71e-12	1.28e-05	1.00e+00
 6.22611e+14	1.08e-11	1.36e-05	1.00e+00
 6.42815e+14	1.22e-11	1.46e-05	1.00e+00
 6.67334e+14	1.39e-11	1.58e-05	1.00e+00
 6.91747e+14	1.59e-11	1.70e-05	1.00e+00
 7.13376e+14	1.78e-11	1.81e-05	1.00e+00
 7.37103e+14	2.01e-11	1.95e-05	1.00e+00
 7.65539e+14	2.31e-11	2.11e-05	1.00e+00
 7.93759e+14	2.65e-11	2.28e-05	1.00e+00
 8.17447e+14	2.96e-11	2.42e-05	1.00e+00
 8.41585e+14	3.30e-11	2.58e-05	1.00e+00
 8.67309e+14	3.70e-11	2.75e-05	1.00e+00
 8.89633e+14	4.07e-11	2.90e-05	1.00e+00
 9.13189e+14	4.50e-11	3.07e-05	1.00e+00
 9.43812e+14	5.11e-11	3.30e-05	1.00e+00
 9.74946e+14	5.79e-11	3.54e-05	1.00e+00
 1.00014e+15	6.39e-11	3.73e-05	1.00e+00
 1.02630e+15	7.06e-11	3.95e-05	1.00e+00
 1.06030e+15	8.02e-11	4.23e-05	1.00e+00
 1.09613e+15	9.13e-11	4.55e-05	1.00e+00
 1.12701e+15	1.02e-10	4.83e-05	1.00e+00
 1.15985e+15	1.14e-10	5.14e-05	1.00e+00
 1.20200e+15	1.31e-10	5.55e-05	1.00e+00
 1.24550e+15	1.51e-10	5.99e-05	1.00e+00
 1.28317e+15	1.70e-10	6.39e-05	1.00e+00
 1.32400e+15	1.93e-10	6.84e-05	1.00e+00
 1.37404e+15	2.25e-10	7.41e-05	1.00e+00
 1.42461e+15	2.60e-10	8.02e-05	1.00e+00
 1.46974e+15	2.95e-10	8.58e-05	1.00e+00
 1.51922e+15	3.38e-10	9.22e-05	1.00e+00
 1.57814e+15	3.95e-10	1.00e-04	1.00e+00
 1.62821e+15	4.49e-10	1.07e-04	1.00e+00
 1.66229e+15	4.90e-10	1.12e-04	1.00e+00
 1.69674e+15	5.34e-10	1.17e-04	1.00e+00
 1.74153e+15	5.95e-10	1.24e-04	1.00e+00
 1.79206e+15	6.70e-10	1.32e-04	1.00e+00
 1.83958e+15	7.49e-10	1.40e-04	1.00e+00
 1.89089e+15	8.41e-10	1.49e-04	1.00e+00
 1.94802e+15	9.55e-10	1.59e-04	1.00e+00
 2.00108e+15	1.07e-09	1.69e-04	1.00e+00
 2.05846e+15	1.21e-09	1.80e-04	1.00e+00
 2.12243e+15	1.38e-09	1.93e-04	1.00e+00
 2.18235e+15	1.56e-09	2.05e-04	1.00e+00
 2.24761e+15	1.77e-09	2.19e-04	1.00e+00
 2.32085e+15	2.04e-09	2.35e-04	1.00e+00
 2.39019e+15	2.32e-09	2.52e-04	1.00e+00
 2.46603e+15	2.67e-09	2.70e-04	1.00e+00
 2.55138e+15	3.10e-09	2.92e-04	1.00e+00
 2.63277e+15	3.57e-09	3.13e-04	1.00e+00
 2.72225e+15	4.15e-09	3.38e-04	1.00e+00
 2.82335e+15	4.89e-09	3.67e-04	1.00e+00
 2.91835e+15	5.67e-09	3.96e-04	1.00e+00
 3.00729e+15	6.48e-09	4.24e-04	1.00e+00
 3.08779e+15	7.32e-09	4.51e-04	1.00e+00
 3.15719e+15	8.09e-09	4.74e-04	1.00e+00
 3.23389e+15	9.03e-09	5.01e-04	9.99e-01
 3.33360e+15	1.04e-08	5.38e-04	9.99e-01
 3.43514e+15	1.19e-08	5.76e-04	9.99e-01
 3.51702e+15	1.32e-08	6.08e-04	9.99e-01
 3.60145e+15	1.47e-08	6.41e-04	9.99e-01
 3.71119e+15	1.69e-08	6.87e-04	9.99e-01
 3.82532e+15	1.93e-08	7.36e-04	9.99e-01
 3.92116e+15	2.16e-08	7.79e-04	9.99e-01
 4.02178e+15	2.42e-08	8.25e-04	9.99e-01
 4.15259e+15	2.80e-08	8.88e-04	9.99e-01
 4.28772e+15	3.23e-08	9.54e-04	9.99e-01
 4.40066e+15	3.62e-08	1.01e-03	9.99e-01
 4.51967e+15	4.08e-08	1.07e-03	9.99e-01
 4.67439e+15	4.74e-08	1.16e-03	9.99e-01
 4.83699e+15	5.50e-08	1.25e-03	9.99e-01
 4.97735e+15	6.23e-08	1.33e-03	9.99e-01
 5.12732e+15	7.09e-08	1.43e-03	9.99e-01
 5.31634e+15	8.30e-08	1.55e-03	9.98e-01
 5.50938e+15	9.67e-08	1.67e-03	9.98e-01
 5.65409e+15	1.08e-07	1.77e-03	9.98e-01
 5.76180e+15	1.17e-07	1.84e-03	9.98e-01
 5.88087e+15	1.28e-07	1.93e-03	9.98e-01
 6.03566e+15	1.44e-07	2.05e-03	9.98e-01
 6.20491e+15	1.61e-07	2.17e-03	9.98e-01
 6.35681e+15	1.79e-07	2.29e-03	9.98e-01
 6.51812e+15	1.99e-07	2.42e-03	9.98e-01
 6.72782e+15	2.29e-07	2.59e-03	9.97e-01
 6.93739e+15	2.60e-07	2.77e-03	9.97e-01
 7.10063e+15	2.86e-07	2.91e-03	9.97e-01
 7.26669e+15	3.16e-07	3.06e-03	9.97e-01
 7.48256e+15	3.58e-07	3.27e-03	9.97e-01
 7.71070e+15	4.05e-07	3.49e-03	9.97e-01
 7.90806e+15	4.49e-07	3.68e-03	9.96e-01
 8.11790e+15	5.01e-07	3.90e-03	9.96e-01
 8.39069e+15	5.76e-07	4.19e-03	9.96e-01
 8.66542e+15	6.55e-07	4.49e-03	9.96e-01
 8.88818e+15	7.24e-07	4.74e-03	9.95e-01
 9.12327e+15	8.08e-07	5.03e-03	9.95e-01
 9.42887e+15	9.28e-07	5.42e-03	9.95e-01
 9.73602e+15	1.05e-06	5.81e-03	9.94e-01
 9.96512e+15	1.15e-06	6.10e-03	9.94e-01
 1.01829e+16	1.26e-06	6.42e-03	9.94e-01
 1.04263e+16	1.38e-06	6.77e-03	9.93e-01
 1.06607e+16	1.51e-06	7.12e-03	9.93e-01
 1.09233e+16	1.68e-06	7.55e-03	9.92e-01
 1.11961e+16	1.85e-06	8.00e-03	9.92e-01
 1.14420e+16	2.02e-06	8.42e-03	9.92e-01
 1.17212e+16	2.24e-06	8.96e-03	9.91e-01
 1.20141e+16	2.48e-06	9.52e-03	9.90e-01
 1.22760e+16	2.71e-06	1.01e-02	9.90e-01
 1.25677e+16	3.02e-06	1.07e-02	9.89e-01
 1.28781e+16	3.35e-06	1.15e-02	9.89e-01
 1.31585e+16	3.69e-06	1.22e-02	9.88e-01
 1.34267e+16	4.05e-06	1.29e-02	9.87e-01
 1.37334e+16	4.54e-06	1.39e-02	9.86e-01
 1.40600e+16	5.06e-06	1.50e-02	9.85e-01
 1.43478e+16	5.60e-06	1.60e-02	9.84e-01
 1.46163e+16	6.19e-06	1.71e-02	9.83e-01
 1.48812e+16	6.81e-06	1.83e-02	9.82e-01
 1.51370e+16	7.51e-06	1.95e-02	9.80e-01
 1.53832e+16	8.27e-06	2.09e-02	9.79e-01
 1.56254e+16	9.12e-06	2.24e-02	9.78e-01
 1.59038e+16	1.04e-05	2.43e-02	9.76e-01
 1.61873e+16	1.16e-05	2.65e-02	9.74e-01
 1.64156e+16	1.29e-05	2.85e-02	9.71e-01
 1.66160e+16	1.42e-05	3.05e-02	9.69e-01
 1.68416e+16	1.57e-05	3.31e-02	9.67e-01
 1.70886e+16	1.80e-05	3.63e-02	9.64e-01
 1.73006e+16	2.03e-05	3.94e-02	9.61e-01
 1.74756e+16	2.23e-05	4.24e-02	9.58e-01
 1.76653e+16	2.48e-05	4.61e-02	9.54e-01
 1.79118e+16	2.89e-05	5.17e-02	9.48e-01
 1.81492e+16	3.38e-05	5.81e-02	9.42e-01
 1.83161e+16	3.89e-05	6.36e-02	9.36e-01
 1.84416e+16	4.27e-05	6.82e-02	9.32e-01
 1.85722e+16	4.69e-05	7.36e-02	9.26e-01
 1.87421e+16	5.51e-05	8.18e-02	9.18e-01
 1.88985e+16	6.23e-05	9.03e-02	9.10e-01
 1.90177e+16	6.90e-05	9.80e-02	9.02e-01
 1.91526e+16	7.85e-05	1.08e-01	8.92e-01
 1.92998e+16	9.32e-05	1.21e-01	8.79e-01
 1.94136e+16	1.04e-04	1.32e-01	8.68e-01
 1.94891e+16	1.13e-04	1.40e-01	8.60e-01
 1.95639e+16	1.23e-04	1.49e-01	8.51e-01
 1.96612e+16	1.37e-04	1.62e-01	8.38e-01
 1.97590e+16	1.54e-04	1.76e-01	8.24e-01
 1.98323e+16	1.71e-04	1.88e-01	8.12e-01
 1.98855e+16	1.82e-04	1.98e-01	8.02e-01
 1.99375e+16	1.96e-04	2.08e-01	7.92e-01
 1.99960e+16	2.11e-04	2.19e-01	7.80e-01
 2.00628e+16	2.30e-04	2.34e-01	7.66e-01
 2.01372e+16	2.55e-04	2.51e-01	7.48e-01
 2.02041e+16	2.80e-04	2.68e-01	7.32e-01
 2.02611e+16	3.06e-04	2.83e-01	7.16e-01
 2.03106e+16	3.28e-04	2.97e-01	7.02e-01
 2.03630e+16	3.52e-04	3.13e-01	6.86e-01
 2.04312e+16	3.91e-04	3.35e-01	6.64e-01
 2.04981e+16	4.28e-04	3.58e-01	6.42e-01
 2.05633e+16	4.71e-04	3.81e-01	6.19e-01
 2.06329e+16	5.24e-04	4.07e-01	5.93e-01
 2.06896e+16	5.67e-04	4.28e-01	5.71e-01
 2.07447e+16	6.12e-04	4.50e-01	5.49e-01
 2.08164e+16	6.81e-04	4.80e-01	5.20e-01
 2.08868e+16	7.49e-04	5.08e-01	4.91e-01
 2.09452e+16	8.10e-04	5.33e-01	4.67e-01
 2.10110e+16	8.86e-04	5.61e-01	4.38e-01
 2.10728e+16	9.57e-04	5.85e-01	4.14e-01
 2.11155e+16	1.01e-03	6.02e-01	3.97e-01
 2.11573e+16	1.06e-03	6.19e-01	3.80e-01
 2.12116e+16	1.14e-03	6.41e-01	3.58e-01
 2.12688e+16	1.22e-03	6.63e-01	3.36e-01
 2.13191e+16	1.29e-03	6.81e-01	3.17e-01
 2.13736e+16	1.37e-03	7.01e-01	2.97e-01
 2.14339e+16	1.46e-03	7.22e-01	2.77e-01
 2.14889e+16	1.55e-03	7.39e-01	2.59e-01
 2.15386e+16	1.63e-03	7.54e-01	2.44e-01
 2.15943e+16	1.73e-03	7.71e-01	2.27e-01
 2.16536e+16	1.84e-03	7.87e-01	2.11e-01
 2.17067e+16	1.94e-03	8.00e-01	1.98e-01
 2.17647e+16	2.05e-03	8.15e-01	1.83e-01
 2.18280e+16	2.18e-03	8.29e-01	1.69e-01
 2.18838e+16	2.30e-03	8.40e-01	1.58e-01
 2.19330e+16	2.41e-03	8.49e-01	1.48e-01
 2.19880e+16	2.54e-03	8.59e-01	1.38e-01
 2.20494e+16	2.69e-03	8.70e-01	1.28e-01
 2.21063e+16	2.84e-03	8.78e-01	1.19e-01
 2.21560e+16	2.99e-03	8.85e-01	1.12e-01
 2.22087e+16	3.14e-03	8.92e-01	1.05e-01
 2.22667e+16	3.33e-03	8.99e-01	9.76e-02
 2.23190e+16	3.51e-03	9.05e-01	9.17e-02
 2.23656e+16	3.69e-03	9.10e-01	8.67e-02
 2.24173e+16	3.90e-03	9.15e-01	8.13e-02
 2.24752e+16	4.15e-03	9.20e-01	7.59e-02
 2.25273e+16	4.40e-03	9.24e-01	7.15e-02
 2.25706e+16	4.64e-03	9.27e-01	6.80e-02
 2.26166e+16	4.89e-03	9.31e-01	6.44e-02
 2.26764e+16	5.26e-03	9.35e-01	6.00e-02
 2.27363e+16	5.70e-03	9.38e-01	5.61e-02
 2.27811e+16	6.06e-03	9.40e-01	5.35e-02
 2.28181e+16	6.40e-03	9.42e-01	5.13e-02
 2.28602e+16	6.79e-03	9.44e-01	4.89e-02
 2.29148e+16	7.37e-03	9.47e-01	4.60e-02
 2.29723e+16	8.11e-03	9.49e-01	4.32e-02
 2.30199e+16	8.84e-03	9.50e-01	4.11e-02
 2.30604e+16	9.53e-03	9.51e-01	3.94e-02
 2.31051e+16	1.04e-02	9.52e-01	3.74e-02
 2.31549e+16	1.15e-02	9.53e-01	3.55e-02
 2.31991e+16	1.28e-02	9.53e-01	3.39e-02
 2.32340e+16	1.39e-02	9.53e-01	3.28e-02
 2.32634e+16	1.50e-02	9.53e-01	3.18e-02
 2.32958e+16	1.64e-02	9.53e-01	3.07e-02
 2.33320e+16	1.82e-02	9.52e-01	2.96e-02
 2.33641e+16	2.03e-02	9.51e-01	2.86e-02
 2.33899e+16	2.21e-02	9.50e-01	2.80e-02
 2.34166e+16	2.43e-02	9.49e-01	2.72e-02
 2.34463e+16	2.72e-02	9.46e-01	2.64e-02
 2.34726e+16	3.04e-02	9.44e-01	2.58e-02
 2.34943e+16	3.35e-02	9.41e-01	2.54e-02
 2.35170e+16	3.71e-02	9.38e-01	2.48e-02
 2.35424e+16	4.20e-02	9.34e-01	2.44e-02
 2.35650e+16	4.74e-02	9.29e-01	2.40e-02
 2.35834e+16	5.27e-02	9.23e-01	2.38e-02
 2.35998e+16	5.82e-02	9.18e-01	2.36e-02
 2.36183e+16	6.49e-02	9.12e-01	2.34e-02
 2.36383e+16	7.38e-02	9.03e-01	2.33e-02
 2.36552e+16	8.30e-02	8.94e-01	2.33e-02
 2.36689e+16	9.16e-02	8.85e-01	2.33e-02
 2.36824e+16	1.01e-01	8.76e-01	2.33e-02
 2.36974e+16	1.13e-01	8.64e-01	2.34e-02
 2.37119e+16	1.26e-01	8.50e-01	2.36e-02
 2.37239e+16	1.39e-01	8.37e-01	2.38e-02
 2.37339e+16	1.51e-01	8.25e-01	2.40e-02
 2.37432e+16	1.63e-01	8.13e-01	2.41e-02
 2.37527e+16	1.76e-01	8.00e-01	2.43e-02
 2.37603e+16	1.87e-01	7.88e-01	2.45e-02
 2.37653e+16	1.95e-01	7.80e-01	2.46e-02
 2.37697e+16	2.02e-01	7.73e-01	2.47e-02
 2.37749e+16	2.11e-01	7.64e-01	2.47e-02
 2.37809e+16	2.22e-01	7.53e-01	2.48e-02
 2.37868e+16	2.34e-01	7.42e-01	2.49e-02
 2.37923e+16	2.44e-01	7.31e-01	2.51e-02
 2.37975e+16	2.55e-01	7.20e-01	2.51e-02
 2.38030e+16	2.67e-01	7.08e-01	2.52e-02
 2.38086e+16	2.80e-01	6.95e-01	2.52e-02
 2.38142e+16	2.92e-01	6.82e-01	2.53e-02
 2.38197e+16	3.06e-01	6.69e-01	2.53e-02
 2.38254e+16	3.20e-01	6.55e-01	2.53e-02
 2.38311e+16	3.35e-01	6.40e-01	2.53e-02
 2.38369e+16	3.50e-01	6.25e-01	2.53e-02
 2.38427e+16	3.66e-01	6.09e-01	2.52e-02
 2.38487e+16	3.83e-01	5.92e-01	2.51e-02
 2.38548e+16	4.01e-01	5.74e-01	2.49e-02
 2.38611e+16	4.19e-01	5.57e-01	2.48e-02
 2.38675e+16	4.38e-01	5.38e-01	2.45e-02
 2.38742e+16	4.58e-01	5.18e-01	2.42e-02
 2.38811e+16	4.78e-01	4.98e-01	2.39e-02
 2.38882e+16	4.99e-01	4.77e-01	2.35e-02
 2.38957e+16	5.21e-01	4.56e-01	2.30e-02
 2.39034e+16	5.42e-01	4.35e-01	2.24e-02
 2.39115e+16	5.64e-01	4.14e-01	2.18e-02
 2.39200e+16	5.85e-01	3.94e-01	2.12e-02
 2.39292e+16	6.07e-01	3.73e-01	2.05e-02
 2.39392e+16	6.28e-01	3.53e-01	1.97e-02
 2.39504e+16	6.48e-01	3.33e-01	1.89e-02
 2.39631e+16	6.68e-01	3.14e-01	1.81e-02
 2.39767e+16	6.85e-01	2.98e-01	1.73e-02
 2.39900e+16	6.98e-01	2.86e-01	1.67e-02
 2.40031e+16	7.08e-01	2.76e-01	1.61e-02
 2.40162e+16	7.16e-01	2.69e-01	1.57e-02
 2.40310e+16	7.23e-01	2.61e-01	1.52e-02
 2.40504e+16	7.31e-01	2.55e-01	1.47e-02
 2.40756e+16	7.38e-01	2.48e-01	1.41e-02
 2.41083e+16	7.45e-01	2.42e-01	1.34e-02
 2.41508e+16	7.52e-01	2.35e-01	1.27e-02
 2.42061e+16	7.60e-01	2.28e-01	1.19e-02
 2.42780e+16	7.70e-01	2.19e-01	1.09e-02
 2.43615e+16	7.81e-01	2.09e-01	9.84e-03
 2.44452e+16	7.91e-01	2.00e-01	8.92e-03
 2.45265e+16	8.00e-01	1.92e-01	8.13e-03
 2.46081e+16	8.08e-01	1.84e-01	7.42e-03
 2.46910e+16	8.16e-01	1.77e-01	6.76e-03
 2.47754e+16	8.24e-01	1.70e-01	6.17e-03
 2.48590e+16	8.32e-01	1.63e-01	5.64e-03
 2.49423e+16	8.39e-01	1.56e-01	5.17e-03
 2.50270e+16	8.45e-01	1.50e-01	4.72e-03
 2.51134e+16	8.52e-01	1.44e-01	4.32e-03
 2.52010e+16	8.58e-01	1.38e-01	3.95e-03
 2.52882e+16	8.64e-01	1.32e-01	3.61e-03
 2.53755e+16	8.70e-01	1.27e-01	3.31e-03
 2.54635e+16	8.75e-01	1.22e-01	3.04e-03
 2.55522e+16	8.80e-01	1.17e-01	2.78e-03
 2.56413e+16	8.85e-01	1.13e-01	2.55e-03
 2.57135e+16	8.88e-01	1.09e-01	2.39e-03
 2.57627e+16	8.91e-01	1.07e-01	2.29e-03
 2.58075e+16	8.93e-01	1.05e-01	2.19e-03
 2.58559e+16	8.95e-01	1.03e-01	2.09e-03
 2.59062e+16	8.98e-01	1.00e-01	2.00e-03
 2.59549e+16	9.00e-01	9.83e-02	1.91e-03
 2.60013e+16	9.02e-01	9.64e-02	1.83e-03
 2.60464e+16	9.04e-01	9.45e-02	1.76e-03
 2.60909e+16	9.06e-01	9.27e-02	1.69e-03
 2.61344e+16	9.07e-01	9.10e-02	1.62e-03
 2.61772e+16	9.09e-01	8.94e-02	1.56e-03
 2.62195e+16	9.11e-01	8.78e-02	1.50e-03
 2.62613e+16	9.12e-01	8.62e-02	1.45e-03
 2.63024e+16	9.14e-01	8.47e-02	1.39e-03
 2.63428e+16	9.15e-01	8.33e-02	1.34e-03
 2.63825e+16	9.17e-01	8.19e-02	1.30e-03
 2.64216e+16	9.18e-01	8.06e-02	1.25e-03
 2.64602e+16	9.19e-01	7.93e-02	1.21e-03
 2.64982e+16	9.21e-01	7.81e-02	1.17e-03
 2.65358e+16	9.22e-01	7.68e-02	1.13e-03
 2.65730e+16	9.23e-01	7.57e-02	1.10e-03
 2.66098e+16	9.24e-01	7.45e-02	1.06e-03
 2.66463e+16	9.26e-01	7.34e-02	1.03e-03
 2.66826e+16	9.27e-01	7.23e-02	9.96e-04
 2.67186e+16	9.28e-01	7.13e-02	9.65e-04
 2.67545e+16	9.29e-01	7.02e-02	9.36e-04
 2.67903e+16	9.30e-01	6.92e-02	9.07e-04
 2.68261e+16	9.31e-01	6.82e-02	8.79e-04
 2.68619e+16	9.32e-01	6.72e-02	8.53e-04
 2.68980e+16	9.33e-01	6.62e-02	8.27e-04
 2.69343e+16	9.34e-01	6.53e-02	8.01e-04
 2.69715e+16	9.35e-01	6.43e-02	7.76e-04
 2.70100e+16	9.36e-01	6.33e-02	7.50e-04
 2.70496e+16	9.37e-01	6.23e-02	7.25e-04
 2.70904e+16	9.38e-01	6.13e-02	7.00e-04
 2.71328e+16	9.39e-01	6.02e-02	6.75e-04
 2.71773e+16	9.40e-01	5.91e-02	6.50e-04
 2.72249e+16	9.41e-01	5.80e-02	6.24e-04
 2.72766e+16	9.43e-01	5.68e-02	5.97e-04
 2.73330e+16	9.44e-01	5.55e-02	5.68e-04
 2.73982e+16	9.45e-01	5.40e-02	5.37e-04
 2.74706e+16	9.47e-01	5.25e-02	5.05e-04
 2.75413e+16	9.48e-01	5.10e-02	4.76e-04
 2.76067e+16	9.50e-01	4.97e-02	4.51e-04
 2.76661e+16	9.51e-01	4.86e-02	4.29e-04
 2.77202e+16	9.52e-01	4.76e-02	4.10e-04
 2.77695e+16	9.53e-01	4.67e-02	3.94e-04
 2.78143e+16	9.54e-01	4.58e-02	3.79e-04
 2.78551e+16	9.55e-01	4.51e-02	3.67e-04
 2.78997e+16	9.55e-01	4.43e-02	3.52e-04
 2.79480e+16	9.56e-01	4.34e-02	3.38e-04
 2.79919e+16	9.57e-01	4.27e-02	3.26e-04
 2.80318e+16	9.58e-01	4.20e-02	3.15e-04
 2.80682e+16	9.58e-01	4.13e-02	3.05e-04
 2.81013e+16	9.59e-01	4.08e-02	2.96e-04
 2.81375e+16	9.60e-01	4.02e-02	2.87e-04
 2.81766e+16	9.60e-01	3.96e-02	2.78e-04
 2.82122e+16	9.61e-01	3.90e-02	2.69e-04
 2.82447e+16	9.61e-01	3.84e-02	2.61e-04
 2.82741e+16	9.62e-01	3.80e-02	2.55e-04
 2.83065e+16	9.62e-01	3.75e-02	2.48e-04
 2.83413e+16	9.63e-01	3.69e-02	2.40e-04
 2.83731e+16	9.63e-01	3.64e-02	2.33e-04
 2.84079e+16	9.64e-01	3.58e-02	2.26e-04
 2.84454e+16	9.65e-01	3.52e-02	2.18e-04
 2.84796e+16	9.65e-01	3.47e-02	2.12e-04
 2.85107e+16	9.66e-01	3.43e-02	2.06e-04
 2.85390e+16	9.66e-01	3.38e-02	2.01e-04
 2.85700e+16	9.66e-01	3.34e-02	1.95e-04
 2.86035e+16	9.67e-01	3.29e-02	1.89e-04
 2.86340e+16	9.67e-01	3.24e-02	1.84e-04
 2.86617e+16	9.68e-01	3.20e-02	1.79e-04
 2.86921e+16	9.68e-01	3.16e-02	1.74e-04
 2.87249e+16	9.69e-01	3.11e-02	1.69e-04
 2.87547e+16	9.69e-01	3.07e-02	1.64e-04
 2.87819e+16	9.69e-01	3.03e-02	1.60e-04
 2.88116e+16	9.70e-01	2.99e-02	1.55e-04
 2.88438e+16	9.70e-01	2.95e-02	1.51e-04
 2.88730e+16	9.71e-01	2.91e-02	1.47e-04
 2.88996e+16	9.71e-01	2.88e-02	1.43e-04
 2.89288e+16	9.72e-01	2.83e-02	1.39e-04
 2.89602e+16	9.72e-01	2.79e-02	1.35e-04
 2.89889e+16	9.72e-01	2.76e-02	1.32e-04
 2.90203e+16	9.73e-01	2.72e-02	1.28e-04
 2.90542e+16	9.73e-01	2.68e-02	1.24e-04
 2.90850e+16	9.73e-01	2.64e-02	1.21e-04
 2.91131e+16	9.74e-01	2.61e-02	1.18e-04
 2.91438e+16	9.74e-01	2.57e-02	1.14e-04
 2.91770e+16	9.75e-01	2.53e-02	1.11e-04
 2.92072e+16	9.75e-01	2.50e-02	1.08e-04
 2.92347e+16	9.75e-01	2.47e-02	1.05e-04
 2.92648e+16	9.76e-01	2.43e-02	1.02e-04
 2.92973e+16	9.76e-01	2.40e-02	9.94e-05
 2.93269e+16	9.76e-01	2.37e-02	9.69e-05
 2.93594e+16	9.77e-01	2.33e-02	9.40e-05
 2.93944e+16	9.77e-01	2.30e-02	9.12e-05
 2.94262e+16	9.77e-01	2.27e-02	8.88e-05
 2.94611e+16	9.78e-01	2.23e-02	8.60e-05
 2.94988e+16	9.78e-01	2.20e-02	8.33e-05
 2.95331e+16	9.78e-01	2.17e-02	8.10e-05
 2.95707e+16	9.79e-01	2.13e-02	7.83e-05
 2.96113e+16	9.79e-01	2.09e-02	7.56e-05
 2.96482e+16	9.79e-01	2.06e-02	7.34e-05
 2.96818e+16	9.80e-01	2.03e-02	7.14e-05
 2.97186e+16	9.80e-01	2.00e-02	6.92e-05
 2.97583e+16	9.80e-01	1.97e-02	6.70e-05
 2.97945e+16	9.81e-01	1.94e-02	6.50e-05
 2.98341e+16	9.81e-01	1.91e-02	6.28e-05
 2.98769e+16	9.81e-01	1.87e-02	6.07e-05
 2.99159e+16	9.81e-01	1.84e-02	5.89e-05
 2.99513e+16	9.82e-01	1.82e-02	5.73e-05
 2.99901e+16	9.82e-01	1.79e-02	5.54e-05
 3.00320e+16	9.82e-01	1.76e-02	5.36e-05
 3.00702e+16	9.83e-01	1.73e-02	5.20e-05
 3.01120e+16	9.83e-01	1.70e-02	5.02e-05
 3.01571e+16	9.83e-01	1.67e-02	4.85e-05
 3.01982e+16	9.83e-01	1.65e-02	4.70e-05
 3.02432e+16	9.84e-01	1.62e-02	4.53e-05
 3.02917e+16	9.84e-01	1.59e-02	4.37e-05
 3.03360e+16	9.84e-01	1.56e-02	4.23e-05
 3.03844e+16	9.85e-01	1.53e-02	4.07e-05
 3.04367e+16	9.85e-01	1.50e-02	3.91e-05
 3.04843e+16	9.85e-01	1.48e-02	3.78e-05
 3.05276e+16	9.85e-01	1.45e-02	3.66e-05
 3.05750e+16	9.86e-01	1.43e-02	3.53e-05
 3.06263e+16	9.86e-01	1.40e-02	3.40e-05
 3.06729e+16	9.86e-01	1.38e-02	3.29e-05
 3.07240e+16	9.86e-01	1.35e-02	3.16e-05
 3.07791e+16	9.87e-01	1.32e-02	3.04e-05
 3.08293e+16	9.87e-01	1.30e-02	2.94e-05
 3.08843e+16	9.87e-01	1.27e-02	2.82e-05
 3.09437e+16	9.88e-01	1.25e-02	2.71e-05
 3.09977e+16	9.88e-01	1.22e-02	2.61e-05
 3.10569e+16	9.88e-01	1.20e-02	2.50e-05
 3.11208e+16	9.88e-01	1.17e-02	2.39e-05
 3.11790e+16	9.88e-01	1.15e-02	2.30e-05
 3.12427e+16	9.89e-01	1.12e-02	2.20e-05
 3.13115e+16	9.89e-01	1.10e-02	2.10e-05
 3.13741e+16	9.89e-01	1.07e-02	2.02e-05
 3.14311e+16	9.89e-01	1.06e-02	1.95e-05
 3.14936e+16	9.90e-01	1.03e-02	1.87e-05
 3.15610e+16	9.90e-01	1.01e-02	1.79e-05
 3.16223e+16	9.90e-01	9.91e-03	1.72e-05
 3.16895e+16	9.90e-01	9.69e-03	1.65e-05
 3.17621e+16	9.91e-01	9.46e-03	1.57e-05
 3.18281e+16	9.91e-01	9.28e-03	1.51e-05
 3.19005e+16	9.91e-01	9.05e-03	1.44e-05
 3.19786e+16	9.91e-01	8.84e-03	1.37e-05
 3.20497e+16	9.91e-01	8.65e-03	1.32e-05
 3.21276e+16	9.92e-01	8.44e-03	1.25e-05
 3.22117e+16	9.92e-01	8.22e-03	1.19e-05
 3.22882e+16	9.92e-01	8.04e-03	1.14e-05
 3.23721e+16	9.92e-01	7.83e-03	1.08e-05
 3.24626e+16	9.92e-01	7.63e-03	1.03e-05
 3.25450e+16	9.93e-01	7.45e-03	9.82e-06
 3.26353e+16	9.93e-01	7.25e-03	9.29e-06
 3.27327e+16	9.93e-01	7.05e-03	8.80e-06
 3.28214e+16	9.93e-01	6.88e-03	8.38e-06
 3.29186e+16	9.93e-01	6.68e-03	7.92e-06
 3.30235e+16	9.94e-01	6.49e-03	7.48e-06
 3.31190e+16	9.94e-01	6.32e-03	7.11e-06
 3.32236e+16	9.94e-01	6.13e-03	6.69e-06
 3.33366e+16	9.94e-01	5.95e-03	6.30e-06
 3.34394e+16	9.94e-01	5.79e-03	5.98e-06
 3.35520e+16	9.94e-01	5.61e-03	5.61e-06
 3.36736e+16	9.95e-01	5.43e-03	5.27e-06
 3.37842e+16	9.95e-01	5.28e-03	4.98e-06
 3.39055e+16	9.95e-01	5.11e-03	4.66e-06
 3.40541e+16	9.95e-01	4.91e-03	4.31e-06
 3.42181e+16	9.95e-01	4.70e-03	3.96e-06
 3.43909e+16	9.95e-01	4.50e-03	3.63e-06
 3.45722e+16	9.96e-01	4.30e-03	3.32e-06
 3.47607e+16	9.96e-01	4.10e-03	3.03e-06
 3.49556e+16	9.96e-01	3.91e-03	2.75e-06
 3.51547e+16	9.96e-01	3.72e-03	2.50e-06
 3.53566e+16	9.96e-01	3.55e-03	2.28e-06
 3.55615e+16	9.97e-01	3.38e-03	2.07e-06
 3.57700e+16	9.97e-01	3.22e-03	1.88e-06
 3.59824e+16	9.97e-01	3.06e-03	1.70e-06
 3.61984e+16	9.97e-01	2.91e-03	1.54e-06
 3.64181e+16	9.97e-01	2.77e-03	1.40e-06
 3.66414e+16	9.97e-01	2.64e-03	1.26e-06
 3.68685e+16	9.97e-01	2.51e-03	1.15e-06
 3.70954e+16	9.98e-01	2.38e-03	1.04e-06
 3.73254e+16	9.98e-01	2.27e-03	9.38e-07
 3.75644e+16	9.98e-01	2.15e-03	8.46e-07
 3.78084e+16	9.98e-01	2.04e-03	7.62e-07
 3.80555e+16	9.98e-01	1.93e-03	6.86e-07
 3.83064e+16	9.98e-01	1.83e-03	6.17e-07
 3.85619e+16	9.98e-01	1.74e-03	5.54e-07
 3.88220e+16	9.98e-01	1.64e-03	4.97e-07
 3.90867e+16	9.98e-01	1.55e-03	4.45e-07
 3.93561e+16	9.99e-01	1.47e-03	3.99e-07
 3.96305e+16	9.99e-01	1.39e-03	3.56e-07
 3.99099e+16	9.99e-01	1.31e-03	3.18e-07
 4.01947e+16	9.99e-01	1.24e-03	2.83e-07
 4.04851e+16	9.99e-01	1.17e-03	2.52e-07
 4.07813e+16	9.99e-01	1.10e-03	2.24e-07
 4.10835e+16	9.99e-01	1.03e-03	1.99e-07
 4.13921e+16	9.99e-01	9.71e-04	1.76e-07
 4.17072e+16	9.99e-01	9.12e-04	1.55e-07
 4.20291e+16	9.99e-01	8.56e-04	1.37e-07
 4.23583e+16	9.99e-01	8.02e-04	1.20e-07
 4.26952e+16	9.99e-01	7.51e-04	1.05e-07
 4.30403e+16	9.99e-01	7.01e-04	9.21e-08
 4.33939e+16	9.99e-01	6.55e-04	8.04e-08
 4.37566e+16	9.99e-01	6.10e-04	6.99e-08
 4.41241e+16	9.99e-01	5.69e-04	6.09e-08
 4.45007e+16	9.99e-01	5.29e-04	5.27e-08
 4.48930e+16	1.00e+00	4.91e-04	4.54e-08
 4.52993e+16	1.00e+00	4.54e-04	3.89e-08
 4.57209e+16	1.00e+00	4.19e-04	3.31e-08
 4.61574e+16	1.00e+00	3.86e-04	2.81e-08
 4.66096e+16	1.00e+00	3.54e-04	2.37e-08
 4.70797e+16	1.00e+00	3.24e-04	1.99e-08
 4.75699e+16	1.00e+00	2.95e-04	1.65e-08
 4.80827e+16	1.00e+00	2.68e-04	1.36e-08
 4.86211e+16	1.00e+00	2.42e-04	1.12e-08
 4.91896e+16	1.00e+00	2.18e-04	9.04e-09
 4.97913e+16	1.00e+00	1.95e-04	7.23e-09
 5.04334e+16	1.00e+00	1.73e-04	5.70e-09
 5.11217e+16	1.00e+00	1.52e-04	4.43e-09
 5.18599e+16	1.00e+00	1.33e-04	3.38e-09
 5.26604e+16	1.00e+00	1.15e-04	2.52e-09
 5.35404e+16	1.00e+00	9.79e-05	1.83e-09
 5.45200e+16	1.00e+00	8.20e-05	1.29e-09
 5.56151e+16	1.00e+00	6.74e-05	8.71e-10
 5.68740e+16	1.00e+00	5.39e-05	5.57e-10
 5.82800e+16	1.00e+00	4.22e-05	3.42e-10
 5.97179e+16	1.00e+00	3.31e-05	2.11e-10
 6.11341e+16	1.00e+00	2.61e-05	1.32e-10
 6.25448e+16	1.00e+00	2.07e-05	8.29e-11
 6.39746e+16	1.00e+00	1.64e-05	5.23e-11
 6.54360e+16	1.00e+00	1.30e-05	3.29e-11
 6.69246e+16	1.00e+00	1.03e-05	2.08e-11
 6.84397e+16	1.00e+00	8.21e-06	1.31e-11
 6.99891e+16	1.00e+00	6.51e-06	8.28e-12
 7.15687e+16	1.00e+00	5.17e-06	5.23e-12
 7.31781e+16	1.00e+00	4.11e-06	3.31e-12
 7.48262e+16	1.00e+00	3.26e-06	2.08e-12
 7.65041e+16	1.00e+00	2.59e-06	1.32e-12
 7.82141e+16	1.00e+00	2.06e-06	8.33e-13
 7.99769e+16	1.00e+00	1.63e-06	5.25e-13
 8.17994e+16	1.00e+00	1.29e-06	3.29e-13
 8.36771e+16	1.00e+00	1.02e-06	2.06e-13
 8.56060e+16	1.00e+00	8.05e-07	1.28e-13
 8.75920e+16	1.00e+00	6.34e-07	7.95e-14
 8.96476e+16	1.00e+00	4.97e-07	4.90e-14
 9.17853e+16	1.00e+00	3.88e-07	2.99e-14
 9.40162e+16	1.00e+00	3.02e-07	1.81e-14
 9.63142e+16	1.00e+00	2.34e-07	1.09e-14
 9.86082e+16	1.00e+00	1.83e-07	6.67e-15
 1.00851e+17	1.00e+00	1.45e-07	4.17e-15
 1.03041e+17	1.00e+00	1.15e-07	2.65e-15
 1.05189e+17	1.00e+00	9.27e-08	1.71e-15
 1.07295e+17	1.00e+00	7.51e-08	1.13e-15
 1.09349e+17	1.00e+00	6.14e-08	7.54e-16
 1.11339e+17	1.00e+00	5.07e-08	5.14e-16
 1.13258e+17	1.00e+00	4.22e-08	3.57e-16
 1.15104e+17	1.00e+00	3.55e-08	2.53e-16
 1.16878e+17	1.00e+00	3.01e-08	1.82e-16
 1.18581e+17	1.00e+00	2.58e-08	1.33e-16
 1.20213e+17	1.00e+00	2.22e-08	9.93e-17
 1.21773e+17	1.00e+00	1.94e-08	7.52e-17
 1.23262e+17	1.00e+00	1.70e-08	5.78e-17
 1.24679e+17	1.00e+00	1.50e-08	4.51e-17
 1.26029e+17	1.00e+00	1.33e-08	3.57e-17
 1.27314e+17	1.00e+00	1.19e-08	2.86e-17
 1.28538e+17	1.00e+00	1.07e-08	2.32e-17
 1.29701e+17	1.00e+00	9.72e-09	1.90e-17
 1.30807e+17	1.00e+00	8.86e-09	1.58e-17
 1.31856e+17	1.00e+00	8.11e-09	1.32e-17
 1.32853e+17	1.00e+00	7.46e-09	1.12e-17
 1.33799e+17	1.00e+00	6.90e-09	9.59e-18
 1.34699e+17	1.00e+00	6.40e-09	8.27e-18
 1.35554e+17	1.00e+00	5.97e-09	7.19e-18
 1.36366e+17	1.00e+00	5.59e-09	6.29e-18
 1.37139e+17	1.00e+00	5.25e-09	5.55e-18
 1.37872e+17	1.00e+00	4.94e-09	4.93e-18
 1.38570e+17	1.00e+00	4.67e-09	4.40e-18
 1.39233e+17	1.00e+00	4.43e-09	3.96e-18
 1.39865e+17	1.00e+00	4.21e-09	3.58e-18
 1.40466e+17	1.00e+00	4.01e-09	3.25e-18
 1.41038e+17	1.00e+00	3.83e-09	2.96e-18
 1.41583e+17	1.00e+00	3.67e-09	2.72e-18
 1.42103e+17	1.00e+00	3.52e-09	2.50e-18
 1.42599e+17	1.00e+00	3.38e-09	2.31e-18
 1.43072e+17	1.00e+00	3.26e-09	2.15e-18
 1.43524e+17	1.00e+00	3.15e-09	2.00e-18
 1.43956e+17	1.00e+00	3.04e-09	1.87e-18
 1.44369e+17	1.00e+00	2.94e-09	1.75e-18
 1.44765e+17	1.00e+00	2.85e-09	1.65e-18
 1.45144e+17	1.00e+00	2.77e-09	1.55e-18
 1.45508e+17	1.00e+00	2.69e-09	1.47e-18
 1.45858e+17	1.00e+00	2.62e-09	1.39e-18
 1.46195e+17	1.00e+00	2.55e-09	1.32e-18
 1.46520e+17	1.00e+00	2.49e-09	1.25e-18
 1.46834e+17	1.00e+00	2.43e-09	1.19e-18
 1.47137e+17	1.00e+00	2.37e-09	1.14e-18
 1.47431e+17	1.00e+00	2.32e-09	1.09e-18
 1.47717e+17	1.00e+00	2.27e-09	1.04e-18
 1.47996e+17	1.00e+00	2.22e-09	9.96e-19
 1.48269e+17	1.00e+00	2.17e-09	9.55e-19
 1.48536e+17	1.00e+00	2.13e-09	9.16e-19
 1.48800e+17	1.00e+00	2.08e-09	8.80e-19
 1.49060e+17	1.00e+00	2.04e-09	8.45e-19
 1.49319e+17	1.00e+00	2.00e-09	8.12e-19
 1.49578e+17	1.00e+00	1.96e-09	7.80e-19
 1.49838e+17	1.00e+00	1.92e-09	7.50e-19
 1.50101e+17	1.00e+00	1.88e-09	7.20e-19
 1.50370e+17	1.00e+00	1.85e-09	6.91e-19
 1.50647e+17	1.00e+00	1.81e-09	6.62e-19
 1.50935e+17	1.00e+00	1.77e-09	6.33e-19
 1.51239e+17	1.00e+00	1.73e-09	6.04e-19
 1.51563e+17	1.00e+00	1.68e-09	5.74e-19
 1.51915e+17	1.00e+00	1.64e-09	5.44e-19
 1.52304e+17	1.00e+00	1.59e-09	5.12e-19
 1.52744e+17	1.00e+00	1.54e-09	4.79e-19
 1.53253e+17	1.00e+00	1.48e-09	4.42e-19
 1.53859e+17	1.00e+00	1.41e-09	4.02e-19
 1.54608e+17	1.00e+00	1.33e-09	3.58e-19
 1.55565e+17	1.00e+00	1.23e-09	3.09e-19
 1.56810e+17	1.00e+00	1.12e-09	2.54e-19
 1.58428e+17	1.00e+00	9.88e-10	1.98e-19
 1.60532e+17	1.00e+00	8.41e-10	1.44e-19
 1.63266e+17	1.00e+00	6.84e-10	9.52e-20
 1.66821e+17	1.00e+00	5.25e-10	5.61e-20
 1.71442e+17	1.00e+00	3.74e-10	2.85e-20
 1.77157e+17	1.00e+00	2.49e-10	1.26e-20
 1.83452e+17	1.00e+00	1.61e-10	5.33e-21
 1.89930e+17	1.00e+00	1.04e-10	0.00e+00
 1.96533e+17	1.00e+00	6.78e-11	0.00e+00
 2.03167e+17	1.00e+00	4.45e-11	0.00e+00
 2.09801e+17	1.00e+00	2.97e-11	0.00e+00
 2.16436e+17	1.00e+00	2.01e-11	0.00e+00
 2.23070e+17	1.00e+00	1.39e-11	0.00e+00
 2.29705e+17	1.00e+00	9.85e-12	0.00e+00
 2.36339e+17	1.00e+00	7.19e-12	0.00e+00
 2.42973e+17	1.00e+00	5.42e-12	0.00e+00
 2.49608e+17	1.00e+00	4.23e-12	0.00e+00
 2.56242e+17	1.00e+00	3.43e-12	0.00e+00
 2.62876e+17	1.00e+00	2.88e-12	0.00e+00
 2.69511e+17	1.00e+00	2.49e-12	0.00e+00
 2.76145e+17	1.00e+00	2.22e-12	0.00e+00
 2.82780e+17	1.00e+00	2.02e-12	0.00e+00
 2.89414e+17	1.00e+00	1.87e-12	0.00e+00
 2.96048e+17	1.00e+00	1.75e-12	0.00e+00
 3.02683e+17	1.00e+00	1.65e-12	0.00e+00
 3.09317e+17	1.00e+00	1.57e-12	0.00e+00
 3.15952e+17	1.00e+00	1.49e-12	0.00e+00
 3.22586e+17	1.00e+00	1.43e-12	0.00e+00
 3.29220e+17	1.00e+00	1.37e-12	0.00e+00
 3.36850e+17	1.00e+00	1.31e-12	0.00e+00
 3.46768e+17	1.00e+00	1.04e-12	0.00e+00
 3.59422e+17	1.00e+00	7.23e-13	0.00e+00
 3.73799e+17	1.00e+00	4.59e-13	0.00e+00
 3.87385e+17	1.00e+00	3.72e-13	0.00e+00
 3.99813e+17	1.00e+00	4.17e-13	0.00e+00
 4.11113e+17	1.00e+00	3.83e-13	0.00e+00
 4.20194e+17	1.00e+00	4.20e-13	0.00e+00
 4.27499e+17	1.00e+00	4.76e-13	0.00e+00
 4.33562e+17	1.00e+00	4.94e-13	0.00e+00
 4.38105e+17	1.00e+00	5.08e-13	0.00e+00
 4.41036e+17	1.00e+00	5.36e-13	0.00e+00
 4.42795e+17	1.00e+00	5.61e-13	0.00e+00
 4.43851e+17	1.00e+00	5.77e-13	0.00e+00
 4.44484e+17	1.00e+00	5.86e-13	0.00e+00
 4.44899e+17	1.00e+00	5.92e-13	0.00e+00
 4.45290e+17	1.00e+00	5.96e-13	0.00e+00
 4.45779e+17	1.00e+00	6.00e-13	0.00e+00
 4.46363e+17	1.00e+00	6.02e-13	0.00e+00
 4.46917e+17	1.00e+00	6.03e-13	0.00e+00
 4.47331e+17	1.00e+00	6.04e-13	0.00e+00
 4.47631e+17	1.00e+00	6.05e-13	0.00e+00
 4.47919e+17	1.00e+00	6.05e-13	0.00e+00
 4.48273e+17	1.00e+00	6.05e-13	0.00e+00
 4.48665e+17	1.00e+00	6.04e-13	0.00e+00
 4.48997e+17	1.00e+00	6.03e-13	0.00e+00
 4.49239e+17	1.00e+00	6.03e-13	0.00e+00
 4.49454e+17	1.00e+00	6.02e-13	0.00e+00
 4.49691e+17	1.00e+00	6.01e-13	0.00e+00
 4.49964e+17	1.00e+00	6.00e-13	0.00e+00
 4.50248e+17	1.00e+00	5.98e-13	0.00e+00
 4.50490e+17	1.00e+00	5.97e-13	0.00e+00
 4.50681e+17	1.00e+00	5.95e-13	0.00e+00
 4.50862e+17	1.00e+00	5.95e-13	0.00e+00
 4.51058e+17	1.00e+00	5.93e-13	0.00e+00
 4.51261e+17	1.00e+00	5.91e-13	0.00e+00
 4.51465e+17	1.00e+00	5.90e-13	0.00e+00
 4.51656e+17	1.00e+00	5.88e-13	0.00e+00
 4.51824e+17	1.00e+00	5.87e-13	0.00e+00
 4.51986e+17	1.00e+00	5.85e-13	0.00e+00
 4.52157e+17	1.00e+00	5.84e-13	0.00e+00
 4.52341e+17	1.00e+00	5.82e-13	0.00e+00
 4.52521e+17	1.00e+00	5.80e-13	0.00e+00
 4.52684e+17	1.00e+00	5.78e-13	0.00e+00
 4.52842e+17	1.00e+00	5.76e-13	0.00e+00
 4.53007e+17	1.00e+00	5.74e-13	0.00e+00
 4.53179e+17	1.00e+00	5.72e-13	0.00e+00
 4.53353e+17	1.00e+00	5.70e-13	0.00e+00
 4.53518e+17	1.00e+00	5.68e-13	0.00e+00
 4.53677e+17	1.00e+00	5.66e-13	0.00e+00
 4.53840e+17	1.00e+00	5.64e-13	0.00e+00
 4.54011e+17	1.00e+00	5.61e-13	0.00e+00
 4.54189e+17	1.00e+00	5.59e-13	0.00e+00
 4.54370e+17	1.00e+00	5.56e-13	0.00e+00
 4.54545e+17	1.00e+00	5.54e-13	0.00e+00
 4.54715e+17	1.00e+00	5.51e-13	0.00e+00
 4.54888e+17	1.00e+00	5.49e-13	0.00e+00
 4.55087e+17	1.00e+00	5.46e-13	0.00e+00
 4.55314e+17	1.00e+00	5.42e-13	0.00e+00
 4.55529e+17	1.00e+00	5.38e-13	0.00e+00
 4.55705e+17	1.00e+00	5.35e-13	0.00e+00
 4.55883e+17	1.00e+00	5.33e-13	0.00e+00
 4.56113e+17	1.00e+00	5.30e-13	0.00e+00
 4.56372e+17	1.00e+00	5.25e-13	0.00e+00
 4.56613e+17	1.00e+00	5.20e-13	0.00e+00
 4.56825e+17	1.00e+00	5.17e-13	0.00e+00
 4.57033e+17	1.00e+00	5.13e-13	0.00e+00
 4.57269e+17	1.00e+00	5.09e-13	0.00e+00
 4.57546e+17	1.00e+00	5.05e-13	0.00e+00
 4.57832e+17	1.00e+00	4.99e-13	0.00e+00
 4.58094e+17	1.00e+00	4.94e-13	0.00e+00
 4.58349e+17	1.00e+00	4.90e-13	0.00e+00
 4.58619e+17	1.00e+00	4.85e-13	0.00e+00
 4.58913e+17	1.00e+00	4.80e-13	0.00e+00
 4.59226e+17	1.00e+00	4.74e-13	0.00e+00
 4.59546e+17	1.00e+00	4.68e-13	0.00e+00
 4.59854e+17	1.00e+00	4.62e-13	0.00e+00
 4.60160e+17	1.00e+00	4.56e-13	0.00e+00
 4.60490e+17	1.00e+00	4.50e-13	0.00e+00
 4.60845e+17	1.00e+00	4.44e-13	0.00e+00
 4.61217e+17	1.00e+00	4.37e-13	0.00e+00
 4.61590e+17	1.00e+00	4.29e-13	0.00e+00
 4.61958e+17	1.00e+00	4.22e-13	0.00e+00
 4.62330e+17	1.00e+00	4.15e-13	0.00e+00
 4.62715e+17	1.00e+00	4.08e-13	0.00e+00
 4.63138e+17	1.00e+00	4.01e-13	0.00e+00
 4.63588e+17	1.00e+00	3.92e-13	0.00e+00
 4.64025e+17	1.00e+00	3.83e-13	0.00e+00
 4.64452e+17	1.00e+00	3.75e-13	0.00e+00
 4.64897e+17	1.00e+00	3.68e-13	0.00e+00
 4.65381e+17	1.00e+00	3.59e-13	0.00e+00
 4.65890e+17	1.00e+00	3.49e-13	0.00e+00
 4.66386e+17	1.00e+00	3.40e-13	0.00e+00
 4.66857e+17	1.00e+00	3.31e-13	0.00e+00
 4.67356e+17	1.00e+00	3.23e-13	0.00e+00
 4.67897e+17	1.00e+00	3.14e-13	0.00e+00
 4.68468e+17	1.00e+00	3.04e-13	0.00e+00
 4.69045e+17	1.00e+00	2.93e-13	0.00e+00
 4.69608e+17	1.00e+00	2.84e-13	0.00e+00
 4.70171e+17	1.00e+00	2.74e-13	0.00e+00
 4.70754e+17	1.00e+00	2.65e-13	0.00e+00
 4.71371e+17	1.00e+00	2.55e-13	0.00e+00
 4.72004e+17	1.00e+00	2.45e-13	0.00e+00
 4.72639e+17	1.00e+00	2.35e-13	0.00e+00
 4.73280e+17	1.00e+00	2.25e-13	0.00e+00
 4.73944e+17	1.00e+00	2.15e-13	0.00e+00
 4.74631e+17	1.00e+00	2.05e-13	0.00e+00
 4.75331e+17	1.00e+00	1.95e-13	0.00e+00
 4.76030e+17	1.00e+00	1.85e-13	0.00e+00
 4.76728e+17	1.00e+00	1.76e-13	0.00e+00
 4.77449e+17	1.00e+00	1.67e-13	0.00e+00
 4.78209e+17	1.00e+00	1.57e-13	0.00e+00
 4.78986e+17	1.00e+00	1.48e-13	0.00e+00
 4.79793e+17	1.00e+00	1.38e-13	0.00e+00
 4.80622e+17	1.00e+00	1.29e-13	0.00e+00
 4.81449e+17	1.00e+00	1.20e-13	0.00e+00
 4.82298e+17	1.00e+00	1.11e-13	0.00e+00
 4.83175e+17	1.00e+00	1.03e-13	0.00e+00
 4.84020e+17	1.00e+00	9.46e-14	0.00e+00
 4.84741e+17	1.00e+00	8.77e-14	0.00e+00
 4.85329e+17	1.00e+00	8.24e-14	0.00e+00
 4.85847e+17	1.00e+00	7.81e-14	0.00e+00
 4.86363e+17	1.00e+00	7.44e-14	0.00e+00
 4.86901e+17	1.00e+00	7.04e-14	0.00e+00
 4.87428e+17	1.00e+00	6.65e-14	0.00e+00
 4.87908e+17	1.00e+00	6.31e-14	0.00e+00
 4.88334e+17	1.00e+00	6.01e-14	0.00e+00
 4.88731e+17	1.00e+00	5.76e-14	0.00e+00
 4.89127e+17	1.00e+00	5.51e-14	0.00e+00
 4.89526e+17	1.00e+00	5.27e-14	0.00e+00
 4.89915e+17	1.00e+00	5.04e-14	0.00e+00
 4.90279e+17	1.00e+00	4.83e-14	0.00e+00
 4.90620e+17	1.00e+00	4.64e-14	0.00e+00
 4.90946e+17	1.00e+00	4.46e-14	0.00e+00
 4.91270e+17	1.00e+00	4.29e-14	0.00e+00
 4.91590e+17	1.00e+00	4.13e-14	0.00e+00
 4.91899e+17	1.00e+00	3.97e-14	0.00e+00
 4.92194e+17	1.00e+00	3.82e-14	0.00e+00
 4.92475e+17	1.00e+00	3.69e-14	0.00e+00
 4.92748e+17	1.00e+00	3.56e-14	0.00e+00
 4.93016e+17	1.00e+00	3.43e-14	0.00e+00
 4.93279e+17	1.00e+00	3.31e-14	0.00e+00
 4.93533e+17	1.00e+00	3.20e-14	0.00e+00
 4.93778e+17	1.00e+00	3.09e-14	0.00e+00
 4.94013e+17	1.00e+00	2.99e-14	0.00e+00
 4.94241e+17	1.00e+00	2.89e-14	0.00e+00
 4.94466e+17	1.00e+00	2.80e-14	0.00e+00
 4.94723e+17	1.00e+00	2.71e-14	0.00e+00
 4.95058e+17	1.00e+00	2.59e-14	0.00e+00
 4.95492e+17	1.00e+00	2.45e-14	0.00e+00
 4.96058e+17	1.00e+00	2.27e-14	0.00e+00
 4.96767e+17	1.00e+00	2.04e-14	0.00e+00
 4.97595e+17	1.00e+00	1.79e-14	0.00e+00
 4.98496e+17	1.00e+00	1.54e-14	0.00e+00
 4.99430e+17	1.00e+00	1.31e-14	0.00e+00
